89832853.6495979279 303700.6325960159
90978173.3602599204 492529.8470458984
90472787.4674560428 434430.4733810425
90483446.0871989727 437294.1378021240
89784090.8488209546 288866.5421796505
90499474.1640717834 437538.7085418701
90435914.1063918024 429231.2790145874
90405498.0715937763 425399.2279891968
90452053.2564177364 431023.5862140656
89762487.1189317703 280605.7685284977
90410418.5841807723 426446.9861164093
90670878.6497278064 458881.8568763733
89933147.9987722933 341360.3113112514
92921794.7514936924 617169.6166992188
90006499.5952379256 354652.2087357342
90387146.8667090386 422905.3103027344
91535809.1197864264 541404.9868164062
91528907.9089276195 540969.8911132812
92693190.0399703979 610458.6733398438
90894299.5671003461 482895.8858642578
89926018.6774444282 329288.2210196257
89915005.2326938361 329033.7475088835
90502577.2773704678 437707.5751171112
90527191.0848781019 441462.8846626282
90672863.6347756088 459936.8162651062
91283112.3769405484 522584.6386718750
91152641.4559248090 511050.5236816406
92973930.1711385846 619639.5146484375
90084627.7555040270 373017.7455229163
90018080.5038504452 356471.2526734173
90198479.7866405696 397216.7891115546
90577227.2344965339 446810.3720970154
90582359.9901717752 448431.7946166992
90157225.9578161538 387540.6644625068
92649326.1542205364 607680.6723632812
90964452.7657544613 491043.5291748047
91048059.1293165982 502449.3730468750
91015081.0960228145 497373.9249267578
90305734.1736306101 408309.1681348979
93066947.9351192564 622591.6132812500
91230309.3039197773 517964.3520507812
93538753.0499638617 634375.3740234375
90174504.1017359942 391067.6521857381
90223093.7815015465 397323.8823328391
90134702.9728940278 387049.3528213874
90165286.9524860680 389436.1131232381
90214255.3871481419 397230.2957404256
90962201.7187905312 490850.8038330078
89855980.0278505534 309586.0252341096
89860949.6296049058 314644.9125846624
90288629.8954643309 407090.5460340679
89766834.4883910269 281369.1098370914
89994576.3449764550 351730.7011222541
89970173.4437680542 348920.1100952923
90391888.3296767026 424442.5817565918
90341344.4003766477 417831.6395730972
90296319.8299662173 408111.5129718781
91618837.8430524021 548013.1450195312
91650947.0176861733 551298.7416992188
90118134.9725762606 382757.3069214821
93580658.1282152385 634834.7177734375
93476571.7284521461 633570.9765625000
90416600.2181244344 426818.9341564178
91483047.3922909051 540131.0327148438
91516089.8688522279 540680.7587890625
90922692.4641092569 488155.9992675781
89786525.6219730228 293498.6702244942
89794241.2831707597 295989.0735139847
90374120.9687030613 421796.3456959724
92270136.7135802209 590586.7309570312
90452968.7785041034 434389.2649250031
90356499.4951482415 417889.4416446686
92640072.6096568257 607259.5063476562
93831498.9301712513 638613.7695312500
91077924.9417450577 507035.9052734375
91380332.7187674046 529066.7675781250
93936199.7583695501 639376.3955078125
89879229.2627020925 318522.5241874065
93712443.2741653323 637140.3378906250
89918020.8146059066 329256.6703604460
90872632.7130249441 480148.3469848633
91373348.7265178114 528582.7988281250
93816577.2664768249 637783.1611328125
91684512.7537455410 553531.0605468750
90292023.9791228622 407230.4789805040
92140846.0002616942 581855.5668945312
90329620.7645298988 416538.9170246124
89736869.7434851229 259675.0862250235
92149465.2976973057 583726.5195312500
90417881.1003410518 427203.6606674194
89987277.7219343483 351110.9225395620
90838814.8185306937 478051.5755004883
90731520.2627012134 465043.0767211914
89758324.9451048523 269919.9091339018
91658215.5417430997 553191.9685058594
90724578.8106202781 463530.3324279785
89734149.5530390143 255466.8038763907
89752438.4083164930 268758.7474799063
89744786.4770276248 264321.2042698767
92925138.6463759840 617322.4707031250
93024349.0133945197 621061.0434570312
93825216.3140697926 638112.2207031250
93960367.0398610681 640300.3447265625
94103974.3433340639 640744.5673828125
93073515.1965481788 624078.2993164062
92322358.2937098444 592664.9619140625
92328726.6543183476 593754.5869140625
89761210.8318387419 278356.8261260893
89844295.4053713083 309480.4821842909
89863558.8556926996 316649.7812255621
89892367.5155879110 320464.0361393690
89731111.4053590298 247488.5290840529
92670335.1278821677 608485.6035156250
92885778.5877372622 616609.2265625000
92753794.4677004814 612237.8847656250
90860085.4151113629 479082.4832153320
89750317.1481699646 266545.1213778108
92621082.8541585058 606128.1625976562
94037589.2190639824 640339.9873046875
94071221.5346840918 640357.8505859375
92586104.9619148821 605514.9995117188
90905692.4190113097 486712.9229125977
90986770.1032117307 492860.7375488281
91215486.6701883376 516169.7714843750
91070364.8594473600 505114.4189453125
91139573.4086306691 510707.6010742188
93298774.0001742095 631028.5302734375
93276936.0980630517 629044.7871093750
90740113.8736055493 467775.6392517090
90865545.5854037255 479537.7563781738
90865649.9066487700 479964.3310852051
90005196.2182953805 354405.0578406751
91713418.6804580241 558583.2636718750
91781029.7110471278 561898.8149414062
90899533.4287345558 483764.8674926758
93790304.5074746013 637767.0537109375
90598889.4805388749 450674.4239807129
90506737.2251953930 440323.3041210175
90251269.4192242026 403734.1638674140
90182716.2951489985 393295.6315187812
92737306.2577630877 610515.2861328125
92013768.1896298230 575977.6127929688
91831260.3692095131 565180.6152343750
91786905.6746983528 562910.1083984375
92041774.6569497883 578387.4628906250
92078919.5557983667 579971.4272460938
93440605.6570392996 633053.2880859375
89877114.5263739824 318359.8727513459
89756771.8746745139 269910.0155583229
92325164.3548550010 592756.9003906250
91105014.1933535635 508161.0224609375
91171557.2224450856 512414.6951904297
91220814.0726222247 516925.9350585938
90803276.7723805308 474564.3587036133
92040123.3896695077 576656.0014648438
90683656.3470344245 462069.0320854187
90594232.0406752378 450480.5814857483
90725356.3384258002 464048.4524841309
90614770.6860390604 453239.4234123230
90669218.0698842704 458760.3585929871
90651925.6983578503 457994.5083732605
90736949.3214079291 466654.5457763672
90813728.6527726799 474579.5538024902
90874993.3265965879 480843.6223449707
90837302.0933544338 477636.0664978027
90764120.9060921967 471508.9234313965
90787242.5029865205 472209.4422302246
90802696.6115953624 474218.0562438965
90702649.8274928033 463204.5411071777
90787447.1293655187 473265.1860961914
90817503.9500669092 477328.4702758789
90729997.3112736791 464693.7665252686
90611133.6464474648 451479.7420654297
92903675.8376279026 616848.7207031250
90554180.1022790819 444229.1795806885
92870311.9236678630 616566.1972656250
90520933.4160241336 440909.0357513428
92840762.3774270564 615855.3613281250
92563180.1512166560 602827.1313476562
92546386.4461939335 602607.3100585938
92539930.5284285396 602255.7324218750
92579236.6253775358 603684.1938476562
92410827.3302256912 597738.0512695312
92518807.2804429978 601791.7265625000
90446264.9622383714 429793.4662656784
92807802.1597576886 614422.1699218750
90440973.2506756186 429370.8850421906
93854464.5784641057 638993.1162109375
92392538.7304281741 596713.3676757812
93689804.8930627704 637057.2080078125
92290232.1366094053 591797.7792968750
92326614.6284115016 593429.6425781250
91955229.7673791647 571932.6044921875
92497526.8054699600 601296.1777343750
90265643.9541749060 405302.2293638587
92370239.7059594691 594884.2724609375
92362281.0691210926 594366.4150390625
90091590.7214615196 376202.1818722188
92225824.2793104947 587201.6806640625
90384263.6979274303 422664.4479866028
92450204.6823098212 599828.9853515625
93687273.0467163771 635970.2490234375
91601912.2550636381 547707.1596679688
90157253.7615518272 387650.3545008078
91891792.9378117621 571419.4521484375
90100888.6115154475 378305.8635128438
93607598.5059749931 635609.0097656250
92225446.3037837297 586925.6865234375
90308992.8364742994 410429.0578966141
91848256.4210206717 566584.2758789062
93387807.5743766427 632408.3095703125
90089178.1458613127 374786.4084810615
91758284.3109765053 559457.2617187500
93418004.2276506722 632446.2158203125
93293369.4167381078 630228.8847656250
93239185.4779983312 628965.9238281250
91692911.0748945028 555646.9262695312
91769159.1241079718 560115.1005859375
90236415.8739299178 400280.6971977949
92117993.1890380979 581627.3330078125
90113215.3008740693 380888.5321382880
90228700.7748975307 397574.0521782637
90122908.6769311279 383986.7201338187
91821088.3127305508 564732.1279296875
92025384.1060966253 576281.4599609375
91809415.4013441354 563910.5913085938
91705038.5926599950 556723.3789062500
93168773.8642071187 627117.1713867188
92199814.1205484718 586510.4301757812
93130755.6973145604 625737.3920898438
90086331.2949606478 373680.0360445380
92281518.7414162606 590673.0244140625
92160392.7892437130 583878.7368164062
92253825.7045205384 588509.9575195312
90049120.7600672692 365022.3518362641
92116095.0069210827 581120.9306640625
93044883.9957133532 621724.6791992188
90063923.2483413815 367923.1181915700
91976080.5651476532 575172.5073242188
90009097.2433365732 354914.9704025686
90082197.4139788151 369664.2702102661
91775868.3124869466 561583.9628906250
91882038.9693105221 568788.0126953125
90015055.5893861949 355545.1979340017
90039687.3956197053 363102.7653778493
90049759.9059513360 366531.9008148611
90055649.9934006929 366553.0834268928
93015174.7024074942 620484.5512695312
92933221.8882699013 618203.3520507812
92795295.4745011479 612799.4902343750
90081194.9398712963 369381.2646522522
90001693.2545860410 352274.6895110607
92862986.2024805248 616020.2177734375
91234485.0993341058 519404.1557617188
91866306.5356320888 567729.4946289062
91386367.1504714936 530176.1093750000
89969865.9472209662 344983.2722086608
89973446.0073225051 349726.4386385381
89926374.2076271027 330092.5014377534
89946612.2311470211 341733.8026314676
89926787.0719022006 330674.1498526335
89803525.9269813001 297902.2186933224
89901286.8823693991 322212.7543907464
89824508.3106889278 302504.5050364640
89820366.2724375874 300292.5989420414
89856971.0647879392 311094.7066014473
91342988.7844062299 528187.3586425781
91433810.7791944146 534915.6110839844
91591854.6461119354 546418.1313476562
91622595.1137921959 551088.6474609375
91551195.3921420425 544602.4042968750
91596000.1825746149 547635.9096679688
91250479.0954277217 520172.1179199219
91449747.4261010736 537511.7114257812
91278272.3767217398 520463.6181640625
91330473.0518536419 527497.8427734375
91404991.0730342567 532436.2893066406
91184185.1700522602 515712.1650390625
91290364.8217872530 524590.3837890625
91381439.4872723967 530076.5205078125
89814497.4611789733 298869.9303632443
91004806.5622887164 496864.0437011719
91403961.5392431021 531402.4184570312
89786297.6959211379 289553.6483154204
89767460.0303232521 285046.8711239304
90934868.2051129639 489828.0124511719
90998011.0514812618 495644.0877685547
90975077.2435586005 491633.5189208984
91039250.2476392686 498613.6605224609
90999059.1750271767 496479.8216552734
90931990.8409547359 488553.0699462891
89732169.6362204850 247726.9170425721
89726801.6588805616 247488.4197471924
89747684.0557285249 264718.4100775626
89747051.1970591247 264324.6361517813
92928872.8524725586 618127.2490234375
93760716.8699606061 637367.6171875000
93828072.9476490319 638364.4365234375
93524477.4941242933 634053.3603515625
