41862969.8439046592 276468.5464043319
42524282.7079171017 323048.4046998024
42329387.4830807820 316307.9772982597
42512078.4019112214 322966.2385287285
42568719.3796886727 324686.9382567406
42197128.4527110606 309926.5939210653
42835784.8534098938 333765.8933094162
42290309.1265248731 312952.6694750786
42154584.6440386698 304415.2316557530
41873773.9071260765 277392.4074552953
43119382.8764759973 341345.5042123217
50890787.1266735941 393511.2204589844
44621572.9862031564 371197.6076660156
43016185.8127807453 339985.2742318530
42660488.7077050582 328365.5205492973
42081078.4830690920 300936.7365918159
42608153.7306752354 326702.8815979958
42612240.2642534301 326783.8672423363
50085339.2197617814 392299.6250000000
49683828.3099287525 391174.6806640625
52450974.3069462553 399403.1904296875
42005045.0846070647 295225.4868839979
52987104.8592663035 400299.8046875000
43616730.0404392034 355470.3640062809
42569439.8106891736 325197.4934144020
41879278.5395696089 277668.5701750219
42397041.3201248646 319066.5388863087
41973080.2312408015 292856.3717903346
42157329.7418229952 304831.7300175428
41921853.7645947114 285197.0659731627
42213524.1469978988 310901.5637196302
41868815.4523711652 277180.3039196432
41988800.2113875449 294412.7238750905
42776818.7108392566 332047.8469750881
42239471.7969942018 311320.2644076347
42723528.1443663910 330164.1443563700
44563761.5500763357 369617.8498535156
42143904.2688484043 304109.8599922657
42213519.2866192535 310899.1550282240
42389616.9900601804 319064.6398959160
44454955.6308109835 368765.2633666992
43382688.0417770073 350386.2552416325
42234391.0694288835 310914.1711415052
42240303.2487961054 311637.1327319145
42333991.8103512228 316310.2819857597
42747272.7976930067 330735.1323595047
41975367.5548944101 292891.8916735649
51193593.4584350437 393833.6235351562
44680975.8875454515 373390.1206054688
41905679.3137106821 284365.6189475507
41925326.0280035585 285819.3393310755
42183846.6172852442 308567.9016146660
42311176.0489558652 312964.4868578911
42111096.7395627499 303201.7600086927
42755629.2810200602 330890.9038438797
46553068.1509643868 380879.9360351562
41963378.7885494158 292047.3779921979
42572737.1593258232 325684.5852112770
44617184.9625826702 370112.6169433594
41985642.9863050804 293017.5892318934
41935356.8434233442 286745.0849476308
50995472.8164359927 393580.0048828125
42576643.7811537087 325771.3511290550
42259757.1492581517 312531.5854862928
42882451.2345120758 335098.8791474719
42441179.9286901429 320694.4234443903
42238948.9469400197 311261.0168401618
42443274.3223850876 320696.7217857838
42500767.4404298142 322463.7463440895
41956019.2050506100 291293.5073422641
42354812.2830229029 316667.4987781662
52822282.2914348096 400000.6503906250
41959122.6816748828 292033.1734023541
44012033.6911176369 363423.9359970093
42776774.8707093000 332043.9830709696
43548205.4933336899 353499.2525749207
42188765.4332955182 308740.6560344696
42159087.9035828561 306465.9938778877
42521018.6014447510 323016.2295470238
42133812.3421666920 303939.3359444141
42257012.0514738262 312115.0607573155
47142209.8213374019 383222.2534179688
42836218.2322518304 333835.1955842394
42326642.3852964565 315870.4327023390
43316834.8178187460 348776.6660311222
42372875.3875567019 317521.5221875075
42056660.4961477071 298766.4562802315
42807704.9745081291 333440.0039764345
44151443.8328117803 366727.0724411011
42819733.6318432465 333561.7929499149
41942064.3774357736 287446.6250525713
42497407.7801446915 321973.4844074249
44821009.5477626100 377451.2011718750
42735556.8017015010 330249.8995319605
42676841.1545759737 329566.9012212157
42340253.2422346473 316510.9726269606
43381433.4573108256 350383.6942064762
45126335.4485949874 378756.4887695312
42398557.1895937026 319114.9766173363
42022265.4064857662 295939.5828737020
44669282.2470900044 372522.1848144531
42422466.1200669706 319438.6581054926
42312991.7887939438 315332.7233200073
43794598.7613166571 360298.2434082031
41956024.0654292628 291297.0605649203
42380645.6258380115 318183.8235737085
42508989.9441096336 322930.4035706520
42341243.5266292393 316580.9345092773
42056665.3565263599 298769.9767880440
41837708.0345391184 268640.6650510728
41830815.3641747087 267826.8949167728
41964382.2244661525 292822.5209717005
42120035.2471065000 303625.8922566175
42176148.9297730550 307622.6746336743
42533051.5522895083 323943.6599183083
42544406.5154590532 323948.6999573708
42325950.7628217787 315855.5356445312
42645836.2070022076 327203.3471512198
42552983.8625736386 324612.8271837234
41994059.7541788146 295156.1279008836
52500526.5001270771 399457.3808593750
42086342.8862390220 301044.5412883759
43848409.7091968805 360655.2449455261
49028737.2441366836 385779.2890625000
42004974.6622715741 295169.1086506844
42086338.0258603692 301041.0603313446
43762759.5568088293 358974.4304924011
41820464.8624049872 255305.4284621924
42370936.0903630704 316978.9419964384
42037220.7545387447 296131.4522850513
52641042.8618961722 399669.9155273438
41827357.5327693969 261939.2111704443
42370105.0468303636 316785.5204151291
44052651.2979601249 364710.5727996826
44051284.3906240761 364232.5093231201
42637459.2580631524 327098.5236805100
43671611.6260723770 355773.1598653793
46874768.8916527852 381647.0756835938
42372877.9357560799 318103.5275192261
41857095.4044099078 276419.2683498207
43158956.8346182853 343487.0678865910
51772043.9687798843 396203.1821289062
42124291.3539810255 303640.0128620863
41842456.3734192997 275346.7679362297
42090352.8570151851 301289.8053469658
44786065.9568340182 374981.9819335938
42415041.7900022939 319424.2175281662
42386528.5322585925 319029.1071839333
42431165.5973424613 319735.6753948759
42426936.4471781552 319525.8998855948
42791181.9814104587 333006.8331257105
42491778.1191592440 321393.8652696609
44535834.1276613846 369526.6982421875
44099886.5157874972 365363.9623718262
42210082.5663602501 310447.0654252768
42359416.6102933362 316669.8073719162
42130173.8406358212 303805.1221382618
41872106.3580188975 277304.3970119655
42210779.0492135733 310464.0601393345
41855998.4987891391 276386.8840896785
43695391.3131444231 357991.1803894043
51967571.9204138145 399141.7915039062
42317252.7560471222 315349.4860153198
42385027.4379356876 318614.4997576475
42017607.8396713287 295926.1779011488
42108351.6417784244 302764.2832838658
42210774.1888349205 310461.6407057408
43371333.0786074698 350382.0316088200
43204667.6782897413 346163.9552717209
43241427.0130891278 346301.6841182709
42201384.5595855862 309941.0045655966
43173025.9104397297 345305.3560643792
41882749.8950394988 283117.9885317534
43176193.5699185506 345500.7773592472
42171707.0298729241 307607.2990036011
42094701.0452759117 302227.0748780966
41889214.0646335930 283792.8784025609
42645223.8491083011 327197.2079910636
42041476.8614132553 296410.3199532032
42993053.8166695833 339076.5545812249
42027746.4332006723 296105.8560249805
42026305.8464459777 295946.5642727613
41881828.3121658340 277815.6421609372
43241414.3762951493 346294.7524776459
43339916.6300424188 348927.8050927538
44072243.5768975541 364833.6820678711
43158318.6921087727 343188.5047841668
43176180.9331245795 345493.8457186222
43126857.5548962057 342983.1317296624
41865456.9030134603 277078.0290201604
43006423.7559006885 339962.7435460687
43158306.0553148016 343181.5731435418
42918219.8913390711 335378.2019318957
43790735.6394853890 359288.9215087891
42908037.0924110562 335294.6448501945
41841641.7281690910 269653.3884844929
41871649.8699712232 277188.7913006991
41837684.0395500734 268629.6255002916
42791794.3393043652 333012.3272663355
41865432.9080244377 277067.0524576604
42957360.4706394300 337866.4775202274
43836049.7374560386 360437.5364685059
43477247.0955179483 352616.1132011414
42794586.4384418875 333012.6638696194
41908437.1562517434 285117.8971336037
43995519.3823522925 361777.3199157715
41849349.0437837020 276160.5160978734
44724219.2850373387 374552.7358398438
42951301.3874422908 337757.8270186186
41849325.0487946644 276149.5068205297
42943877.0573776141 337674.4182821512
44012478.5513565838 364082.6333923340
42065023.5155632496 299893.4689254761
42802379.5244255215 333348.8737854958
41838974.5470249653 269447.0656711254
42167450.9229983985 307592.9308395386
42167446.0626197532 307590.5211715698
43362303.6842069328 349755.3829574585
43982499.7843611017 361489.3226013184
45003089.5799437240 377894.5500488281
42634183.7086074203 327092.6276844162
43483635.2197162881 353212.6544036865
42053698.9435756281 296524.7173575163
41881051.9976024255 277803.5808129758
42181101.5195009112 308130.3975460890
48967080.9145631790 383444.8676757812
41942833.2875327244 287470.0803303719
43750399.5850679949 358751.8631286621
43749500.6190129668 358694.6531181335
41838998.5420139879 269458.0476047192
41827333.5377803594 261928.1979868505
41894478.4678035229 283967.6774117649
42639727.0523287952 327195.1874832511
42053694.0831969753 296522.3272207975
44454456.0029862151 368473.9539718628
44320427.0514943004 367943.4735031128
41888449.6643870249 283779.9098185003
42056514.4636954516 296645.3811640739
42073721.5223379135 299923.2229735181
44137260.5621310994 366417.8319702148
42180405.0366475880 308113.3598632812
43412040.7941976562 351440.6987289190
43078157.3343718648 341144.3247358223
43980185.7303012311 360997.8748474121
41913155.7578200623 285136.6516238451
42860693.3307830915 334218.0130301138
41830310.3677545264 262667.1733613461
42078674.1120657623 300430.6773312453
42801969.9809724540 333261.2083898187
43109633.4563899189 341329.8885655999
41924277.9261296317 285298.3498026673
41926658.8366487026 286711.2263164967
44321326.0175493434 368036.8590698242
42719760.7820357457 329720.6382687453
42763747.4603214338 330972.6365494132
43006436.3926946595 339969.6751866937
42867388.0042548329 334228.7727081199
42181096.6591222584 308127.9468624953
51307317.2232548296 395023.2241210938
41877396.7136451527 277432.5893817842
41982512.3681990802 292983.2742112875
42967467.3847975731 337978.5667347908
41841951.3769991025 270185.5811257809
41896981.3069360405 284331.7598281354
42786706.2538015917 332411.1079756382
44142362.0796351582 366489.2582397461
43735799.2280639783 358513.9056243896
42638321.0276228711 327143.3246902823
42986150.9951841533 339041.1986241937
42976416.5385543928 338216.7101990581
42741014.8648937866 330504.2371353507
41987930.3099586740 293592.5817141533
43046725.4074600488 340975.0322917700
42928224.4309549108 335457.6389236450
42736524.2561247647 330447.5882095695
41941392.7007780299 287436.8915632218
42623028.2638154179 327025.3450455070
43720506.4642565250 358396.0651397705
42619775.9244800210 326807.3101986945
41949588.4297182485 287670.6591521502
51269073.0921240002 394362.0205078125
51241454.7022981793 394199.0336914062
42842628.4594375938 334041.9721215405
42630543.4431947544 327085.3675064445
42993666.1745634899 339082.0487218499
42968992.2084897161 338053.3612218499
41937644.1670769528 286780.6233855486
42090357.7173938304 301292.2413821220
43999457.5682993010 363159.9115600586
43428223.9797388613 352033.2312374115
43443632.0152096972 352353.9392929077
42846539.9416441321 334209.3424456120
43673290.1388558596 356900.2324218750
42841108.4961240888 333972.5184864998
43391375.6112781763 351276.8530788422
41907966.6373642907 284401.1695924997
42854995.2513080314 334210.8145505190
44079413.0770585760 365110.0189208984
43032167.9796099141 340084.5033125281
49640323.0501782969 385862.2548828125
