146939654.9158340394 2604557.1953125000
146776980.7200298607 2598542.9511718750
146853944.0701942146 2600679.5371093750
148076373.4676264524 2618894.1816406250
147989377.0849795043 2617871.7753906250
147985127.6918374002 2616857.1933593750
148157141.7513054609 2620746.9101562500
147748866.9791780710 2616357.4042968750
147770004.0819799006 2616435.0703125000
145398693.7555832565 2553264.7167968750
145221877.8434547484 2551233.4199218750
145348677.4252738059 2553003.3300781250
145178805.5079255402 2548323.3671875000
145435731.3939637244 2558390.9687500000
144510858.1621550918 2499929.3925781250
144303373.9340020120 2489963.9277343750
144470003.3098547459 2498994.0703125000
144193600.3860536516 2485181.1064453125
144362105.2364002466 2493101.6914062500
147209025.7379207313 2606330.2890625000
144561935.8691081107 2504721.6308593750
143633586.0289549530 2435864.1738281250
143665642.9938428104 2438022.7285156250
143636769.3934510052 2437800.4394531250
143435807.3677925766 2423989.7324218750
143514807.1664703786 2428792.0683593750
143749757.2387789786 2442112.0136718750
143561831.4989977777 2429772.4511718750
143718115.1938234270 2441944.5742187500
143696204.5830990672 2440249.2675781250
143465559.3968348801 2426026.6289062500
145515377.2087516487 2564918.7773437500
145585407.1628331244 2567424.9746093750
145881406.2614091337 2581226.4140625000
146026327.4872950017 2581809.1933593750
145705544.3143694103 2570173.1542968750
145620462.2822110355 2570022.1191406250
143611127.0513437092 2435080.6406250000
146109427.4345679581 2586152.0390625000
146385664.2170380056 2592961.6308593750
146267944.6204814613 2591010.6582031250
148063863.8976506591 2618194.2265625000
148041220.4597252905 2618133.5722656250
148027363.5923722982 2617950.0703125000
145000268.0499817133 2525665.5527343750
144933538.0371040106 2522273.4824218750
144787585.0043489933 2512564.6894531250
144919229.1434824467 2517400.7617187500
144909859.6631115079 2517365.8457031250
145120600.5779371262 2531085.7070312500
145024405.2777264714 2526957.1035156250
147699573.6612556279 2614157.3417968750
147721600.6638417542 2614398.2089843750
146236142.6161575019 2588467.3144531250
146406157.9823606908 2594357.2558593750
145816816.7675371468 2576490.3632812500
146362950.3542989194 2591056.2382812500
143916922.4809709489 2455301.3339843750
143791172.1255602837 2450580.0390625000
143952443.1719854176 2464878.4980468750
144028182.5143674016 2466778.3867187500
146480940.1253700554 2594510.6972656250
146057482.6052261889 2582804.3632812500
149351674.8457058668 2636830.7851562500
146633863.1726215780 2597952.1582031250
143862634.4286448359 2453619.7304687500
143774480.2085375190 2442658.1855468750
143846003.1542613506 2451801.5859375000
143871962.5280542970 2454274.9160156250
143784812.6733219624 2445302.4003906250
148614584.6429412663 2628464.3203125000
149140919.5593787432 2632818.8222656250
148479082.1960725784 2625800.1093750000
146597868.1507973969 2596487.0214843750
146802676.4836469591 2600350.4003906250
144985835.6587566733 2522296.1796875000
148762420.0960054398 2630207.3476562500
144920366.6729117036 2517433.0078125000
144666053.7865214348 2511145.0410156250
144830366.4266167879 2516858.1523437500
144462669.9242944419 2496814.6035156250
144285530.5749712884 2487346.5722656250
144386483.2062902451 2494568.8300781250
144294264.8827952147 2488293.5253906250
148575566.9536883235 2626868.8085937500
148530257.7635288835 2626221.4082031250
145090153.3423960209 2528313.8417968750
144170179.1805406511 2483552.2500000000
144076684.3956548870 2481241.9082031250
144152897.8324499130 2481951.6250000000
144063552.9046958387 2476734.2500000000
148118981.5797474980 2620621.3554687500
148242286.9649686813 2624758.6582031250
148602877.4159171283 2628241.2597656250
148222447.6981627047 2621565.5332031250
143933032.5722698867 2460323.6269531250
144697263.0905905962 2511691.8886718750
144558999.6929536164 2503926.6621093750
144562897.6129903793 2507447.4199218750
149984167.3117343485 2642431.4277343750
149762005.4027509391 2639822.5488281250
150015826.7880103886 2643508.5371093750
149531474.5586367846 2638798.5878906250
149815152.6727014780 2640244.9101562500
150190324.2961010635 2643599.2207031250
149835570.8343324959 2641798.2968750000
149829600.0154556930 2640318.6250000000
149856925.6476171911 2642076.9707031250
149680376.5784972608 2638845.0664062500
144503149.3134080768 2499471.4824218750
144515492.4197623134 2502389.1894531250
144437558.1807819307 2496422.5664062500
144309621.7771340013 2492340.7343750000
144214158.0508847833 2486736.9824218750
146231670.4145884216 2586532.3339843750
146085170.3224346936 2583944.9121093750
145756358.0876270831 2576260.8183593750
144014767.0635379851 2466594.0195312500
146105735.8337544501 2584825.3652343750
146251993.3353161514 2589470.9492187500
144397933.3714985549 2495329.1894531250
147391124.0956749022 2611120.0781250000
145707298.6215313971 2573502.7421875000
146051834.9323002398 2582238.3515625000
146257843.7687126696 2589962.7910156250
146105022.4507209361 2584010.1113281250
146082902.5472432673 2583847.1718750000
147958648.0831733942 2616837.3066406250
147373765.0106373727 2607665.3906250000
144355248.4024371207 2493075.3242187500
149052693.7551562488 2632091.8984375000
148956768.8321189582 2631780.5761718750
149078465.0151685178 2632270.5253906250
149240946.9558472335 2634505.8457031250
148692969.7010173500 2628753.4921875000
148443486.7617067695 2625062.1308593750
148385320.5381099880 2624968.7636718750
149000726.4103795588 2631909.3671875000
148527664.6316951215 2626113.6777343750
