80761057.0520489216 110207.9574826062
81000304.3332422674 113014.4405956268
81060186.6164729595 113510.1825389862
83144648.8084684461 123587.7539062500
79286954.7185347974 90392.1223898777
81076123.0710148215 113574.4159374237
82238665.2340977341 121939.1437988281
81794347.2416611165 119787.5083007812
80024636.8878184259 101545.4173075818
82798098.6433331817 122881.2174072266
78675243.2415696830 79419.2544110469
78590732.8040433675 77386.1125653438
79553117.5138216168 94535.7808673047
82579818.7191507518 122427.3707275391
79634248.8144451976 95792.1816851757
82149526.2897939533 121868.3874511719
79753557.4001744390 97494.0577113293
78372188.4416078180 70854.8055954394
82561647.9371194094 122378.3323974609
80784658.0893198699 110538.4292233288
78785230.9697307050 81203.3888098309
83371821.1261423379 123912.1013183594
78545171.3889067173 76134.0711525539
82347661.5386230201 122103.0609130859
81083190.4784628749 113736.4357128143
79394656.4071575999 92035.6523387097
82422121.6586989760 122371.2724609375
80724775.8060891926 110042.6872799695
81202477.6583246887 114992.8365306854
81143611.7500709444 114334.4546947479
83188551.9403561354 123620.4273681641
80785168.7783891559 110640.0861447155
81023308.1952321976 113240.6937694550
80142688.3907921761 102570.3242289685
79330835.2342771739 90978.9318084382
80899306.9760516733 111700.9969987869
78707107.9020372331 79811.1350256512
83647096.3815425932 123974.9008789062
81079390.7964991331 113582.0278759003
79180685.5254492462 87940.8379189977
78407486.8281496763 70996.3886368689
80143895.7683721632 102801.1980082653
80844034.6866429299 111298.4679806530
78908340.2331231385 83138.8510901043
78673550.7833127826 79419.2544104168
79421558.7711129934 92478.3093811832
79512180.9639171064 93801.3002296649
82301398.9574311823 121994.8920898438
78845074.0945172310 82382.3622870436
78514856.1163204461 74860.5043370784
78743631.7675665468 80172.5304280515
80903945.2691816837 111794.8300411999
82344372.1862857342 122034.6304931641
81356314.6435713768 116081.3691406250
79680678.9260376096 96087.1947829388
78785981.3979074508 81452.3962561199
80928870.3562509418 112231.7245600522
80688913.7598253638 109610.5586178601
82744483.3571351022 122763.1530761719
79295580.1345581114 90453.4976043366
81594860.7039868981 118593.5506591797
80211337.4865597636 103578.4785699844
81983962.6040276289 121123.4527587891
79524076.3921151906 94105.6469093524
78745436.3371008635 80187.1847242964
78806334.2224387527 81687.7120520184
78941533.9520499855 84309.4686003928
78637039.7000823319 78013.3089764766
82004424.5342378467 121210.0056152344
78826718.1193239540 81687.7120526485
81681840.0469351858 119025.6793212891
79474416.3535744995 93013.3949644230
78644374.3748111427 78531.2691969527
78580240.5262519121 77283.4218915156
79479800.6662448496 93705.1300636493
79878703.8279813826 99561.9039027356
78479015.4922580719 73871.1722274241
78746373.0775774270 80767.7027746746
78985583.3485658765 84804.0398894553
78774873.9238653630 81013.9357125768
78766756.9744626284 80767.7027753047
78532039.7290899605 75313.9599183253
78695739.2497322857 79433.9087072918
79391560.4368617535 91961.1991235577
78596369.7456994653 77777.9931805781
79151271.4499873072 87509.4581582556
79815575.9238926321 98472.8904521130
78441749.5885089636 72883.8820790164
78543165.9829579592 76003.5560628171
78433904.2823666632 72882.4386926112
83102158.0132569224 123228.5467529297
79921039.4531337619 99857.4530741833
79197453.0794845223 88151.5673919627
80682986.1503031552 109384.3054440320
78881856.4181921631 82807.2003686437
81894904.2251183540 120451.5577392578
79461054.4098373502 92950.6984390523
78989619.4674113244 84963.3105752477
79272526.6805943847 89822.9069655245
79359311.6698149741 91671.9882185762
79079094.1834589988 86300.3864038000
81183589.0284592360 114414.4621410370
78933356.7566355467 84173.1901147375
79168030.2491961420 87758.4656045446
81905525.1430255771 120777.8769531250
79533411.3611175418 94230.5642677508
79062539.8716381639 86250.7579629431
79612766.1810444593 95543.3847996853
81870309.0855105966 120361.5223388672
79697731.9037034661 96394.7326686047
79606640.4386286736 95295.4766662978
81824404.6696049273 120281.5148925781
79348437.7170196474 91014.4555801656
81552577.2390238494 118015.1762695312
78426978.1686841547 72092.2737133321
83411329.0205579102 123944.7747802734
78448359.6887612343 73865.6135109524
79794442.5238735229 97854.8965556286
78977406.1531514227 84667.7614038000
78854483.2607653290 82531.9288842687
79036908.1959731877 85725.3237588415
79592537.7391610295 94748.5510313176
78485848.4792745858 74210.7911232570
79866904.4521610141 99264.9208476208
79695553.6462850273 96212.1121413372
81782121.2046418786 119703.1405029297
79369737.6876053512 91775.2461525165
81675087.6548888236 118971.5032806396
83318687.1710970104 123669.5032958984
80631187.6494974643 108887.9433834851
82143700.5340743214 121442.7817382812
81912592.5504736304 120939.8967285156
78969587.9524787068 84418.7539575109
80629517.8917162418 108519.9932492077
79533422.3515195400 94424.2036192082
79854812.8841933608 98781.8300501965
79026952.8684930205 85525.9447534094
80290587.4507713467 104616.8361511230
78495347.0682982355 74618.8895279570
79845310.1720914245 98546.6982447766
82609045.4755319953 122489.3367919922
81503879.1217631251 117499.7897338867
78895243.3049439788 82958.0697534094
79661381.2759076059 96021.5130087994
81299306.6696751863 115547.1770610809
78562035.8281201273 76157.4600839675
83609421.4537232071 123953.2150878906
79801402.1124221832 98271.4267604016
81324616.2491143793 115824.3326396942
78925816.7541655004 83915.8689477453
79183223.8224367499 88034.8923623571
79052584.5441579819 86051.3789575109
79856949.1246808916 99065.5418421887
80442766.1907231659 106208.4745664597
81683048.5848556161 119251.9324951172
82027428.3962277621 121436.2587890625
81758393.0725251734 119467.8653411865
81900086.4833513945 120681.1547851562
79523923.7624958903 93998.7137038372
79407316.2989266217 92425.2642349508
83699631.8302706629 124228.4865722656
82931261.3511653692 123214.0051269531
80654191.5114874095 109114.1965573132
78898532.6572812200 83026.5001733312
79101724.7346456945 86651.2748086462
79614553.6521431208 95686.6779372357
81304027.0556247383 115643.5028791428
78916045.0414642543 83266.1311566839
80555747.3948888183 107663.7843258679
78533667.3939343095 75595.4576581172
81119111.7374642342 113807.0727386475
80591609.4411526620 108095.9129879773
81195410.2508766204 114830.8167552948
81251560.7391532212 115095.4651947021
79652890.7902754843 95928.4003493451
79704624.4367941767 96527.1276957653
82920913.5379089862 123087.5004882812
78975692.3817879260 84468.7392861852
79252976.4029023498 89073.3224306107
81106613.6128685474 113737.0558300018
81268559.1703940034 115482.9985332489
80299093.6935375333 104888.4604673386
81409146.4832426459 116682.6452007294
81328441.4536247104 115978.7404766083
79219701.4197316766 88439.7695226669
80278272.1343896389 104335.9643735886
81447728.6334865093 117235.1412944794
82917561.1815603971 123038.4245605469
80499482.7400430888 107151.5813973248
79265831.3113607615 89272.1608934402
78864975.5385567844 82634.6195580969
80987736.2645046860 112890.1063959897
81388862.7252327502 116576.7594585419
81285783.0759610385 115489.1985912323
80944758.8767886907 112337.6103022397
80282643.7079621702 104541.2532937191
81424724.7714965641 117008.8881206512
79684891.2727965862 96195.1181380413
80771743.8800595850 110479.5817988217
79987778.3989929557 100765.3434550427
79238511.1416835636 88829.1052923203
81445008.5295064747 117114.7738628387
81528849.1069071591 117731.5033550262
79964935.6503954977 100528.6491677426
79736133.4270162135 96941.5616175793
81349679.6438146681 115979.3605937958
80897643.2884585112 111679.2284663022
80964732.4025147706 112663.8532221615
79230576.2116416991 88746.7266893387
80963810.9536456913 112512.3835954666
78432458.6647286266 72229.8471485982
80044439.2861747146 101607.4143197201
80861842.7399374992 111616.5683710873
79896547.1243986338 99761.2829081677
80825499.9962349683 111081.8296015561
80980668.8570566326 112728.0866205990
80801212.4011407346 110778.0619013608
80824944.0467530489 110982.3477900326
78407685.5540551394 71938.3696915517
80868477.3839509785 111634.3256953061
81321374.0461766422 115816.7207012177
79220901.6328684688 88571.8528871536
80809611.4756972194 110975.9438593686
80112724.5969990641 102178.0078227185
81440661.2260384411 117073.1215190887
80040430.4139611423 101576.9210510254
82620256.9075280279 122605.9459228516
82849262.3184270561 122930.2933349609
80071690.2947873473 101820.6887919568
82146775.2152842283 121715.6190185547
81047646.8470434546 113386.4684565365
81194778.9175438732 114760.8884172440
79890823.1903486550 99573.7412821911
82615494.2115950137 122538.4127197266
78479524.3814160377 73971.5115372548
79097305.4493404329 86645.8674526215
81188144.2735303789 114743.1310930252
80102760.0347284079 102113.8025207482
80057894.4498504400 101787.1397196911
81069488.4270013422 113556.6586132050
80928359.6671816707 112130.0676386654
81041012.2030300051 113368.7111323178
80708877.9860227257 109701.7857172787
80734298.4238322973 110151.6717036068
80005977.0318509191 101261.7055155896
80399284.2158192098 105910.2567319870
80806442.1661227793 110965.2514765561
81651652.4262679368 118852.9489135742
80315030.1480794251 104952.6938657761
80336835.3513465673 105236.4056577682
79980319.2196694314 100530.7389018200
79184151.1874197721 88143.2563600540
79928401.8016699255 100005.3046977185
80561336.1241924167 107931.6552498639
80597232.6189114153 108143.6854012311
79239590.9321145117 88873.9434251785
80537350.3356807232 107647.9434578717
82386488.8006960154 122214.0653076172
80599673.2623247653 108173.3776619732
80508784.5505715013 107198.0574715436
81434026.5820249766 117055.3641948700
80674417.2695290744 109221.8245489895
80387770.8446136862 105732.7128477097
81667414.0104398578 118961.5007934570
80230071.8905450702 103706.6587705612
79853674.4016543180 98547.2254969738
80117776.7330811173 102282.8816630505
80360947.0776868314 105668.5343198776
81576265.9226672500 118040.8344116211
79794911.7791393995 98036.9112498425
80420829.3609175086 106164.2762632370
81495378.0305401385 117344.9741821289
80802976.8316837400 110958.1865351498
80905355.8051917255 111903.8144648373
80486362.4214693010 106970.7910947800
80253520.1908487082 104128.4217100143
80514928.2065785378 107420.6770811081
79265412.7866100967 89222.5324525833
80705163.6398827583 109671.7105353177
79133854.0439014435 87036.0655641556
79739018.5377015024 97010.0727336071
79139306.7340171933 87254.1390047073
79871224.0459527075 99293.3120677136
78878823.6080453098 82661.6793034491
80490942.4180668741 107136.9652891159
80462376.6329576373 106687.0793027878
79235978.7636947036 88822.0156068802
79199354.7176276594 88361.3298006058
79777083.0638031811 97789.6068827771
80336961.2891751677 105384.8225278854
80171328.5702176243 103361.0554504395
80171537.1123299748 103409.9648742676
79112555.7786979675 86853.6221590042
80231470.9116171747 103886.4896545410
80308395.5040659308 104934.9365415573
80155087.1267546117 103062.7577006482
80048526.9250105619 101625.8304748535
80154878.5846422464 103013.8482768200
80204132.1368227005 103425.2339782715
80096517.9663785398 102104.6546325684
