122677720.4809100926 1547.3110672361
122947719.8382275403 1568.3308229572
122936765.8629496992 1568.0912504322
122882085.1946152449 1567.0927181370
122813048.6942830384 1561.9759760029
122857317.5228241682 1565.2821836597
122973669.6019685715 1569.8524950178
122770436.7967000604 1560.4481802018
122732747.4252108037 1559.5626974137
122831100.6075035036 1563.2583799488
120390013.3684941232 1391.0099616786
120180074.8931813240 1375.7225762820
122781786.1505612135 1560.7656221421
122553141.2846531272 1541.3115498026
122691007.0378357470 1547.5735093982
125023971.3391447961 1690.9786290526
124247571.3056323826 1653.9301049672
124398918.9071076214 1660.5477885157
124176917.0568186045 1650.5574086383
124416320.0840059221 1663.7841900736
124027498.8071360886 1645.8690436557
123721325.8451925516 1622.6028725989
124106280.8706176579 1650.1735947803
120356823.9645980000 1390.0039617037
127136170.1686450243 1766.9090745449
128357401.7177125812 1786.3038189411
127960635.2785567641 1784.6768379211
127873560.1938352883 1784.6187791824
127696153.5783069134 1783.4304418564
127147015.8955555558 1768.7064983845
127572918.9358761311 1778.9470522404
128047733.4882806838 1784.9969141483
127660656.6485037506 1781.4116737843
127412718.8112520874 1776.8191626072
126632578.7030839920 1756.7391870022
127226761.1240124404 1775.1737997532
127115288.4688845277 1766.7367055416
126902255.1432162821 1765.0144383907
126201099.2944936454 1739.0996471047
125163696.7704244554 1695.1510183811
124315035.6460540593 1657.9569394439
125040615.2696130574 1691.4822015166
125488213.1241494715 1703.3147475719
125317689.5949936807 1700.1286542416
124760228.6527253687 1684.7011346221
124371840.8072773516 1660.2211380862
124874036.1712983549 1685.9766415954
125152726.7261346132 1694.1136556864
124688793.9045588374 1677.0020083785
124712128.6432196498 1679.8166388869
124456807.5290602148 1664.0287767500
124467592.1232553124 1665.8824001402
123643362.9698648006 1618.6636411525
123654599.8852147311 1620.5459615566
123684792.6716464311 1620.6038328983
123225641.6733532101 1581.7053455713
125276983.8288958371 1698.5995032452
125083631.4924671650 1691.7177275680
125010597.8002139032 1690.0752963088
124206434.6444507837 1650.6111970805
124608356.3611810505 1672.0627680682
124247208.4707704782 1652.4252916239
123871026.6989140064 1626.1394940093
123946424.3180940449 1634.5998759940
123900102.8883921802 1632.5508790687
123975608.8616669774 1642.5879276469
123808146.5660360754 1622.9636467174
123069675.2523271739 1570.5319408777
123374662.3030611873 1595.2643174736
123978757.6319256127 1645.5612819865
123927545.9883971512 1633.3513790576
123486162.8809537292 1607.6933263748
123321611.6894581318 1591.8391326554
123234796.6116326153 1590.1991265900
123133817.9221004546 1575.4511440862
123383868.2984327972 1601.9644796737
123174111.2292374074 1581.6046757586
123643066.3193240017 1611.6850066856
123815641.7360194325 1625.1056125835
123602583.4705377966 1611.0771990493
122637911.1930547953 1546.5360246706
126406336.0782589018 1749.3935179710
126354048.4461946785 1744.0211129189
127093167.8278681934 1766.1904311180
127167526.6878453791 1771.2213125229
126252377.1573846042 1739.5719678402
126691006.8510727286 1758.0124754906
126576253.5107477307 1754.3513867855
126893884.7406831086 1761.7455897331
125886810.9271805882 1722.0772082508
126829509.7918831110 1761.1702141762
126454170.8984934092 1749.7356133461
126510879.9866503775 1750.9306941032
126621274.5817332566 1754.7056994438
126166873.8357931376 1734.3238400221
126518358.3411459625 1753.5117306709
125859480.5871175230 1720.9487170875
125723433.6714031100 1719.2907752693
125993288.4562436342 1729.2749278247
125686131.4679567218 1717.4889068305
126404875.4767960608 1744.0818183124
126122634.0117199719 1731.3968655765
125952467.9765798450 1722.1157388389
125977510.7707812190 1724.7400455177
126330783.9865000248 1740.9637953937
121160652.9617869705 1444.6841391437
120085195.8721772581 1361.3690961981
120005453.4392565489 1355.0139776421
120401766.3808444440 1393.0846315166
120616564.5573128611 1415.3141634166
120868932.2487379164 1431.7011102531
120898707.3824442774 1438.8545267284
120146009.5743555725 1375.6896183724
120419056.5136753619 1393.9471142525
120537510.7055225223 1404.1116016209
121248932.0815847665 1450.1308668964
120760201.1739973873 1425.8792432640
120290719.2728129774 1389.7750890553
120539566.9746574014 1412.4107849300
119893779.7094536126 1337.2799150403
119859518.8477335125 1335.4451176994
119788974.2814516127 1334.8244951986
119939097.1217355132 1348.2136510233
120707789.9404221475 1417.1023105225
120508207.8818419576 1402.7130744690
121034606.5821302384 1443.9139412483
120384903.3413945735 1390.7429025406
120232062.7886129618 1379.1057942146
120494798.8511179537 1399.8172164196
120474515.5605998933 1399.6488054032
119942770.0141831636 1349.0722535471
122323265.0015238822 1527.9452874567
121592761.1952715963 1484.8877551313
119472916.5956366658 1293.6252220100
118955889.2417361736 1215.4939186290
119316152.8880370557 1273.6393115799
119617271.7911085486 1307.5650313179
119657975.0464587510 1313.5184672157
119444703.7261420190 1290.1057045738
119183137.9361191988 1269.8309519569
119399403.9332347214 1289.6783535759
118996774.4666225910 1227.5930465738
119367802.7785829306 1287.3811514656
119015926.7122927606 1233.2834670857
119286035.5399469435 1271.3772580861
119130101.7404098809 1269.4944737236
119341396.0891660750 1278.9352248535
118933379.8263497949 1214.5027861657
118824733.0743585527 1208.1629962693
119009266.0023947358 1233.1534089759
119103694.1702842712 1252.8673853591
118992918.2640410066 1218.6596090060
118864051.4537819922 1212.8205584601
118701634.1011628658 1193.9387527793
118804313.9979672134 1201.1263880963
118959411.2030893564 1218.5945910528
119072703.1787935793 1239.6294056490
118625146.8297513425 1145.1312418486
118624382.0486351103 1124.0354521777
118666880.4803182930 1163.4800200965
119497999.5480581820 1299.9661683612
119915486.1479530632 1337.3717912803
119717671.6669560373 1324.4858488212
119777275.4264628291 1326.0510734688
119916472.7556865215 1339.0183648639
119733010.4223113656 1325.8979276787
119686560.1099091172 1317.5690116458
119572574.2704044282 1306.2182721667
128110845.4096592665 1786.0832624435
125667227.3940199018 1711.6445698813
125620928.6692024767 1710.0614039972
125546387.1594751477 1706.7148454264
128394006.4436877668 1786.5680475235
128271076.2001453638 1786.2550878525
128563494.4108873904 1791.4001398087
128418385.3255240619 1789.4656839371
127555546.1775856316 1777.2931957245
127576989.6028532088 1779.0231981277
122162771.0809102654 1520.5848470735
122348866.1555168033 1530.1675468492
122475751.0329017639 1535.9671837445
121906979.9319520593 1507.3643145370
121990590.8542205393 1510.3362660985
121994308.5232214332 1510.3677287679
122025455.1345896423 1517.1663902383
122426873.3515802622 1534.9511461165
122120527.7832534015 1519.7686691191
121897634.6139008850 1503.2809287813
121728742.1326821297 1487.9556105286
121728848.4066020697 1498.3905552011
122591634.8910108060 1541.4065865981
129616767.1604265869 1803.1638135910
128734048.2290395498 1796.5328636169
128926367.2944249511 1798.7765130997
129766034.2235047221 1809.9692783356
129239918.0861891210 1799.8647680283
122435320.3334871829 1535.5135046896
122493781.2205898762 1536.3591305669
122318962.6442456245 1527.7538340148
122236515.3298688531 1526.7739346083
121196426.7618428022 1446.9079753715
120758421.4524956197 1417.4912194568
122633749.6113500446 1542.3210864882
122092045.2819996327 1518.1092951554
121272686.0533408672 1457.1403151439
121477578.4460522085 1474.1281945962
121833021.4802131802 1501.2802908677
121437619.5545122772 1473.4263513344
121363262.4530252069 1465.3789666849
121206377.2200406045 1446.9882900077
121017375.4610000700 1442.2911350089
121313832.1600357443 1462.0200212058
121543986.7884763032 1478.3785252627
121555423.3145955950 1483.3484273013
121120030.2577505261 1443.9484607535
122406804.0092054307 1530.4778111037
121531642.6679696590 1475.3688025530
