112565905.0947273523 1150113.1259765625
112501458.7456092387 1146165.2656250000
112573899.5885914117 1151837.0585937500
112584910.2593501359 1153601.1010742188
110498868.4810645282 921973.7416992188
110368984.3617721349 911806.3828125000
110525401.3452379405 930442.7333984375
114150873.3560353369 1247930.8173828125
113191323.4436948150 1194340.2250976562
113166706.8524201959 1188591.1000976562
110356133.0840749294 906840.8632812500
110275515.5021360368 893803.0683593750
111849565.5126771778 1095597.5957031250
111866539.1730621159 1095981.7001953125
109884855.8297717720 816008.3425292969
110743420.7735649645 959696.2265625000
111992639.4347747564 1109125.3422851562
111768152.1770446897 1086418.0649414062
119758825.1468912810 1376958.4208984375
112052234.2445649803 1115334.0146484375
113796878.2552547902 1228857.1083984375
118866297.2784252614 1371770.5947265625
119178357.5092875808 1375697.1826171875
115069084.2564596385 1291483.6005859375
114004114.8673487455 1241126.1171875000
119115224.0262262076 1373670.8935546875
113113593.5133817643 1187296.2182617188
113252615.5292483121 1197637.8237304688
111815621.9961191118 1091217.0395507812
112168563.7804347873 1119805.7016601562
110194563.5572922230 889459.7490234375
110244467.1213907003 892224.5009765625
114040395.7789328545 1241872.3808593750
110933095.3373533487 990362.9648437500
110887553.2533739209 986123.0771484375
111495614.9829056710 1059679.3276367188
112491617.4873712808 1145228.5800781250
111481603.6385197937 1056173.7954101562
111345051.7852044702 1045778.0898437500
111427579.7291137129 1050972.7709960938
110128254.0272102356 872779.2658691406
113205969.1681540459 1195818.8940429688
110938072.1879057288 990536.1562500000
112515897.4579226226 1147150.8691406250
112519581.2936292142 1148187.1889648438
118963812.3750614673 1372892.2744140625
112841203.8522240520 1168494.4819335938
119706588.6498362571 1376176.9521484375
112337193.9844861180 1136014.4199218750
119300284.3848027736 1375699.6728515625
119001245.3017532080 1373292.3017578125
112871198.8682176918 1172251.9321289062
119948915.1749311239 1377120.4482421875
119902463.9682155252 1377086.1201171875
112865876.0902861655 1171404.8364257812
112509568.6065163463 1146799.0859375000
112942001.7827554196 1176624.9150390625
112981054.5816791058 1178165.6879882812
110963220.7654117346 991642.7021484375
116792542.1363830715 1342797.0908203125
113044781.1463873237 1183908.1499023438
114193266.6409559399 1248475.0478515625
111745764.2279898375 1085174.8955078125
112431046.9728372842 1139164.7915039062
112287154.3097150773 1129797.1508789062
112095797.0556521267 1117301.1767578125
109912788.7615240216 821934.0075683594
116953458.2003564537 1346032.5488281250
112035843.1376852393 1111452.7685546875
118633418.8376083970 1370315.4072265625
116718876.0822446942 1340016.2919921875
118705829.7017577440 1371100.0263671875
112451734.7456591427 1143535.1821289062
114744774.9483328313 1277077.8447265625
113937113.5446175784 1239900.3544921875
114198496.6775305420 1249829.0537109375
110823549.0676913410 970666.7094726562
110008219.6452802420 846876.9240722656
110793399.0961378515 965832.8906250000
110943870.3197655678 990640.9946289062
116617383.7592512220 1339412.6376953125
112378372.8734131306 1137827.0585937500
115098289.3392580748 1292113.0058593750
116944252.9536828846 1344106.7812500000
110863145.9405822158 982422.5776367188
110977913.4727181792 995815.3666992188
119043894.6037385613 1373563.0791015625
112045981.9001589268 1113880.0854492188
112178325.0214416832 1123801.9633789062
112169337.1828902960 1119900.3911132812
113867411.1771107167 1234468.2998046875
118589467.4143060148 1369894.5146484375
110430814.2313621640 919540.9367675781
113688215.7149643153 1226062.3457031250
113807687.0258095115 1231508.0419921875
113822236.0667311996 1231602.2353515625
113667861.7662660629 1221537.3339843750
110832313.2660687864 980991.9267578125
119608471.9454523176 1375932.1767578125
110969823.0371512771 992471.6176757812
110389559.8017123044 913927.5004882812
118720216.6888340265 1371466.1962890625
116327703.6947075576 1332659.7578125000
111933976.2432658523 1101892.8857421875
109924427.5352878571 828796.9660644531
111867595.1834801286 1097239.1967773438
116751518.3357928544 1341135.5517578125
110878764.5551193655 983637.1328125000
110832259.9797657281 973973.1416015625
110175677.8462806344 879757.6135253906
118500805.8235272467 1369691.4990234375
114015445.2098890692 1241797.4765625000
110345981.0379745066 902109.0512695312
110563832.6783172041 937191.3686523438
114659232.2143833935 1272670.1484375000
112804199.0251683295 1166700.5346679688
110307146.2088906020 900264.4394531250
110259767.5264065117 892335.0898437500
110424902.2028551847 918213.3520507812
119146334.0863537937 1374789.3115234375
111818170.3700458854 1093571.1625976562
111979466.4522397071 1106247.3208007812
113172168.7538471967 1190305.3422851562
110304880.8561920077 898959.0852050781
112727413.5537628531 1162664.1596679688
109962194.2301356196 837744.4760742188
109937791.5324221849 831952.3483886719
112431924.9504042864 1143206.3593750000
110221019.4407432675 890125.6669921875
110384528.7794171423 912337.5273437500
112532900.2723431438 1149838.5937500000
110459695.7173592150 921570.0510253906
109988474.3319827914 844027.8032226562
109987963.6632710099 843619.8405761719
109939840.2213514000 835993.3176269531
112275537.1963315159 1128770.6474609375
113011059.1404197067 1181449.7900390625
112896672.4942357689 1173921.3603515625
112910285.8886851519 1175337.7031250000
110501295.3794031292 926293.3967285156
111328674.1249826849 1043894.8969726562
110792346.6235495210 965140.5390625000
110701257.6473134607 956110.1367187500
112139848.0848085433 1119463.7011718750
110014973.7313195318 853419.1420898438
109977271.9758980870 841748.2731933594
111324927.7258738130 1042693.9584960938
113077858.5181606263 1186238.5942382812
110752637.8349431902 962437.1284179688
111451949.1544071287 1055913.5317382812
111897811.0554863960 1101670.3256835938
112897592.6964314431 1174356.6650390625
110689030.9616621584 955112.2104492188
113386202.4815775901 1206220.8750000000
110667664.2787984610 953269.2822265625
110642269.4787644744 949145.4377441406
114703341.9165387154 1275585.5039062500
110661444.6171234250 951274.9826660156
111717520.8419298083 1082174.3808593750
111410029.7683960944 1050684.1108398438
111357243.3366096467 1047047.1293945312
112715315.8925955743 1162266.3701171875
110744367.4945569634 960136.3781738281
110030938.7205682546 857138.2893066406
114411910.0101313293 1261134.8222656250
112300852.2510182858 1130384.0893554688
111778008.1148719639 1091041.7534179688
114385320.1193237901 1260744.6386718750
110653294.6395669281 950643.6379394531
110617750.7718890160 948371.8266601562
110588807.8548468649 945026.1989746094
116311501.1669390053 1330208.2060546875
113346833.1477959603 1203740.0078125000
110081440.6854499131 866076.5163574219
116290243.4698640853 1329842.0625000000
116177658.6282301098 1327446.2802734375
110030395.2188398689 853824.5368652344
110244120.4891467690 890228.5083007812
110680434.3610168099 953338.8720703125
111058654.6531177312 1004854.6562500000
113381092.1939612478 1203750.8125000000
113384982.7002218813 1205177.8056640625
113441338.9314166754 1210638.4658203125
110175531.4126924425 878818.6606445312
111379179.9595069438 1048342.1489257812
118123958.4926105589 1365267.0449218750
110119523.4887884706 871266.5295410156
111037395.2284085304 1004339.5727539062
111095709.9817994833 1008991.8891601562
118336253.4308555275 1368632.6357421875
113998218.5382640511 1240671.6562500000
115540230.1111194044 1306221.0175781250
110042241.5425419807 860434.1921386719
114397623.7395291626 1260745.6933593750
115483495.2939010262 1305673.0390625000
111275511.4576242268 1034377.8398437500
110995300.7163156122 1000835.4858398438
111095657.4451059103 1008982.7666015625
116121701.8512968123 1324392.8369140625
115962449.8654787987 1322425.8095703125
116269926.6900552362 1329004.0732421875
110286497.4587946087 896301.0532226562
111026579.1937627494 1003368.3759765625
111587824.7363612652 1067691.8872070312
113603927.5650017411 1219259.4868164062
113646968.3632881492 1220808.8271484375
112834157.3729157001 1168048.7905273438
111098447.8174701929 1014042.3872070312
113312583.7610857934 1200710.3330078125
111601009.1885469258 1070548.1152343750
111521649.4058002681 1063934.8315429688
111648436.1403075606 1075834.1577148438
113297241.1884859353 1198655.9448242188
114717855.3502964228 1276072.8388671875
111184080.6640321016 1026900.5781250000
117858313.0449005812 1362974.8535156250
116110537.2275026888 1323635.2187500000
110563770.1865759343 932911.6015625000
118036255.9791808128 1364094.1630859375
111673708.7160122991 1077668.8828125000
111763560.0477952510 1085187.8437500000
113433942.0100518018 1209470.4013671875
116196347.8504126817 1327509.9560546875
116247742.2661839277 1327593.3837890625
110076520.1857426167 861893.2138671875
110267502.2971762717 893747.2329101562
110353848.2113830745 906246.8395996094
111129859.9063676000 1020364.5498046875
111246088.8771665394 1032805.2060546875
111164147.6100464165 1024287.4785156250
114559933.2621225864 1268390.3955078125
114451153.4330337644 1264037.9697265625
111257196.8272270560 1033312.2944335938
118286942.3977907896 1367644.2900390625
115265744.0500383824 1298011.1064453125
113402560.9763943702 1206368.7905273438
111508352.4780514240 1062748.1767578125
111496261.7346366048 1060530.9116210938
111109472.5108197927 1014372.5751953125
111206997.0537934601 1031863.1362304688
114800777.1130010933 1279306.1152343750
114264416.2648760378 1253529.7617187500
111442369.7920615375 1054086.2260742188
114433669.9514250010 1261903.0429687500
115028973.9280848950 1288518.4169921875
117820944.7688098550 1360489.5771484375
114308122.8654207736 1256021.1865234375
115148872.2965205014 1292127.4570312500
115168486.7111641318 1293922.8183593750
120293150.3958257735 1377179.0419921875
115788472.5775460601 1316495.3691406250
117916936.0343306512 1363958.0312500000
111081500.1722216010 1008429.5615234375
115712646.1058005095 1313677.6738281250
112826478.6000498384 1168016.1186523438
115668855.1843971163 1311722.9990234375
115786656.2505340129 1314205.7939453125
117828806.6663606614 1362445.9453125000
114110408.0581677705 1245441.2617187500
120487378.4303279817 1377705.6279296875
114943838.7813899964 1287163.0205078125
115603508.7252244502 1309172.5458984375
117404176.1285311580 1353653.7285156250
114338769.0672101229 1256442.3896484375
118150323.4634571671 1367032.2763671875
117733914.7492736876 1360488.2509765625
114745294.9765704870 1277473.3603515625
117573166.8365193754 1357504.9296875000
117469767.6240113974 1356217.8222656250
114779747.7519914657 1279209.3906250000
115336139.4895929247 1299770.1757812500
116140380.1600959748 1325492.8994140625
118701742.6329238266 1370719.0419921875
114991551.4062777162 1287559.3212890625
114514783.5948281437 1264801.1650390625
115426715.5560885966 1302485.6406250000
115547684.5610586554 1307656.2705078125
117037032.0274511576 1346152.5917968750
116097228.2230058759 1323459.0898437500
116110742.6319881827 1323809.6044921875
117530671.2618250549 1356496.2968750000
117211276.5070311427 1351151.7958984375
117385060.0105575174 1353061.1162109375
117047485.7926877737 1346881.1328125000
116260443.9226913154 1328781.7880859375
117087935.6541107446 1347353.9345703125
114240258.9427739531 1250623.1142578125
114826097.3604724556 1280281.4912109375
117442084.8804358244 1354681.5722656250
114786668.9576146007 1279234.8271484375
116885232.3491953015 1343708.6992187500
117713345.9120800346 1359381.5654296875
116545884.9381304383 1336656.9394531250
121876677.5972025394 1377731.3369140625
118116789.0871084481 1364546.7207031250
121815005.9451012909 1377729.3876953125
117114589.6612600982 1348691.2939453125
115650082.7668813318 1309650.9707031250
115387900.3578113317 1300502.8193359375
117025767.5967257470 1346149.4707031250
