30448697.7988274843 619959.3779296875
30451456.9430893436 620075.5986328125
31284175.9529873468 704416.4775390625
30810498.5905995220 665702.2470703125
31354493.5931311809 708491.4033203125
31506334.4297350757 715632.1142578125
31279159.9830426238 702816.7822265625
31477263.6361697987 714567.7666015625
31081246.3890657909 691841.3564453125
31256237.3112909347 702447.8798828125
31323009.5875025354 705279.0283203125
30467990.6108093113 624096.9169921875
30676208.2563624643 656585.7939453125
30375287.3087960482 604597.3486328125
31571008.7345886827 719271.4541015625
31327093.5017495081 705682.1494140625
31719403.2047438771 723921.4892578125
30338887.0676436722 591767.4326171875
30427406.9632689692 618563.6533203125
30798880.2731674314 665065.4755859375
31003313.6112514138 683027.4130859375
30454212.9229117371 622339.6396484375
30552833.8697194718 638665.6123046875
30388897.3055103347 606752.0498046875
31346732.2877194881 708122.5009765625
30791290.2489203326 664985.7822265625
30525764.4652854688 637324.2568359375
30829858.5345724002 668115.9189453125
30612902.9482738040 647385.1689453125
30787547.1983882040 662791.5380859375
30443804.1515117586 618724.1376953125
30396803.1805314459 613219.4228515625
31729834.9826099426 724920.8525390625
31708459.9422701336 723880.6298828125
31077485.1247642711 691325.8857421875
30302031.4934841692 586242.8623046875
31589633.1051986031 720242.3876953125
31541322.7943488248 717802.0361328125
31018457.8862755485 686166.7353515625
30420853.1603518203 614731.3681640625
30508491.3494436033 633684.3603515625
31117217.7790555283 695393.9599609375
31014681.2246836461 683641.2841796875
31066496.8146410584 689719.3388671875
30720515.6671254337 657859.3916015625
30851039.2948898077 672331.6318359375
30943886.5998180211 678669.5087890625
31148999.8451396637 697856.2060546875
30717415.3443817273 657431.3857421875
30365385.4262978397 601648.0048828125
31018167.3778846115 684983.0205078125
30495160.6825479455 631980.0263671875
30846719.5256248228 669262.8916015625
31018192.9821561910 685127.6650390625
31223637.7034618817 701945.3408203125
30596882.5226192214 646182.4501953125
31535441.0819927007 717072.4228515625
30813862.5829045251 665842.9697265625
30554954.2331640646 645705.0087890625
30474558.9590140656 627172.5947265625
30325458.8716300651 588329.1201171875
31098278.8807251938 692181.5849609375
30523795.1266056597 634255.1904296875
31382276.9768738449 710584.7470703125
31213416.7591307685 698775.3759765625
30339918.5495683253 596309.0087890625
30995816.7498576157 682664.5673828125
30279311.0274561197 575049.0751953125
31606788.9802353717 720379.4111328125
30945463.8912315704 679771.0498046875
31540539.2930329256 717416.3564453125
31212855.9139803797 698414.1591796875
30423872.5849654488 616065.1513671875
31109267.1908484064 693788.1318359375
31039127.5942028165 687544.3310546875
30652758.5453826040 654509.7666015625
30378225.0893191248 605577.7783203125
30332635.2762216888 591587.0927734375
30879884.8290389329 676207.2626953125
30332012.6745472103 590051.4111328125
31406707.5316515379 711602.9814453125
30471983.5051342472 626944.4052734375
31446991.1297681630 713802.2392578125
31658758.3077497631 723090.9775390625
30867514.9017292559 673790.5400390625
31210630.4099909589 697993.2294921875
30301104.2915780507 580309.2841796875
30620057.0200314671 649660.3330078125
30817402.7890538871 667622.2705078125
30393242.7983338907 611539.2626953125
30312619.2086087838 586569.0791015625
30476528.2976938747 630851.3603515625
30454627.3924677558 623265.6396484375
30501629.9843984954 632531.5205078125
30811439.5654428862 665799.1396484375
30552984.8944842592 642026.2431640625
30964622.6607249416 681667.8134765625
30639050.7383397333 649982.1181640625
31684116.8985852972 723240.6923828125
30921178.8915353976 678575.4326171875
31534617.6441629529 716732.2666015625
30323202.1559316181 587553.4775390625
30407390.8956560604 613545.6396484375
30354733.1405752599 599727.6591796875
30358293.5227728151 601407.8193359375
30830304.0402689241 668704.2509765625
30539277.0874413848 637498.5947265625
31638581.4337299056 722269.7587890625
31531164.8617558815 715875.4736328125
31301709.7256775722 704943.6455078125
31609518.0951645225 720800.3408203125
30688657.4991182424 656926.4892578125
31558885.1376344226 719172.6181640625
30743889.2761822343 662387.0400390625
