129608289.6823896915 73468.4382643700
128847975.2716570348 72066.7243435979
128792575.7219357044 71948.4479611516
129512965.4580366164 73466.7274182439
129490560.1834522635 73438.1694424748
126036882.7350374609 66312.5544297546
126309128.0351005942 67135.3535306305
130943615.4034410566 75501.0465863347
126197126.6080278605 66874.4588517994
126086840.9287810177 66504.2911882252
131961054.2898971289 76664.6573524475
132233478.1402280480 76853.8215980530
122975835.5096128136 58135.7397768497
129380460.2587051839 73262.3677387238
129354696.5519425124 73071.0292987823
129055868.4161624610 72560.2712693214
129711506.3519165516 73584.7006359100
128955553.0611646324 72171.7993717194
129160082.6357832998 72912.5291156769
128976018.0227920860 72186.0124988556
129177774.6983535439 73038.6534442902
129077986.2892073542 72762.2492694855
123038344.1934710443 58891.8526728153
131076472.0469995588 75731.8004925847
130403483.9838976115 75033.7105572820
131006699.2567351907 75601.3545086980
130914127.7252020985 75478.8630536199
131344044.7089139372 76266.9710788727
129723435.4044398218 73760.5871906281
129994075.7368571907 74143.3994922638
129801820.3152648062 73813.8529529572
130194202.8196846992 74681.5198841095
130031997.8855594844 74464.0550098419
129722868.0429481715 73662.4605274200
129924241.1413979083 73871.5568943024
125392828.1718561500 65061.9774026722
125442919.2167427987 65096.7902574390
125385192.6071421951 64857.7336988300
124865517.4061640054 63420.2320647091
124905597.8913469464 63453.1273283809
125014124.3476761132 63993.8796477169
125464600.7572032660 65501.3085374683
126000221.5311170071 66190.7295145839
125815865.7603048533 65882.1906976551
126549156.5696847588 67448.7219701111
126580740.8877877444 67585.7105717957
123643509.2705803216 60732.2161676884
123469889.4952031076 60247.4659190178
123733213.8326458931 61137.9227316380
127104152.5474282205 69257.7000981029
123836018.4530334175 61969.7882485390
123828513.0957703590 61279.0605568886
123920326.3838571906 62104.2305154800
124364069.9861137867 62540.5912427902
125230716.0169046670 64463.3509667963
126219969.3888933361 66967.5612149090
127012778.2604795694 68669.4253854603
126374554.0308665633 67144.3908357471
131574415.9956700057 76547.1038188934
131326947.1226093024 75916.8137149811
125854431.1151522547 65917.2511930317
127103366.8959292471 68890.9802113231
123187597.5501785278 59313.9643976688
123432379.7410310507 60150.4090516567
123198369.8379102647 59684.4167139530
122992404.5230516046 58614.9267400708
123185519.3168942481 59045.0172350407
124835776.2037676126 63402.1025481075
129011845.8281515986 72557.2381985784
128021791.7424023747 70769.1875970364
130681832.6571146697 75455.8222821355
132326280.7227384895 77020.4901161194
126934967.7196666896 68554.8746548351
128582336.4811334014 71611.7324293312
127671690.0694755912 70214.5757635292
127608310.2875992656 70003.6218221840
127793345.6852933168 70454.0509603675
127462316.4381881654 69635.4971273597
131059408.4357418865 75640.8355045319
131092617.4660424441 75818.0538883209
133254394.8383765221 77912.1684570312
132975244.1843021810 77774.5833129883
133399843.9180866182 78153.1220703125
132960050.1016000807 77555.1392211914
130164166.3110138327 74540.7724552155
130578038.5549209565 75056.5531253815
130953449.9196513742 75503.6750431061
124339615.7033593059 62116.4085321426
126680229.6243482381 68040.4990697205
126716852.4533327222 68218.0839753449
123514542.4646367580 60517.6353335381
123499154.2013207525 60332.8593523502
125709200.3301153034 65777.7559861988
126941237.3462182730 68558.2970349267
126630984.5743291676 67794.5928926319
128167134.9492510855 70848.4163110908
128220290.6534601450 71340.5843599495
128099335.1925791502 70835.8528898414
128202211.1548978388 70862.2504785713
127684705.3699040711 70242.9316976722
129006826.8928532004 72326.5298233032
122921486.0495572388 57977.1324162027
130595112.6003017873 75251.6830692291
132627499.4361025691 77146.7762451172
132628276.4402579665 77435.7665100098
132577327.7523101270 77034.1950073242
127431606.4336467087 69387.2517373562
126495772.8631525487 67440.6727676392
126085189.7032555640 66405.2327051014
126426380.9068365693 67164.3027887195
127986015.6513756812 70637.2970483955
127905629.5709194243 70488.4663028717
128192727.2245043516 70860.9500517845
126349568.3288118541 67140.3246674836
126666840.8877938092 67929.0847688019
128663829.1276922077 71776.2130978703
122992759.5563440323 58706.6961538792
125364518.9449900836 64485.1252787113
126902138.7721850574 68403.1426050663
133334436.7502216846 78047.0409545898
133597684.8718413562 78278.9152832031
125903257.8865352422 66077.1365945190
126211704.1221233308 66888.3245782703
133319566.2832320929 78003.2893066406
125904818.1877709180 66082.1794633716
125219606.0199851841 64318.8248476833
128893108.3043459952 72098.3749256134
128711108.2607012987 71784.9674563408
123337913.2499854863 59994.9301264286
128448218.0494081676 71559.0948977470
124969420.9737571925 63475.9053435177
124479894.3772797734 62731.0363367796
124667523.2666879743 63252.1092661619
132255792.6048279107 76885.0366821289
124953458.9110707194 63473.7187021971
127592192.0696642995 69812.1863095760
127356784.4748726785 69293.0664460659
127597666.6920394003 69943.2685029507
133599188.1976720393 78306.1536254883
124946153.8900467306 63454.7539763302
134376607.9575910568 78963.6395874023
133222054.2322356403 77866.0417480469
126196083.1090444475 66564.8670120239
132614026.7326731831 77073.6419372559
133704960.8258633316 78446.2469482422
133501505.2320189774 78169.9406127930
134416509.7543618083 79037.8275756836
133792730.3296178281 78525.0078125000
133592171.5625243783 78216.1086425781
133684641.3960524797 78428.7480468750
132560993.1032392085 77033.4449157715
133928455.4159014225 78678.1212768555
133973945.2568522990 78752.3092651367
134104991.1222860515 78832.6161499023
134262091.0001446903 78900.1089477539
