72716235.1926285177 640246.5751953125
73711111.5741862953 772872.9008789062
74073922.4059020579 792560.3334960938
73546873.4868792892 760188.7338867188
72996480.0532725304 702593.4252929688
73645267.2172795385 770297.1572265625
73272428.7306743264 734866.7885742188
73539247.3278857619 759057.2031250000
73398843.7238205373 748251.4428710938
72977446.5663189888 701066.0690917969
73308367.4476931244 745881.1625976562
74659593.5443343371 820817.7011718750
74342435.7662166059 811348.2758789062
74240987.7108183801 802870.1884765625
72690285.4417942911 624285.2875976562
72661199.3570923656 620087.2390136719
74202005.8796417564 801738.6577148438
72949918.0007471144 698147.4130859375
72668007.6216582209 622285.7944335938
73514713.0061302930 755282.1669921875
73962636.4832963645 790917.9570312500
73516743.3794579506 756634.7875976562
72807242.1574654132 670586.5954589844
74562392.8670840114 816370.5654296875
74466620.3698674142 812559.3583984375
73760667.4671265334 779487.5219726562
73912036.8005552739 781830.1352539062
73156097.3739691526 724172.6855468750
72919272.3506774306 691698.6855468750
73378833.8244973570 747369.1440429688
73004217.1489394605 708048.6330566406
73612493.9848747402 765501.5195312500
74133639.6563638747 800527.5751953125
72824126.5749238878 673539.8442382812
72831893.7313591540 678101.7587890625
73435601.1610853523 751153.7934570312
72637975.0657057166 607259.3737792969
72687032.1019041389 623388.8583984375
72740129.5208553970 647359.3852539062
73638718.9260506481 768666.8212890625
73560639.4011352658 761974.4941406250
73103074.8012003154 722375.3088378906
73828087.7894674689 781739.6328125000
74481907.0174402148 815476.6494140625
73945199.3428532034 790308.2226562500
72761982.2033039778 651729.1003417969
72720705.5787876397 642527.0625000000
73299853.9304182678 736019.4628906250
72906990.8982951939 690618.0212402344
72693948.7636764348 627838.6716308594
73550188.4078269899 761373.1459960938
74113126.9431536496 796177.8613281250
73216023.9466324747 727987.5913085938
72951499.7653580904 698890.2993164062
73268476.7585137486 734756.3666992188
72775758.4597763270 660739.0478515625
72924702.0606540591 694663.9787597656
73265734.4532798529 733412.0703125000
73225381.6764589548 728740.7875976562
73244392.0673341602 732496.5083007812
73518513.3832999170 757023.4321289062
73460404.2721721232 751778.4682617188
73475953.9379062355 754680.8188476562
74054889.8813289106 791280.0385742188
73039147.9937729239 711886.7697753906
73197341.9353533536 727445.8288574219
73464126.5832509398 753107.7622070312
72658594.6176405549 615898.5825195312
72735042.8375352472 646455.8410644531
72612170.3400652856 588505.2893066406
72952227.5013349354 699244.7392578125
73094277.0470818579 718579.0969238281
72847659.3364867568 685458.7248535156
73232838.7634022236 732413.7534179688
73016164.4404158592 708338.5251464844
73612201.3653318733 763715.7592773438
72902788.4187298864 688318.4431152344
72704925.5849721581 633260.3144531250
72695289.7968179584 632205.5393066406
73188124.7664860338 724537.0141601562
74108813.2419598848 793613.9077148438
73023559.7129148841 708990.6545410156
73932835.6858391315 783687.1230468750
72710448.0967834294 634239.3969726562
72704440.4582397938 632258.7812500000
72957066.9740891755 700409.1640625000
72897628.3047822118 687091.5854492188
72712992.3955691606 639933.7683105469
74110163.3516589701 793835.2480468750
72692780.1814413369 624665.8142089844
72778313.0962815732 667288.1594238281
72899995.7150282860 688044.1899414062
72805246.0464320332 670394.4733886719
72830739.4713951051 677509.1289062500
72637611.9874372631 602450.3654785156
72762913.8321608305 659819.4143066406
73195367.8946877122 727378.2744140625
72730224.7047717571 645625.2885742188
73940143.7087516040 785357.1606445312
73025016.8872793019 709932.8010253906
72784493.8762116283 667683.5690917969
72654888.1395833343 608624.8181152344
72680356.3936093748 622719.7458496094
74666056.9797927141 822168.9765625000
73137532.5990898162 722819.0756835938
73018910.5336093158 708358.3793945312
74282407.5279723704 804655.9487304688
