103048297.8044499755 5644.5973510742
101219289.7316780984 5064.6871867627
102919545.7481447756 5643.6262207031
103074800.1263091117 5663.8476943970
102826628.1512812227 5619.0804443359
102454461.5562886298 5536.2360038757
102470991.3235229403 5548.8644943237
102471425.9877595901 5576.2964553833
102647333.5596174598 5596.5179290771
102212861.2385789305 5466.7219505310
102426194.4241367579 5534.9115142822
102674385.7021993399 5602.6502838135
101996198.3515661061 5385.5408248901
101914135.6785047352 5374.6587982178
102128632.9047953188 5438.2142333984
98978890.6895379275 3149.9573649149
99306501.1102054417 3595.9814233655
99518007.6428748816 3765.9278525114
104657176.5972943157 5853.4132232666
104548063.7538423389 5835.2756118774
104525817.9565115124 5830.0223617554
104422077.7461311221 5825.1812896729
104279503.9365827441 5803.2138214111
104531258.5381774306 5834.8945541382
104060892.3722643554 5785.2675857544
99382749.7552498877 3630.7152461607
102350400.9585476965 5507.9652900696
100705906.4338737726 4767.2355072207
104286226.0814562589 5811.2374420166
99964705.4464080632 4204.2753518671
98887787.3772848099 3026.4811838362
98883153.7910241634 2978.3525211581
104622721.8755238801 5849.7586898804
104927293.4505430013 5877.2846908569
99533943.4661837518 3770.6804846525
100518364.2387033999 4657.9067253023
102380167.1357944310 5525.0977058411
102863777.3434099853 5625.4538574219
100132649.4936420619 4367.9180065120
103331032.0444993824 5680.5724029541
103403447.4497948289 5695.5001525879
103451727.8707176447 5717.4562149048
103439985.2411243618 5709.5470886230
100901833.5225647241 4905.2686300119
100549223.0897683352 4667.0952260792
103989704.5020394772 5775.0004348755
101055982.5914465934 4977.3037866196
100410587.5417519212 4566.3933632523
100461125.4770362675 4583.0898037404
103608730.5820846260 5728.3372955322
103633814.4145037532 5750.2933578491
101619577.1218242496 5280.3677070737
98771874.8371754140 2922.6244629687
100745091.5887144208 4808.0033627898
99745164.2633026987 4018.9490201473
104812675.8589955866 5868.4465255737
101727412.0234410465 5285.0322807431
101425975.2380240560 5192.8453852832
100091341.9588599801 4253.3705898672
99625937.2111895233 3922.1247837879
99566391.8760380894 3813.3213847019
99709607.1314675212 4006.9862826206
99614900.2647521794 3822.3554947712
98904887.7133731693 3121.5119436066
101714479.6931652427 5284.1802635342
100099837.8430670798 4361.2653590888
100260905.6418710947 4451.9171623229
100358239.2798020542 4547.8478386551
99002124.2527448982 3225.8617007310
99194863.4261023402 3465.1908971865
100783875.8343914747 4822.2541126159
101346988.0828168243 5134.8303218335
99442061.4384600222 3749.3352910280
99857536.1127745807 4128.4797408618
99949467.7538049072 4160.4287674464
99934625.2588909566 4136.1429549009
98968692.6332179904 3145.2842123533
99561125.8475879729 3810.3553016573
102533741.1799667329 5586.2000808716
99175783.8344153315 3415.5525895276
103272331.1837468743 5676.3599624634
102523789.7208152264 5585.5096740723
101224422.7415946871 5108.5120544275
100687916.9275603145 4740.4298337845
100711164.1797582358 4776.5206073669
101322335.8316781372 5114.8791270703
101403963.7334895879 5160.1686465978
101807453.3577010930 5368.7881487906
100193656.1181627065 4438.3946403502
100894777.5985433459 4875.4703811249
100812296.8792300522 4870.0042910865
101173121.6048810035 5037.7683759928
99666340.1565414071 4006.5263092853
101095504.1333802044 5012.3693685373
101758078.0843894035 5310.1173571646
102183815.4084409326 5454.0233154297
99653869.2629153877 3931.1224401891
102220941.2721994519 5482.2589187622
101508095.3218417615 5247.7261586636
99600926.6431941241 3822.0850332677
99535430.5444356799 3789.3209422529
99388329.8084335625 3699.0956157148
99584071.1336559206 3821.6622961462
100507193.7991392165 4602.4404027865
99663746.8807936758 3934.0404995382
99773900.2866621166 4030.1831854284
99726480.0040855259 4010.9483679235
100307137.5370482057 4507.7263206481
100499684.7939519435 4598.8689216613
100098737.4545162469 4295.7246684073
100064673.9424498379 4249.1250437736
100343148.2194171399 4510.6067222594
100157968.5196401924 4400.2891334533
100158051.1439943761 4418.6701759337
100281906.4920946509 4461.3962901980
105489400.2769735157 5884.7316818237
102220342.5469489545 5469.2987365723
105652788.9327803403 5886.7278594971
99549095.0463181138 3802.3046357967
101209963.3553910851 5060.5615814030
101801249.7990028858 5343.0922411978
100038487.9247302860 4212.0731195062
101590656.2295554429 5252.4811101407
99113180.2789656520 3246.4463676593
101786987.9352362752 5322.6049957275
101604660.7202126682 5263.7707672119
101805094.6745070070 5344.1956405640
101766797.3618521988 5313.6615905762
102021964.0806440115 5397.2457199097
102066889.3606480807 5419.9241027832
101164978.5855205804 5034.9575805506
101069962.3152083904 5000.6188802561
101936264.1694792807 5376.6212387085
101872706.6706743091 5374.5115661621
103933453.9633585215 5773.6072235107
104124392.4530857354 5796.5974502563
100441704.4282659441 4570.7761129290
99276506.0247451067 3545.0340785582
104360049.5317182392 5815.9724044800
102116820.4158941656 5427.8653335571
100557922.4985370934 4699.3817654997
99961137.2437618077 4189.7822640985
100784891.4098318815 4838.0079222708
102297113.6551738977 5489.3509902954
100571693.9470901191 4706.2295981795
99348481.6083645672 3611.9322334021
102104430.1948703527 5427.5121002197
99163141.0856121927 3310.0720080342
99170848.1079962403 3368.0140029714
102700456.1113244742 5615.2160263062
99246446.6095390469 3489.0806500625
100618880.4519529045 4719.2287436873
99089217.4669322670 3229.5410976960
99803647.1770952195 4092.4939553355
99133619.5569407642 3289.6151602647
102842015.9279830456 5623.1089324951
103576046.5863506943 5724.2624740601
103738248.1307934225 5752.4980773926
104060341.4153779447 5780.0106964111
103839552.5020448416 5756.2610778809
103786517.2220891863 5753.5377197266
104451831.4352742136 5827.8238601685
104282707.5383133292 5808.4756546021
103895613.2714680731 5771.1725311279
102174520.7270925343 5447.6701202393
99000083.6723667830 3160.9021330855
102055053.7855329961 5414.2863845825
104249758.7869124115 5801.2732391357
100714657.0394682884 4790.9809065848
105701929.2532467097 5887.9299926758
99150176.9161125273 3298.4653102681
101365448.6699803174 5143.6341167688
99140333.5542421639 3291.7798327729
101180010.4172309488 5037.8175191721
105352672.8132336587 5884.4135284424
98745927.1100999266 2656.0490015811
101004816.0344417989 4942.6011902839
98867565.7852239758 2970.4455126806
101117344.5214428753 5031.2128569484
100290792.9492744654 4481.9721068293
100945488.6482916325 4939.0163819343
98894555.9367160201 3028.1873056837
98687006.4823386371 2625.6189151209
98765677.1508712173 2743.3056239007
98756422.0516258180 2701.8958176491
