80030861.9500614852 5671.4256962719
80422313.0881810039 5834.4681508541
79236930.5088658333 5326.7218860937
79855724.3523334861 5601.5714170518
79195864.5462391078 5308.7377514475
79996649.1293914765 5655.1674565580
78647572.9127514958 5055.5262944237
78444785.9507567286 4960.5044105877
83588779.1815722734 6728.6519813538
80662036.7702745497 5945.5131998062
79049759.1777275950 5254.9283752739
80837174.3680025488 6008.7206792831
79274260.9156348109 5352.1618402954
81617891.2942498773 6308.0090599060
78887282.9060688764 5169.6905420721
81728531.2436951995 6368.6642265320
76633244.6749645472 3749.0157642220
78728810.6394858658 5084.3202250358
83176957.5459647626 6717.8553657532
77665684.8638707548 4543.1054906635
79847783.8743742108 5585.3177492204
81918243.7060664147 6422.2395458221
81912028.9473914802 6413.3306026459
81836426.5681736320 6388.6820564270
83932081.5024386793 6748.9015464783
79061792.9111378193 5256.5819172217
77581276.6604538560 4502.9644503295
78862763.8656499982 5167.6512853359
76645609.5552453399 3811.5981602524
77737150.6247813255 4614.1688373757
82793640.9265250266 6670.0203666687
82143549.8467145115 6499.2516956329
81834362.3429211676 6376.4276180267
81439284.2687135935 6258.6073722839
81020384.6383898407 6090.8756333590
80815641.6969558448 6006.4869989753
76906446.8267780691 4033.9054611851
78404717.3245689273 4960.4692808115
77560857.9017168134 4494.2513286173
81410091.5251061469 6241.3374872208
81363740.9270539582 6225.7908439636
80756070.0334789008 5958.4623493552
81325904.0118054599 6222.4453487396
78732042.7629263103 5091.4623604016
76557118.8949378878 3743.9487294754
79999975.8217891008 5655.4577180925
77612928.8506546319 4511.0966446400
78528080.3202541769 4998.1480894368
81095600.2958624363 6124.6429328918
79009558.6562558264 5230.7482827836
77743994.4937245846 4618.9227625164
80912522.2201751471 6045.8071741462
82131243.7804639637 6492.8687992096
81064714.1675900370 6115.3217544556
78810135.2907142490 5144.9686239971
77936768.1689920574 4730.5164999962
83637095.1788678616 6746.8880500793
78329531.8879031241 4923.2866228203
78532985.7404899150 5027.6591719430
81816256.1334004700 6373.9689674377
77805537.1032812744 4632.5470814705
78653779.8979781717 5071.0134280180
79250622.3757097721 5348.0579266184
78142892.1044486165 4837.8430506024
79168805.5748881102 5279.2514328593
82222729.6252778172 6500.7032470703
77911606.5092574358 4697.3823094368
83949084.5216215402 6763.1367301941
79128889.7968197316 5273.0578007055
78862446.9623317122 5159.4462577463
78754782.4819627404 5122.9159453269
80660389.8044407815 5942.5366847457
77922431.3102983087 4728.3829065594
77899918.3774319589 4696.3284824562
79020726.9485110939 5238.5977825755
78707935.3237614334 5080.1950877253
77711329.6865277737 4607.9399952888
78703056.4683435261 5075.3321905322
78561599.3280370831 5035.5084799541
79771104.0785012692 5545.6647388693
78652118.9608480930 5069.9616453410
78584662.8199838996 5049.8803183292
78943371.1728668958 5204.5089668892
78016638.7270517796 4752.9899927410
78455529.9220609367 4970.6732365624
79345894.2302532047 5372.5321049048
81624389.1225997359 6327.9062633514
81132471.9868204445 6124.8651485443
78454935.0808336437 4961.5719509125
78111020.0012024641 4806.5687511726
78153874.0243499428 4850.9778601383
81362114.7692149282 6222.6675643921
77853346.7102957219 4637.0462862905
81858046.5220795125 6411.1268997192
80198575.6448651552 5749.8563828124
78248670.2516158968 4864.5837302208
78120718.0539693683 4816.2485948241
80633706.6588051915 5927.6746270657
80707600.9849096984 5952.8229135871
80367989.8013119996 5807.4944369537
81684668.6671472788 6332.0582714081
80078508.2594871670 5698.0297210282
82095730.2253185958 6454.3525753021
83434814.7375435680 6724.4917945862
81815296.0071851015 6369.1772632599
78775795.5701465607 5138.7469307915
80107078.4545464516 5698.7273891568
79129890.1524949074 5276.5997471167
80442518.1197571903 5834.6903665066
80756396.6328142583 5967.1643057168
79172077.2091423869 5293.8428326235
79813573.3665428907 5585.3131773379
80801934.2245226800 5985.5627499223
79181818.2089456022 5294.6095449910
81248974.7021421045 6170.2054205239
79889921.1054900736 5610.5085489085
80903168.7629494667 6038.7196760178
77997375.8696599454 4746.9923834801
81428194.1331803054 6245.3964385986
76769216.3332022876 3926.4222301171
76816794.2482540160 3940.9600242352
81449251.5248717517 6264.6987838745
80249066.6103283018 5759.2888681224
82245000.4457635134 6507.0066471100
80465045.8447427601 5839.0346570611
77632146.5121512115 4516.8105251789
78030882.5390254408 4761.3006005287
80173749.9228563458 5719.9686929515
80782219.6410297155 5978.8942456841
81522021.8064499348 6265.3332347870
77879978.0992418379 4678.0799641609
82450824.6818958223 6590.2272834778
76946478.1266019195 4048.5192744210
77398946.4256068766 4384.7911845744
80342760.3587841541 5804.2900379882
77220729.5447274148 4219.8840040267
80076770.2200096697 5693.4627336995
79905762.6940310299 5613.7553598216
78493920.9759011120 4985.0450903629
76758152.6629118919 3921.1370676682
77050265.0651122630 4162.8483095918
78083431.9518286437 4780.6386389732
76841741.4118244350 3980.2997778630
83071176.7214451283 6697.8375358582
78399713.5591476113 4960.4380041813
77363958.1499735862 4329.3093135208
82406163.2369374633 6586.0752754211
81438163.7604440153 6255.7898406982
79785468.2708729059 5558.7654153211
76640481.4774898589 3775.0127095780
77429150.9390873313 4397.9075452387
80618410.1103398949 5915.4243974751
79239550.8364410251 5339.8025535895
78129013.3107005507 4819.9588748241
79376983.9969085753 5382.5605183942
79541699.6779519320 5465.7811547620
76897693.5654459149 4030.5972117112
81009463.5181533396 6067.2971048355
80363507.7359931767 5805.9642534321
81248471.7196407169 6168.0558643341
77542350.4541254193 4433.7654440552
79154850.0934908390 5276.9283413244
80897372.7789408863 6028.0742298961
81546078.8005905896 6269.2037754059
79535122.5808931291 5464.7362477765
79408286.4310148209 5386.4110500570
80972132.5846531838 6065.5282096863
80698247.5276840180 5945.7354154587
82715474.3418318033 6645.4132804871
79649998.3793079257 5496.2829845548
78846359.8292570412 5148.4259373993
79091333.7981941253 5257.8860814422
82496506.0451520681 6595.0048332214
77866963.1731633544 4651.7601298383
82271741.0158355683 6535.8714141846
77702410.0081278533 4587.9222260738
80894664.9977163374 6023.9034538269
83399006.3502065986 6720.3731956482
78294533.5755991340 4901.0999991153
76985526.7532363683 4097.2726647705
79506756.9507078230 5437.1848743493
83483294.0047949553 6726.8702201843
80623719.2092388272 5917.4973047292
81982343.2379357964 6451.8848628998
79418250.4279090315 5409.9425224615
80020157.3367150277 5655.4627349442
77563507.1304621547 4500.3347023750
78294005.2726102769 4889.0554274318
77987571.0957318544 4732.3712904453
77185559.8518479764 4219.8491694778
76818869.9648091346 3973.6339672780
77689384.2974575907 4568.6198201180
77631197.1504063606 4514.9564580707
79636077.7615305930 5492.3289167788
78990495.0341936797 5230.3488043351
79810519.5014425218 5584.9623493506
76661907.3003340065 3857.7232731557
77343506.5516713560 4312.8424951937
77222969.6036437601 4235.8521144241
82403990.5666088760 6552.3533020020
78126473.9733975381 4819.9588141441
84012354.9345953465 6764.6348075867
80845675.6457418799 6015.5903482437
80767211.3493877351 5972.5439491272
81650270.6488496959 6328.1422424316
79297404.9013138562 5366.0420612646
76715126.4505659044 3876.1247962689
79937679.7597074807 5642.5017821528
76704062.7802755237 3870.8396338201
79492957.0401856899 5436.8815070298
80716498.3350783736 5956.2382078171
79984695.1368677765 5644.2391993552
79712150.3755320907 5540.3685800365
77262401.9172247052 4304.1697870228
77143355.1938225031 4209.8170937057
79534451.5861082226 5457.1479436687
82033361.1235867739 6452.6507778168
80468145.0229442865 5840.3159542084
77246331.6861904711 4293.0377300734
79426507.0799973756 5421.0745794109
79740683.1302334219 5545.6421741797
79695884.0179822445 5531.9670552015
78475163.4375781268 4973.4061105102
81294914.7216816247 6195.2955799103
82096139.9071210921 6463.8279247284
79589098.7533881068 5477.3760066200
80533683.9829556942 5879.4120941758
78239505.9210468382 4863.8592753410
77874098.4469381273 4661.5847299022
81165915.7048495859 6154.6419296265
82330840.5415468067 6547.0485610962
76864029.3637007177 4000.4840509495
78102239.5518489480 4787.5401082039
77165289.7823635638 4218.7027703127
77387720.1996932924 4370.5031836759
82590533.3786213845 6630.7001914978
79478447.6118959337 5435.1796967969
84395913.6918472201 6783.0823554993
79370406.8998497725 5381.5156114087
82736034.6662068963 6650.7180213928
77346964.5853266269 4324.5803790987
78290828.2427531332 4875.9285953713
76974628.5828264058 4094.1320342062
76893703.6513086706 4010.5793818161
81233012.5905314237 6164.1853237152
80605174.2599239647 5903.4154043198
80336617.3000490367 5803.9052021261
80275239.4744751900 5788.7747082332
80924230.2295868099 6051.8537864685
76989004.4467682689 4109.2426262698
81186977.1714869291 6159.4600849152
80550558.8318033516 5888.3544518948
80490740.1403933913 5871.9953446010
82366281.3143502176 6547.4795551300
77648659.9644738436 4539.0082251948
77126129.7825979441 4192.4632626376
80956673.4555438757 6061.6576690674
80486856.0773498863 5856.0692374648
80445658.6624359787 5835.2188248634
80323081.0997017026 5789.5752396227
82517383.3535593152 6625.3954505920
77124869.4097856879 4176.8920570467
80264307.0449707955 5765.6355812171
76748482.0903438181 3881.2749766037
81133472.4788925350 6144.8380470276
78072087.2029262334 4767.5222783089
83112629.7319791466 6699.4715461731
76939444.5576060265 4047.9492086400
80574835.9730994701 5900.0736312866
76793817.9140436351 3938.4890645970
77513227.8591912985 4429.4161006510
81324050.1127495468 6217.1904487610
81622825.0710422397 6308.2721843719
76857606.1493790299 3984.8489035344
84256659.9634542763 6768.0384941101
80804790.3754405677 5996.0577278137
78518502.1457953900 4985.3887394143
82293131.2892881483 6542.1748142242
77548780.3454665244 4439.8734653664
77388120.6325772256 4380.4022500515
80152966.3892756402 5715.8082775691
82936560.1186793596 6690.0381965637
81061111.3641678542 6105.5178718567
77857850.5142735243 4648.5334555362
77594425.1681235731 4504.7086933327
84177516.7175024152 6766.8336753845
80063853.5220189542 5679.3145641902
80395298.6628113836 5807.6055101694
81936128.2037110478 6434.0598068237
78714249.5791244805 5082.7795634270
82119610.8611206561 6467.2406597137
82254405.5273465514 6527.8153572083
78237740.3976317495 4854.3189340862
77464830.1578535140 4413.5331838285
77456211.0211599320 4402.5319677293
81617242.9602797478 6302.7468910217
83165853.3002178073 6699.7038459778
81564031.8658281565 6288.9651660919
82183599.9008876234 6499.6078281403
81856548.3505977243 6391.4928207397
