52581306.7338120118 3196574.7812500000
51213893.8554028943 2989636.1328125000
51235986.4633133635 2997139.0312500000
54633763.6476680264 3290014.9609375000
53134341.6582088321 3230950.7343750000
51337933.7808976173 3045150.0312500000
52795375.2626724839 3209291.2500000000
54428366.9742510468 3283540.1250000000
55333012.0708546638 3301736.3906250000
53518709.4052531719 3249811.5625000000
56100466.8916470781 3307673.2890625000
51630120.4131517932 3105616.5234375000
53569669.9983663559 3252024.4062500000
51135670.3826931939 2925873.0546875000
51215279.5579911470 2990536.7265625000
52483495.0276218876 3189526.6406250000
52842441.0799027085 3214258.8671875000
52932914.3974612877 3218083.2656250000
56959546.3298405334 3310261.6875000000
51241036.8307898864 3002925.6171875000
52594600.7305150926 3198787.6250000000
53268948.9513822049 3236831.9609375000
53951887.3063159063 3267697.7656250000
53428939.3122631460 3242326.6953125000
51567641.8282668218 3098439.4218750000
51810470.4607702121 3127215.8593750000
51176035.7023816407 2942843.8359375000
55896243.2097538635 3306475.1796875000
52469630.6987269595 3187603.9531250000
52821520.0842342824 3211713.0156250000
53083381.0650956333 3228737.8906250000
51265060.4250077084 3015046.4218750000
51938294.1067932770 3140014.2968750000
52565150.2270611078 3194785.6093750000
55853869.3906208277 3306055.7968750000
55852890.1396142691 3305916.8593750000
53692378.6927846670 3257209.0546875000
52362390.9003085867 3178967.2578125000
53295093.7729440257 3239253.7265625000
51325896.3082760423 3041516.1640625000
52387567.8345630765 3183373.8203125000
56529960.2862351909 3309499.2578125000
53443248.9686158448 3243881.0234375000
54114658.3802680969 3274267.4843750000
51300861.6081454754 3025404.9218750000
55819202.6833899245 3305460.4453125000
53007830.4079726264 3222683.7031250000
55059336.7160105929 3297620.4218750000
51300108.6224169955 3021597.2968750000
52649739.1880196780 3200438.0156250000
55581184.9786361828 3304637.2734375000
53879709.1422683820 3263975.7578125000
56486560.6400012746 3309028.2187500000
53464311.6852231175 3246829.9687500000
51828285.5058791488 3128768.2812500000
52478961.5618801117 3188104.6718750000
51310633.7896277755 3039023.7734375000
53251519.1258374602 3236314.1328125000
52241491.2928110361 3169524.1093750000
52473496.6032017916 3187683.9375000000
52149312.6347091123 3159018.2265625000
51847578.7468178794 3129992.3437500000
54155318.3740605786 3275413.6796875000
55804116.2632177845 3304705.3593750000
51640433.1563326791 3108302.7890625000
52289389.6962069497 3173900.7265625000
53067844.9349199980 3228002.0468750000
52267298.2087767795 3170873.1250000000
51437110.2675059512 3068489.3359375000
56292110.2326480448 3308762.5312500000
54397251.4335028380 3282021.9140625000
56074947.4567031115 3307529.0625000000
54476054.2325034142 3287191.6093750000
52286572.9124369994 3173694.1718750000
53063832.5506284982 3227581.3125000000
52011685.1607318819 3146867.2187500000
52836052.6709626988 3212747.7421875000
54628741.8918876499 3289908.6796875000
51193456.4200832993 2954789.3984375000
51896961.3510308638 3136394.4375000000
53246106.5014078096 3236262.0468750000
56054374.2138479799 3306584.5859375000
53448775.5550474674 3246094.1250000000
52806111.3254737109 3211381.2031250000
51849969.5822988153 3133027.6953125000
54677008.6984883696 3291896.1875000000
53308569.3604459167 3239576.5000000000
55556329.8996154070 3303403.8046875000
52317635.5495780408 3176256.1953125000
51160341.6602708921 2929120.6718750000
52834660.7998524308 3212399.6171875000
52405028.8648419157 3184583.6796875000
51185663.0718358383 2943468.7265625000
51376324.8984458223 3056642.6484375000
53308694.7064360753 3240020.3984375000
51346600.9728256389 3045544.8593750000
56046470.5398004577 3306549.6875000000
51203926.0306924805 2955232.2968750000
53042602.9941564947 3226859.0781250000
51190693.0585618317 2946058.5859375000
51517336.8219752386 3088362.5312500000
53721171.8357946798 3257908.0937500000
51175539.5660898462 2936734.1015625000
51403191.4369022623 3065077.4765625000
54597679.2547466233 3289205.7109375000
51373467.5112820715 3053979.6875000000
51395447.6761067733 3062891.1875000000
55172291.6741042137 3299277.7812500000
55882498.4678894579 3306438.5781250000
53337765.0238998085 3240517.5781250000
51373121.6471615732 3052730.2812500000
54458503.0617119968 3287046.9062500000
51365723.7504865900 3051793.3984375000
53032343.7897553742 3223011.0156250000
52850480.9158676788 3215354.4218750000
51388006.6025900841 3059032.1796875000
54430379.7843417823 3286161.2812500000
51358824.6623615846 3049577.0703125000
55417828.8365123495 3302424.4296875000
53078584.0046301112 3228395.1953125000
51355237.4610381871 3049304.8359375000
51303869.5255789608 3033234.2578125000
54491543.6818700284 3287728.1328125000
52502767.7713617384 3190905.8906250000
52486841.3249011338 3189889.7578125000
52628680.8973114491 3199254.5000000000
53062135.4698835909 3227015.4296875000
53035990.6483217999 3224593.6640625000
55163791.8033370525 3298913.0390625000
52944475.6699389145 3220445.9843750000
55191915.0807072595 3299798.6640625000
53090437.1883721054 3229263.3359375000
51348464.4997215942 3046200.4453125000
51210978.0176363364 2958454.9843750000
55184638.8632206991 3299682.2421875000
52116157.0044650584 3158224.8906250000
51414761.3202517554 3066246.1250000000
51347014.8316912502 3046155.7187500000
54409173.2700225562 3282559.8515625000
54484267.4643834680 3287611.7109375000
54345683.5360037908 3281672.8125000000
53095902.1470504105 3229504.5625000000
53162398.8703392521 3232453.2500000000
54581152.5047465935 3289055.3515625000
54675771.1831807718 3291448.9140625000
51463053.4191781506 3075679.0156250000
51451279.7697726265 3072040.8046875000
54810272.4754248038 3294109.0312500000
56358561.9243795127 3308863.3281250000
51524752.7494197488 3091296.5703125000
54226812.5790322497 3279219.3671875000
51437784.1668780446 3071896.1093750000
54879042.5000365749 3295407.5781250000
54713387.4350616857 3292665.3906250000
51471229.6766318306 3078757.6953125000
54258627.6732330173 3280356.4218750000
54972711.8813528419 3295608.1875000000
51516752.3482510224 3087934.2968750000
51423111.1184567809 3066588.8203125000
51486212.4794333577 3081336.3046875000
51506802.4732051194 3087787.9531250000
54704887.5642945170 3292229.5625000000
51496584.0981039107 3086247.8203125000
54872975.5848874450 3295306.7812500000
53770853.3577712625 3260469.2265625000
52291778.5174047127 3175545.5546875000
55295903.5886066258 3299881.2031250000
52222863.0417092144 3169363.4609375000
53807150.7110297754 3262012.5234375000
54645887.5319526419 3290253.1015625000
51520682.4080360159 3088373.3828125000
55280458.9609628022 3299831.8984375000
55816840.0159115195 3304802.1640625000
53704591.3711615428 3257904.7578125000
53737631.9913195744 3259316.7031250000
51469309.4357769787 3076545.4687500000
51667455.1200056151 3111833.3828125000
51674981.7201400101 3112700.0703125000
55136494.6172275469 3298493.3203125000
54184073.9411552399 3277924.2500000000
54130558.1238315403 3274818.4375000000
54236573.8914037496 3279367.8906250000
54637806.2183498144 3290037.8750000000
53821813.9508844465 3262682.0703125000
51455935.5449408069 3075005.3359375000
52215800.4521048740 3167753.2421875000
54327304.2461108714 3281554.1718750000
56217199.4304566830 3307999.4609375000
54203601.3156325594 3278476.9531250000
51743007.0188325867 3120508.0546875000
54298626.1732136458 3280565.6406250000
54191254.1265160814 3278143.5781250000
52552893.6274236590 3193651.9296875000
54257420.9512874037 3280137.0937500000
54615560.8000799417 3289824.5546875000
53910210.3021255285 3265705.5859375000
52200664.2614244521 3166952.1093750000
53224676.6855976209 3235024.8281250000
52095840.8946590200 3156912.4375000000
52319120.2138293609 3177841.6171875000
52432244.0918454230 3186809.4843750000
52344850.7765815556 3178482.0000000000
54846141.1253003180 3294386.9453125000
51622648.5232520923 3104387.4218750000
54849416.2122738659 3294878.2343750000
54980171.7698066384 3295833.2031250000
52231726.8985654786 3169514.1328125000
53237034.2571951225 3235091.8671875000
51606722.0767914653 3102626.5312500000
52074185.4394447654 3154601.7187500000
52088901.0130115002 3156262.1328125000
52090111.8859053701 3156362.6093750000
52177505.2011692673 3165162.1406250000
51947867.6374282986 3143942.2500000000
51609635.1914568692 3103140.6250000000
51712733.0684667453 3116683.3593750000
53778038.4887794554 3261522.6406250000
51530348.0991186127 3092529.5468750000
51947541.7910779640 3143040.4531250000
52046056.2842616662 3153349.5312500000
53888393.3582022488 3265440.6093750000
51958662.9689977840 3144550.0000000000
55029490.8524625227 3296826.1015625000
51787555.2310015783 3124692.6250000000
51978167.8394222930 3145926.1562500000
54572908.4643597677 3288816.3515625000
55381535.4469317496 3301895.0859375000
51696806.6220061406 3114922.4687500000
51856347.8456028253 3133932.6953125000
55316215.9821161851 3300441.1875000000
51865499.2896076068 3134522.0781250000
53778265.5990942121 3261709.5546875000
53550326.2614693865 3251157.3750000000
51898153.7616472915 3139062.6796875000
52047271.7829093933 3153450.0078125000
51815490.8674382567 3128033.2578125000
51959878.4676455110 3144650.4765625000
52160395.6609254405 3162417.8750000000
51988655.9686880484 3146046.9687500000
51552566.4591487274 3096507.2109375000
51571563.6834180802 3098638.3750000000
52159180.1622777358 3162317.3984375000
51549686.9456717297 3095806.3984375000
51603440.3260604367 3101877.1093750000
51799564.4209776297 3126272.3671875000
54410297.5346626565 3283166.1953125000
53354899.2270589471 3241876.9062500000
51540139.1156757772 3092651.8984375000
53610671.5214070529 3253844.0390625000
51754350.5560258105 3121443.8906250000
55107155.9056084901 3297724.1171875000
55000367.0143545717 3296280.4765625000
51853378.7211626619 3133504.1953125000
51883753.8748047948 3136058.4062500000
51972290.3257316947 3144806.1953125000
53559710.9282938763 3251631.1953125000
52680918.7637812868 3203944.7265625000
52268436.7709464952 3172312.6328125000
51807783.4978712797 3127179.8671875000
52720666.7263958082 3206396.4921875000
54997222.9114576057 3296067.1562500000
53831254.1557555571 3263922.3984375000
52417550.4695481881 3185088.6484375000
52304426.5915321261 3176120.7812500000
52678748.7524679527 3202806.0000000000
52553729.6239326075 3194538.9687500000
53673807.8394450024 3255753.7968750000
53206913.4005114138 3234010.6015625000
52747271.3641394153 3207899.0078125000
52972203.2642754093 3222210.1406250000
52959856.0751589090 3221876.7656250000
52576849.8007134721 3195936.3359375000
53983640.1997011304 3269861.2968750000
52767384.5098850802 3208893.5468750000
52941757.5815785229 3220156.3046875000
53919609.7180388048 3266428.2421875000
52636368.8286904916 3199748.2265625000
52948222.4779605120 3221248.6093750000
52373189.7538323849 3180962.0234375000
53690079.2676057667 3256312.2265625000
53728408.3899030834 3259013.7343750000
52347044.9322705939 3178540.2578125000
52494592.2029845342 3190613.6093750000
52749492.7067065537 3208716.0937500000
53209836.8158345148 3234142.2656250000
52892523.2958824709 3218051.8671875000
52631881.9574517757 3199721.3359375000
52504810.5780857280 3192019.2421875000
52664449.6255438104 3202694.3750000000
52948863.3601053953 3221280.8437500000
52733051.1688118204 3207841.6250000000
53376257.1559714451 3242007.7812500000
53498389.6874592826 3247943.0703125000
53505551.7268824950 3248929.6875000000
54070309.3014724851 3272526.6093750000
51652012.5070073605 3109800.1484375000
54003518.6292452440 3270313.7656250000
54020287.8212425113 3270761.0390625000
53957410.2974939942 3269092.0937500000
51740139.7751965523 3119896.2734375000
