136108868.3156021237 123205.1499177180
136122396.2624652386 124262.3470755890
135988170.0629644990 118274.7079343035
135978086.7235766649 117711.0908618355
136398583.6526747346 134334.9595014527
136758443.8150613010 140702.5173459165
135991113.5696128011 118456.3668220475
137332806.8241429031 148604.0148147683
137142908.2587353587 146650.3447708230
138441128.5304960310 159733.5450137258
146677249.4558078051 192950.7610473633
138368385.1258801222 159690.7045736313
137122294.0205001533 146570.8729690652
136790178.3764221370 142277.3124923818
135884820.0133857429 110046.5905769303
138030433.5899100006 157441.9621960521
136263433.0121154785 129958.9378306083
138051237.8722235858 157861.0458323006
137903326.7039163411 155583.8570403587
136133867.0126284957 125037.6338187531
148145161.3870633841 201383.6513061523
135829592.2453613877 105718.9437204376
137891470.7514722645 155315.2705755830
136658955.4024933577 140288.1819992177
136053829.5830256045 121110.6386409461
136494713.0715881884 136643.5658397786
135943378.9993982017 115703.6587826507
136493991.3232443929 136599.5544872396
135848728.8058095872 105971.0512466654
135900450.0790690482 111878.8986134514
136131071.6208022535 124697.2626029328
136757722.0667174757 140658.5059933774
136109354.8660288155 123313.0372579567
136491502.3844817579 136530.9998068325
135919395.8657534719 113871.3507461296
137516389.9344239831 149255.1357440650
146529928.7400645316 192728.8663635254
147251517.7230218649 198075.1884155273
135857923.8338154852 106227.9366768673
138179094.7217714190 159475.1040417552
135841387.4840402007 105819.7117840722
136531014.8053047061 137761.6991705410
136503889.5285280347 136955.8564634435
137165063.9196948409 146928.2757356655
137753786.2368977368 153394.3755553365
135956060.8714966774 116222.3911671623
136232051.7708470225 129174.4725193158
136741764.5699785650 140603.2231369130
136080864.5429559648 122317.7444916538
136243139.7809664905 129760.1856792942
136159349.4261685610 126744.5940238312
137515668.1860802174 149211.1243915260
144096113.8189612329 179891.3533028215
135939917.8049524128 115660.6124406233
135980605.0347015560 118105.5064625725
136032700.6095061898 120353.2423486135
135969058.3557935357 117398.6769508943
136227549.3503677547 129106.2531386688
136712332.9686667323 140598.6973730810
142110211.7557015717 177032.4456835184
136658233.6541495323 140244.1706466787
136065445.2149350047 121299.8145224176
136090673.4693242013 122936.0792694859
136385304.6096034050 133864.1076738648
136456403.8519761264 135848.8088002317
135915307.2056772411 113585.8588185295
135946795.7626670003 115897.0383114563
136241985.7678662837 129674.8932005838
136478663.2663733959 136321.3305341676
136120893.3442161679 123525.7253031991
136346386.9946041405 133092.9055864625
136522879.4005218744 137109.0537443273
135936206.6356453598 114327.7860021464
136030148.7935136855 120321.7064234540
136175175.2619471252 127121.5520123020
136353899.8163640201 133680.6786176637
136575093.7091362476 138564.1416525356
139444053.5041738451 166646.3968440495
138922939.3814963400 161431.9402499199
135881400.5489852726 109922.4891516343
136041767.0359544456 120953.8542204819
136272629.2161784470 130810.2352415994
136099033.7226332128 123179.7650012635
136156987.7262279093 126538.0100394562
135902111.9028640687 112035.8505787834
136079886.3322924376 122160.7925263218
136251441.5870712101 129924.4216997437
135923305.7388703823 113917.2246720716
136042509.5358744562 120971.5771264456
136293924.0568576455 131758.8113941327
138347939.8137021363 159610.0618594289
148329291.8414916098 201751.1426391602
135861205.0694081485 106284.8947909549
136121010.2916885912 123952.2403792851
135908609.1227617860 112079.7324226334
137511117.8269996345 148830.4358721650
136324567.5051698387 132894.1534351483
137233390.8150832355 146967.0749806504
135852079.0623715818 106166.0633262470
136148562.2891368270 125969.3072806671
136278473.9876223505 130881.4327243939
136429883.5076786280 134913.5786171630
136390915.5253601372 134160.7809736207
138069347.8142952621 157916.7748115659
135904608.6053187549 112057.3519525513
136279631.8119137287 131187.1932300702
136055114.5478687584 121231.5951417706
136451600.7891289592 135617.3196699098
137057096.6791645885 145096.4744617939
137274753.3644113541 147783.8529814821
136920902.4949073792 143063.3326160908
136438029.3593655825 135075.9118986242
136200500.5781282187 128053.2254742160
136315743.5462920070 131957.5635454468
147609875.8636673093 200541.4135131836
135952206.3127757907 116079.8744572215
139027485.2763504982 164728.7005709410
143821158.4252362847 179418.1216133684
135958763.6348100901 117154.0646290764
136185298.1863813698 127676.2674857453
137953395.0708054304 155769.0036109835
139289051.6521936953 165301.9207125101
136947640.0936928391 143893.5379287601
135927583.4859120548 114118.0584812537
147155490.9652845263 194831.3282775879
136174443.8288613558 127002.9311399870
137673455.5422999859 151038.3890933394
136119478.7997078896 123411.2721856646
137015133.8646430671 144392.4635975361
135946729.2559602261 115706.9614340141
135936501.0416835845 115467.2329118177
136004240.8466058969 119503.5096310399
136471164.3389064968 136176.8938276246
135925418.8048137724 114045.4862053714
147309603.2730884850 198388.1654663086
145440205.7917112410 186754.3135014176
136562250.6764280498 137849.2136669271
135886481.8371807039 110203.5425422623
136168805.2453734875 126994.1225229912
136428655.2305271029 134889.4857875779
135950883.0064253211 115950.3665177748
137946617.8916822970 155668.5782569796
136211287.7151599526 128828.5122173801
137009523.7485283613 144350.9426421266
136015305.4443435967 120028.2851456537
139427237.9034705758 166309.4539156351
135857557.0898598731 106169.0014594868
135999607.1911627352 118669.1516497008
147906348.7444230318 201242.9280395508
135973145.5995518267 117637.1982350334
135982954.5259200633 118255.5330128654
136451170.1365990937 135159.5456320718
147368622.4990127981 198658.6707153320
139160734.7063698173 164975.3336699996
139281552.7247267962 165157.4840059672
135916564.0418140888 113634.9248752967
139257773.6102461517 165148.2633181009
135922746.1223154366 113881.1697642282
137074746.9796864986 145750.7111357789
144517422.0132732391 184090.0958324671
145526899.8317549825 192684.4218768030
135934173.6463659406 114286.4611337148
135940778.7887252569 115668.0667209998
148222816.8915233016 201610.4193725586
139237306.7792805433 165078.9735405649
135867709.1280549169 107991.8549960330
136031958.1095862091 120335.5194426499
136052159.6399425864 121069.8938604354
135963041.3818517625 117354.8984382584
141950078.8769631684 175840.9608943666
136035371.1440737545 120702.2934954039
147215212.7575525343 196902.2010803223
140965044.8405394256 173034.8157775606
140813516.8516496420 172201.9607479776
143791129.4318826795 178804.4475675076
136105767.8720169663 123194.5568344950
137023063.7421409488 144768.5265004635
139489432.6436771750 166742.4828887880
137945896.1433384717 155624.5669044405
139400167.3399326801 165322.8429647441
145391434.9946257174 186044.0065379143
135861758.6608199775 107952.9602830186
139528889.5008548200 167407.1002148688
136001806.6537654102 118717.5052301399
136899104.7530959249 142918.8959095478
136870694.6183861494 142285.7885324359
135879744.0453622043 109759.3036493197
135935647.0190903842 114291.7310943029
136049190.8772753179 121013.4150765001
137675536.4909727275 151405.8561873585
137619571.6430225372 150885.0454378277
136007298.9563126862 119600.8251116149
137802860.2455391586 153607.4925216585
135911774.5273407698 112462.4736946061
145100334.9954204261 184913.2318572998
136875543.3921551704 142621.6496035308
135873793.5781272352 109720.4089363053
146809883.7446180284 194395.1844482422
136073044.1938546002 122027.5202696286
140254978.1680308878 169341.8413249850
144397009.5099706948 182573.0680828094
144373531.0841574967 180485.5603442192
137537648.7865213454 149675.3717421442
135917928.2780190706 113747.3863475643
137866374.0978358686 154224.7984107882
136026113.3381423056 120284.1006211660
136449300.6762857735 135119.1874634586
135999826.1289491057 118715.1603997074
135868951.3432754874 108170.4006965592
135891324.0720324814 111753.5507820084
136079778.3432383537 122042.3121028602
136093344.1437361836 122986.9960661850
137818789.2573448718 153766.4617487472
135979694.0470944345 117775.2794498823
135891092.4587661028 111552.7169728264
138889834.3007104099 160495.9661323256
135883149.0396931171 109982.3228668928
137489320.0851882100 148685.9991656221
135897274.5392674506 111792.4454950228
135876398.0425823927 109738.0945612587
135910270.9465568066 112236.6843879654
136083580.4250113368 122530.8192269020
137885079.6420491934 154905.6006733305
136070984.7868565619 121778.7747544050
136095015.4419846237 123035.5463722348
137601929.5372793078 150000.8701215363
142155072.3112320900 177192.4930177629
139003088.4411332011 161783.1727215475
136070691.7537834048 121448.2699082792
141053486.0398187041 174175.7254161537
135880530.9141832590 109784.0219133928
139425551.7101660669 166102.9625355429
144949584.3575306237 184411.6596236951
137252105.8418292999 147142.8195571266
137585092.1475206614 149686.1567721604
145038409.3048467338 184821.6799484021
145114959.4801733494 184938.3634200818
141723425.8577986062 174416.0057235569
