104579682.2345815450 134.6815587375
99158412.1209301054 95.0670069210
99168287.5758926868 95.1013963592
99248006.6072658598 96.2645189618
99352613.3554973602 96.9089314225
99357412.5430827439 97.3029595656
99448883.3312481940 97.5670064869
99108949.8149774671 94.6911028675
99402134.7992717922 97.3117117875
98992763.4850210547 93.7597241473
99561407.9359502494 97.5731359171
98832309.6965468228 91.3298782777
99350979.5010716021 96.4605524533
103080356.0290762186 123.8988733068
102600797.5338099599 121.3499295041
102659401.9249963760 121.3564497307
103381761.1274275780 126.4326865897
103323548.9290952384 126.2448641360
102548933.6981486380 120.7721535638
102862426.4636486471 123.4451778755
102966837.1339014471 123.4864573255
103492642.1454077810 126.5771084651
96628499.3411803097 70.2380612173
97021199.1511930227 72.0367709079
96963539.2699349076 71.9651260354
97347102.7054591775 77.6178118892
97417688.3491057456 78.1404781966
97138543.1367158890 74.7798437752
97645790.2201376259 80.9387978589
97341847.4896266162 77.1407116352
101578934.7125020921 113.9843850823
101427512.1968794614 112.9075074334
101160003.2538626045 111.5303469892
100358197.0792034268 105.2986759270
100678132.8971607685 107.7244061719
100235818.5445095003 104.3760584801
100014738.4180223048 102.3371732741
102292019.1472791284 118.9803731454
102397283.8325937241 119.1661679171
102260515.2373779863 118.5546122206
101501076.8825779855 113.7082139658
102183174.4771820307 118.0239478959
101846313.2138620168 116.8184184743
102423173.1306817681 119.9931764550
101877344.3188531846 117.3364091813
102348514.2042641640 119.1380675150
101781359.3151496947 116.2219969792
101605483.3666335046 114.1552476204
102163870.0374599546 118.0131829429
101926332.1794081330 117.9934209633
101583215.3824224472 114.1370591038
101739840.6960958391 116.0233832049
101845063.4841445833 116.3997114314
100929047.8974283040 109.3243519488
101611801.0412365198 115.3471585262
101720826.8875993788 115.5601385619
101500038.2214736044 113.1088571949
101453787.0760835707 113.0278310972
101348356.5752501190 112.4606136280
100905240.7269625962 109.2787424913
101202233.9465148598 112.4438475865
101191594.8105744421 111.8627275517
100419420.4276728928 105.9126768661
100400792.1026241183 105.6422578977
101112559.9034968764 111.3823401563
100777272.4389605671 109.2199023655
101162650.2188000828 111.7942799976
100631021.0762823671 106.6922400285
100750308.1221388578 108.4158756766
100369083.0917985588 105.4203244779
100479900.8962496817 106.0140273008
101393582.7751023173 112.9069730870
101037847.8284553885 110.8470430000
100706289.0012442023 107.9108956686
101387033.8934060782 112.7832571200
101005341.5457223654 110.3023185287
100937586.9927494079 110.0092234767
100633286.5835694671 106.8970633622
100951858.4456904382 110.1806625299
99654068.6406570673 99.1444019961
99681288.6147382855 99.1462588810
99648449.7976533622 99.0783764260
99745823.2785916924 99.4430429495
100638304.0591179878 107.3164170857
99959442.0868696272 102.0571651458
99962314.6345246434 102.1930091031
99968606.8453631401 102.2718164329
99903551.8327059597 101.6719365813
99947737.4957920909 101.8182541486
100124267.6173674613 104.2595493444
100101384.4757565260 104.0477476832
100095402.8104592115 102.4813612409
100248620.1256025732 104.5923499077
99570992.1439321041 98.2244908497
99575133.5204991847 98.5206313417
99747865.2039712369 101.1283721593
99593937.4631248266 99.0070615242
99595999.3667208850 99.0478712119
100335148.7027941942 104.7256258469
99866203.6001218706 101.5935695827
102474432.9213362336 120.4915693472
102439344.4468317032 120.3466208051
102441238.2104506195 120.3922956060
100573043.9430704862 106.5416770000
98081633.5036417544 84.3106198665
97968107.4475869536 83.4820077967
97955242.8774763644 83.4686953675
97924627.5748590827 83.2197187906
98466918.5343885422 88.8366679913
98486046.5064315498 88.8959850855
98701955.1646703482 91.2486683652
98413018.1458977163 88.7939926405
98406517.8336324394 88.7828199454
98368451.4125643373 87.8566515036
99203300.2830599248 95.2892309796
98944062.3568878174 93.3446706417
99219642.6204636991 95.7976256656
99023464.5714206696 94.4177992117
99205597.5583733618 95.7222979736
98530340.4446570873 90.0552160925
98836061.5429037809 92.8632405173
98663719.2567850351 90.1464254394
98911307.6409063935 93.2894653954
98518923.4225799143 89.2916569431
98899727.1542016566 93.1797880813
97593554.2274402380 80.3785213780
97978693.9659305215 83.5544225297
97675124.6537638009 81.2114473637
97380295.7365666330 78.0847858785
98045328.8749150634 84.1917839598
97791044.5504989922 82.3697179272
98094944.5449006855 85.0956952729
98122767.4637417197 85.4569645514
97793500.1452710927 82.5384367879
98003386.9493185282 84.1400897214
97726792.0437437296 82.3202564575
98125819.8228084743 85.7237911829
98227245.1926006079 85.9190936956
98138733.7129503191 85.8062527486
97666862.2234601378 81.2108537208
97981623.7422454655 84.0516568932
97996070.1783529818 84.0836178109
97800774.2642157972 82.7070802458
97656779.8115166426 80.9843485847
97872929.5260144174 83.0804304304
97838028.8444614112 82.8106751393
97531118.4115603268 79.9495434117
97512288.0860708058 79.8297449004
97328347.7526675165 76.9092467975
97463403.1755089462 79.4464109721
97250656.0845265090 76.4525938750
97270671.2812162638 76.7405067634
97050330.5088297129 74.5676084175
97200830.1922118366 75.1718505787
98256680.4471578896 86.5552940981
102152544.9640521556 117.9994802819
103036470.7945900857 123.6973644271
101541896.5636103451 113.8459922982
102401548.0662643313 119.3565633963
102557360.6145627201 120.7862028182
102858390.3048062027 122.7090528331
102202722.3594136536 118.2157717095
102560637.9006375670 120.9338221997
102757610.5199651569 121.3996268017
103111127.6597866118 123.9483756889
102804958.1040468067 122.3772696279
102788670.1576391011 121.8508268617
103240763.5431157202 125.1275653956
103230405.9491444528 124.6037952922
103533085.2963886857 126.7437279545
103720390.1650588810 127.5240619425
103309322.6870218217 125.3289857529
103179259.6691205651 124.3792725153
103500821.7500825971 126.7408475783
103219352.6520491689 124.4807273470
105623044.8547908515 139.9254526719
105294867.6150002331 139.8957666978
106859265.5308716446 146.3057475388
106696943.6893591434 145.7068723440
106999028.4488038570 146.5890130699
106851118.6985699981 146.1214729548
106999643.9772381634 146.9727272689
106911410.5677818805 146.5160953701
105868301.7821558565 142.1120368540
106120736.1128918082 143.1083399951
106291668.7790203542 143.8407853246
106682383.6573792249 145.5604615211
105852255.8825254589 141.9154067039
106292488.3927468210 144.2550661266
106345424.5293350965 144.8195096552
106253186.7672037929 143.6378189325
106192868.8619851023 143.5224729776
105961367.1492692083 142.7056497335
105960118.4479690641 142.6171643734
106137525.6619003266 143.1991561055
106434668.1555997580 144.9861702919
105633087.4013790637 140.5965279639
106152251.0813689083 143.2664889097
104703559.6273792833 136.0645737574
104702128.2888884395 134.8175315242
103899673.4931455106 129.9057212286
104256807.1489484459 133.0678583961
104093275.4872564524 130.6206761282
104382283.3022883981 133.5192718189
105164396.5690294355 137.2917180285
104871666.3990600556 136.1100440249
105180872.7355601043 137.4824259803
105191784.9810553938 138.1020021960
105293282.6155092567 138.4440343902
104895387.6658562273 136.1680925488
105003091.9462946802 136.6884234175
105763351.7771036476 141.3877808079
104067799.8076916486 130.2270767409
104078775.5121950656 130.2323741633
104970247.4915087819 136.4191314504
105124761.0361257344 136.7606440410
107354783.7538645715 147.5492637753
107481214.0891062170 147.7250924706
107085984.5160545260 147.0922966599
107772873.0387101024 148.2851194143
107228087.4184312671 147.5242453814
107528617.6622727364 147.8071184754
107363612.1641576439 147.6270044446
103409844.0259351283 126.5465203248
103111377.8318694979 123.9773308359
103561740.7569860667 126.8526874505
103141968.0473137051 124.0572492800
103607248.8106081039 126.9792230264
103621469.1760077029 127.4695681058
104171968.3303273767 130.9739615768
104253888.0094046444 131.4559595267
103658481.7442428619 127.5230899773
103474525.9650068432 126.5650309048
103751592.4935850799 127.7643387638
103774336.7739086300 128.7953730546
104213404.0848524421 131.2035578213
108047611.7882540971 148.8540649116
108660411.4650364965 149.7549383938
108377158.2959883213 149.6787447929
108194094.6843018383 149.5223356783
108728508.8903025836 149.7674844265
108041275.3783999085 148.6044657230
108031899.8752053976 148.3137192726
108354222.7184845805 149.6715068817
108078815.1127957106 149.0072591305
