120001525.3744514734 4351604.6250000000
121196855.2164872140 4433005.6601562500
120006474.2154202908 4353468.0703125000
119903236.0506840348 4343774.8476562500
120456602.5606614351 4386006.4414062500
122241457.4154008180 4489326.5507812500
119104513.4141493142 4283858.6328125000
120381406.2257899940 4378095.1640625000
120756566.2377701700 4406053.5781250000
120165078.9259534329 4366523.1914062500
125357260.2586084306 4590294.9726562500
124515794.9882907271 4570803.1679687500
118679559.9311423749 4237437.8710937500
120916076.6934386194 4415604.5390625000
120791692.0134534985 4407774.7617187500
120403458.3557287455 4378871.1367187500
119839335.2606974393 4341814.5976562500
120716834.2160986811 4400422.3828125000
120355799.2417742908 4377928.1210937500
125005412.0250911266 4585102.6601562500
125728573.2066860348 4595062.6015625000
120756363.1367827803 4404423.7578125000
118857780.9498590082 4254679.2695312500
120317241.6422590315 4376784.1640625000
119680466.7566199303 4329408.7265625000
119398035.7760878801 4307819.4257812500
120153688.0907570720 4361865.5976562500
120484380.5969819427 4388437.6367187500
120055398.7669896185 4354035.8203125000
128338318.9280854017 4621460.6328125000
120532528.0831383318 4389213.6093750000
119197807.7547251582 4287054.2187500000
120289393.9009187222 4374423.8437500000
119591926.3000894636 4317255.3007812500
120915639.1562332958 4415051.4218750000
120608765.2769670337 4396267.4140625000
124715550.5407570302 4577629.8945312500
126224824.4121548086 4608574.1757812500
119254923.7453322411 4291759.2851562500
119739816.9740206301 4330867.4179687500
118810031.6919296235 4246221.3828125000
119016749.5604896843 4268592.6875000000
119436214.1166062504 4309297.3671875000
119560529.0915715247 4317198.0195312500
119765490.6465503573 4333356.7109375000
118569677.4733542353 4202056.2265625000
125379490.8337282240 4591935.2304687500
119297747.7250899225 4298427.2539062500
118794350.7319732159 4243362.1796875000
123522756.5561949313 4539754.4960937500
118637836.2820246369 4207822.6367187500
133590129.9154130071 4626874.6210937500
119360002.8799407333 4303841.8359375000
132638980.8533453047 4626367.4531250000
118961719.0201989412 4261478.1796875000
120433426.3167305589 4382433.8593750000
124437770.4545052648 4569107.3828125000
124754422.7336335331 4578483.2460937500
124518124.6332408935 4571990.0078125000
121619205.8182158768 4456673.3632812500
119006157.4024046510 4262882.8046875000
133772425.2812873870 4627045.9843750000
119502839.7508547753 4313418.0742187500
119473812.6083133072 4309711.1835937500
130652785.4061309546 4625749.5546875000
119243336.1541021168 4289143.7656250000
119035563.6343459636 4269936.0664062500
119176832.2920543551 4285960.0156250000
122066188.4927402437 4478761.7773437500
119282771.4866725951 4294119.6054687500
119892310.6597470045 4342267.3007812500
121049738.8881669492 4425398.9453125000
119056764.1562199146 4275400.7460937500
118641788.1740437150 4215957.4335937500
119635057.5415905565 4323325.0859375000
125814200.9713600576 4597613.7656250000
119297747.7250898629 4295512.1054687500
119595696.7515358627 4319443.2929687500
130489391.1912696213 4625081.7226562500
118665508.1393794566 4231159.9414062500
118918764.4205148220 4260339.3046875000
126448894.6480990797 4612700.8242187500
119866703.6757313013 4342100.2578125000
130531170.0879074186 4625429.1875000000
118650821.7495065033 4221606.8593750000
121703181.6632412076 4462208.1367187500
121925424.3100573272 4471443.0898437500
124685693.7104030401 4577152.4921875000
126284743.6870537549 4609094.6640625000
119836680.3204058260 4339554.6523437500
125048028.4308901280 4585415.5664062500
133708352.5785529912 4626882.2382812500
122967348.8648742437 4520131.7851562500
122333984.4876629710 4496075.9375000000
130064596.2621612996 4624083.1875000000
125429663.2732865661 4592943.8710937500
118585735.7668425441 4205139.2382812500
121684600.4484333992 4460538.1835937500
125165566.6988019794 4588660.4023437500
124841261.0640458018 4582330.4062500000
130381964.6379337460 4624990.1328125000
130369792.5462878197 4624903.7109375000
120598867.9430133253 4393597.8710937500
125433763.6973365396 4593005.1093750000
118810409.0254615992 4249136.5312500000
125362970.2188749462 4590881.1601562500
125481897.1358030289 4594211.3632812500
122537383.7717211992 4503604.9179687500
130123956.3229876906 4624682.1523437500
123937465.2732578218 4556151.2187500000
124147924.0443085879 4562826.1484375000
129787201.0896540433 4623309.9375000000
120387540.7894668877 4378614.1953125000
124685693.7104030401 4577340.6757812500
129787201.0896540433 4623598.6054687500
124056702.3618338257 4557874.8515625000
133443702.7835953534 4626509.7578125000
119793856.3406482041 4335801.8320312500
119669541.3656829149 4327901.1796875000
121481954.6167377830 4450134.9726562500
133443702.7835953385 4626493.0781250000
124566766.7934749573 4573822.2890625000
118906379.0890770108 4256780.6523437500
123654740.3755025119 4547540.4570312500
118749874.5261972100 4238419.7929687500
123614328.8424528986 4545519.9921875000
132244980.4285597354 4626262.5468750000
119762835.7062587589 4331096.7656250000
120275554.3901695311 4371847.1406250000
120644228.7875995189 4398100.1054687500
121323168.9186830372 4439690.3593750000
119828817.3851334751 4338528.8437500000
132244980.4285597205 4625881.0351562500
124741172.8458773643 4577820.8007812500
120071225.4433610141 4356343.5546875000
125142682.4488217831 4586498.6757812500
126007677.6423643529 4605998.5156250000
121992471.7934467942 4475698.6875000000
124353075.7811452448 4567243.4609375000
121918679.9378917068 4471144.1328125000
120099946.0801127553 4361721.6562500000
125457561.8663259149 4593686.8085937500
120551282.3931739777 4392242.9531250000
120449271.1064666808 4383266.5585937500
121992471.7934467942 4475886.8710937500
119500913.8193987310 4310847.6601562500
120588632.0248690695 4392488.8359375000
122116856.4734319150 4483528.4648437500
119824218.0771082342 4338410.6953125000
119657516.4622800946 4323927.5898437500
120201957.3668199927 4367782.9023437500
125142682.4488217682 4586320.6093750000
120023210.4666305929 4353910.1875000000
122040192.2377721816 4478712.9921875000
119930828.6718407571 4347505.2382812500
120267085.0348355770 4370459.9804687500
120099946.0801126808 4358806.5078125000
128238914.1339815557 4621035.5937500000
127911163.8927583247 4620974.5195312500
124906369.9998397976 4582774.6914062500
119926229.3638155460 4347387.0898437500
121442245.1007501334 4448978.7656250000
121636153.6871579885 4458786.4531250000
121438991.3771096319 4446080.5820312500
124509547.9697580636 4570615.9882812500
122270302.0258579254 4493743.5546875000
122145917.3458728045 4485913.7773437500
120546816.8089173883 4389241.8593750000
122300020.8142859340 4494081.4648437500
122264753.7019534409 4491265.6484375000
122080789.6778572202 4483424.8828125000
122371551.0473400652 4498385.3828125000
124353075.7811452597 4567431.6445312500
120993553.8139534891 4422560.1562500000
122828344.2197744697 4516549.0000000000
128948665.3868684918 4623225.1640625000
120796391.5039051175 4408361.0781250000
128379085.2906091958 4621546.2304687500
123282725.2054523528 4534263.9023437500
128948665.3868684918 4622892.6250000000
124279481.6323618144 4565005.2734375000
124634005.0626885593 4576960.7617187500
120841391.0976479053 4412299.1835937500
128487514.2041032612 4621857.3515625000
120973088.8523260802 4419570.2148437500
122653696.8588381708 4509106.1250000000
120875557.9422610551 4413770.0937500000
121011141.1485519707 4423270.1992187500
128487514.2041032761 4621946.6875000000
121620791.5473096520 4457062.5273437500
121547082.2847533226 4452623.8671875000
120945895.4833947867 4417648.8750000000
122565716.3697972149 4506860.9375000000
123311654.4060416073 4534916.6718750000
121391482.3233457506 4444535.7460937500
122195418.2268422246 4487122.7617187500
122466821.1147172004 4502361.5000000000
119708748.8423527479 4330426.8046875000
122763197.5383972824 4512734.4648437500
121942284.6490786076 4475258.2500000000
121574154.1590419561 4455427.9257812500
122018787.7305701673 4476772.4570312500
121740106.5621092916 4466522.4179687500
121560444.7930276245 4454677.4531250000
121274031.7138636857 4437403.3945312500
121396471.7312498540 4446022.9101562500
121490377.5784257501 4451272.9570312500
121201883.1347469985 4433774.0703125000
122773057.0604269952 4515932.3828125000
121860797.8424243480 4469873.6210937500
122643509.7767814398 4508045.7539062500
127837859.6850829273 4620653.5390625000
122565716.3697972149 4507139.6992187500
121326267.8147321194 4441603.8476562500
121356746.6475413144 4444183.5781250000
121136755.4667314291 4431096.9921875000
121293750.8711850047 4438098.5585937500
122767894.4567665458 4515775.4570312500
122767894.4567665607 4515875.5312500000
123857804.3897415400 4553686.8007812500
120409780.6862142831 4379195.0312500000
121129641.1074913293 4428429.4492187500
123863112.8876595795 4554977.6015625000
122855874.9458074868 4517663.2695312500
127837859.6850829422 4620717.5898437500
119964653.6285176128 4350317.4804687500
127591696.0772422552 4619648.2226562500
121064513.4394757748 4425940.5546875000
121254025.7874764651 4436447.4101562500
122899013.0022756159 4520082.4843750000
121254025.7874764353 4436259.2265625000
121882641.4920451641 4469887.9960937500
120784985.2373522818 4406586.0078125000
121533522.1502036154 4452269.8476562500
121095549.1230709702 4426856.6796875000
122991197.7391479909 4523374.6875000000
121723034.4982043058 4462588.5195312500
122238440.6775765121 4489257.1640625000
121887427.8385410756 4470222.3359375000
122668999.2016865611 4511097.3320312500
119358185.1500118673 4298711.0820312500
123937465.2732578069 4556039.0781250000
119560000.9416707903 4313683.4570312500
127573888.1876462698 4619306.0859375000
121839820.8857925385 4468216.1210937500
120784985.2373522669 4406304.8476562500
125250168.9488852471 4589792.3554687500
123529029.8522137254 4543216.3125000000
123693917.4305741638 4548804.1601562500
123529029.8522136956 4543028.1289062500
125079076.4555540979 4586121.5156250000
125250168.9488852620 4589904.4960937500
127333657.3554057926 4618828.7500000000
126490643.5505445600 4613497.2304687500
127087549.3649091423 4617242.5546875000
127333657.3554057926 4619146.8359375000
126371204.2250362337 4612393.2851562500
127044181.7092129141 4617206.9218750000
123017124.4091769010 4523900.4140625000
122865509.1490457803 4519006.9648437500
122979429.7622658163 4523002.2109375000
122865509.1490457654 4518818.7812500000
123137753.9199862629 4529699.9375000000
124605943.8485466540 4575085.9921875000
123346170.0813778192 4539483.6367187500
123789388.4470350444 4551486.0156250000
123701407.9579941630 4549419.5156250000
123662230.9029224664 4548155.8125000000
123067415.5361786038 4526874.0000000000
124071218.0088279545 4560322.4335937500
126785102.7870173454 4615350.2890625000
123114971.2348088473 4528411.8046875000
123132543.2041941583 4529362.8945312500
123315003.4677700251 4536116.1132812500
124693924.3375875354 4577431.2539062500
123560803.3671978861 4544908.7968750000
123248839.2971290648 4532949.2421875000
124215389.4651364386 4563138.3632812500
124772154.2483855039 4579494.5312500000
124772154.2483855337 4579682.7148437500
124603538.3623936325 4574464.3828125000
127592367.5248578042 4619854.4062500000
124264949.8567743003 4563476.2734375000
127532967.6328929216 4619206.5703125000
126654446.5057919919 4614668.3554687500
125825649.3802843839 4600974.5859375000
125815908.4840266854 4599030.6093750000
126725702.8950524777 4614702.4531250000
124339400.9072608352 4565197.0039062500
125825649.3802843690 4600786.4023437500
126662449.4940520972 4614696.6523437500
126725702.8950524777 4614741.0664062500
125950137.5017428398 4602912.6445312500
125967132.6920827776 4603295.5312500000
126984971.1193930358 4616803.9687500000
129941476.1064285934 4623990.8359375000
127188520.0461041182 4618373.1953125000
126307220.2479784489 4610411.0976562500
126581698.0745004267 4613933.1953125000
126581698.0745004267 4613622.3359375000
