121327373.0125276446 4425565.8320312500
121470840.5941715240 4437819.7968750000
121582703.1874176115 4439845.4335937500
121720828.8870723993 4447796.9414062500
121520028.3030022234 4438521.9062500000
121746390.4174697995 4449458.2695312500
121892432.6558790803 4455603.8046875000
121726783.3213657290 4447990.4921875000
121612785.6120591760 4447179.0781250000
121377507.6253958493 4427787.8867187500
121779411.2088781446 4455043.8359375000
121764172.6796570122 4453531.1562500000
128149960.8479166925 4617492.2226562500
128328610.8711390495 4618565.4609375000
128483885.4383749217 4618613.4570312500
129448515.3637674600 4621889.6445312500
129675347.4074844718 4622189.7539062500
129876280.4061045498 4622248.6445312500
129606029.2445130199 4622103.5312500000
129008663.1880982071 4620670.7343750000
129397887.3903108537 4621842.7578125000
128971860.9074067026 4620606.5390625000
129361085.1096193492 4621755.1171875000
129024659.9792149514 4620682.9218750000
129167167.1898047924 4621045.9375000000
129346566.2322861999 4621101.8945312500
128570199.1394647509 4618979.4609375000
125784542.7542055696 4586198.6250000000
125618420.7773235738 4585168.1445312500
119129567.6626481563 4244733.7812500000
125832392.6969254464 4591720.0820312500
121901858.4868985713 4455757.1757812500
121905212.7519355714 4456289.7148437500
122573231.3906253725 4481174.2812500000
122300739.7385058701 4474870.3476562500
122452075.6993069649 4479032.8398437500
122331805.7197135985 4476561.4843750000
122617140.0215210915 4482092.3281250000
122291065.7684768140 4472866.3945312500
122196380.4547336847 4469876.1835937500
122070146.1805905551 4469250.2226562500
122212619.2620487958 4471016.3554687500
122373813.1833027154 4478935.1523437500
121995895.9255761653 4464429.5859375000
118479597.4227866828 4176404.3281250000
118396458.8092901856 4172477.8632812500
118719050.8952010274 4199416.1523437500
118488730.0410517752 4176781.2460937500
118357051.4694321156 4163009.9570312500
118175370.2946233153 4148238.0468750000
118468265.0794243217 4174862.9101562500
118273094.8745019138 4158594.1953125000
118487963.1425875127 4176640.1914062500
118402429.6826095879 4172922.7890625000
118671972.9035210311 4196319.1406250000
118384842.3480111063 4171711.1484375000
118352547.7838650048 4162915.3515625000
118330454.1920229048 4162679.4609375000
118373082.4505122900 4165662.2304687500
118158675.3377327472 4135716.5351562500
118162601.6192325503 4141366.1562500000
118316204.1419027746 4159660.7929687500
118073331.5849591941 4128481.0234375000
118239188.6023681760 4152058.5859375000
122642879.3782134354 4482954.1796875000
125975234.6775774807 4592679.9960937500
121011093.5869500339 4401310.9843750000
120923990.0012068301 4394628.2578125000
119811106.8591628671 4320471.3007812500
120754651.4370689243 4380658.7500000000
118954754.8671432883 4230609.3750000000
118892320.5809575170 4222914.1367187500
118928179.4495466053 4223584.4101562500
118854373.1646117121 4222037.2929687500
119111980.3280496746 4240329.3476562500
118721473.5452353507 4206584.9375000000
119102839.6464813501 4239742.0468750000
118790445.1812439263 4218142.4726562500
118975219.8287707269 4233599.3164062500
118739526.8581174463 4210087.1679687500
118548962.9101299942 4189637.8984375000
118613313.4234268218 4192113.3242187500
118590291.6070601493 4190826.2968750000
118496467.5033899546 4184998.0273437500
119482818.9198863804 4292406.4531250000
119894022.3406994492 4325655.2343750000
119507860.2681286931 4293550.3515625000
119616201.1466207355 4305277.1679687500
119750626.9965920746 4314340.1171875000
119789519.9647072554 4316835.2148437500
119913118.1458701789 4329447.6953125000
119811804.4491269737 4320989.8085937500
119080875.4190555215 4238131.6757812500
119027650.8660231978 4235093.9531250000
119083328.1983020306 4238543.6406250000
119199376.9914157987 4252138.3476562500
119116031.5342668742 4243121.0390625000
119225544.8625513762 4256005.3476562500
119166669.8438237458 4250653.3593750000
119227981.0767202824 4261822.5585937500
119246914.5020122379 4262221.9765625000
119273136.3206994236 4271017.7734375000
119294946.5145561695 4271060.8945312500
119554185.8686634451 4295508.3398437500
119332256.4186149687 4279853.5781250000
119385896.4670385718 4282052.5585937500
119403066.1515859067 4287966.8085937500
119836403.8178883791 4321096.0000000000
119412993.8760685325 4288006.9179687500
119667246.2232884020 4309555.7773437500
119885505.7073983848 4323005.8007812500
119687734.8563295454 4311237.4570312500
119557100.9695899934 4299967.0820312500
120136189.3658044040 4342223.4375000000
120111459.3318208605 4339565.8359375000
120260552.4102963209 4354337.8671875000
120106689.4350116253 4337174.6796875000
120185949.3034607470 4348445.4101562500
120120705.3980331719 4341603.0273437500
120057253.5381408483 4335590.2812500000
120088457.1048558652 4336349.8437500000
120178006.7124085277 4342554.9609375000
120036107.6217335016 4332221.9843750000
121064355.1448689103 4405097.5820312500
120808104.8070189059 4386082.3085937500
120703809.4189494699 4379434.8710937500
120758700.8096186668 4381742.2187500000
120610626.7596170753 4376038.1953125000
120732653.1019618213 4380346.5039062500
120570591.7044574916 4370360.9804687500
120672120.9976774305 4377999.6484375000
120453691.5184766650 4363899.0468750000
120669319.4584508240 4376128.3398437500
120410089.5760873854 4359720.1171875000
120440041.2614489049 4360453.7343750000
120590328.2838845402 4371451.3710937500
120549251.5272797495 4369772.6132812500
120676647.9976433069 4378300.8203125000
120369710.9248147756 4357650.6210937500
120563331.7186609358 4369937.6367187500
120477408.8415739387 4366782.1679687500
120318426.6974545121 4357299.8710937500
120498724.4674404114 4367271.2265625000
127870195.1843745410 4615792.2460937500
127760108.2065599859 4614636.8867187500
127799679.0156758279 4615378.0429687500
130132743.3610919267 4622340.6679687500
127245622.8532211334 4611948.0195312500
127154509.2241841853 4611670.1796875000
126972622.8767673075 4609881.3632812500
121103432.6308780164 4411324.3242187500
121230665.8311026841 4418372.6015625000
121349672.3081499338 4427731.8828125000
121964163.8568743914 4458390.5742187500
121451659.0116241127 4432431.6601562500
121289852.3485050797 4418835.1484375000
121321274.8302782923 4421140.7617187500
121139941.5867959112 4414025.4062500000
126309096.7600402534 4598237.6210937500
126227145.6407197863 4596380.2226562500
126269054.9683369249 4597443.2968750000
126400114.7057827413 4598362.1640625000
125974831.0054837912 4592611.9882812500
126121814.5198731124 4596070.4765625000
126638005.3407275975 4602752.7851562500
120744585.5196155757 4380498.1171875000
120838203.6171417981 4388492.1132812500
126073064.6398756504 4592852.9492187500
126102802.8641245216 4593448.7617187500
126077416.4763984233 4593356.9179687500
125799572.9500427395 4590985.6601562500
125951841.2125514150 4592574.6367187500
125806071.6880235821 4591132.5468750000
127707510.9148005545 4613699.9882812500
123746112.6065092981 4531737.9296875000
123890653.3967275321 4536963.5429687500
120796152.4595993459 4383540.1171875000
120920687.1427424401 4392457.2812500000
121009452.9082556516 4399931.1484375000
125100138.7250066251 4574675.5156250000
125008909.2787890583 4573256.4687500000
123602195.9679775834 4527451.3320312500
126098515.4894675463 4593395.2656250000
125152251.5469993651 4575396.5117187500
124929347.7964067310 4572044.0390625000
123193027.1430399269 4512888.7773437500
123165055.9395356178 4512064.2109375000
127522086.4964671284 4612354.6445312500
122634069.6825629622 4482808.9531250000
125222032.2658432871 4575818.3593750000
123051258.4327876866 4503430.7109375000
123141601.7430832833 4510625.7734375000
123076315.6539245844 4509154.0312500000
123232902.3528260291 4514904.6484375000
122673902.4052566588 4485860.2617187500
123415881.7774608433 4523376.5898437500
124255507.3551116288 4548994.3593750000
124263228.9327079803 4550120.6054687500
123665087.8641717285 4529910.6835937500
122850695.3711447418 4495743.6796875000
123307657.6672656834 4516651.2968750000
123683184.1755086184 4530392.1093750000
123650663.7259089500 4529188.2460937500
129162514.3292549551 4620767.9335937500
120896702.4169651419 4391115.7187500000
120929029.1219711453 4395427.4687500000
120884688.9152254760 4390310.6171875000
120963608.3788302988 4397400.8007812500
125513883.3256231993 4583295.0507812500
122270722.9495522976 4472790.8398437500
124399752.7467186600 4557329.5195312500
127636820.1550557762 4613666.0859375000
127514145.6368205994 4612258.3242187500
122920925.8983353674 4496096.7929687500
125642945.7464956641 4585175.0585937500
123919843.2006888390 4539234.3750000000
126541113.0644270480 4601817.1367187500
127886085.0206251144 4615996.7617187500
128647943.5461264998 4619940.2539062500
125292708.5102297813 4578138.0898437500
124815089.5567142814 4566783.2734375000
125575974.3549614698 4584709.9023437500
124169262.1763609797 4548871.2890625000
126940177.6511380970 4608177.0429687500
126725017.4490712732 4606546.1640625000
126726789.5164093375 4607813.3593750000
126768155.6272219568 4608137.0273437500
127103178.1239805669 4610623.2421875000
122756376.0527051389 4493229.2812500000
128853469.4341878742 4620459.5273437500
121960986.8117402196 4457536.5820312500
122845018.2362914085 4495514.8828125000
123061849.0625939220 4504182.5742187500
124159199.4432995766 4546916.7890625000
123882276.8927108049 4536150.8945312500
123527960.0305086076 4526831.2734375000
123493747.8306160271 4525142.8593750000
127056025.4323669970 4610558.9257812500
122714646.6823668480 4486229.2578125000
125465466.1002781391 4580613.4570312500
122906939.9769087285 4495988.2773437500
126624994.8570591509 4602149.8945312500
126654249.5495843887 4603104.8554687500
127026435.6945577413 4610069.1484375000
127105479.0153693706 4611170.5937500000
126623874.6854580790 4601961.3281250000
126526620.1900935024 4599931.8515625000
126658425.8164545447 4603694.3359375000
123022484.7946460247 4502729.8242187500
122874052.2946344465 4495950.3710937500
123385883.2521841824 4520517.5898437500
123349180.4744123667 4520441.0156250000
123284883.0956337154 4516114.7812500000
123609293.3931073099 4528898.9023437500
122935550.7497953922 4500303.0000000000
122983739.1809166372 4502103.4921875000
125291078.5147682428 4577970.1210937500
127624942.0138402879 4612518.3320312500
125428299.1516097933 4580532.6914062500
125321806.7653494179 4579064.9296875000
125507384.5876423568 4583148.1640625000
125168780.8134799898 4575795.7851562500
124588265.5075061023 4560129.8945312500
124487615.9854423851 4557725.8437500000
124565070.7180446088 4559724.7382812500
124528020.3108388931 4559628.3906250000
124645560.9613924325 4562912.6328125000
124723790.8721904159 4565364.4375000000
124876922.4741588831 4567902.0390625000
124814902.0505668372 4566683.4179687500
124841182.1792597920 4567612.6953125000
128265021.1486312598 4617783.2578125000
124030718.0844782740 4543391.9375000000
123793826.6383045316 4534770.1875000000
124056967.2524685711 4544392.7070312500
123976215.7583152503 4542989.8828125000
124359763.1027772427 4554901.7109375000
123955508.8460672796 4542868.8281250000
124301302.2156745493 4554595.6445312500
124107049.7880302668 4546674.4726562500
128111685.9406463355 4616955.1171875000
128208926.9896299839 4617760.3984375000
124699868.1070817709 4563108.5000000000
125226255.3394326121 4577680.2109375000
128040302.4599579126 4616511.0664062500
128133806.5454532653 4617478.5937500000
125653030.6060314626 4585243.1367187500
125385451.2066407204 4579348.2734375000
128284750.5853148252 4618465.5312500000
128633881.9366962910 4619019.3710937500
124479859.2107277662 4557618.1679687500
128072681.4719805717 4616810.5625000000
128559497.0065370798 4618974.8632812500
128380780.0498354882 4618611.8789062500
128296767.5461289436 4618485.3828125000
128006754.1929704100 4616321.0976562500
125692291.2956816107 4585947.8320312500
127980210.1078198850 4616167.5781250000
