109896196.2513426840 1661598.7753906250
108045528.2112702131 1431435.6220703125
109435981.3895735741 1628031.7480468750
109468205.7096254826 1633215.9951171875
108017458.2877435386 1426975.7158203125
108016478.2114278674 1422536.2568359375
108134339.7678082883 1444887.6992187500
109689323.5634184182 1646627.1113281250
107988604.1317954361 1414575.5332031250
110319093.9779986292 1690814.7480468750
113388982.2214474380 1785129.7714843750
108392023.1550154686 1484918.4150390625
108205933.7372556925 1458509.9140625000
108204306.4430546165 1454964.2011718750
110460693.4475917071 1696043.7089843750
111597096.5344329923 1747498.8808593750
111713054.3139066100 1747886.0273437500
109890860.4336652458 1661004.0234375000
109812634.9715430588 1655638.2285156250
109795101.5611677021 1653915.0566406250
109707172.7336589694 1648410.8789062500
109675368.6839047074 1645665.1171875000
108528579.5482765138 1506427.0859375000
108535658.0407684594 1509697.3349609375
108505546.7843201309 1501635.6289062500
108527103.5543997735 1503627.2695312500
112556360.7209532261 1771826.5273437500
109832819.8855043948 1659357.0429687500
108036311.6822412014 1428757.1191406250
109568666.3267743886 1637642.5253906250
109788471.4028160870 1653676.6699218750
109457691.9995603561 1630123.0390625000
109560916.6154945791 1634965.5253906250
108472849.4029089361 1498160.1425781250
109766379.3585579991 1653167.3496093750
107975553.1166508794 1412935.9345703125
112398499.0802276731 1767331.3437500000
113480908.7259449065 1785794.0566406250
108518151.0031122118 1502630.8212890625
109392102.4402668774 1625873.0927734375
108569394.6291893870 1515194.1621093750
108640079.7057604492 1525799.8242187500
108870648.0049973130 1554998.4121093750
109039488.8858297318 1578080.6660156250
110200290.7732120603 1684550.8964843750
112252871.3327558041 1762087.0839843750
109855248.2740668952 1660074.5410156250
110052678.5300677121 1671773.2773437500
109781859.9331692904 1653496.2363281250
109711571.1957363486 1648569.0976562500
108961857.1133033335 1565484.3808593750
108879472.2943531126 1556372.7324218750
108596705.3954659849 1516592.6376953125
108493041.8552153409 1500048.1113281250
108414735.2717038691 1490078.6289062500
108444368.0894807130 1495680.1250000000
108397281.1443600953 1485908.1386718750
112492751.0395100266 1769972.7695312500
112880773.6904820502 1778995.1914062500
112747756.2180435508 1776849.0605468750
112614303.2002608329 1772567.5957031250
109609765.3405952603 1643382.4687500000
109391713.8081575185 1620888.4882812500
109576473.5235721320 1642768.7480468750
108121543.6871542931 1443949.8378906250
108247425.1512099504 1460493.6455078125
111438387.0075511187 1740016.4453125000
109691046.9598669112 1646759.0917968750
109304944.5671697110 1607081.3896484375
108303874.8953976333 1471678.4248046875
108159694.2442923784 1450944.6328125000
107996165.4700376987 1421181.4619140625
108119724.5615311563 1442364.1484375000
108094537.4837506115 1439701.9589843750
109357695.3176732659 1618484.8720703125
108323681.5667813420 1472997.4550781250
107809572.1309318990 1354892.3740234375
107786491.7775582522 1339746.6181640625
110871579.4567461461 1719271.1054687500
111130537.2702785134 1729853.0644531250
110315118.7851329595 1688587.7304687500
110367192.2665793002 1693700.7050781250
108301490.7610011101 1469073.4521484375
108308184.4462794960 1472558.3916015625
108368176.5553952456 1483171.1308593750
108702432.5619599223 1528985.3222656250
111725155.9881104380 1748656.7109375000
111579335.7705425471 1745918.6406250000
107837067.0473439544 1356219.2001953125
108301219.4243026078 1468630.5029296875
109320926.0554154813 1613058.4316406250
108074486.0827247500 1436947.8906250000
110095368.0189207792 1681285.9121093750
109981384.2389426231 1671280.7031250000
113301503.2760208547 1784893.0996093750
113040146.0036705285 1783192.3750000000
109199501.7334929258 1596037.4140625000
112265887.7302619815 1762159.0488281250
112229032.8107245862 1761591.4589843750
111997219.9614861310 1754592.7500000000
111485341.5765635371 1741266.2011718750
111292130.1240967363 1734766.0449218750
111265427.1584678590 1734225.6914062500
109128017.6342494339 1589407.2851562500
109086904.9338755757 1580742.1132812500
114220282.4449742287 1789960.2167968750
108868001.9372205436 1554258.7539062500
110571193.6413902491 1703227.4492187500
110427087.4439506680 1695732.6250000000
110536726.5717389733 1702519.6054687500
110747617.2456883043 1712916.6425781250
110475227.2812030762 1697358.9042968750
110286660.2758496702 1688581.1875000000
108471472.2458685786 1497991.2675781250
111850578.2292101085 1751450.2597656250
108337389.2538480610 1473602.1494140625
109913649.9720040709 1665218.0488281250
110077267.3771083355 1678588.7031250000
109943537.7129657716 1665231.0546875000
109907296.0810267925 1662124.6757812500
110065704.1186235696 1673897.6601562500
110056185.5681506991 1672379.1699218750
109228841.2978111058 1602615.6591796875
109150733.9471705854 1592510.1621093750
107787826.4797361642 1343983.0742187500
109563946.5286147147 1635096.0644531250
109614286.6928335726 1643559.5761718750
108841683.1089621484 1552723.3242187500
109756657.4547094852 1651675.8535156250
108340949.0866936743 1474386.9326171875
108430505.8682692647 1490581.3212890625
108321651.7185846716 1472596.4306640625
108256351.0472180247 1465700.8037109375
110755128.4415646642 1713794.8828125000
107923102.6679728031 1403114.9033203125
113150095.0077138990 1784211.1191406250
112622405.8407486975 1775492.1289062500
109281042.4328208566 1605046.6054687500
109360752.0817025453 1619871.6855468750
108937365.1479754895 1563275.8339843750
108493167.9277847260 1501309.7958984375
114402252.0808700174 1790375.5800781250
110873725.7357207388 1722622.1816406250
111171368.0304495245 1731408.4414062500
109637231.5081939697 1645660.8242187500
110597164.4174218178 1704917.1093750000
110228241.9479964525 1687502.8906250000
109065455.1771833748 1579116.6455078125
108682588.8898465037 1527140.6835937500
112287135.3386289626 1762308.1933593750
109001862.9306805581 1574284.6298828125
108975391.0694101006 1566541.0048828125
109968310.7879579812 1670699.3515625000
112821432.6700100750 1777186.7304687500
109338911.2937286198 1615132.7832031250
111492533.8639425337 1741675.2675781250
110708652.0636786968 1710837.6699218750
111547911.6975097954 1745311.7871093750
108829062.2581887394 1549589.3574218750
109541894.5168494433 1634793.4101562500
114269266.0013457686 1790070.1386718750
111889869.1033503413 1752313.1171875000
113708833.6634525359 1787273.4687500000
110644760.9671943784 1708163.8105468750
110998570.2060404569 1723335.8632812500
107843317.7657559663 1359094.7412109375
109074718.2512557805 1580271.1220703125
114186435.1199797094 1789661.4218750000
113993982.7803260237 1789131.5273437500
107849847.1531621367 1361202.1523437500
109827500.3344207108 1655869.7968750000
109305108.8149815649 1610763.5566406250
107846291.7292995900 1361116.6494140625
107862183.1053166538 1369120.9960937500
111971518.4465785623 1754578.4375000000
109723808.3471066952 1650881.2128906250
109838130.8690937161 1659402.3398437500
111165082.6796226650 1730288.9902343750
111058752.5043101162 1726655.6523437500
113478439.8353824466 1785193.2285156250
111231484.2710492015 1734171.4277343750
108999348.1966956854 1567722.7675781250
110814689.0610869825 1716980.6503906250
110767745.8814194053 1715444.2343750000
108825101.1336101145 1549532.8300781250
109627760.4631550163 1645009.6132812500
114081693.1673024446 1789318.8769531250
112812829.7997906208 1777162.5664062500
112275654.0991515964 1762200.1738281250
112022077.8624627888 1756999.6699218750
108802618.0309208781 1544623.2656250000
107877240.3597622067 1376571.8466796875
107870750.6778414398 1376180.5283203125
107882177.8531737626 1390230.6845703125
108771365.4157348573 1539931.8828125000
108612330.3866737187 1520088.1855468750
108728018.2620509416 1533566.3593750000
108796286.0792242587 1540931.9863281250
112839239.4893370867 1777839.1191406250
111698153.9632168412 1747575.0800781250
108174552.9217165112 1454209.6796875000
108365651.7596547008 1481365.2236328125
112302534.3112696111 1764968.7519531250
112295664.0327993482 1764309.7753906250
108688564.8765767217 1527752.0546875000
108277629.8637235165 1468042.1083984375
111899459.9015241712 1752836.7558593750
109967769.0846775770 1666186.9785156250
111011720.7980721295 1724338.6835937500
107934074.2058923244 1403125.5126953125
107952876.4112668037 1407097.2861328125
107898745.9539790303 1401599.9111328125
108961338.0906156003 1565226.4589843750
111969475.4503362775 1753945.0292968750
111732421.0869232714 1750067.2851562500
113714414.8224057257 1787795.8984375000
113656221.5988440365 1786271.3515625000
113809240.8790914863 1787822.2148437500
109118923.0884403288 1587000.9882812500
111034184.7116299421 1726492.3828125000
112173621.9484974742 1760729.4414062500
112518476.3903494924 1770259.0332031250
110479804.7221739888 1702403.4335937500
109203422.4925146401 1597710.2705078125
109169573.3195821941 1593893.4580078125
109169161.9925196767 1593125.6572265625
109094738.0569871366 1583914.1738281250
108347555.6974395812 1480405.0927734375
108343062.5916901827 1475898.8466796875
108341871.5352966785 1475672.0957031250
109109402.7281483859 1584122.7226562500
110687801.7098807395 1709962.4687500000
109829214.7110286206 1658893.3164062500
110729930.5600704849 1711154.8164062500
111361435.1987054646 1736309.2382812500
111320421.6761086583 1735716.4433593750
111379425.2688585222 1738217.6679687500
111227540.2648603916 1732983.2500000000
110660752.6270132661 1709349.4101562500
112988611.3792040646 1780805.8222656250
112917122.0403408557 1780361.5449218750
112725522.7261020392 1776161.7558593750
112250514.9188210070 1761845.2226562500
112720764.7954609841 1775850.2343750000
111414530.7645222992 1739090.7871093750
112397039.5918840319 1767134.4902343750
111019740.1259620935 1725888.9160156250
113589089.8192861229 1785892.9902343750
110845765.7340235859 1718840.2421875000
111965855.7517223507 1753505.6621093750
112621664.3797783107 1772806.6503906250
112465437.1599524766 1767471.7050781250
111107259.0189359486 1727366.9824218750
110935059.7007729560 1722836.6562500000
110802304.1227869689 1716013.5585937500
112094485.9253756553 1757443.9316406250
112355963.6325627416 1764984.9160156250
112161835.1838909090 1759408.9589843750
112140491.7695121765 1759298.6816406250
111840337.9528346509 1750680.7734375000
111834232.1786409169 1750523.3222656250
112289684.4051176012 1762635.4472656250
111943819.3780120611 1753461.7832031250
109860994.9949330240 1660593.3437500000
109695045.3648467064 1647368.3378906250
109298626.3010331094 1606246.0556640625
109261068.9842997193 1602747.8115234375
109238359.2607504874 1602681.4199218750
109216153.6411647648 1598630.9824218750
109226172.5278645903 1601116.4609375000
109309701.6178617328 1610819.0078125000
108910158.0023556501 1559456.4550781250
108994376.1565810889 1567563.0332031250
108915027.0495859385 1561472.6406250000
108959832.5231088996 1564551.8046875000
109536201.3557865769 1634217.0820312500
109467961.7399517745 1631037.0800781250
108334119.1525811255 1473069.2880859375
108246100.7288149595 1458704.2714843750
108715262.0410725474 1530533.3417968750
107880653.3308746070 1385589.0556640625
108246847.8211584836 1459966.1582031250
107949644.4299547225 1404054.9531250000
107981904.1551260650 1413918.1083984375
109212394.7559433877 1597811.0927734375
109218003.8432806432 1600017.5107421875
107939879.2094259262 1403143.9951171875
107919426.3576612175 1402916.8642578125
108762557.7930810452 1539192.8808593750
108804399.0408727676 1546875.3652343750
108767729.5017011762 1539373.5722656250
108800466.0727756768 1541558.7597656250
108727300.7514386773 1532862.6250000000
115318799.7181130648 1790906.3750000000
109179544.4491055757 1595834.8896484375
108751982.6536827534 1535324.1699218750
108901093.9686444849 1558250.3417968750
108731544.1722869724 1534898.3125000000
