100452623.3182304800 105184.0715045489
101467627.8978266418 132154.4629563987
101529785.6362194121 132832.4551744163
105862650.3859190345 197807.5758361816
106231632.1119359136 198017.4010620117
105846370.3207054138 195804.7676086426
105755689.7911382616 195309.2493286133
105935036.0723505616 197983.1108398438
102725845.5948707908 158765.3765450120
102465492.9957956225 154301.5880947709
102328502.0287791491 150241.9723396897
105491502.0281969905 194160.0041809082
105705971.1969702840 195222.4824523926
101848651.4678940475 136915.7843636572
101732047.0348955989 134763.6822862327
103173573.8683156371 164827.6335573196
102905595.5528743714 162598.2011079788
102791706.1006118655 160660.2581148148
103037266.9876171350 163849.3366060257
103837796.6290208995 175223.0912933350
104244336.6961718351 179378.9016342163
103243885.9720429331 164831.2376174927
101353634.3301077783 128539.5842942894
110747349.7603160143 209254.2126464844
110343049.9103483260 208418.9416503906
110384669.6803554893 208743.9848632812
110331025.5169743896 207573.9375000000
110878626.6857492626 209921.8730468750
103280119.1158705354 166222.5078887939
103391601.7466632128 167965.2214660645
103313347.5878158212 167104.9928131104
105415230.2002166510 193814.0319061279
105441238.3595573604 194128.2731781006
105327009.2312465310 193418.9081420898
105049550.9790019095 191053.4035186768
104958452.7930182219 187435.3878936768
105317036.6404547989 193061.7156829834
104761042.3801634759 186441.2276153564
104985427.2198226452 189990.9252471924
104757428.2671514153 185482.9249401093
104437431.1095160693 180778.4173889160
100532773.9107479900 108948.6124054790
100461523.8592686206 108240.3697762049
101097908.6856707484 123229.7269906104
101168126.2041325271 126648.7567147315
103033301.1177504808 163297.9799928665
101166022.4147468805 124778.0962081254
105305270.1293675601 191364.8684387207
105142790.7254069448 191085.5071716309
106701453.7394913733 198731.2844848633
106880124.2610600889 200213.0142211914
106963259.1450142562 200851.8519897461
104229704.6405412257 179365.6318321228
104608194.9496316910 184349.6885223389
104453142.5051261038 181113.7583694458
104638868.3253014237 184417.5541839600
102068362.0211816579 145369.3557004333
102329266.5094352067 151801.4241533279
102280885.6574393809 150062.3958699107
101981578.6720056832 141445.8829956651
107548283.9271971583 204901.5697021484
107451377.8865580559 203799.4014892578
107383143.9678656757 202821.1673583984
100275388.1888924390 101048.5548987545
100436322.6899597943 104821.3400520838
100539309.2907319218 109172.3083676696
102715086.7870403528 158342.6551141739
102524616.2173520476 155391.2592668533
102576274.6294239163 157005.1389055252
107486067.9049963206 204051.0648193359
107419620.9660069942 202904.1639404297
107659729.5077554286 206845.9425048828
107304649.2732860744 202569.3350830078
104134050.4970856458 179096.4145431519
104252530.8425855488 179754.5730361938
104283107.5371613652 180415.0489273071
104257259.1435314864 180099.0918807983
104099133.3802721649 178983.3445968628
104321751.0655617416 180491.7161407471
104223543.3595346957 179164.4079666138
102181161.8036633879 149688.8239704967
102076553.3639080077 145798.0411030650
100675058.6174246222 111102.3959747031
101020151.1290095299 118839.5672766902
100718395.5792701244 114928.2327666953
101711212.1422613561 133200.5047547556
101710771.9972059280 132888.4544923045
100896291.4678107947 117317.9914656356
101461092.6360358000 130741.9621758796
101159230.7871305346 123367.4095041789
101239119.4650253356 127094.2568120062
101270838.6914517581 127512.2182962932
101454725.3673762679 130216.7166483440
103165027.6415173113 163943.0308074951
103147596.2322793603 163905.9947052002
100607308.5691162050 110448.0951108336
100596476.8932030499 110304.9012398280
100444368.5296464562 105170.2822060145
104578091.9318976104 183161.0428237915
102381179.2426099330 153064.5369721055
102698006.4630298615 157191.3002701402
101089945.9568509609 122891.1419019140
101044273.1318139136 119905.2583569922
104964949.1602914929 188258.2677764893
102785295.1413809359 159288.1066856384
107293419.4154984057 202054.4643554688
102161631.8800183684 148483.6575089097
102455903.1673540771 153335.9013748765
102774339.2343184799 159023.4952354431
111480065.0799793899 210136.8796386719
101367102.4708247483 130058.9978373088
101051697.2462612689 122515.1657948494
103928411.6646794528 177587.0132904053
103535514.1429860443 169897.8502044678
104091136.3324136585 178170.8758010864
103560289.8940684646 173494.9832763672
104592009.4673734307 183308.6778564453
104483277.6826897860 183029.3165893555
104936649.3951635957 187195.7895050049
103816103.1614175439 174230.5392074585
103757810.5916471928 173789.6130371094
101976404.8618131876 139072.5812318064
101764741.4403284043 136116.8015076853
101934652.9561527520 138689.5658509471
101784875.0911423266 136807.4194698404
101760762.5409963429 134877.9896180369
101886233.0009795278 137553.1383607127
103529480.6436790526 169303.7557449341
103550663.9127314091 171145.9030761719
101035877.0604028851 119472.6379890181
101712337.0429707617 133254.5584083796
104353185.6099194884 180681.3069610596
103509472.3141685128 168455.1441993713
100966030.7135842741 118768.8308667578
103476284.0303202569 168116.9825515747
106969155.6749397367 201984.1168823242
