30403830.5134584978 128784.9780883789
30912516.1881867349 180015.2546386719
30365320.8556998707 119105.6354980469
30434967.6290021315 129265.9070434570
30787862.4189191833 172653.4027709961
30844110.5997969322 176845.2074584961
30460872.9513843767 139160.3259887695
30385875.0239206553 121395.4706726074
30748261.2137548663 167200.4069824219
30595617.2268462405 151100.7870483398
31087356.3303057887 195222.3117675781
30796030.0457641557 172750.6918334961
30799280.5463654585 173083.9613647461
31112456.8874279931 197324.0852050781
30524968.4781372212 141614.7264404297
30699554.2532213256 161009.6572875977
30456596.7311475575 137422.6453247070
31073668.5813593678 192850.1518554688
30760169.5119904131 168180.2418823242
30789831.7575989924 172720.7426147461
30438641.2416097149 130033.1379089355
30619660.8980205283 157731.3563842773
30502597.7820526138 140506.6137084961
30741183.9911764637 166575.5950317383
30454627.3924677484 137355.3054809570
30621630.2367003299 157798.6962280273
30910546.8495069295 179947.9147949219
31180091.8642961271 199117.5354003906
30436671.9029299133 129965.7980651855
30554764.5464141145 149165.9506225586
30442917.4618465379 131770.8185729980
31292456.8784463815 205865.7333984375
30644169.9005556703 159536.3768920898
30804537.9239901341 175107.5267944336
31257429.6611589119 201522.7236328125
30715339.4585589431 164418.9957885742
30537689.1488938108 149133.7306518555
31154868.2299099267 199061.7658691406
30601784.6756466515 151588.1311035156
30802568.5853103325 175040.1869506836
30560228.8127491511 150871.4113159180
30925704.6347096264 184509.2375488281
30375287.3087960407 120530.1119079590
31308299.4024087191 205989.0507812500
31266069.6682989411 204032.8251953125
30393242.7983338870 127919.6193237305
30964424.7756274976 185419.3390502930
30957004.2742510922 185178.4807128906
31261261.6629440002 203965.4853515625
30535719.8102140054 149066.3908081055
30958973.6129308976 185245.8205566406
30519376.1323170252 140630.3139038086
30717308.7972387522 164486.3356323242
30344036.9628423825 116627.3516235352
30326081.4733045399 109237.8442077637
30531352.7323226593 146087.6109008789
31140519.1884893291 197379.8547363281
30599815.3369668461 151520.7912597656
31078448.0875852481 192995.6997070312
31110487.5487481877 197256.7453613281
31259398.9998387173 201590.0634765625
30976143.1858941130 187007.2076416016
30697584.9145415202 160942.3174438477
30720596.8361836188 166442.5612182617
30705890.6697924733 164055.7770385742
30927673.9733894318 184576.5773925781
30784743.0664043091 169491.5925292969
30529383.3936428539 146020.2710571289
31090166.4978518635 195300.5197753906
31076478.7489054389 192928.3598632812
30703921.3311126679 163988.4371948242
30718627.4975038134 166375.2213745117
30712088.9579576366 164085.7262573242
30612388.3366442285 155411.9120483398
30714058.2966374420 164153.0661010742
30786788.1457080469 170363.9076538086
31092135.8365316689 195367.8596191406
30751304.8256458081 167936.9899902344
30610418.9979644194 155344.5722045898
30474335.2160801403 139630.7046508789
31487277.1564764753 209351.2177734375
30767305.9499549717 169005.4274902344
30883305.5613897108 177649.2924804688
30683364.8621484526 160340.4619140625
30786712.4050841145 169558.9323730469
31003336.1589601226 187130.3170166016
30952897.6077756360 184654.1945800781
31017685.2003807165 188812.2281494141
31356338.3307742253 205991.5947265625
31244682.7291005850 199589.5104980469
30619026.9578646235 155696.9227905273
30843732.8855829164 175911.6118164062
30841763.5469031110 175844.2719726562
30894171.4367674030 178409.5819091797
30967246.6491962299 186314.2580566406
31042908.8347669207 188867.9976806641
30773723.0511612073 169396.4672851562
30978112.5245739222 187074.5474853516
30749335.4869660027 167869.6501464844
30892202.0980875976 178342.2420654297
31379316.2637453303 207546.1972656250
31480351.0023894608 207784.8505859375
31425641.4055637307 207729.2753906250
30618586.6248093881 155441.8612670898
31301628.7339484952 205933.0732421875
31388488.1192474440 207613.5371093750
31400417.7711775303 207670.7539062500
