91232621.1827821434 5116015.3203125000
91237827.3983648270 5117069.7031250000
92118913.1857444197 5167049.8398437500
90714665.8247949779 5052744.2656250000
91782041.5437457561 5153328.1250000000
91292796.4448925108 5121810.6015625000
90144825.5659747273 4906307.2656250000
91500145.4413259178 5137842.1250000000
90386551.7131856084 4983110.3515625000
91012022.8502793759 5096015.9453125000
91211735.0938374549 5114592.0312500000
91471502.6697965562 5135141.4062500000
91059903.7740106434 5104131.4140625000
89812400.5318507552 4716962.2656250000
91149628.4350480437 5113619.2343750000
91162798.9452569187 5113885.9062500000
89858180.1036721766 4754659.7500000000
89839057.6424427032 4745596.5625000000
89896491.4896304607 4779838.9609375000
89850653.7081350535 4751104.1406250000
89771361.2337056398 4659649.2187500000
90046634.8526474833 4865256.8671875000
89799074.2605201304 4713416.9609375000
90413050.7660568804 4992771.2500000000
91135901.8679068387 5112348.9531250000
91245991.1469758898 5119456.8125000000
91493235.6903860867 5135455.0156250000
90922516.3647283763 5085351.0859375000
90390832.8063033670 4984078.8046875000
91085392.2012026012 5106361.0546875000
91390211.8182520866 5129917.4296875000
90979728.6417113692 5092458.9453125000
89790161.7169906795 4688893.4140625000
91116434.6895924062 5109961.8437500000
90365713.6954215169 4981016.2031250000
91661719.9322067350 5145921.3554687500
91416340.1567726433 5132004.5468750000
90549913.4517620206 5020734.0703125000
90059499.7115391195 4867602.7968750000
91123500.0965274721 5111532.1171875000
89831180.8039169908 4733393.0859375000
91325990.1903481483 5125467.9921875000
91024324.3689391613 5098402.9843750000
89950938.6654363573 4814370.7187500000
91537748.2231687158 5138718.2343750000
91753398.7722163796 5150627.4062500000
90408198.0042498708 4990499.5468750000
92031590.8606998473 5163572.8437500000
91921883.0140369833 5158706.6367187500
91463175.9031235129 5132880.0546875000
89820540.1632784605 4719370.0546875000
91215836.5861927569 5115825.9492187500
91116257.3376982063 5109302.4765625000
90562812.4472584277 5026120.0859375000
89892297.5223402083 4776809.4687500000
91542762.3877893835 5139535.0703125000
91245184.0059239566 5117886.5390625000
89809824.3291631043 4714382.3593750000
91052273.3135755658 5102853.9843750000
89821621.8183441162 4722027.8203125000
90579748.6955440938 5029099.3359375000
89867878.2674164921 4762887.8359375000
91064790.4959340543 5104424.2578125000
91740968.4638888687 5148633.8750000000
90464588.2619454563 5000623.0468750000
90517426.9725968242 5014512.3828125000
89823116.3659661412 4722791.5703125000
89791382.0423088074 4691366.4921875000
90250136.8096523583 4946432.7500000000
90936336.6115631014 5089915.6953125000
90210109.0149600804 4934585.4921875000
90523232.2948026657 5015246.4375000000
90968962.6158183962 5090568.2500000000
91679239.2310797870 5146220.2656250000
91377116.3050699234 5129100.5937500000
90696536.6807897389 5047760.3906250000
91585572.1800513566 5139748.8476562500
91031794.1756798476 5100624.3437500000
91652105.6078049988 5144949.9843750000
90175503.1903099120 4920349.3750000000
90703740.4210178852 5048679.0234375000
90100981.2628847957 4891228.2578125000
90065404.1972280145 4871533.0625000000
90704425.0752317607 5052645.6328125000
90103577.3612557948 4891881.4062500000
90573943.3733382523 5028365.2812500000
91433316.1318307519 5132427.2109375000
89867125.2846096158 4761654.7343750000
92367057.7554339170 5176477.6679687500
90286971.0615953207 4958678.4921875000
89780127.7618096471 4665246.3906250000
92271110.5422579944 5172000.4882812500
90062417.4606695920 4870767.2031250000
89994766.8786717802 4841376.1093750000
90223188.1212213337 4939485.9687500000
90783437.5953229964 5064714.2890625000
91869363.8687903434 5156805.1210937500
91594979.6250228882 5139862.1562500000
90447891.2725854218 4998888.3359375000
90422531.5195768178 4995734.5078125000
89864118.3925467581 4754847.8750000000
90538957.5948103368 5018512.6484375000
89935274.2710186839 4800869.4453125000
91363690.6056106091 5126445.6210937500
90501333.8629798293 5012060.5625000000
89898755.7753300965 4783202.0703125000
90698705.7101171613 5048086.3515625000
90784019.8720712066 5065334.3984375000
90892353.4032308310 5083121.4453125000
90674555.0877591819 5045851.3828125000
90411559.1860762089 4990595.8593750000
90264058.3343869448 4953263.9375000000
90842930.6242057979 5072442.2578125000
89873448.9185738862 4767809.2109375000
90887012.4912614375 5081847.2421875000
89958864.2335632592 4816534.8984375000
91496216.7859428525 5137025.2890625000
90233928.0953380316 4941508.8906250000
89981737.4489537328 4837586.0859375000
89832112.9660913497 4735684.0312500000
91578416.4250492454 5139548.5468750000
91712843.2015991360 5148421.2382812500
89910273.4898760617 4792364.9140625000
90179297.5787781179 4921691.1406250000
91597317.6974692494 5141432.4296875000
89883634.4379398674 4773534.4375000000
89935342.3811406791 4801366.2500000000
89873508.4175300300 4771214.1953125000
91611742.2900727391 5144014.0976562500
89781208.6907795370 4666970.7578125000
92503701.7297495902 5180884.8085937500
90736359.4465110749 5056751.5312500000
90822031.9429629147 5071508.5390625000
90396460.2185203284 4986401.6640625000
89942074.9555827230 4802547.8750000000
90881404.6255465150 5078616.3984375000
89766973.2806972861 4656421.1406250000
89962195.3565678298 4819483.1328125000
89824191.5706882179 4723855.9140625000
90760366.9215723127 5064400.6796875000
89869161.5809753686 4767476.7968750000
89943072.8953383863 4807728.0859375000
90634309.0321827680 5040358.3828125000
90037098.3940502256 4856380.2109375000
89949315.4462019056 4812577.7734375000
90203312.2594817281 4932190.4453125000
89924468.0116300732 4798036.3125000000
90703850.5208308697 5050547.7812500000
90798838.1615494639 5066006.3125000000
90970696.9858162999 5091701.2578125000
90803902.7366922051 5068895.5937500000
90847289.3517781943 5076830.8359375000
89951911.3221949935 4814660.8906250000
89968104.5085183382 4821584.5703125000
90030946.7671024352 4855008.4921875000
91975991.6377229393 5160513.9570312500
90921372.3411546350 5084133.2187500000
89908060.5786748976 4787589.2187500000
92060231.3562685698 5164544.2148437500
90325600.3502500504 4970899.0390625000
90263215.4730356783 4950056.4140625000
89906569.0321108848 4784142.3671875000
90049403.6387327313 4865761.0156250000
90800433.4432171881 5068518.5078125000
90304293.5985179543 4962567.6562500000
89779519.8443126827 4664033.9531250000
89921004.8345535547 4793770.6406250000
90251437.1138678789 4947188.1328125000
91206898.0185721517 5114578.5937500000
90821993.8192041665 5070691.2890625000
90863496.0026785433 5077485.5390625000
91618398.0699149519 5144019.8398437500
90725979.1934783757 5053093.6250000000
90238972.2704243213 4945352.3828125000
90670231.1259596795 5044980.3359375000
91966571.6018914729 5160137.0742187500
90213792.3093683422 4935929.0859375000
90282113.7229736745 4957231.6718750000
90072437.1064671576 4881616.5703125000
90193166.3640362173 4928375.7734375000
90730280.5994152427 5056721.6171875000
90085301.9653587639 4883962.5000000000
90065494.9451719075 4875268.6640625000
90145231.1686591804 4907732.2890625000
90091495.7798531353 4887468.9765625000
90983941.9461321235 5093516.4843750000
90387274.0321469158 4983135.0312500000
91988226.2306724638 5161305.5820312500
90658700.0364359021 5041804.0781250000
89966654.5110962093 4820593.1093750000
89940510.8153773099 4802450.4453125000
90393759.8665238172 4984278.7421875000
91273609.0199934840 5119723.9296875000
91014564.4791329503 5097023.5546875000
91298921.5416580588 5122809.5703125000
90229848.9877550006 4940924.4375000000
89788654.3429094851 4676087.2187500000
91898173.3580952585 5157621.9570312500
92490692.5308708549 5179969.4726562500
90468476.2500949949 5001543.5781250000
89886819.5763859302 4775662.7890625000
90038239.3334464133 4856998.3671875000
90318311.8670190126 4967031.3906250000
90154320.0569374412 4912583.8046875000
90438610.4780759662 4998521.3203125000
90470918.3712213933 5002332.7343750000
90162496.5488164127 4917141.4062500000
90342976.5614119768 4973019.6953125000
90046098.4903283715 4862418.2031250000
90011737.6314504743 4850201.8906250000
90120965.3362721205 4903213.6562500000
90695935.9298146367 5046648.9921875000
90003264.6478389800 4843046.7500000000
92291575.1956239194 5173704.2539062500
90361556.9934289157 4978130.8671875000
90251621.2893613130 4948214.2265625000
90305282.0935539454 4965259.6171875000
90400961.0682291389 4989416.6093750000
90271373.7488569766 4955208.7500000000
90287871.1174817383 4960175.2890625000
90017769.6224164665 4852142.5468750000
90604222.7100257128 5032679.3203125000
90383498.4080818295 4982170.9375000000
90300459.3964273930 4962051.1718750000
90249527.7316955924 4945865.9843750000
90023271.2624324560 4854276.8359375000
90751386.4668505490 5056838.3906250000
91354723.9660105556 5125803.9062500000
90751877.7761551589 5058404.0390625000
90113169.8487311900 4897905.4218750000
89993575.5966453999 4839206.7968750000
90355650.8696624190 4977462.2812500000
92162931.0817380100 5168951.3554687500
89960300.2789807618 4818003.7968750000
90561372.4915067106 5022180.8359375000
90217925.7168743610 4936391.2968750000
89973217.8954353631 4824910.2265625000
90660164.5563662052 5044434.3671875000
90167247.8752487749 4919219.1328125000
90691441.3328347504 5046318.2500000000
89974453.1354159564 4827451.7500000000
90180386.6267133355 4925561.5625000000
90472263.5708252937 5003063.4062500000
90596777.1600163579 5030192.0625000000
90222443.7107498348 4938758.1250000000
91003379.2612547725 5094988.4375000000
91375985.2716240734 5127274.4882812500
90482026.5121131837 5004547.6796875000
90207185.7427576482 4934368.3750000000
90469145.4863669723 5002157.4453125000
92143493.6335274428 5167422.4179687500
90626310.5424516648 5037640.1171875000
90112121.7251852751 4895022.2890625000
89866330.0101027787 4757234.9765625000
91458473.8441907018 5132798.4570312500
89934630.1084693074 4800053.0234375000
90042594.1385124922 4859282.7265625000
92344532.5206598192 5175384.9023437500
91280307.6641585380 5120579.9296875000
90545413.9084630460 5018789.9843750000
92385740.4099731147 5177457.9257812500
90110303.3420235664 4893763.0781250000
90454510.5406248719 4999881.9609375000
90146699.5390628129 4911133.6718750000
90154410.9902076274 4915785.1406250000
90151951.2171616256 4911480.7656250000
92396492.5474655628 5177667.1367187500
90474211.3160454780 5003631.5390625000
91850277.3657399118 5153650.9570312500
92582719.2973874956 5182063.0898437500
90601355.7548035979 5030545.0312500000
90545585.1696231514 5020371.5468750000
91863876.8716921806 5154939.9023437500
92248524.4104325175 5171482.0507812500
92117508.4384798259 5166232.9492187500
92514268.2068201602 5180945.5820312500
92311395.6862253696 5174175.3320312500
92178189.4798006862 5169297.1132812500
91927999.9771881700 5159052.3945312500
92278443.2699311078 5173050.7851562500
92052969.3347189575 5163930.6132812500
90177697.3373312056 4920889.6640625000
92153075.0613637865 5167866.6757812500
92008568.9948998988 5163459.5351562500
91774674.9298360199 5153214.8164062500
90619597.0569030792 5033717.7578125000
90140290.2095368356 4905164.5859375000
92936296.9759105593 5183102.9218750000
91850385.4718375355 5154299.4960937500
92278104.4255005121 5172131.3007812500
92135550.9073605686 5167213.2070312500
92114832.4052426815 5165548.4960937500
91920585.6443661600 5158093.0351562500
92268623.0225030780 5171542.2070312500
92198953.5616330057 5169768.1914062500
92546701.3979031742 5181000.6679687500
92082919.9611869603 5165361.0507812500
92610537.6973740906 5182989.6132812500
92563584.7819572091 5181872.1054687500
92456766.2277179509 5178582.4726562500
