64134131.6295588613 5720.0688830624
65263916.4059611037 6332.6391286850
65286875.9163658023 6337.1422948837
66840170.2372556478 6538.9076271057
66641412.6857949048 6534.9402961731
67717604.9879343212 6547.2502632141
66846487.4998855069 6539.1062889099
67082666.7873725891 6540.5269508362
68801729.4072673768 6553.5211296082
68775068.0157832652 6553.4292793274
67741111.1325049549 6547.3079032898
67644523.9356321394 6546.4613609314
68933005.8498298973 6557.6618461609
68715161.2894020230 6553.1102867126
68823166.7922622859 6554.0004997253
68920236.1034926325 6557.2762794495
65282250.9297445193 6337.1063451767
64203119.3324658349 5806.9793919857
64401602.5205291733 5906.4950904186
66992840.5268921852 6540.5046272278
69562180.7651608586 6558.5008277893
67323946.1345843971 6545.2386741638
66976907.5583161786 6539.7995872498
67319321.1479631066 6545.2027244568
67692036.5062236041 6546.4762229919
64532845.9579195082 6031.0908577740
65261938.5357022956 6332.4743566513
67381437.9029706866 6546.0325737000
64280796.2543748468 5902.9197196300
64247755.5863931924 5813.1723288830
65244238.3319731429 6323.8112783432
64274336.7352505550 5813.5248450573
68897896.0277365893 6554.6740226746
66745632.4619107544 6536.4998588562
68114245.6727185696 6549.6132392883
66500621.9771698490 6528.8448219299
66606281.6862615272 6533.0731086731
66799607.9915491119 6536.7245674133
64454214.6515171677 6007.3181066811
66811773.3121253923 6538.8794059753
67265000.8837965280 6544.2318000793
66732905.9001908898 6534.9619255066
66947564.6615852043 6539.7652778625
67129039.9850956947 6544.1759910583
67095475.2696930245 6540.5992927551
67273699.1910834610 6544.3616142273
67315168.4198513031 6544.6015510559
65001325.1217944324 6230.7394466400
65003334.5874346346 6245.6990566254
68323636.0503223240 6550.5193138123
65833293.3294307366 6511.4344825745
67971965.5817384273 6548.1188011169
68445263.5563978851 6552.5249824524
64962341.9790471792 6217.8533613980
64434432.9397850856 5919.8560209572
68322776.1154559106 6549.8029823303
64452539.5373846591 5922.5008650124
64415571.6761304364 5914.5462284386
64703454.4865028113 6123.2821781933
65427244.8201472908 6404.2631101608
65446500.6321664229 6408.7530393600
64647768.7391332090 6104.5355732739
64665144.1322979331 6118.6972401440
64933847.2289837748 6213.2783932686
68002093.4327815920 6548.8240089417
64426268.5358178169 5918.5035295784
65543346.8913220987 6434.5797615051
66114734.9124942943 6519.6711235046
64914730.7615842819 6211.9184918404
65065077.3447734863 6245.9980297089
65475506.1566221043 6432.3921928406
66162887.1519821361 6520.9639930725
66169753.7955795154 6521.1156578064
66223571.9008414000 6522.9115715027
66548897.5423423350 6531.6849479675
66010041.0355600864 6519.1147727966
64776674.6985388175 6201.5336804390
64844400.4394639209 6208.6827054024
64772049.7119175270 6201.4977307320
66435510.2744532973 6527.4155464172
66432818.4090678692 6527.2630729675
66347868.4229455441 6523.2774696350
64910105.7749629915 6211.8825421333
65961443.8104482964 6517.4768333435
65453286.9739482850 6412.1774826050
65942585.9475353435 6513.5734596252
65731576.2872755751 6509.7687873840
65160299.7048822790 6316.8018083572
65559285.1064305902 6456.2187080383
66494422.3958355486 6528.2380027771
65191735.1333662421 6318.5289201736
65681976.2957637832 6503.4858360291
65904291.9022782370 6512.3614082336
65881120.9779115543 6511.6442070007
65191459.8572928831 6317.1763963699
65342449.6391985565 6403.0638074875
65665625.6892041340 6503.3830680847
66544887.0262745768 6529.7327919006
65301820.4113811776 6366.0216932297
65331509.3213562146 6387.2887220383
65079995.8027124330 6292.0423450470
65143857.1782777011 6297.1276645660
65146719.0530248061 6311.1715183258
66315636.7951973230 6523.1136360168
66385177.0441034883 6526.2606697083
66360179.3688707054 6525.4743690491
66431627.1827492565 6526.3203315735
64194515.7400173396 5791.0754758120
64055047.3995396197 5688.6263778210
63945256.8875066340 5589.0373630226
63891184.2145153433 5583.7746448219
63925596.6728295535 5586.7265491188
63688137.9391602874 5465.1628448825
63765398.0576112866 5481.0263931613
63611004.0785610378 5385.2573683123
63960437.1034618467 5596.1048326652
64184195.2020807937 5786.7329722345
64047888.7095570788 5680.0347657204
63845563.9271465838 5501.1906164895
63838795.2978207022 5498.5319395225
63702261.5194258690 5475.9614593844
63782412.8798812032 5498.4574621926
63641804.2268255502 5457.0717727999
64157614.0532234386 5786.3804560602
63847833.9734049812 5566.7419293076
63494318.1033364758 5269.3002963822
63565247.8156844303 5366.8731895249
62941337.7924955413 4461.9359964722
63330824.6919429675 5052.2092274956
63366847.1037399247 5148.5880137233
63308040.7873662189 4961.2335204415
62898822.6012588590 4358.7027539604
62933621.7642027587 4373.1056856507
63861133.5716176033 5572.6721760675
64142817.1755527109 5782.1379854381
63997783.9548574537 5648.3217378418
64011653.4955621064 5677.5990670621
63532884.1318275258 5345.5193544261
63430178.8431430534 5228.0976230435
63520484.0705846474 5337.4271226756
63340651.7531848773 5148.1977919869
63463120.7207472995 5257.3814636103
63436962.3983625770 5243.5627643399
63534862.0020863488 5345.6841264598
63493261.6052769646 5258.2673917643
62977874.1736409590 4554.8384127014
62992278.5753552243 4558.4261888259
62946658.5256005675 4539.1785845154
63242982.2044112831 4866.1433713203
63010083.5359936655 4558.4750360244
63001938.7762776837 4558.4605754607
63135704.2583856732 4776.5320040946
63173919.2888806462 4834.3343722587
63028557.7978291437 4567.1905063384
63047025.4765284732 4656.0520118469
63059852.7398111373 4659.8491328948
63120810.1536408067 4748.9418176406
63034112.4780292735 4636.0005286926
63077564.2017839551 4743.8605874770
63321622.2276979834 4962.9829642539
63330228.0057527274 4971.7072703549
63327747.4883045629 4965.8682353207
63246120.8517370373 4960.8758494621
63175686.3921929747 4863.2845446830
63044801.8998961747 4654.5284980529
63041453.0736135393 4649.7110542053
63129244.5855623037 4770.1566025977
62880474.3676242009 4258.7922572009
62883403.8834900707 4345.2197011342
63021424.4700405523 4562.3138512736
63074957.7719265670 4668.2103895908
62839118.3573957235 4220.8635396563
62837940.4972808808 4075.6751067303
62787678.2344115749 4064.0497623831
62914660.2136909962 4365.4248212474
62895477.5384158716 4353.6508488261
