127838166.8592072725 90565.3640136719
128267028.0236082077 90884.7878112793
128272566.0450727344 90919.0757141113
127781290.9116708040 90422.7839965820
127502270.4067523628 90105.6065216064
127922826.6510294825 90727.4696044922
128200202.4685084224 90792.0816650391
127765095.0736709684 90418.3806762695
126806781.9819000959 88948.1219177246
127886712.0534044206 90724.6304321289
127520956.2593733817 90110.7480468750
126359598.0850383043 88233.1796188354
127060468.1606490314 89421.2173614502
127614873.3319956064 90396.4577636719
127021045.1428333819 89381.6137008667
127243165.1365063339 89679.7617492676
129106830.7328524292 91404.7078247070
126877649.5508539826 89124.2734413147
126969714.0669016838 89356.2269897461
126641628.7971654981 88720.3038635254
129075436.6529442072 91342.3923950195
127199994.1522893757 89642.0085754395
126945417.7875907123 89355.1845092773
127268525.4079850614 89992.3968811035
127081642.2736756206 89620.8665466309
127564680.5728551894 90117.9024353027
126882074.8101931810 89214.7204780579
127427990.1976861656 90024.9274291992
128972733.9369479567 91294.7796020508
128394877.7524739355 91043.5390625000
118227248.6745963246 72359.0275686458
128290061.2285185903 90921.0652770996
118309283.3581483662 72524.0707510188
117706430.3988691866 70290.4690046981
118085406.3908783495 71824.3915641699
117974945.8321101218 71093.6888281479
118565482.7586338222 73048.2851506546
118290413.6235687435 72521.3176992610
128545292.5495138913 91113.2224121094
128546308.3380361646 91139.4828491211
128448746.2648057938 91105.1795043945
128815944.2149481922 91290.7708740234
117682775.8069637418 70242.9010267258
117580535.6506658047 70139.6794632748
118244977.9156862348 72368.5865896419
118214107.2670833915 72258.5496175960
117491882.9055479318 69986.5330246761
117398337.9831307679 69412.3513441086
117632105.6161780804 70142.1518583745
117840749.2102300525 70981.5256376714
128680821.0914475024 91260.0823974609
117804363.7240667790 70976.5077589750
117863326.0525914729 71035.9057394639
117780114.2275129557 70926.6466986313
128138584.0296840519 90789.6528930664
117979595.8115060627 71678.4471136704
117641732.8670731932 70238.1629721299
128382945.3075184971 91035.3312377930
117336266.0690209717 69302.4163923934
117059005.9602242708 68340.7443918008
119421238.7158122808 75628.2121109174
117755094.1527932882 70685.7340402603
117574126.5105954707 70088.3636066914
117559870.3399635553 69991.0888032913
129185895.5918947011 91492.5589599609
116903918.2745019048 67176.0623191614
116663506.3567069769 66413.7202395219
128258438.6386992186 90866.1642456055
116801782.8737437278 67051.3545360360
116823971.6301914752 67161.2313131113
128382161.8856965899 90987.2505187988
128247160.5829820633 90850.2561035156
129507544.6022673994 91595.9073486328
128430868.9936734140 91053.7451782227
117112465.8340840042 68540.4538013935
117267647.3261140436 69178.0048269052
117464758.2573321462 69699.3443307877
116914972.5978989899 67645.5807698984
117056603.9120688736 68316.0751394052
117325554.0362905413 69219.8674592972
117462719.2211596221 69582.9865632057
117218393.8763700873 69017.2516183853
117253027.5702007860 69029.3297848701
117142358.4033274204 68976.2155733109
123238089.6506802291 83453.8615123034
123219203.0103178918 83415.9158189595
116151992.8861503601 63108.6575557103
128241925.0972937644 90794.6149291992
116026616.5013841540 62499.6658450048
120010721.4763197154 76970.8870006477
119934460.4803263992 76769.2294186161
119913983.8101634085 76692.4825193093
116905564.2758661658 67307.1469945908
116459017.3858104795 65408.9225492477
122911719.0967459083 83053.4322068989
123048006.2675475925 83216.4953249693
116988884.9061629027 68139.3109788895
119552956.5812637061 76166.5347654031
115652210.6548841596 60101.3895397344
122204287.2165905237 81830.1860813424
126809877.7532338053 89089.6786155701
119299117.9027286917 75539.9769651101
119020048.5314303637 74721.0530151532
122901137.9294694215 82830.1478097439
123172202.0288843960 83368.5592542160
125960302.7725955397 87757.4375419617
126014408.4364496768 87785.9216880798
126089565.0178275406 87874.7801322937
116662427.2321767956 66264.1478875894
123097061.7291764319 83274.9816036150
123096642.4346165657 83224.6664157659
119164897.7626748532 74961.1444839642
115640334.9028626829 59394.3861402189
126666034.5109009892 88772.7245483398
122801244.1145370752 82787.1474023983
122426806.2645530552 81953.8353449032
122556681.1515335590 82277.9268289730
122958262.9730341733 83084.8113650084
122223572.5284249485 81863.9183535501
122557449.5124966651 82394.1731439754
116506130.4082509726 65534.6457437295
116390749.5553079247 65349.4103841782
119277551.3217124045 75404.4793228314
119489927.9290379435 75811.5336323921
118460806.1387149245 72960.6363423932
116538719.2353259921 65933.9132865937
116343133.1390341818 65007.8684143098
116257880.8204436451 63673.6517306370
125605180.8205899298 87121.2662982941
116790414.3548739702 66751.9941244125
116445399.1589320600 65373.2413247842
119234297.4100936204 75393.8082905952
119439431.1819253117 75633.3347645942
119698820.9915321469 76335.5789204780
116109227.1152366251 62789.5330670923
116262193.5875367820 63825.5785030397
119126650.9008628130 74788.8094205130
115900168.1466241032 61937.8237083666
115833229.9601743221 61184.2563319197
116001313.3712168187 61955.8401615610
115699917.4389450997 60861.1587767759
118735107.7408314347 73661.7049821485
116076342.7773538083 62654.5833111247
115595372.7401508540 58343.0048307078
115890828.6745867580 61637.6840690589
115891012.6442096531 61643.9402600368
115857862.5501128882 61634.9524627766
119190768.2761584520 75165.2405809034
119625430.0507649928 76305.7378560249
118573904.5438512415 73317.4735768903
118587850.4655919224 73327.3895517532
115757758.7004469484 61100.3195927134
116225320.3345240355 63643.0766282724
116753940.6197720617 66714.2477235794
116609964.9065772742 66209.7844076157
116029798.9010655433 62654.4416595539
116177960.9855081290 63284.4488888076
116008650.0586133450 62394.8644191409
118949237.6684994102 74404.7250169385
126736570.3832431436 88863.2782630920
115522814.2098153979 57712.8546310952
115582458.6374431700 57737.2374057239
115575291.8749935627 57735.9688510364
115639601.7661725879 58459.2675522892
115644178.0795554966 60061.6563886320
118765380.4390655309 73811.8404115308
122613336.9750739634 82414.0525506735
122650814.7635528296 82650.8674951717
118553206.3422469199 73008.3962483630
118646277.5658567250 73612.1285148337
115754609.9367908537 60969.5785170635
118784142.0112461746 73846.7211998776
118513584.4487392604 72976.5484061912
116018508.4004928172 62468.4491058430
115605981.9626005590 58457.4605731433
119512129.8727644831 76026.1318379585
119177777.2958977669 74964.1748432461
118207129.6850586087 72252.9881697018
118886608.1781606525 74129.0755494703
118922270.9362724721 74351.3758576978
118995042.6928713322 74583.0515779126
116332777.7643651664 64043.4536022218
118150881.1757624894 72021.3124494869
116307320.7786818296 63835.8768667253
118405778.5193146467 72770.5787711814
125341330.4918471277 86836.1723957062
126543412.2526705265 88683.8685874939
118553132.8724856526 72986.6953820065
126158514.0022659153 88042.1867027283
125908762.0952657461 87736.8339500427
126125685.2563099414 88040.1370811462
116522376.3682729602 65581.2105602296
125759192.1440860182 87317.8993148804
120837426.5730048269 78807.1454282925
126500858.3624977618 88447.5409889221
125188986.1576802284 86584.7151155472
116740882.3112678826 66461.5424053669
119979651.7866930515 76830.0145499483
120805460.7675836980 78777.9047361538
118971229.7604378015 74548.8252366651
126112588.2732806653 87883.3020591736
120846709.9748455882 78846.6451028120
119810422.8773632199 76486.4938787092
125810428.7520738095 87423.0671167374
119820067.1484375447 76663.0298928581
125528995.8434666842 87018.7926873937
126372634.3841688335 88277.2337684631
125785009.7461862564 87370.2742700577
119980722.0401607007 76861.7606075779
125053743.5365718603 86378.8968782425
123696734.1288027018 84302.8065934107
126272929.8880204707 88132.0261173248
126416777.9617696851 88354.6882514954
121982371.6350755244 81126.6353833899
126044189.9486486763 87838.5012760162
125826717.2939165533 87476.7109460831
126244749.3310144395 88082.9249048233
121074785.7375368178 79415.9136359170
120310346.2635572702 77716.9583149627
123506649.6641647518 83906.3102986738
123627509.2236370146 84238.2973134443
124882230.7427836806 86101.8514642715
121116013.4334905744 79459.9773718789
120854660.7173591852 78950.4586862605
120771751.3706138581 78622.2078928035
121392132.9279924780 79959.3874098733
123349743.2111699432 83773.0658528730
121034114.5488767475 79282.4238478616
120613370.4895793200 78574.1961066201
120237579.9546934664 77637.9652716592
121073446.2772411555 79335.0943152383
122003851.7197686434 81196.7756116614
125852309.6961631775 87599.1526880264
120579221.8014763892 78493.3466193154
124502390.4903591126 85605.0955920219
121000857.2890948355 79124.8332284968
124369526.4322285950 85381.6225614548
120086494.2164634913 77037.6239999812
121231187.9714386016 79534.4365237355
126285642.6146874279 88188.9447412491
120526945.7172030509 78043.8597559016
120131963.1961764246 77208.9536279719
120204933.4487483352 77404.1480831187
124849162.1604232937 86091.7224969864
121530556.7423170209 80364.7795374990
125225430.7671522349 86659.9096550941
124348825.9701108336 85367.6917142868
125321523.8819706589 86822.9866024628
125159499.9666056931 86450.8595147133
124969498.8960262239 86278.8314664289
125039403.6622701734 86304.0723892003
130467051.3269838840 91628.0050659180
124259599.5879231989 85224.4245106354
120744990.3088177443 78607.9874185603
120333930.2243047506 77754.9336313289
120188548.7571344823 77370.6436685603
120398175.9826521277 78005.6149820369
120353594.2898772359 77782.9418710750
120309500.0135197043 77649.7110361140
125169870.0150382817 86516.0767693520
121440345.6568328738 80190.2710675672
121606827.5702464432 80681.3469617590
121302234.1059433073 79835.1589254960
124584672.7210424244 85739.8548607826
124510576.2635940611 85616.6209675446
124668465.1291720867 85843.2522454262
124158087.1360531747 85191.6436574385
124404917.1414758861 85430.4974629804
124328290.6880242676 85360.4143705368
124042159.5181431025 84894.0973012373
123816551.2177061439 84647.8225514814
123783726.5471729636 84540.2569966242
123498552.3271335959 83835.5374760553
121518468.1359601617 80232.2343333513
121949037.2793585211 81109.4778698012
121586216.7205726057 80564.5960021019
121602781.4018068910 80664.1479982957
121404876.5319223851 80104.0820679292
121774992.9049258530 80908.6267304048
125124195.5741412938 86428.5397996902
125640140.2097827345 87212.5069770813
123555569.7631935477 83984.6414732859
123788535.2207505703 84542.8286518976
123423717.1128011495 83819.3965840265
122085882.3959757388 81468.1015372202
122362300.9559922367 81935.4025243446
122142041.6241617203 81631.5959372446
122010641.1603893191 81374.0394186899
125468741.6730845422 86967.0416524410
125681245.6184046417 87236.4034905434
124954468.1410113871 86225.4446763992
133991689.0540158302 91680.0704345703
134292747.1618163586 91734.6707153320
134069669.5658061951 91704.4946899414
133856504.8983947039 91672.4163208008
134020832.3759978414 91701.8289184570
134270089.9485585093 91715.8448486328
133967145.0954172164 91679.6266479492
134359948.2413914800 91763.2731933594
133756625.4420804679 91645.3375244141
