57502167.3877652138 1942430.3281250000
50816946.0515864938 1617209.4482421875
51982643.7451437339 1812637.1015625000
55733882.0347473919 1930924.1074218750
55665057.1832160577 1930780.2285156250
52632148.5065572262 1856562.4765625000
52024155.8734569848 1820697.8183593750
51381276.0077578425 1753281.7988281250
51461775.5793895274 1759702.3007812500
54082286.5339477584 1908299.0449218750
53249560.0951912180 1886744.6015625000
52626901.2963085771 1855149.6015625000
52657161.6562537998 1857534.4667968750
54300638.0523254052 1914886.3750000000
65554949.1887957454 1945936.0429687500
67345077.3106539249 1946012.0878906250
72874644.9959105253 1946195.9609375000
67208520.1414272785 1946007.8359375000
74193803.2817152739 1946227.5078125000
79126214.9155693948 1946358.5332031250
70806095.4711685628 1946117.5781250000
69698453.6771943718 1946099.6015625000
76498157.6491851658 1946302.8515625000
76985926.9101529419 1946309.3300781250
74917914.8613646477 1946260.1542968750
75937986.7502938211 1946295.7714843750
64552735.2959556431 1945900.9199218750
50675737.3269533888 1532500.5380859375
50637755.6093228832 1494793.7832031250
71788478.4517945051 1946158.6835937500
67934395.4478733093 1946033.3027343750
68544939.4326166362 1946065.2070312500
50690809.7318124697 1544698.6884765625
50704720.1434693038 1552995.2119140625
65792652.7940519601 1945978.2070312500
65006980.4422159418 1945916.4355468750
50777012.1199261695 1601611.7275390625
80160053.0560447276 1946389.6132812500
77687565.2424519062 1946329.6289062500
50651000.4984956309 1507257.0380859375
50654231.4451383874 1516005.8789062500
50643053.1116431579 1506187.6523437500
59410406.0497762337 1944552.8417968750
50868786.4803707674 1641783.1074218750
50672395.8960461169 1528001.9912109375
74000213.5819731802 1946226.1015625000
55753755.6644699946 1931097.7441406250
67401961.3603431433 1946025.2070312500
73422979.2123879641 1946212.6894531250
72981090.7078391910 1946206.1445312500
60459928.9716573283 1945102.7812500000
82491080.1048216075 1946433.8945312500
80789553.2517918050 1946391.5722656250
81654142.0464503318 1946419.4589843750
50800123.3635903150 1611459.4179687500
54387643.2280364856 1917583.2460937500
54492348.2342120260 1918769.3886718750
54452307.1192590371 1918732.9453125000
64533625.1488599256 1945899.7109375000
70125605.5612301826 1946115.4628906250
51431908.9216408953 1759520.4453125000
51499200.3649508581 1765783.5996093750
51518135.6752280667 1768240.0332031250
51519390.6066974476 1768372.9628906250
51407520.8461003825 1758714.2753906250
51522036.4653090537 1771043.7734375000
63512053.1271520704 1945829.5585937500
64092747.5164930299 1945859.7597656250
80780316.9663829058 1946390.8867187500
50794883.3490028828 1608678.2802734375
50630155.1443069503 1486788.1318359375
50622476.9129473791 1475870.9873046875
65766112.9705627933 1945947.8339843750
50635955.7764796689 1493824.1318359375
80902201.4422127306 1946402.4238281250
79582890.8360991031 1946366.3632812500
79875944.9608448893 1946383.1113281250
58834828.9480537921 1944295.4433593750
65318879.3305682912 1945928.6503906250
76795067.6984937489 1946303.1464843750
75746129.7609925270 1946274.3535156250
77256148.6888126284 1946317.5703125000
50860595.8568030894 1632648.8007812500
50631039.2414956465 1489161.3066406250
61150345.0231356919 1945203.5312500000
68179389.6157633364 1946054.9921875000
67304052.5192444474 1946010.9199218750
51190349.2790698558 1717978.7226562500
50659570.3439297229 1521884.1396484375
51268863.2479265705 1731044.9921875000
50623556.3308946639 1482159.0283203125
62501175.8659622371 1945770.3886718750
51247394.6338805780 1729418.5292968750
50705350.5139819086 1567786.8232421875
50700655.8558382466 1552423.2695312500
50719877.2095383853 1572682.0429687500
50691448.9645121619 1545064.0996093750
52374225.4125837013 1839961.6152343750
50847158.2316166908 1631815.5966796875
51645993.9917278513 1784608.9082031250
51646190.4656737149 1785403.7011718750
50986897.0838238299 1676770.8544921875
50705266.7173143625 1553123.9755859375
50763978.4982696325 1597372.3789062500
50747753.1783020943 1588210.3408203125
50745189.6143355072 1587108.7197265625
53403231.1279970407 1890377.6484375000
53412934.8944194466 1891868.1113281250
50721918.2044036463 1574246.2128906250
50708726.5437788367 1569834.5468750000
58798418.9895139039 1944266.3144531250
61545612.1356327906 1945463.2988281250
51061707.7627391592 1690541.7861328125
58048090.9066131040 1943930.0234375000
57986166.0786417797 1943817.4960937500
54409316.1411299929 1917707.1171875000
50894822.5083247051 1654220.2080078125
51828165.9629920572 1798411.7109375000
50975561.2073860094 1674032.3339843750
51089754.9832998663 1697902.2470703125
53783257.3371119425 1902103.7558593750
53668022.7676791772 1898536.8710937500
54113675.0537426248 1910845.6542968750
52637265.3210079074 1856732.3984375000
59612085.5163602978 1944760.1738281250
60347581.9943024144 1945004.5585937500
65139078.5702912658 1945916.7285156250
62891933.9077943414 1945795.1601562500
66930714.5792164803 1945998.4785156250
66501583.6431800723 1945995.5273437500
60320091.9459836334 1944997.3691406250
74491974.2797037810 1946238.0917968750
81416588.5906904191 1946403.0410156250
78606404.4043702781 1946347.6015625000
78689136.7960184515 1946348.4511718750
82428301.7570670247 1946423.5996093750
79633641.8259174526 1946372.6367187500
50654103.5484617427 1513603.1289062500
69678538.5348365605 1946097.6308593750
75869467.2546230406 1946274.4316406250
50656589.6519945636 1516121.4433593750
50630433.7954660133 1488118.6152343750
50631644.4549037889 1490249.9853515625
50638350.1303682029 1496468.4375000000
50638949.3532458544 1498036.0107421875
50670422.9809479862 1526092.4716796875
50671609.9833806306 1527781.0244140625
63538054.4519309700 1945837.0703125000
62854299.8538864627 1945789.4003906250
63234239.5558071211 1945817.1972656250
58668578.9674329311 1944252.1523437500
58262489.6826559082 1944222.7949218750
57871576.0117776468 1943807.4277343750
59090835.1442602500 1944527.2773437500
50836824.6161352992 1628025.0244140625
71254383.3585218042 1946141.1308593750
72307161.2407448739 1946165.6035156250
69880989.2704966962 1946101.0917968750
71493060.4424908161 1946144.9707031250
68139696.3120059371 1946050.5781250000
69031630.2983388603 1946087.6679687500
68874553.7785927951 1946081.1464843750
57535169.4694331735 1942497.4453125000
50921871.6547417790 1659039.9931640625
50933029.6380527318 1663435.3574218750
50940254.1753400415 1664005.2324218750
50922911.5753474981 1661706.5800781250
64537190.7038470656 1945900.1699218750
57624375.2966437191 1943153.2167968750
50749885.4521464407 1588696.3457031250
50726371.3707191050 1579822.1123046875
50804319.3738817498 1611521.0556640625
50766449.3204051033 1597494.7509765625
50735396.2615989000 1583226.8281250000
50788934.1187428907 1605362.0029296875
52070052.3017354384 1821875.3652343750
52134864.2158715054 1826762.5214843750
52318467.2097338811 1838866.3398437500
52181028.3717962652 1829707.2089843750
50758489.2808357775 1593625.0244140625
52187296.9819909707 1830957.5292968750
51016887.9008468240 1682272.3750000000
61926934.5194507018 1945518.8066406250
61956727.4457342625 1945529.8164062500
62206702.5314978808 1945717.0292968750
61432685.9197102636 1945388.5820312500
62848682.2797758654 1945788.5058593750
62567221.1058822423 1945777.4003906250
72441058.8223247230 1946194.0996093750
51923758.2031482160 1809182.9296875000
50863509.3861864060 1638348.4833984375
50688082.8069410324 1539837.9970703125
79203749.0690449476 1946358.6933593750
50652774.5377066955 1511377.6865234375
51337993.4728598073 1746022.0781250000
51842725.8988350555 1803577.3398437500
51568162.0829755068 1774438.4257812500
51601307.3706617653 1778369.0820312500
51603650.1958420798 1780423.1113281250
51606190.3164756745 1780462.2207031250
54166255.0906775594 1914261.8261718750
52546097.3911515251 1851902.2617187500
50880452.3081264645 1643270.9404296875
50890586.3106103539 1649188.4560546875
54326486.6267165989 1917518.0429687500
52449536.2993537262 1848695.9765625000
52442260.9495745897 1847892.2929687500
56130105.8181566373 1935144.7734375000
55981938.5367015675 1933856.2324218750
57226469.7632539719 1941540.7167968750
51182092.6409817040 1716422.3652343750
53106766.6728096232 1880595.4179687500
53849397.6287662536 1903532.6875000000
74402494.8650157154 1946229.2695312500
70899986.3611316383 1946132.8925781250
71929959.5934425145 1946165.0253906250
71195208.0193179995 1946136.7050781250
71678772.4835470021 1946152.3203125000
74721818.4117216170 1946247.2089843750
73223169.0237857103 1946209.2812500000
64870688.0933154225 1945905.9511718750
77769864.1535449624 1946341.8730468750
79210617.2196235508 1946359.9824218750
74517451.2224125713 1946240.0957031250
50693394.6874187887 1548513.9804687500
52662248.6163716912 1860362.7734375000
51128562.5686563328 1705379.8066406250
51103267.4010092542 1702667.3554687500
60716340.5945988894 1945121.5761718750
52806511.2305864543 1863577.4550781250
50824261.2810624391 1623248.9619140625
59734727.6218271330 1944781.2890625000
50808233.5958913937 1612243.3808593750
51062152.3467491344 1696797.2890625000
51805045.1330764368 1798072.6835937500
50889601.7782642096 1645193.7900390625
50940580.4471969604 1669376.2617187500
51785451.2434948459 1797241.9218750000
51308403.1920417547 1737673.1015625000
51860826.5073197782 1803933.3593750000
53513711.3845129907 1894520.6445312500
53720129.2427030429 1901115.6230468750
57156655.3445448652 1941422.5781250000
52555300.1777468175 1852460.0996093750
53470538.3676718995 1893026.1386718750
51959003.6362620294 1812524.2890625000
60866871.4769285619 1945174.8496093750
53555735.8636044040 1894868.9531250000
52228982.8636922613 1834168.9296875000
52574141.7242985815 1854172.7324218750
51145641.2912725434 1713627.1503906250
55057796.0556484833 1926977.1679687500
69826471.0244954079 1946099.7324218750
69476262.7448876798 1946091.0312500000
50833744.0491654277 1624883.8330078125
50956648.9464305788 1672116.9628906250
50908255.1824598089 1656858.1376953125
53385904.1284973696 1888710.8574218750
61182022.4164177999 1945331.6171875000
50682126.8419311941 1536773.9238281250
51685762.6048682556 1789357.8710937500
51735355.0839022174 1791769.3203125000
52830125.1377933472 1866662.4902343750
52903711.0806861147 1870607.4082031250
53878517.7412583455 1907770.9433593750
51236483.6725766733 1726129.3613281250
51085768.2709044218 1697613.2910156250
52019336.5449434444 1816866.9980468750
52318018.4561521411 1838569.0507812500
52517868.1923594177 1851887.0039062500
60455297.9027142003 1945100.5410156250
56736619.3961585686 1938980.7382812500
53659470.7251580581 1897814.1210937500
52000819.3279495612 1814708.6054687500
52915705.1697095186 1871654.5312500000
56534954.6056988016 1937950.8027343750
55468887.4682795405 1930011.5214843750
50998721.8420615718 1678874.8066406250
51026208.3808996603 1685877.6933593750
64184971.5945178866 1945881.6445312500
72967499.0424625278 1946196.0156250000
68964034.4092839211 1946081.4785156250
59511803.5880067348 1944603.8007812500
51027727.5317297876 1686212.7812500000
51217663.7365806699 1721833.2412109375
51198093.6765626445 1721368.6699218750
55409081.6009279490 1928759.8554687500
56343194.6990898252 1936035.1132812500
68274921.9935805053 1946058.0761718750
51276491.5371335074 1732026.9472656250
51243538.1107902825 1728789.0507812500
55757858.3738648742 1931742.5644531250
55280653.6622932181 1928553.4433593750
53323549.7494122759 1886826.3613281250
53209033.6418302357 1882403.3574218750
55910037.7347708493 1933032.9160156250
53021856.0840541646 1874864.7910156250
56866399.0365282446 1939505.9335937500
55560618.9329378456 1930762.6386718750
51114821.3207628503 1703761.5478515625
