43066941.2830425054 904325.6425781250
43425614.1894081160 921654.8916015625
42923627.5680076629 895547.8339843750
42304158.0950417593 841256.4218750000
44687628.8311066851 952602.6357421875
42523754.8469961956 863009.4033203125
43907623.0227587596 937042.2021484375
42393860.4197451919 848648.2128906250
42774960.7409931943 884709.2216796875
42860872.3542722762 890821.0234375000
44234231.4866226465 946327.8164062500
43222137.1790891290 912344.8349609375
44002398.8648229390 938531.6162109375
42523193.1251594573 862094.3935546875
42336202.4452292845 841679.3715820312
43189749.1020651534 910401.3300781250
42135277.2859529331 794129.6777343750
43849333.0484658107 936121.3203125000
44072777.0616919175 942050.2880859375
42148793.1765373945 808292.4091796875
42541262.1475426406 863342.7612304688
43060987.3272966892 903519.2919921875
42596525.5571615994 869763.8115234375
42626617.7213342786 873361.8720703125
43422581.1063622832 920579.4130859375
44594204.3318945915 952178.9160156250
42735637.4802058488 882930.7763671875
43377380.5377524644 918497.1376953125
42644125.0218807161 873560.0878906250
42612267.0501075760 871651.6923828125
42830349.3020820618 888738.7480468750
43262544.5486922041 913858.6914062500
43640216.0067894012 928274.6318359375
44822310.2777632773 955951.0957031250
43500595.0337896198 924856.9414062500
42441992.4909390286 853965.6040039062
42705545.3160331771 880431.6933593750
42762907.7612583712 884461.2197265625
43050275.3955085576 901846.2734375000
43182628.1876154169 908840.1113281250
43971966.9248119295 937627.9687500000
43714702.0617228597 931843.7919921875
42363768.2555725276 844007.6298828125
42957536.9430289492 896878.1777343750
43151523.1964305267 907796.8203125000
43099213.2329313159 906123.8017578125
42646391.3425389975 874804.8901367188
42812842.0015356168 888648.1416015625
43308033.5084160268 914687.0468750000
42665259.2833368778 876909.5810546875
43346637.1873339638 918372.7880859375
42787672.8551487774 886302.2099609375
42483468.8142998889 859487.2910156250
43049832.2087436244 901717.2832031250
43813827.2335070595 935390.7626953125
43270127.7434821576 914219.6093750000
42675022.2638429701 878349.4179687500
42915264.5485921130 894946.5810546875
42226552.6793158054 823182.0385742188
42988427.6664592773 899224.1093750000
43486278.0586282536 923242.1035156250
42386995.7503233999 847653.6845703125
43679196.2467641085 931113.2343750000
42588386.9553209916 867798.2070312500
42189081.2189519778 821388.9355468750
42572354.2602123469 865958.1601562500
44008580.4202700481 939708.0761718750
44498896.5984145999 948487.6718750000
42745400.4607119411 884370.6132812500
42429254.7605532035 851268.4516601562
42514830.1057438999 861106.3422851562
42366294.6094019338 846319.9545898438
42843365.0537258238 890730.4169921875
42433853.8890984133 852004.7978515625
43314828.6229360774 916622.3632812500
44054630.7083573714 940551.0898437500
42107522.6525174007 784787.5781250000
44137485.8439485729 942162.7441406250
43143160.1770149767 907195.5673828125
43564069.1612840965 925577.1728515625
42468482.1646020412 856004.9497070312
42156204.0580391139 812588.4003906250
44373320.9646629691 947901.3876953125
42482799.1397634074 858593.5708007812
42255997.4067356139 832197.6132812500
43250912.6604411826 913117.6396484375
42950201.7608246431 896619.5996093750
42380800.8106692731 847116.8959960938
42585104.2389405742 866641.9106445312
43773972.0888282880 932602.6484375000
42776761.7521559596 885133.4843750000
43773554.5775982440 932167.4541015625
44302259.7090504915 947170.8300781250
42405171.7654118389 849674.1943359375
44521758.3413081244 951249.8476562500
42877038.6429574862 892342.0712890625
43794244.8349773437 934231.5371093750
43052624.3078811392 902918.0390625000
42362421.4544009864 843823.4321289062
42805977.3873450086 886806.5029296875
42143947.1465991139 805853.4609375000
42980724.8130148575 897350.1572265625
42476604.2001092732 857985.1103515625
42490921.1752706468 859900.4770507812
43564791.6752114967 927199.1533203125
42217868.8392106965 821435.2373046875
43975651.2451865897 937885.2158203125
42250635.8015829027 827700.6074218750
43173683.2292051837 907926.1250000000
42447302.1416974887 854119.5952148438
42595839.3162917346 868320.6303710938
42109684.1033435017 788102.8642578125
44140805.2841197550 942893.3017578125
42406580.6420982480 849842.0668945312
44175832.6553747281 943364.9257812500
43780153.6442753971 933779.1083984375
42555116.1384402066 864628.4545898438
42453376.6501272321 854846.7080078125
42434146.4524414912 852170.3251953125
42292336.4967870563 835602.5434570312
43018950.7186494917 901306.3847656250
42554854.0427337214 863917.4619140625
42263407.1797954440 833491.4418945312
43614999.6053422391 927419.3046875000
43098490.7190039158 904501.8212890625
43645522.6575324461 929501.5800781250
42279276.2117991671 834165.3969726562
43638763.8752824962 927957.6484375000
43467891.6663931534 921705.3798828125
44222552.7392115816 943623.8593750000
43392488.9452257156 918964.5751953125
42421012.0072274432 850333.2675781250
42349654.4086681455 842328.0922851562
42675821.9625577703 878576.2480468750
42584259.9505603686 866362.8017578125
42186979.7663416043 817683.8632812500
42738850.3342921361 883703.7177734375
43018228.2047220841 899684.4042968750
43312241.0841749012 915139.1533203125
42909978.0451731980 894341.0498046875
43187277.6904391572 909063.4658203125
42139125.1858037785 803646.6669921875
42227142.7040873915 823965.7958984375
42423768.6868396401 850904.1860351562
43968884.6657085344 937175.1855468750
42236457.7585272044 825784.6572265625
42987705.1525318697 897602.1289062500
43219549.6403279677 910861.6250000000
42245272.8478203043 826676.3398437500
42587965.8214349598 866820.7626953125
44927548.2119681314 956880.1640625000
