98887014.6515361965 52876.7129667861
121166893.1379999518 77599.0992557630
121029045.6208584607 77285.2861454114
119236187.1585983485 76002.0019605160
99927531.1802151054 57982.9347124100
116971962.9619902670 74466.6660082862
101614955.4158512503 60549.0221498609
115257804.5338529497 72870.1185549134
114510692.6687081754 72120.6877639294
127937758.0305211246 82923.1940240860
120457295.3418443799 76546.3330199092
112946116.6117363423 70593.3655183222
131450016.5918286890 86969.0585327148
101658296.4951076955 60598.1185243726
99279475.9971043020 55598.3428316116
125707787.4248723090 80836.6570028663
125697626.5289836824 80770.3506674170
101457051.2637677044 60061.4962099195
131073888.3050639778 86894.1243896484
106931677.9227590859 65064.2410056293
106626210.4445416927 64546.2161643207
123395112.2763686180 79707.4636297635
124848972.5979977697 80056.3465166520
99566578.6102272719 56728.1760454178
99329464.9499800205 55732.9284029007
125779536.0733123124 81005.1160788536
122069605.2138441056 78694.7113188058
123295697.7624373883 78866.3380646706
100719662.3841244429 59104.5872133374
100931654.1400913894 59599.1665773392
99406156.2641171664 56109.7966737747
108002497.8142077923 65462.2603955157
99260361.6507033855 55562.0899019241
130066456.8711253852 86685.7982788086
112084890.3814576119 69622.2682670951
100255298.0292619169 58371.9913451672
101830236.2786655128 60924.9945582747
111238492.3309407383 69317.0809206884
101728382.2178202420 60899.9383310340
99415487.4313162863 56148.9860048294
118918668.2693559825 75902.2935254574
130007933.7090988457 86035.1499328613
103449801.9555612803 61197.8666322827
121599475.3374568969 78039.9566861987
98670458.2176510096 49607.3460477193
98672120.1868935525 49622.9086545308
99475782.6961537898 56345.1998720169
100858406.1265091449 59180.3950904012
99148072.0150939077 54744.5449285507
121913053.4918837398 78523.8728178293
131607974.4695982635 86995.2203979492
98865411.3398413211 52384.0765769482
100603426.4054037184 58970.6738282669
98691228.2590909898 50519.2756131490
98692890.2283335328 50534.8382199605
102085941.7364504635 61053.5240995884
98702307.0085845739 50597.6991922539
100335745.4569876492 58473.5063223839
100024752.7589754313 58058.7425894737
101255986.8651622981 60016.5167787671
98695684.1502328217 50542.9295513332
98816721.5749760121 52131.0020388228
129098023.4462153614 84452.9367065430
101890501.5851363540 60952.9180153646
98798847.2801951617 52024.6645754439
101865554.9978930205 60928.6969943643
101055469.3942230046 59799.4741568565
126630853.7807007581 82177.2272381783
126170780.3065215796 82172.2525677681
99450037.6154507548 56304.5186662674
128939719.3948682249 84010.3991699219
129439964.3092109859 85264.8576431274
101696851.0913052410 60703.1039293408
98740204.8978520632 51261.4238301081
100087900.9213885367 58241.1088151932
101665908.6296545565 60675.3827531040
112487533.5782315284 70318.4499299433
99745490.2371739447 57293.8097352982
129412994.9697420299 84978.2598800659
116862386.7652032524 72941.5397792086
101098617.7241918296 59920.0427187085
100513583.1821244806 58970.6721549034
99650453.8577223122 57211.9903993607
106095794.3913885206 63815.5021916907
105373133.5587634444 62857.1140703838
98948207.2806119770 53574.8872430325
104327449.0950090587 62269.2307397531
103701387.1759988815 61362.0060812915
98781728.5085336268 51537.4800661666
121438305.9535182714 77804.7425782923
127678998.7982889116 82893.4027628899
127306110.4018852115 82277.4751734734
104948345.9893720150 62539.2960887402
100936544.6370360553 59627.1922197342
99801632.1255475134 57506.4622392654
99559922.4849241674 56595.5019731522
100922239.0356978923 59226.5490892529
124326951.6079646945 79798.2791815213
100094353.2266766131 58275.5172851086
100219681.1940131932 58276.1516313553
99432559.1827908903 56216.5842790604
100618505.8041446358 59003.7445009351
103503129.9947957546 61210.2529237866
108885396.5378201902 66321.3960051537
99910686.3026725799 57545.3433578014
98681536.9671446085 49685.7696268242
98683198.9363871366 49701.3322336357
112353283.8703232110 69778.4873978999
100352222.7706156373 58894.8642778397
99857963.7264825851 57540.3971757889
110838616.1947171539 68600.4987940709
109725960.9955900162 67105.4983940497
98854858.7008737624 52382.9881370068
98911413.7864434719 53003.6697776318
98990751.4969192594 53832.6153631210
98763854.2137527764 51431.1426027876
99474560.0769614279 56339.4338960648
99152334.7420648336 54767.8481416702
100435687.5591943711 58915.5985307693
98868869.5701361597 52745.9416575432
99601240.3439742923 56850.8877382278
99240551.9609628618 55508.9392061234
98833876.5036937594 52152.4196848869
98750786.0894257575 51294.1483219762
98669711.6964000911 49603.4154043992
110635976.0399083793 67558.6289741993
98912299.4248356223 53016.2239219844
98788032.2536666840 51539.8109847170
98690481.7378400713 50515.3449698289
98813335.0901921988 52106.9319009483
98934042.4471589625 53114.2248980999
98703549.8621671349 50652.3392506403
98835322.4368503839 52261.0880668163
98778342.0237498134 51513.4099282920
98724234.7702334821 51131.8012533982
98836984.4060929120 52276.6506736279
98889851.7673161477 52976.5101096630
99503405.0981049836 56570.5219926834
98904024.9998273849 52977.8411496741
98871977.4725352973 52870.1726462841
98824687.2893515974 52148.8955641848
98789694.2229092121 51555.3735915286
98692143.7070826143 50530.9075766404
99144739.3802234977 54731.1966981888
99050035.1933196634 54254.5649995804
99013380.1576347500 53943.1704835892
98671373.6656426191 49618.9780112107
98889770.7973764688 52943.2491905391
98705211.8314096779 50667.9018574518
99337052.9648405313 55938.9581727982
99126509.9959665835 54717.3852605820
99210372.6978276670 55427.5043306351
129052958.6096572280 84388.4808502197
99788882.8348725885 57413.7860002518
98914660.1473261714 53090.0336523056
99122155.4789296538 54686.4132661819
99402480.3576621860 55987.0486497879
99053052.1796530187 54515.5747652054
99179732.4466658831 55027.0286073685
98951315.1830110848 53699.1182317734
99435493.2474255711 56273.3672380447
128349591.1471497864 83954.1787796021
98944749.0503171086 53213.0221624374
99083231.4427882135 54597.0096406937
99103041.1325287372 54650.1603364944
99046486.0469590425 54029.4786958694
99001304.1358868033 53833.7038030624
98969189.4777919352 53805.4556951523
98934196.4113495648 53211.9337224960
99015042.1268772930 53958.7330904007
98916322.1165687144 53105.5962591171
125609529.9016389698 80608.6729714870
99293763.7217563391 55609.0321016312
99300685.7489370704 55679.7777070999
99330749.7662906200 55743.2191591263
99163393.1337495297 54870.6626558304
109513916.1365245581 66538.0495679379
121391060.2520915419 77642.4710970968
108842720.0961429030 65500.7810923602
