65113619.5127670765 252218.1436360180
64428080.9577349275 229961.3515768694
64310669.8984572589 225839.0405417131
68865496.3294399977 291583.0473632812
65999530.1046455652 272285.8142585754
66035857.1250390112 273391.2415924072
65261714.2736945897 255600.8016195297
65143035.3973570615 252762.3731730282
64915702.8668569624 246996.4698667824
64140075.7154939175 213880.2472016262
64728268.4679193944 240567.8701836513
65913601.4168031067 270565.5144081116
66875294.9479026869 285583.1440429688
66944604.2787976637 286761.2839355469
64114970.5557473302 207404.7168765664
67018249.4450994432 287457.0419921875
64395410.9947866499 227440.1422686027
64098648.1673192978 206778.6501041055
64430928.4279366955 230447.9320888817
64865044.2422226816 245871.3255898403
64577190.4169938266 235614.7636413872
64686894.5365284383 240144.5376768410
65640560.7365593538 265555.1720974445
66633821.6289925799 283124.8630371094
65037223.2224026844 250345.2512514889
64728628.5385138020 241171.6733961403
64763074.1181623712 242468.9752378762
64362209.7095053345 226613.2077338146
65112750.5022981539 251844.0447454453
64713901.2694764212 240566.9617064046
68104349.9056151211 290908.3891601562
64430568.3573422581 230033.7926947521
65702620.9028759897 266131.7124190331
64136655.5202239677 210722.4523387551
64235952.1720856354 218561.8979058862
66779538.0184048861 285209.3142089844
64777996.2362171784 242698.6526174843
64552506.9888541326 234570.2431240380
66082608.5360305309 274462.3761978149
65620660.9334534109 264464.2875418663
64233464.7724782825 218489.4567880034
65792803.7543958873 268467.2601385117
65420402.0920179784 259830.9610096364
65650041.6527689993 265799.2655184567
68369189.3352308124 291449.5971679688
64383258.9916341081 226758.9829957532
64446009.2925596237 230753.7533779442
67056086.8955508918 287459.6523437500
65555164.1642293185 263028.5905904770
65325679.8210357577 257484.2733165026
64808473.0974458754 244266.8487119973
64331074.7878285497 225925.1988308476
65713323.9614223763 266943.9221487045
66051044.7631006166 273671.3255529404
65875725.2953970656 270494.7998952866
64121054.1644627154 208032.5678057121
64957436.8688423187 248023.6055860817
65524182.5550825149 262260.5438368618
65965116.0752581656 271952.1372137070
64656643.1420121491 238427.4568968117
65543908.0252710134 262998.9865660667
65509462.4456224516 261701.6847243309
65723611.2216417044 267151.1682653427
65613258.8731881380 264390.6911535263
66313099.5682976916 278460.1584472656
65872036.8390273377 270076.6480016708
64457732.5999232009 231122.6561553776
65744374.1491995305 267349.1057424545
64899982.6260093972 246722.5297687054
64924884.4945483282 247052.6233355999
64884652.6790798083 246591.2862730324
64820791.2148412764 244764.3170957863
65616692.2150335312 264431.3058791161
64301988.3926903456 222268.4842754649
65820553.7308334559 269673.5433034897
65432909.5904468447 260213.8944712877
65786108.1511848867 268376.2414617538
65360125.4006843269 258781.5751582384
64307227.8293703496 222292.1003649281
65637144.3797884434 264619.4845876694
65507487.3821355477 261664.4343629479
64949395.7344770357 247865.5559685528
64498316.6287089959 231315.4186570095
66150217.7499876320 275485.9715347290
64195979.1915603131 218096.3739042925
65021673.9867950678 250145.2405097783
65623030.1515594497 264600.5317068100
66646090.6040897220 283227.6513671875
65216474.9881377667 254717.4018003345
66380708.7822547853 279484.6179199219
66703333.7015939504 284488.2592773438
68733348.2341985554 291481.5214843750
65467355.1700954139 261511.1963130236
65323704.7575488463 257447.0229551196
65683074.3317102864 265911.4055685997
66582746.5318842679 282639.4438476562
64247257.8007564843 218986.6709999489
66379399.6730909571 279229.8691177368
64701975.4011513889 240260.6951475441
68826815.6566540301 291579.4238281250
65936945.3260632455 271506.6691398621
64156682.3055925220 214451.6804902004
65008791.6535474285 249416.2954664528
67599323.6271529198 290175.2392578125
65043237.2331959903 250713.5973081887
65416433.3735981137 259797.9793468862
66167436.3583304062 275504.4513893127
66407703.5674677491 279604.0625152588
66004554.5400203317 272530.2644767761
65852307.3796404898 269870.9474215508
66234459.4264151901 276754.5888061523
65403073.8593711257 259654.1636030972
65057744.1339308619 250771.9448454678
65963455.3382685184 271707.7096061707
64803442.8128695264 243546.8880289696
67009299.4521632418 287161.3762207031
64178767.2969962656 214465.3976614522
68295543.9562502652 291170.2805175781
65329534.9556066096 258346.7071529775
66075746.5488102287 273862.3024063110
65450878.9532466829 261095.2811886220
66197090.5464503393 276370.4369888306
65009184.3260532916 249455.6901228726
64742782.2188491300 241730.0616739891
64194167.8865104914 214844.7633739114
66820169.3742871508 285422.0832519531
65343649.1838356107 258365.6600338368
65448609.9964773133 261078.3197628408
64564955.9050166011 235418.4234291958
66173182.3626031131 275796.4328384399
65043629.9057018533 250752.9919646084
64679452.4232581779 239540.7344643520
65702643.0750387758 266713.7092795372
65809872.8444498479 269443.3304343224
66413467.3504884690 280349.2663574219
65775427.2648012787 268146.0285925865
64673251.9939993918 238874.6261652611
66175451.3193725124 275809.2841567993
64524285.2370879203 233145.9521367550
64604704.2795289606 237174.9390673088
66327538.6626460254 278630.0780181885
65279787.7195970789 256538.6908565908
66148530.7385727391 275054.1822662354
66653615.6029385552 283769.8513183594
65267469.6022016704 256041.2224728017
66182976.3182213157 276351.4841079712
66298306.4336260185 277653.2391128540
64980523.1554653123 248889.7046211064
66016270.8494284824 272661.3414382935
64643836.1094094068 238345.3989051483
66359491.6508231014 278745.5197753906
68808640.5623272359 291555.9230957031
66990835.4324714169 287062.0122070312
64931324.2820351422 247313.0581486523
65591610.6080796644 263974.4871921539
65637778.2804550976 265256.4604606628
65447499.6053967848 260489.0869780779
64842561.5526380762 245310.9403989613
65093938.6045101881 251812.3400295079
64284703.4592716247 222213.0958477305
65233705.5487886071 255190.2489380836
64873038.4138667881 246588.7162778676
64180281.1407827064 214718.6769519448
65348867.7532892823 258366.8529777527
65285006.2890507206 256539.8838005066
65272688.1716553494 256042.4154167175
65502323.5470895171 261515.3208713531
68029818.5335883945 290881.2648925781
64361682.7704459429 226224.7877409505
64588541.5693333149 236501.0654794476
64245406.5733038336 218568.4024336385
67533858.3526819497 290064.0769042969
64550160.1403855383 234352.9625117825
67593311.6601827592 290091.2011718750
64817736.3615790009 244269.9252021611
66879911.0501005128 286000.3161621094
65262770.2561312914 255734.9564182758
67787754.4322101772 290400.9553222656
64797934.9400510192 243393.9912965596
64942599.1365331113 247534.6900337040
64591854.4934859723 237039.8287159107
68357594.8041391224 291197.4047851562
70047898.1707939357 291696.2534179688
70107351.4782947451 291723.3776855469
64527857.9380676225 234159.3263317249
65390134.1916298568 259534.1918582916
65087752.9248763919 251657.0010688603
65139422.7072373778 252666.1327724457
68483930.1256270707 291469.7661132812
65134107.8190897256 252628.4574794769
67087147.5497339740 287651.1313476562
66563440.0045415536 282166.1047363281
67001284.5778936967 287152.3591308594
64156403.9384536669 214254.0238223672
64130782.2250122428 210291.5226527452
67147072.4346087426 288099.9414062500
64627227.2574221864 237894.8997505009
64676217.1002771705 239045.0464152000
64512292.7526911050 233066.3452034043
66014001.8926590532 272648.4901199341
65541276.9329474717 262430.3597278595
65768493.8278083876 267836.7728996277
65539007.9761780500 262417.5084095001
65128492.8032550290 252334.2936594784
64262618.4678679109 222199.3786764788
65387018.8226700425 258968.1352634430
66511631.3554340899 280874.9691162109
64734530.3579438180 241343.1517466209
65187039.3793459386 254161.2628367245
64893915.9432129264 246594.3627631962
66462875.1320313290 280665.7585601807
64852797.3640474528 245455.0075516999
66366788.7489592209 279139.5221939087
66542108.2166627944 282075.6083984375
67254896.2927303165 288830.2985839844
65148666.6830500662 253043.5905344784
64932234.6754886582 247428.9139106572
66001564.2432655543 272330.9204177856
66532260.7982633859 281585.5568847656
67195442.9852295071 288803.1743164062
66878746.7111272737 285855.7182617188
65941343.1058051437 271570.4484939575
67104292.2983672544 288063.4072265625
65509592.0915880799 261891.4628391266
65578503.1287234426 263794.9979343414
66306567.6114988178 277994.9152603149
65573453.5558266267 263740.5516452789
64991533.4075330421 249327.4030361176
65948661.6354713961 271637.7461013794
64742988.2178497910 241904.1298051178
67351805.6866170615 288845.1442871094
65585962.5364539176 263903.5561220646
66518207.9020563662 280911.9667968750
65172709.7467006966 253773.1078684628
65151694.7372002900 253589.8295481503
66694393.2907040939 283778.7717285156
66221754.7670063227 276534.8162612915
67728301.1247093678 290373.8310546875
64780855.6055442095 243190.7471134961
66494548.8872724175 280771.8454284668
64937284.2483854592 247497.0147407353
65610661.7044050694 263989.7867708206
67102023.3415978551 288050.5559082031
67773640.2039811611 290386.1096191406
65946392.6787019670 271624.8947830200
67805971.3426312506 290497.5412597656
65773543.4007052109 267891.2191886902
66897055.7987337783 286412.5920410156
64830054.4789743870 244767.3935859501
64897702.4255181178 246683.4847114384
64961563.8897566646 248532.5735175908
69810622.8385653049 291583.5468750000
66795235.1900162771 285260.5490722656
66580477.5751148611 282626.5925292969
67553668.7832920402 290070.0466308594
66311617.1843956336 278077.8261489868
66768264.2912806645 284777.8054199219
66609717.4306198731 283100.0678710938
66134355.0897334442 275012.4961929321
65762285.7533101439 267550.8759117126
67714186.8964803517 290358.9853515625
67816543.1611785442 290853.5678710938
69908581.3564234674 291640.0156250000
67818812.1179479361 290866.4191894531
66603347.4884618372 282675.8823242188
65118991.3147986978 252219.4244292080
65182852.7790372521 254046.3936064541
64539509.9751549289 234325.3109050892
64807766.3768758476 243672.2500589192
65290082.5484483242 256776.0147612393
66521657.3973493129 281487.4008789062
67354896.4492038041 289384.3410644531
67476316.9789706171 289473.0449218750
68133957.8954390585 291149.8017578125
64669372.9197716415 238827.7357297242
65130248.9621937722 252609.2990649045
65194110.4264323264 254436.2682421505
64481394.2211427987 231223.0462568901
65226221.0842097849 254949.0455839932
65259605.6872196421 255511.6945822537
65237478.7316048592 255338.9202196896
66034176.6916755140 272669.3699569702
66118280.5158283487 274929.7925491333
67527479.3799144924 289522.8598632812
67490431.2071996331 289487.4677734375
66269834.5772034228 277406.0508499146
65562492.5817258358 263237.5586261749
65919405.3103554696 270953.1194839478
65035163.4736941904 250253.0103984475
65298251.1791051552 257371.5890927315
66291166.3650821596 277488.7544937134
66702899.1404099315 283815.0739746094
66574107.6329568252 282202.4069824219
65969342.2458250821 272093.4489517212
66249519.8066789359 276820.0281753540
67513365.1516854614 289508.4370117188
65226064.1907511652 254825.6339612007
65067904.3935581073 251263.6087749302
65248146.6982432678 255370.9721072018
69897083.7511495501 291606.5480957031
