128489642.7415560335 2513740.6943359375
139133328.3648183346 2837176.5898437500
141128807.9916686714 2859113.3671875000
130615462.2059677392 2609695.3378906250
130987821.1861407757 2625984.2343750000
132031738.1784539372 2671153.0058593750
128835266.1274830252 2525478.8369140625
128309155.6531358659 2501929.2695312500
132294204.5436283499 2674455.6464843750
132689754.5789727867 2689193.0507812500
127204225.8732693195 2407175.3232421875
133408948.6042117774 2713434.5703125000
133365176.7754383385 2712243.8359375000
132977918.2910014689 2701802.8691406250
139225311.8349393904 2840309.2011718750
127374752.0287740976 2428838.4833984375
128691329.7657275647 2520878.9824218750
133701266.2691660374 2724739.0664062500
133688380.4963242859 2718553.4140625000
133482329.1054487228 2714273.2812500000
134325756.5144091547 2738429.5996093750
127660757.3333714902 2460205.7802734375
132834802.1043694466 2695866.5625000000
128201101.2972551435 2498120.5097656250
140600589.7025174499 2854983.2773437500
133296687.8216781169 2711052.2382812500
132927493.9088054597 2696907.0839843750
130428967.5967272520 2603575.0078125000
128413229.9160269648 2507951.9570312500
126795015.7676814348 2372687.4716796875
140268040.0740464926 2853303.6347656250
147298858.2367035449 2906301.6152343750
139713139.2092387378 2846789.0097656250
126675094.1448643953 2364144.2197265625
127080257.1442510188 2401679.6904296875
144087221.5657166243 2888413.7656250000
141239559.7600329518 2863146.8847656250
126618408.9283286780 2360352.2958984375
135310833.0032756031 2760841.7421875000
128154396.6884406656 2487248.1533203125
128897534.6591452658 2528008.3603515625
135303318.0527470410 2760821.9746093750
140042479.1389738321 2848463.8027343750
142874142.0376760364 2881218.8437500000
130053092.6775705665 2587570.4003906250
139860227.2028216422 2847820.8789062500
131248422.3617420346 2638363.1894531250
137785730.0365872979 2816408.5136718750
139044577.7791185677 2836243.2734375000
132355558.3898231983 2681898.0937500000
131894019.4268086851 2661387.8769531250
140150004.3617387116 2849988.0781250000
129336881.1604414880 2554133.9765625000
137080105.8822387159 2802733.2519531250
135228149.5489713848 2758906.6015625000
128383325.8568585515 2503706.8300781250
138364295.2558966279 2826116.9785156250
131092962.0520240366 2631812.0039062500
131245234.6254239827 2637021.3789062500
144003909.5115832388 2887381.5390625000
129512704.4011371732 2566602.7675781250
142523657.3389904499 2878846.2285156250
129422072.0778139085 2563924.7636718750
128770903.6896721572 2521786.2304687500
131926975.1028436720 2663568.4023437500
130155015.7607698888 2587750.6367187500
127539736.8747221529 2448996.6074218750
142881688.8222147226 2881705.1132812500
137460623.5397794545 2810270.8144531250
132241819.7368094474 2674251.1093750000
130534406.5887561738 2607956.4082031250
141929317.2259407341 2870857.9257812500
128829520.3805990219 2522772.8623046875
128971305.0459718406 2531804.8378906250
130933438.0979961306 2625484.9355468750
135287332.5387990773 2759067.9921875000
129077255.7377382964 2540511.0585937500
132568503.8606888950 2689050.5156250000
129712961.0481161922 2571289.6210937500
141564074.3919069469 2868316.5761718750
134289810.2986086607 2738101.0507812500
134550407.4101989865 2742870.7753906250
134000624.1201623678 2733894.3437500000
128232159.4168938696 2500335.9775390625
138863913.2840622962 2831852.1542968750
137202179.5484976470 2803529.7578125000
133914519.8574219495 2726582.3574218750
142258331.7351244390 2875435.8847656250
134727652.6080553234 2749404.9628906250
132345495.8885791302 2676017.7050781250
126609931.3975485116 2360326.3876953125
141309559.7483588457 2865865.3378906250
126873873.5163529217 2397578.6806640625
129153510.1331484765 2546183.3183593750
127428734.9384133220 2442310.5732421875
127990145.9776687473 2470817.6367187500
127215640.8246866018 2411945.9921875000
128194180.4830130935 2494321.0117187500
141225699.7226780355 2863013.2363281250
128564764.1086451113 2517012.8417968750
129407834.0792334080 2557208.9375000000
135070151.0285975635 2754953.3007812500
127705587.7930767387 2461365.9814453125
134620517.4525778294 2745101.9941406250
137856864.9661523700 2818821.8554687500
127063650.4595579207 2400508.9599609375
129317772.0842117369 2551607.6718750000
129027477.4500618577 2535021.7705078125
134176834.2148049772 2738064.3222656250
128078548.4917842150 2485438.4755859375
127396164.0134116113 2437284.2539062500
128997981.1382365376 2534746.4892578125
128127079.1498370320 2486760.4482421875
143509565.6394320428 2884978.2246093750
128652373.3974306136 2518600.2148437500
134572440.3306823373 2744597.0585937500
135081304.0328093171 2755149.2382812500
128914311.7999895066 2531491.1494140625
129645166.0483257174 2568984.5214843750
129279163.7203322202 2549985.1679687500
137357793.4916206002 2808303.7246093750
138161600.9864815176 2819612.1445312500
137206115.9153791666 2807142.5820312500
137192688.5715904534 2803202.5019531250
128641079.2564283758 2517895.3056640625
137478621.7638205290 2810753.6621093750
128881110.7072907537 2526485.6757812500
128971897.0504541248 2532146.6552734375
127804912.6857575327 2464735.9990234375
136801084.6247992814 2798038.2148437500
127491743.1241263449 2444574.3007812500
134709858.7682292461 2748608.3691406250
137640945.3390552998 2812912.5605468750
137302633.9576575458 2808104.2695312500
134626702.4126219153 2748038.1992187500
137673988.5518744290 2814025.4082031250
135446901.5559399724 2767262.5058593750
135330114.5294078290 2762042.9296875000
135016478.6159527898 2753499.1503906250
127549415.8640521616 2449893.0595703125
141160416.2533415258 2860186.4023437500
128079332.9854033291 2486200.5654296875
134742943.9836895168 2751437.8847656250
150573824.5196045935 2917048.5722656250
134360045.9654446542 2740277.0058593750
136692643.2046006918 2792504.5917968750
139114703.0832428634 2836439.0761718750
136093616.1503608823 2779929.2851562500
138675187.4704429209 2830012.9375000000
135604103.8357505500 2767828.1757812500
131525136.7272361219 2647129.8007812500
137995969.4679859281 2819093.5332031250
137022121.7331328094 2802673.1542968750
127514690.7354675531 2447822.9199218750
135970034.2600588500 2777546.5957031250
129260879.4935908467 2547984.7812500000
136993178.6268161237 2802531.1210937500
138207082.5521758795 2822702.1562500000
138396586.9445517361 2827560.3007812500
144279329.9687683880 2888814.0644531250
136180741.4644372761 2782572.5800781250
148056590.0171411633 2909412.1093750000
145297498.0317355692 2898133.1367187500
141217067.6327124834 2862102.9257812500
127344494.0774445981 2421927.0947265625
141526202.6410225332 2867262.5761718750
145908060.1337556243 2898371.0234375000
138972197.8642552197 2833274.3359375000
134793023.5258552134 2753000.8535156250
144114488.6493283808 2888736.4335937500
141466514.4387413561 2866404.2500000000
127903820.6842015386 2468545.5634765625
141204015.7386502624 2861317.4433593750
142069732.9312344193 2872589.6132812500
136368710.9098239541 2786603.3828125000
131442490.4150914997 2644906.5214843750
131490436.7486423701 2645840.4335937500
127394662.5433371514 2430047.5527343750
127924465.8896657825 2469548.3603515625
141288831.9021415412 2864597.6914062500
128045080.2872962952 2479189.6601562500
127289057.2530205697 2420603.2011718750
136316500.6948302984 2786207.8203125000
143349388.9073402286 2884201.1054687500
144605511.7575305104 2890539.3261718750
128027127.0626347214 2471429.7763671875
136742433.6575962007 2792552.7304687500
144403067.5380249023 2890065.0117187500
143424759.1452337205 2884728.1054687500
144606064.9806776345 2890920.4160156250
130433386.5191243738 2605706.3212890625
143644275.4264379442 2885480.5625000000
136742741.8170183897 2796915.3183593750
142360115.7957217097 2876020.4433593750
130014190.7540165782 2582917.9628906250
127866172.2989396006 2467741.8193359375
127626218.2681729048 2456271.4951171875
143725298.9096553326 2887181.3535156250
135134458.9174195230 2757217.3222656250
142140430.9069058001 2874446.4492187500
135345776.7356621325 2762959.6523437500
135064817.3423277438 2754940.9824218750
129779383.2528719902 2572204.2587890625
135822711.4502745271 2773634.6523437500
129836910.3057411760 2575394.9218750000
133595057.1080555767 2716338.2753906250
142122745.0568407178 2873355.5585937500
129750445.7293018699 2571342.0488281250
142845705.2442413568 2879062.1464843750
144586699.8545078337 2890207.7871093750
150080502.4089688659 2916278.7753906250
129996645.2159335017 2581281.7412109375
130169107.0275108814 2588672.8261718750
150319062.2563872337 2916847.2871093750
146928083.2916724384 2904887.3925781250
129393655.8347068578 2554345.0185546875
130164935.3287782669 2588255.7031250000
143293754.2120660543 2883309.2050781250
129755073.2669036239 2571970.6640625000
150344602.4515318871 2916895.1250000000
131154863.8976273835 2633915.4160156250
150420468.3593606353 2916962.5664062500
145728114.2404681444 2898281.7304687500
131277800.4811503738 2639879.6494140625
131748788.8678938895 2658231.0019531250
139661384.3356986046 2843495.7265625000
145960244.0612061322 2899289.2460937500
131534947.0747539699 2648971.4804687500
150271936.8786518574 2916337.1875000000
140932986.3286004961 2858526.1972656250
140728687.8611263037 2857953.4785156250
144614683.0943144858 2892157.0781250000
139707112.7861039340 2843557.3730468750
140696366.4193179011 2856239.1621093750
149045563.1043076515 2912783.4609375000
130816640.8879867941 2625238.3515625000
132009778.9961661100 2664232.7734375000
147600850.8695450425 2908504.9433593750
138991138.2650961280 2835105.7792968750
130360898.6939679831 2601301.9511718750
130173749.6767732948 2598941.5781250000
131325965.8826055378 2644660.7646484375
132018613.3319661915 2666798.2519531250
148677357.9502073228 2910137.5214843750
130710215.0978389531 2614957.5888671875
146193487.7744484246 2900998.9023437500
136265861.7506669760 2785733.6777343750
148737136.6307721734 2910690.3945312500
131734110.6409707963 2656916.2919921875
136408517.1191786528 2787384.9609375000
149632059.3646433949 2914268.2753906250
131751802.1947311163 2659319.6181640625
130814242.8675445169 2617483.3974609375
145911592.5566083193 2898940.1113281250
131024721.6929629147 2629473.0771484375
136640173.4533768296 2791772.4257812500
131586304.8807732463 2650171.8984375000
138114232.4718829989 2819142.6054687500
136599511.4363037646 2791684.0605468750
132196317.3883761615 2672470.3281250000
131163843.2957023531 2634021.6679687500
149398682.4111332893 2913263.2402343750
149434254.8169054687 2913863.0156250000
132202472.2952871919 2673893.8476562500
135722656.3964861929 2770394.6738281250
135725337.0156877339 2771715.7402343750
136021578.5183028877 2777786.3886718750
136024259.1375044286 2779107.4550781250
146030102.1718358397 2899562.2832031250
146043828.5594092011 2900535.4921875000
135796415.2229191959 2772351.6718750000
149728782.0766777396 2914816.4492187500
146267676.1583984792 2902299.3554687500
149936998.2852901816 2915154.7578125000
146119680.5522063971 2900921.7539062500
146852488.3405258358 2904665.4550781250
132924003.6098404676 2696729.1445312500
149327006.7371357977 2913061.8769531250
130791126.3176386505 2616225.3955078125
146411586.6544401944 2902899.8867187500
146452016.9910962284 2902982.3808593750
146667852.1528796554 2903679.0097656250
132778858.9493433833 2691887.2070312500
149472948.2654303312 2913941.3886718750
130797276.9284346104 2616751.8466796875
149318694.9402038157 2912871.8007812500
133251648.1907658875 2705639.6386718750
148768133.9534109533 2911771.8183593750
148331754.7113158107 2909508.2207031250
132321286.3227922916 2675920.7998046875
148551429.1921185851 2909886.4902343750
132708640.7568000406 2689447.7988281250
148534577.1536143720 2909732.8320312500
147863157.2112487257 2909245.6953125000
147316344.5926704109 2907233.5800781250
145085963.1495098472 2893006.7324218750
145670097.0187942982 2898276.5644531250
145205620.2557026148 2894612.0761718750
146986821.4925257862 2906162.7519531250
