146315615.9684185386 675980.2050781250
138234733.2818076909 501162.5156664848
138821036.6803216338 527086.3960207254
139490121.1692624986 552726.0654811859
139576283.2452775836 556546.6140499115
143377191.0599541664 650065.7568359375
143367760.4707307518 649962.7617187500
144614623.4223866761 661307.0556640625
141111062.2209863961 604996.4766235352
141067778.4404155910 604165.1216430664
143474462.1366429329 652113.0356445312
143846911.2759614885 654402.8999023438
143852574.3230034113 655610.5761718750
143602616.4318805635 652631.7607421875
143666021.9261151254 652905.7236328125
143839076.5557079613 654114.8666992188
140433421.4483563900 585172.5706787109
140610216.4655254185 590418.7403564453
138688290.0587586761 520212.0978050977
138582359.7256722450 517133.2569498867
138538437.8345465660 514980.8195986599
138463221.2491259277 511321.9263700545
138508522.4851497412 512502.0672969818
138598458.6192454994 517574.1853060573
140310699.9171043932 580660.4590702057
140499351.7753245234 585257.5299625397
143726479.2179428637 653844.0551757812
142629753.5134869516 639349.6108398438
143991155.1101502478 655899.9731445312
137523579.8958419561 468863.9265897274
139006813.0829900205 533058.2566547394
143694477.0488128662 653078.6875000000
139395121.8498371840 548772.4562511444
139346527.5328311026 546395.1472454071
139357155.8594180644 547087.4889850616
139306481.3227347732 545439.3314800262
139442691.7877668738 550819.4305706024
141408908.4502542615 614908.1270751953
141253210.7220429480 610202.3431396484
141143433.8592737019 608865.9774169922
143360576.3894251585 649750.5595703125
143296719.8054275215 649313.3862304688
143041987.2192245424 646784.4765625000
143124468.0409180224 648594.1264648438
145772548.6515358090 671991.9921875000
145637548.8693197072 670540.4931640625
145877299.5489493012 673472.2226562500
146152398.6629635990 673763.0419921875
145632595.9984275997 669255.7309570312
137653113.9393240511 476439.3861691952
136832292.5284412205 422546.0231568515
136478204.3583976328 382478.3179046065
138185640.3317485452 499581.9072248936
136997970.2018598020 437287.8726851940
137015739.0008822381 437849.3997640610
137147168.6449160874 445399.9824721813
136979095.1615617275 436109.6261336803
137111183.1108443439 444372.1049697399
137074319.6952844858 441746.6968886852
140567788.9298668206 589739.4997730255
137999802.7466296256 492033.5311872959
142242074.2556416988 630631.3034667969
136420539.4233930707 377644.9983001649
136453242.9172156155 378547.4285174906
136414554.4973520041 371212.8340719731
146707779.1993530393 677515.5141601562
139279710.3423382640 545358.5454387665
139901944.8519132137 567115.9651489258
141766815.2946074009 620797.4904785156
136453332.2279924154 378947.0596071184
138827901.7635233998 527565.1957764626
138852416.5630368590 527688.3538674116
138781967.0973768234 525875.2130745649
137645440.4843828082 474325.1207501888
137471406.5063121915 463998.6924664974
138721456.7781743705 522501.5017784834
143399299.2916839719 650661.2915039062
138854129.8125520647 527914.0506490259
139885544.6516914666 567108.4131355286
144280001.2615522444 658325.5468750000
144242946.1937588155 656187.1210937500
140516770.6669520438 588030.8757324219
137653026.3791765571 475521.1514938194
136587255.4641126692 400882.3003202677
140585809.9934620857 590345.7142314911
140917972.7000217736 598825.7522583008
137283996.4684872627 454652.7660020292
136850719.7637858987 428270.3890778720
136816547.9929362237 421926.7786652744
138209045.0534397066 501106.1258239746
138032347.0438724458 493598.1585404873
138035314.6551138163 494413.6764085293
143171178.7250816524 649123.4130859375
143394443.9271984398 650575.2558593750
142231723.4971509576 630589.3816528320
136634543.3662080765 405845.4175903460
136609161.8534527123 403361.5767700335
146252152.4997493327 674597.1386718750
145359514.9221086800 667828.4072265625
145399457.0403400958 668478.3613281250
145020987.3154023886 666488.8198242188
136462715.5627810955 381110.1759604514
142181827.3986855149 630493.6970825195
143082599.3332563639 647555.7719726562
142929578.4287182391 643925.0454101562
143024958.8126193285 646297.9902343750
136822416.8525327742 421952.2576844394
136844949.9492983222 425771.7042329013
142797915.1903363764 642302.8750610352
140921691.0510363281 602695.3010864258
142534890.3995940089 637858.4766235352
142253990.5240124166 632324.3384399414
136400850.3653021455 366772.7041642414
143659680.4220198393 652887.9804687500
138632792.1756832302 518150.9270045757
136360085.6916048527 362516.1680185543
138006263.7149026990 492709.9092543125
142702328.8251751363 641923.8897094727
142845460.2041451037 643475.7852172852
143075581.3133580089 647280.6923828125
137372415.6311547160 460810.7209482267
137209416.0412996411 452358.8716809750
138904072.9016293585 528310.0358905792
137037721.8852621317 441552.4722793102
138756228.4908864796 523197.4948552638
142157994.4059115648 629159.4192504883
142121902.7833554745 629082.8650512695
143393400.8759433627 650298.3715820312
137200965.5516923070 449602.1768913269
137189807.3824031949 448718.1068382263
136398788.0321744084 362841.3693711506
137468874.5909738243 463715.7675940990
139224813.4827126861 542715.4542356133
139181799.9312072992 540900.2135028839
138204579.0272422135 500437.7460017055
142251195.2123933733 631740.3740844727
139856149.4851999581 565662.8527221680
140222618.1210578680 579863.8529243469
142662890.1827867329 640244.7587890625
137164839.3287487328 447994.9750413895
137302251.6869183481 454775.2160142362
142493675.0293855667 636401.9291992188
142338967.3997290730 634627.4419555664
142320459.7873051465 632370.5586547852
142415427.8824737966 635301.5872192383
142059640.7253203094 626995.2971801758
141511210.0973029137 616182.3314819336
142081827.6485930979 628280.7356567383
136602664.1158468425 402123.7012277842
141987785.9449824095 626231.7994995117
138691292.4075976610 521912.3788767606
146654775.5029567480 677480.4086914062
142953688.3931538761 644167.6499633789
137987515.9911476970 491694.3133257926
139695717.2799885273 559078.2118892670
139721800.0070295930 559362.5530300140
139681658.8253840804 559050.7747554779
142968090.8546318114 644473.4395751953
141017628.3400242329 603281.4954223633
140706424.3655014038 594937.9253425598
138766168.2657248676 524418.8485133648
146197656.7294528484 674122.5043945312
139125159.9652009606 538592.4041423798
139084217.0395104587 537677.0238156915
139145979.3149870932 539038.5855832696
139650410.3220236301 558154.8355464935
139824277.6381790638 565416.1063899994
139762873.8138400018 564154.1109371185
139798769.6127449274 565214.6736812592
141303428.4298032224 610818.1252441406
147143196.2759073675 678859.5849609375
145560801.7039338648 669170.2324218750
145450430.8777911663 668512.4614257812
137264527.3022814393 453114.7058982849
137209202.0426080227 450623.9635276794
142168553.0950629115 629627.6884765625
141796522.5525535345 621428.8806152344
141934844.7594463229 624228.2599487305
141926862.3043618798 624150.0855102539
138937764.3017285466 532511.8022580743
141758903.5927288532 620370.3807983398
138123689.5170487761 496640.9557025433
141489966.1530727148 615575.3247070312
141488767.8192199767 615425.0795898438
136922117.1057498157 430050.6700122356
136736372.4042148590 416787.2961369753
147559210.4689370990 680183.4643554688
138389343.8781490028 507660.8342470974
141638234.5811277926 617377.5548706055
138244305.9266788960 502518.4288256913
138079769.2147452533 495938.9493889511
136656444.5772146285 413512.7844460541
136691720.6432024837 414926.9827085584
146865901.7328178287 678272.4423828125
146799597.7979952991 678007.4228515625
140432833.9817104936 584380.0974655151
139025826.5656718612 533668.2754442692
137495325.3326847851 466736.4316403866
137547665.7993289828 469412.7296140194
144648867.1345912516 661590.2050781250
139988072.3006952107 571281.7146358490
142815451.0361248553 642377.3952636719
138917991.2280778885 529920.6349812299
141777683.9696023464 621226.2536621094
136924806.1046855748 431187.6085727215
136898915.0346921384 429957.2102954388
138523447.8635897636 513379.7463036329
144681287.3267746270 662860.4111328125
141609819.8310229778 617203.5817260742
138416407.4435853958 510389.8150400966
138426767.4062649310 510876.1812929958
139073199.8566594422 535924.8559837341
138125543.9960330129 498915.1099183559
140706355.8625507951 594785.9163188934
139642452.8307316303 556667.9371395111
140333707.4394855797 582926.7953491211
137840957.4495218396 484785.4569470882
137554093.2518929541 470203.2858312130
139646315.2587709427 557626.5613765717
141746845.2662976980 618827.8030395508
141681773.5295855701 618229.8425903320
137690573.2563805878 478198.2270505428
145110650.3516068757 667415.1181640625
145394427.6067273915 667875.4887695312
145073711.9837866127 667252.8632812500
137802623.5859445035 484238.2578260899
137827251.1345755160 484247.0863034725
137723887.4051686227 478471.4157712460
139797465.7193717659 565190.6865596771
136941898.3731337786 433965.9596469402
137911665.5216450989 490568.5492994785
138413385.3594690561 509124.1914330274
138288317.2365367711 504451.4607678205
144368645.4137052000 658440.3271484375
145861236.6662794650 672075.6845703125
144898907.2308228612 664233.2446289062
144902569.1672125757 665192.7016601562
140779590.8909364343 596687.9255371094
140751196.1565554738 595592.7157745361
147298337.6288629472 679303.5268554688
137776944.0370250642 483053.8922560215
145592247.1439462006 669215.6645507812
139860993.7417320907 566147.2346553802
139725434.7299026549 563626.1140499115
139951725.2345989645 570623.1194820404
144481914.9325677454 660166.7202148438
136504541.0360906720 388390.8758920729
140299178.1753297746 579976.6656246185
136578908.5497304499 400487.9134933611
136520266.7886087298 397355.8967691660
136548308.5253205299 397803.4849884172
144602566.4009368122 660977.7153320312
137328749.8242924213 458164.5106010437
141550093.1256335378 616275.9645385742
140532461.1265925169 588642.6479244232
140032222.8731053770 573219.2877197266
139830319.3613317609 565623.3194594383
141844816.1288191974 622410.8327636719
137068371.2167848945 441617.6437270641
137073450.0406733453 441646.4258620739
140061017.6376979053 573916.7331542969
140675389.5753504634 594499.8784770966
137437138.3912383020 462621.3630678654
136559471.8210372627 399288.5423156878
139915052.9022761583 570276.1744747162
146786799.3277264833 677608.9892578125
137019932.3732611537 440341.3454787731
145749219.8314017653 670883.6171875000
137595360.6215780675 473443.5260236263
137753676.2374845743 482440.8304161727
137829739.9679982960 484286.1629636288
144283162.2680409551 658382.4165039062
144517721.9877859950 660408.8583984375
140088089.1501005590 574746.1030158997
140149425.0023072660 577503.6136779785
140068056.7205383778 573943.1423339844
141680237.0857802629 618024.7556762695
136510317.2130798101 389062.1069506000
147140216.2092644870 678723.9394531250
147041968.7832888365 678536.4848632812
140665697.4202044606 591740.8760375977
140092766.5724635124 576271.9590206146
146553725.5121662319 676792.6420898438
146306462.6867982745 674606.6035156250
144834554.1485999525 663814.8369140625
139934295.0367316306 570575.6192378998
144806437.7179637551 663319.8544921875
147359432.0488255322 679600.9208984375
137764697.1468148530 482567.4311597347
136510822.6073914766 389095.5469385234
144484714.9917203784 660190.8764648438
144583442.4967847168 660650.4433593750
144437778.1129699945 659469.7963867188
140320847.2627887428 582144.6716670990
144961865.6573691964 665516.3466796875
144411106.0667635798 658621.3251953125
