80106662.6642342806 96507.3598892093
79918739.7317370325 94358.0452603698
79729368.2117029876 92197.2997466922
79739728.8712820709 92424.7015739083
79257577.5577875823 85441.3681359887
81369680.1303546131 110696.0552749634
83397472.5456491411 122404.5917358398
86527948.9905129969 123613.7512207031
86332362.9991876632 123592.5021972656
85188512.5247035325 123411.7057495117
78412713.4064664990 69103.6632938986
78236693.5638842732 61724.6623469107
78225317.7576727420 61724.4208143055
78188889.2238014638 59701.6849134266
80228767.8164936155 98142.5639775395
81308296.7458274215 110254.6740951538
79273516.4040396661 85673.7694780529
78958374.1704052538 79767.1026758850
79057864.1755513549 81730.9448389709
79086971.7344662994 82104.6090796292
78999342.2792682499 81467.0628809631
79138228.7983843088 83507.5481104553
79161784.6628985703 83633.6211015880
79118235.0192993432 83385.2732081115
79153238.6898346543 83624.2046587169
79298509.3909560293 85884.9980137199
78786604.2873782367 77243.2632987015
78801849.3839775920 77583.7465750687
78846784.0131737888 77596.7266623788
78746961.6659934521 75649.2040307932
78680175.8290436119 75569.2414429598
78780698.7130420059 77152.3478874378
78911180.3456393331 79283.1807618423
78915468.9410356581 79290.4515137955
80290048.6932341158 99112.0115795415
80240110.3047908247 98416.3650481105
78749538.1479621977 75657.1036623134
84424662.8872332126 123093.3028564453
84035875.8100725561 122919.5056152344
81825435.5895351171 114497.8465118408
84460784.4899602085 123108.0559692383
81246189.9470639080 109349.9941663742
80939189.3390931785 106598.5682446361
78379102.3087306023 67915.3694993369
82142569.7337049395 117564.5490722656
81650113.5301772207 113547.1179485321
81026141.5900603682 107172.9674078822
78270642.1428343505 63504.8593004756
86044007.9701849967 123585.0012817383
85998707.9595767707 123564.8897705078
78856061.2994619757 77961.6829001270
80442847.4617795944 100665.5901356023
82073501.4037972391 117066.0606079102
82163798.8001385927 117855.4436035156
80135146.2433735579 96921.9178052545
80685381.7768715620 103822.0398918390
80608724.8885161132 103046.2503383160
82419762.6444076896 119260.3837890625
78513982.2914383858 71703.0089294426
78511121.8495778292 71684.9985276572
79585544.5616622418 90061.0083823800
81327995.1138309538 110359.9321524501
87507188.0537576377 123662.4157714844
81320691.3286582679 110267.9143842553
83712051.5396375805 122765.0527343750
79627122.7502994835 90676.5333654284
82346576.9497646987 118592.1010742188
82062639.0810962170 116825.8243408203
82584470.1792706847 120106.7355957031
82648755.7000655830 120708.1891479492
78258990.0718792081 63471.4214736335
78373130.3795794249 67554.0859633796
78357876.7263069749 67155.0545913093
78286259.1510817409 63869.0621350706
84524031.6224107593 123139.4885864258
85097327.2004979700 123404.8327026367
78420976.9183823019 69302.5170823447
84707793.1481797546 123278.8986206055
86450555.7531987280 123596.2646484375
78244058.6424247622 63471.3208876960
78344041.7325801700 67078.9474402075
78178493.7847869545 59668.0405082703
78187375.0051105767 59672.2446181178
80186897.5890214741 97639.6618925929
83255884.5248586833 122299.6629638672
80146171.8412648439 97411.8817364872
79178596.7350057960 83810.1222878695
78462032.3902096003 70913.8771887426
80198581.9020554274 97947.6099677682
80190135.7631612122 97693.7130059004
80768361.0273572654 104574.4585167766
84215871.3641726971 123060.3192138672
83960703.5855572969 122849.2985839844
83948927.2970031351 122845.6238403320
80316879.0342166722 99616.2062244695
83556734.4327790290 122759.0922851562
78990369.5815203786 81067.4416191876
80526970.3124072254 101623.2270474434
84089588.0970679969 123031.5255737305
80337163.1336242557 99869.5603742599
80566633.7612501979 101909.1781489792
81932081.8760398328 115933.2167358398
78519690.6776320636 71732.5694940388
84578232.1571969092 123251.0584106445
79571349.5445392132 90052.4255010486
81124744.3722779006 108129.6633002162
78213418.7966190726 61430.2248093486
85464807.8632288277 123522.1334228516
79203749.1533132195 84294.8455332816
80630127.0477578640 103425.6734758615
79507011.3063122779 88988.3699522614
79467866.1474147141 88017.9390574098
80644050.6562544405 103553.7118400633
80461169.1583687365 101510.6882804930
80488113.8996158540 101534.8158439696
79490626.6207239330 88801.3707242608
79681635.5282547474 91732.4246183038
78430667.4813203365 69308.6624680869
79522357.8744742125 89653.7845574021
79724322.9607140422 92080.4923126101
81416611.8479025364 111311.9570083618
79954634.9518207908 95094.8614562750
81965250.0511065125 116008.5187377930
82757219.5811911523 120788.8804931641
82260476.1196060479 118156.6730346680
82238126.1967633069 118152.3209838867
82526153.5949830711 120102.6983642578
82616205.7177936137 120129.3449707031
82487340.7666111141 119510.5603332520
82641767.6011946201 120665.8615112305
78326585.5114822239 65610.2073541097
81103159.6201807857 108034.6941399574
78582177.7388056815 73162.4074743539
85229757.0126464963 123440.6076049805
85050752.4866762757 123391.7133178711
81536691.8233524859 112519.9806461334
78154465.4222088605 57520.1473785937
78157928.7488067150 59358.1952791214
78984317.7292532176 79935.1967095633
78878940.5717915148 78987.7701585703
78780722.3926160634 77181.8384974822
80786758.3939598054 104780.7338110805
80527231.7560432255 101750.4599923491
84857957.0329299867 123353.3749389648
80581807.7454674840 101933.7233693004
85194149.1687026769 123421.4561157227
78988392.3238918930 80953.6384325608
81909501.6515587121 115491.6155090332
79561663.9906179458 90020.5136914849
79032919.4627109319 81494.9179200514
80202907.8484960794 98006.8354316354
78583173.4848640710 73494.2714113705
78467831.7117899507 71464.7010988705
79337821.3313599378 86388.4637289196
86493012.2205633074 123608.7513427734
79404327.8482638448 87546.7581143975
78605324.6081259251 73544.0457636081
78647007.8022725880 74162.6583867185
78319019.1358602494 65520.0375242047
78242429.0718865991 61804.8884126805
78265939.1849052459 63476.2021743171
78545310.6243106872 73125.1766005866
78613754.0085003376 73713.7675697915
87114295.5905599147 123651.0772705078
82357480.0101645738 119080.5210876465
80507190.3513922095 101607.7607388496
79921193.4936359823 94811.5376563668
78162738.8233602792 59619.5999037623
80457400.6310977638 101030.0820827764
79087562.1019690335 82184.5315285325
79083439.0061599910 82010.3317604661
79106307.7794298083 83079.0522804856
80932181.4555472434 106525.8547360301
83802352.1426960528 122773.5551757812
84698477.7611308396 123261.4629516602
78630521.4476591051 73792.1119608395
79376265.0147829354 87364.8794113696
78418129.5349483937 69123.3779821997
79035246.7643012404 81537.6783803403
84405813.8454938382 123077.4099731445
78725737.3155098557 75641.7136061441
78759509.8475837708 76893.5901666842
83453797.4239832312 122442.8365478516
86863224.5725401789 123626.0604248047
80002558.2591270655 95462.9346538186
85758934.1762723476 123538.0458374023
81441364.9514564574 111700.9775466919
84175530.6388774067 123059.1510620117
79589428.7430455685 90614.2127042413
80808563.1693199724 105422.4576622844
84163496.8067816794 123031.8388061523
79530897.6481041461 89719.9423871636
86079363.2603500336 123591.3142089844
78440413.3285183311 69312.8417006843
81049338.9845542014 107868.7886664271
86000435.7204201370 123577.2818603516
78649275.1941706091 75330.7408936433
79452318.1062093973 88017.2965403199
78371910.5878208280 67551.5591608249
78287672.2137130052 65513.9070083015
79241752.0293735564 84999.0331950386
82935199.6278384179 121401.3204956055
78754085.3035643250 76026.2783955894
81948756.4326369017 115969.5680541992
81168939.7215211987 108743.1676184535
81126951.9265549481 108144.7652136683
78847003.5218171179 77625.3436836600
79362120.6060686111 87047.3335739672
81925961.9906066954 115774.2159423828
81220948.2622293979 109269.9697818756
79881458.8773756921 93953.5809815526
79376219.4886481017 87257.9042526782
80018068.7004521638 95927.4368957281
85058933.1515075564 123398.5863647461
79602290.9259726256 90619.7417569757
80063957.8112921268 96356.4283424020
83911963.9689234942 122825.0941162109
80795619.4498878717 105113.7702690959
81183299.0548695475 109179.5970618129
81130722.7571941763 108727.1337439418
82799516.9481141269 121088.6265258789
78293344.1738799512 65514.5666762702
84958803.7149972916 123368.5973510742
78981818.0556457043 79886.7562747200
82453150.6871714443 119473.5273742676
82501404.0030219704 119519.3250732422
78358855.8908408731 67339.4874650352
78448594.1099617928 69640.2387009971
78627394.3732327074 73791.2718729489
79341834.3948459923 86404.7279995084
86523880.4440000355 123611.2003173828
78945035.3825353384 79381.2926010750
79789365.2340378910 92893.0723454356
81703886.4363913089 114092.3638916016
82917572.6038275957 121394.5407104492
82893533.2641411573 121393.5568237305
81128421.4388156682 108289.8920669556
80160165.6804619730 97581.2667103093
82106419.0569096953 117473.4544067383
82504293.1273666024 119643.8128051758
85011708.8342638165 123383.2263183594
79851843.1381219029 93807.8053022027
79892599.0750575662 94069.0669144243
79696242.9384164363 92021.5201818347
79655791.0419813693 91690.8703809381
79774108.7782212496 92720.0823331475
85963097.5134124458 123562.8347778320
80608170.2681501955 102602.2687568665
81967053.1892289221 116451.6398925781
78504931.3137494773 71679.0187913291
78466612.3344873637 71105.2265550010
80303052.4147386551 99278.3011341374
85443494.3261952996 123443.4895629883
86762254.4379647672 123624.3291015625
81694938.1243461370 113726.7534179688
83129433.2191275209 121969.6547241211
79792581.9025518000 92893.1162076592
79076207.2944529802 81826.8744142934
82767037.8430624455 121060.5677490234
78320787.4542367458 65533.9022141807
83189131.0848392546 122117.2675781250
80827096.5051183850 105422.4602715373
79354080.6670691818 86434.5302157104
79429028.7858240306 87899.6328440309
81719742.7083607316 114253.0610046387
81924352.5832460672 115742.0365142822
79842886.7279999256 93658.4803567529
80883661.9128436893 105821.8106982112
80885289.5776880383 105864.3894147277
80405502.0873167217 100373.0295315068
80288936.0161125809 98831.1089606881
80732709.5256852657 104100.0541954041
79181770.5228900462 83815.4649865627
81274034.8031741828 109771.4066543579
81040214.4687830210 107487.3139540553
81041590.6368154734 107561.6220156550
80004600.5477219373 95629.4007316232
81572859.0622087270 113074.0188980103
81633020.8788188994 113416.8973083496
81472341.1369725615 111996.1422591209
81382566.8392044455 111020.5137891769
81370885.6378216296 110985.1964277123
81730374.1771840751 114260.5030822754
81724379.6527110785 114259.2515563965
82033940.5385362059 116772.8872680664
79237970.1433847845 84423.9851891994
81667811.4266139567 113594.7896423340
81414181.5114910305 111131.1273359154
80251153.8709576130 98806.8785877507
80446897.5517703891 100885.3492992520
83181741.9575619698 122027.2585449219
80017438.2854412645 95651.3341498971
80574945.1053683460 101923.1119937897
83127075.3271688968 121906.9896850586
81568162.7026387602 113053.1945571899
82953260.9799928665 121626.3508300781
81342868.0579547584 110574.9534467553
81466226.2480980158 111955.4347305298
83003751.5112742782 121672.3007202148
83079451.0012490302 121867.0853881836
