90392259.8867000639 248372.6875881702
89403239.6612981856 229411.6863099486
92069928.5361039191 272327.5567421913
96938422.2076885700 311131.9418945312
93539772.9988692999 289819.2507629395
99975706.3774899691 316045.0856933594
88598665.7019637376 188535.7280735299
94008247.0663838387 294501.6596679688
95091948.7765854448 303616.2808837891
93322053.0761286169 286948.1054534912
94224667.2318279296 296641.4051513672
90820696.1506886631 254290.0608126521
93908779.2337411344 294331.5141601562
89792529.3142866045 236914.7149697691
89170521.7138751447 223194.8368836790
100928079.0344284177 317159.4291992188
88742146.6003942788 191845.5200242847
91931769.7919852287 269827.3211364746
90206626.2419294566 245731.0022570640
89946400.5883640647 239621.6015664488
91061360.5368611068 258544.1586303860
90557126.1724124700 250364.1896633655
89750938.7906081229 234851.7408923060
89801217.3294108510 236956.2227841616
93754907.9596636742 291760.4544677734
100188200.1579565704 316528.3925781250
98199990.1773873717 313523.8461914062
99228761.4010273963 315531.3937988281
90127626.1473566294 243588.3600451499
90367883.0510569662 247772.2136598378
91264316.4488096982 261329.5210406780
91254887.9115146548 260690.3349158913
90529670.0583653897 250274.4542604238
90449305.8454791754 250130.6778932363
92306818.8996614516 275891.1696033478
90311360.7016140670 246905.7640710622
99425115.5696821213 315680.2065429688
91701309.7658785433 266530.9629864693
99163538.1218360066 315027.0310058594
99615053.1256046295 316014.7006835938
90101146.9783408940 243027.9014553577
89616381.0122111738 233533.3707203418
98038774.6072841287 313115.1936035156
97555200.8391309083 312255.2915039062
97481043.9908562303 311794.7026367188
90087784.1119190156 243027.7054450065
89942137.9113440067 239241.9587389976
90714251.8046229929 252114.8912683278
89534958.2177889496 231022.7917408496
90790741.4396209419 253745.8924446255
92071720.3006353527 272646.2655549049
95466425.8841522485 306161.1682128906
96444149.2502426058 310000.8762207031
91031626.6648661047 257983.4483192116
89361140.5752709359 227235.0503429919
89048316.4037128985 217285.2843953371
88651698.7476203442 188628.6321052834
90832993.0964838266 254292.6083917022
96027046.3651218265 308572.3730468750
90633887.5917367935 251971.1149011403
91725159.1111742705 266997.5125164986
89754301.5670779049 235596.1895701438
89584297.1236691475 232961.1750437766
89923934.3202973753 238897.9487954527
99116690.7033091486 314800.6308593750
90265021.2028656155 246446.3867785484
90392783.4960362762 249264.2283044606
92234149.9425281137 275082.2274384499
88549564.9980342090 184076.2531175464
97957604.0359709561 312879.5725097656
91480444.7794634998 262864.7505576611
93604787.8336211145 290984.3900451660
93300330.9711431414 286754.8327941895
89336867.4069855511 226395.8185120970
89347456.8052274883 227175.0572816283
89504625.8950537443 230949.2939381152
90132055.3887332082 243739.1837793142
96280872.0962894410 309942.2431640625
88828959.7774152458 201228.9728481993
95863769.2111686617 308513.7399902344
89205221.0995420516 225694.9432148486
89699618.5949829519 233807.3206715137
99000260.9678828567 314651.9406738281
89109730.9433760792 221245.1959877610
96139468.7649198920 309401.8374023438
97490207.4309192002 311853.6350097656
98430077.7315269411 313599.6770019531
90924769.8316404670 255165.2903907448
97777115.8320866227 312306.7282714844
89148055.4458085299 222471.1841126829
97080681.3545631915 311265.7749023438
89727285.1441373825 233895.0517544299
88765533.7745264769 197417.1913237572
97531513.5797095448 312091.9814453125
92271678.3911489695 275203.0939006805
90176680.3253862858 244673.2470364124
90027823.3827863038 241980.0657998472
92677405.0079006702 279874.2922992706
98559077.6890756041 314127.0996093750
101454585.0575621724 317403.2763671875
97086575.0649446994 311533.6560058594
89680369.5435231924 233567.4435944110
96742407.6187111139 311030.3989257812
89120070.7632101029 221970.7726785094
88994354.8411567509 215332.9208516032
89184205.4839186221 223254.8299450427
88964622.1393107176 214675.6963504553
96044738.7085989118 308961.2019042969
88882576.4697393179 209706.5233374834
88852103.0729215294 208950.8392541707
92961146.0162845403 283432.0031051636
92268683.4189216793 275124.9755554199
91376628.0219873637 261476.0568943024
89544184.0771471560 231255.5283779651
88592582.6938445866 184114.7097410336
98542488.0089224577 314061.2524414062
96613407.6611624360 310502.9763183594
92342338.8839282393 276051.1882915497
89478945.2758890986 229991.2440762073
97120844.9661723971 311620.4431152344
92458077.5351035744 277287.3809967041
89283711.5160783380 226004.7171150446
90947562.8986566812 256224.8064515591
89290957.6155214459 226193.2426571399
96629997.3413155973 310552.8564453125
89251944.5082974136 225705.4158631712
89267898.4867051989 225753.2289124876
89010237.7186612189 217147.6720315218
92649186.7419513762 279829.4739398956
89052956.1332780570 217694.0835286379
91133694.0555642247 258643.0027066469
97104255.2860192209 311570.5629882812
90014756.9734136462 240011.2772079706
89083733.4158581197 221244.8426228762
91400530.9877762198 262032.6528568268
91428889.9576254487 262045.1771183908
95687976.5380991697 307532.6987304688
88748511.2544293404 192377.7639068812
88916048.8516758382 211352.7004536539
96157148.9859943986 309438.7443847656
95450486.0736261159 305672.9000244141
88932855.1315297484 214292.6007641703
89465085.8592104018 229827.1002735645
97828943.6580995619 312336.6220703125
96277747.3039121777 309490.9055175781
96605704.4000230730 310456.7985839844
95782706.5944201201 307973.3342285156
98690068.5146550983 314177.0217285156
95270407.2402289808 304706.0692138672
95253817.5600758046 304656.1890869141
89383663.0647881627 227316.5212940723
95542829.3583613783 307142.2094726562
91005082.4256177247 257065.9796658754
90009554.7828967273 239986.1009384394
90325584.4910997897 247002.4820378423
89966380.2633379996 239870.3756576777
101471174.7377153188 317469.1235351562
97845533.3382527083 312402.4692382812
95800386.8154946715 308010.2412109375
93696543.4721375704 291546.3685607910
95816976.4956478328 308060.1213378906
94943475.7758536786 302442.9240722656
90597606.8774172217 251068.2044160366
89887282.0454012603 238527.8196326494
90904700.4632580280 254991.4181958437
93552716.4063416272 290174.8380432129
93592360.4414358586 290606.9356994629
90788292.1959850788 252810.1745641828
90022352.5244247466 240302.9398666620
93545040.4210274965 290027.8126525879
95341290.2118672729 305620.7370605469
90883412.9140991718 254982.7571679354
89155406.5759516805 222889.3855295777
91212123.9982852340 259637.2612679601
91812909.5665286928 268325.8095369339
90170981.9038447589 243938.3804985285
98793942.4937162697 314513.3395996094
91386745.7258767039 261546.7846624851
96032868.5545071661 308859.5642089844
90341538.4695075601 247050.3484471440
93443612.9336052090 288525.4313201904
92010701.9556318223 271551.1267762184
89856157.4484574944 237933.4737463593
90790736.7218240499 253150.8915072083
92149147.7572157383 273187.0027527809
92173131.5975246131 273973.6594605446
91987360.7499072850 270762.5629334450
92160885.6777990311 273197.2070527077
92211390.5590366721 274329.2467408180
95324700.5317141116 305570.2353515625
92201849.0418360829 274244.8547730446
88740835.9897742867 189527.1978798360
97850260.6739180833 312412.0451660156
90724563.4981862158 252184.1716341376
93957939.5104790330 294362.7612304688
98148236.7078067958 313176.6184082031
88737214.5153870285 189169.8942448646
93850938.5502754152 293230.9827270508
98164826.3879599422 313242.4655761719
95676106.3840073794 307431.0610351562
94112911.8775610924 296085.5072021484
92122626.7162869424 272841.6197724342
92385847.2494672686 276793.4211792946
94646972.4117376804 300009.4156494141
92550178.5723720938 278419.5331177711
92605050.6160649061 279374.1146607399
95318218.9565937370 304936.0538330078
100682058.5620415956 316969.1645507812
95300964.0495249331 304856.4003906250
88758930.8176861107 194528.9293666333
97905906.2013350725 312496.9943847656
98950873.2201597393 314541.9606933594
94175935.8882160485 296330.2854003906
94178413.9252070636 296530.7290039062
92477220.3260053098 277506.0485229492
93054483.0789906085 283670.2155075073
100095757.6802159846 316114.8063964844
93407033.7802350968 288271.7414245605
93898111.6309940964 294186.9743652344
100765519.5588666350 317135.6110839844
92491758.1094158739 277591.6686401367
94037461.5760699064 295253.7774353027
93826207.5992501527 293111.2111511230
92701980.5615918189 280790.7790527344
93215130.2881977409 285832.6770553589
100377266.5601740777 316557.7443847656
93121293.5841144174 285245.4087448120
94460950.0780838281 299070.4134521484
92681352.9698252827 280014.8297042847
93369858.5538372546 288199.5251159668
100681425.8980633318 316781.6928710938
92900191.1280057132 282718.7918701172
93227171.3625041395 286692.2780456543
93442679.5192654729 288324.6365661621
94284868.8531044722 297816.7816162109
92901160.2923971564 283205.5262985229
93364915.7900863886 288070.3761901855
95103620.2887208760 303624.3868408203
93876893.4207711518 293993.1335449219
93593282.2034901828 290608.5870056152
94861909.5699385405 301665.1809082031
93189749.4892828166 285665.2200927734
93791492.7699040622 292456.6181335449
95043530.4561992586 303463.3319091797
95060120.1363523901 303513.8336181641
95225540.7993519306 304345.2000732422
100667984.8315028846 316773.8442382812
93076069.7971134335 284784.0634078979
100943210.1911044270 317273.4536132812
93119198.0607523322 284993.4227828979
101058775.1416588128 317287.4260253906
95277299.5989901870 304757.6994628906
94944323.5598566830 303025.3480224609
94795650.2683570236 301591.0285644531
94241181.9924739897 297160.6673583984
94659160.6444976926 300918.4445800781
94895057.4554674923 302289.9750976562
94376624.4916209280 298378.7601318359
100577431.0226546824 316735.0322265625
91672917.3933530748 266106.5299959183
92132712.3811323196 272899.5896363258
92286560.3738633543 275257.6163697243
94555463.3819147646 299540.3403320312
94735840.1571724862 301130.0012207031
94495373.5493931621 299379.2854003906
94675750.3246508539 300968.9462890625
93020996.0442892760 283561.7089004517
94719250.4770193398 301079.4995117188
94612959.3011957407 299758.0235595703
94645106.1783236116 299903.3240966797
94416879.7391420156 298450.6729736328
91801160.1862166673 267868.2663240433
94442698.0042537302 298954.3618164062
91628836.7974838316 265739.5212898254
91367517.9802705646 261380.5845364928
91546537.8233112544 263964.6603211723
91192678.6134553105 258652.5433072448
91566980.8124437779 264180.1914491020
91545615.4076884985 263794.2184572220
91507699.7615967989 263492.1501130424
91436616.5074904263 262373.5756348930
91458588.2022565305 262695.5567445755
91501925.3017779440 263403.5108461380
92165228.6769511253 273309.8087525368
92523482.8441630900 278005.2787232399
91885897.3628331721 268961.2728678919
91914867.4646977633 269429.9718079567
91910698.2119960040 269087.0291035175
92449347.4888174236 277154.9293580055
91860274.1136559993 268634.4522614479
92733088.4972012937 280848.8341064453
92590361.9221359193 278831.4803466797
91912797.5233275443 269303.5716867447
92065427.9785332978 271920.0389618874
92808274.3310032934 281321.0035629272
92869307.6486062407 281978.8957214355
92833862.2751310617 281645.1143493652
