131687453.8642400950 270724.4462671895
131710773.5469539762 276806.1855745930
131536064.9435637742 234460.1616021153
136272698.8655124605 553845.7587890625
132712552.2324581891 395561.1679963280
132261199.7719589025 352473.7574863434
132212098.4680266529 345521.8614139557
134266712.6583448648 497296.9829559326
131811747.2253427655 290658.2832777202
132863517.2899229676 409710.6658744812
134826277.1659571528 523972.4642333984
136798158.1381973028 555593.9106445312
136837037.4556859434 556085.2294921875
133896703.8227132261 477598.5327301025
136362686.3331209719 554231.7177734375
136176858.6462715268 553023.5595703125
131908204.6788737327 308892.2922618389
133484108.0925180763 450323.1894989014
137792544.6435342431 558219.3198242188
137471752.8545331955 557656.7426757812
132630365.7756872624 388211.6075725555
132033074.5823044479 327503.3505351543
132058777.6220554560 329750.3112895489
132080953.0652057081 330184.1608989239
132041113.2131673098 329683.8024394512
137437445.2188543975 557434.2568359375
137132689.8993055820 556854.6831054688
135491744.0235699415 547463.2910156250
132405896.8184502125 365662.5074547976
132301251.5786452293 357653.6737984717
132246016.8670876324 350853.4552926123
132693710.1024814099 395395.6404094696
132713352.1001325846 396496.1504192352
132647909.1317598671 390644.8348674774
134096137.3649944812 485842.2919883728
131445673.3036082536 200711.9345886018
136883832.1138546467 556313.8613281250
136521775.2104687989 555061.5229492188
134317654.9449715614 497530.4782409668
132209913.6573404819 344785.5965637863
132318839.4482803345 357904.9566735476
137197940.7636483312 556962.9965820312
136958630.3852590024 556390.8261718750
133345171.9543002546 440838.0371273160
133324761.4653503299 440660.8459640462
133265244.1529914141 440490.9649093747
132451111.6535255611 373339.1847305298
132459450.1964994073 373758.6991405487
131572493.3431305438 243645.2861612756
134579280.1486068964 511919.0366210938
135316856.2553323805 541247.5478515625
133782149.4368351698 470420.6895141602
131424403.7125496119 192021.5211333372
135573948.9577634633 547994.9321289062
134192155.4763660133 491155.8405761719
135538845.1890957355 547495.0478515625
131627237.1665002406 261800.2108121831
134185882.9937261641 489891.1011199951
134615796.1643069088 513270.5616455078
133013602.8459291458 420288.5285987854
132986316.0882464051 417326.3488052487
133138166.8432165682 432721.3929088712
133024059.1055042744 424692.8795517087
133124417.8754681349 426826.7895248532
133129722.9381891191 432199.5749252439
133073736.3400227427 426077.6214942932
134204568.7488173991 493920.7126007080
134115915.3889624625 488583.2177886963
134398407.0281014144 503962.6238708496
135665793.3338620365 548579.4885253906
136672510.8744158745 555258.6376953125
131877928.4319777191 302883.4402059615
131518162.3204433471 227659.9430962559
132969032.2190964967 416596.9061282873
133033151.6760872602 424717.5554618835
133199578.4728274047 433688.6295204163
133163695.3278256953 433460.0084266663
133123349.0210669041 426437.6091049314
137179206.3965197802 556942.4565429688
132908740.6120774448 416161.6757621765
132989782.6670359373 418247.0983524323
131674199.5674173832 268586.4833951909
134558632.3863037527 511505.7813720703
135200980.5430777371 538999.1441650391
131751760.0129397959 284151.6063166279
137064212.4298051000 556577.0297851562
137380278.2911618054 557006.9892578125
137384306.5513959229 557362.0927734375
134025983.0950527638 481259.6643829346
135420978.3316885531 546622.4404296875
135023602.6088745594 532901.5712890625
134845986.7967673838 525964.0789794922
134611508.8045852780 512454.2575378418
134860873.5647396743 526469.4256591797
134773531.5354823172 523293.8851318359
131514923.6187001020 227052.1149807330
135183438.7203809321 538176.2916259766
135126279.7630622387 538126.5367431641
132172574.1301966459 339330.9097635448
134057350.0814191997 483892.4186973572
135482670.5086175203 547009.5136718750
135358255.1074768901 544972.1340332031
135327681.4367543161 544804.7844238281
137704649.6679419875 558214.8906250000
131638004.5559305698 262931.6803098638
132193022.4703275114 344075.5062929094
132271241.8637930304 352858.7818546295
131528946.7503500879 233229.2619603891
131666503.8268049061 264235.1093412358
131519877.4868686050 228913.6891442295
138175153.9362318516 558717.9038085938
133746934.6404209733 468681.4109497070
134629463.3077658117 513359.0323486328
134706411.7597509623 519791.1779785156
131658829.8846157938 264070.7104885578
136406830.0426513255 554258.8803710938
131979984.1341998428 316657.2019946575
131596553.8884137273 250081.9983640630
136743084.9083762765 555416.1025390625
136205841.1922301352 553071.9086914062
136264336.8057091236 553740.8315429688
136316770.8694452643 553846.6215820312
132169734.9732186496 339146.9742777050
132950357.7274373472 416368.2294629514
132346311.8403337896 358749.9560794830
132299168.8319884390 353217.5345706940
135884087.1953850091 551198.4741210938
132798456.8004910201 404592.7877998352
131802729.8642144948 289116.0576013774
133827489.1957914531 471918.5874023438
131599449.4192648232 254194.8954282720
131621915.2793308198 260842.8785367925
131457268.5971275121 201169.0389568117
131475690.6798024774 213056.2170086857
131421429.7499628514 187236.7564460244
132517851.3482691199 378537.6236400604
136481888.4344168901 554328.1811523438
131484128.7800538242 220330.0286522862
131488770.9872162491 225313.5954262652
131482180.1411408335 219347.2035103496
132414311.9607515931 368341.7818279266
136150027.0820805132 552838.3300781250
136021346.1966625452 552588.8676757812
135255946.5698813200 540331.2659912109
134412639.2774241865 504870.0556640625
132584985.7317188829 383609.9980754852
133878904.6857721955 474441.3688926697
134226235.0978483260 495920.1382293701
137396221.1111234426 557429.6401367188
131443895.7902005464 200309.2939464357
132001624.5795704424 322019.3955485821
131939762.2285692096 314323.9907176495
134651285.5681452155 515689.7197265625
134521727.6107609570 509506.3557434082
135091099.4625847638 534321.7501220703
134957552.5172543228 530598.6381835938
132348963.9117169082 360704.5007572174
135779495.7350487411 550145.8659667969
134342235.9687577486 502633.2291831970
134310093.3693602681 497501.5156822205
134390355.2693053782 503272.1937828064
134334105.6494114995 502550.0436363220
134632735.9326803088 515579.3725585938
134462140.6875359714 509147.2269287109
133395252.4161982089 444276.6632350087
133374323.2415344119 443395.3084986806
138085462.9957787693 558706.6909179688
134194208.5898357332 491733.7907409668
132513551.7032078207 376604.7141752690
132437283.8119083643 370431.6920195073
132443143.4880806506 370749.7659882754
132788152.4552194923 403318.7187290192
132855080.8916463405 409329.6546421051
133780421.8384179324 469714.1426391602
133381362.9182166904 443933.3114283681
133422119.9087125361 447474.8880462646
131552349.5054591745 235280.7289629560
131475685.2258935720 207672.8846354503
132107018.6622045785 332317.0736435056
132016828.7810826600 322733.3404033184
132094497.1882911474 330977.0304480791
132147180.8794535100 337843.0427362621
132558573.1440234631 383605.7560100555
134138739.4546655267 489850.0325164795
136122519.7338107824 552659.6499023438
136110233.5298503339 552629.4448242188
135909650.3979111612 551372.5537109375
135888107.4206340015 551242.2524414062
132752670.4968942553 402004.4511737823
132228689.5090871155 349513.2351985723
132239469.8564369529 350504.4832149297
132061469.7690281421 330019.2400004864
131995656.3603758216 321918.3169963360
138052572.2091558874 558706.5034179688
138411150.6439693570 559491.7539062500
132468865.1575736403 374935.5524578094
134014370.4842743129 480369.0746917725
133559267.4108936489 456400.0568488240
133539625.4132424742 455299.5468390584
133547924.0167819560 455872.3102667928
133550994.4349523783 455907.7458136678
133784127.5114279985 470638.2085571289
133870689.1345337182 473829.8210411072
133842057.5500629991 473439.7807617188
134296735.8353931010 497340.8955535889
138226182.1749444008 558919.5834960938
132548707.7965296358 381071.7538127899
132390295.8201765120 365155.0376252383
133786066.7774151117 471561.9812011719
131972856.3591208309 315440.1536853313
132528451.5469583273 379728.7435588837
132489145.0852974504 375214.9863567352
134844867.9734575152 525528.0174560547
136238577.5140502155 553072.7714843750
133219316.0519562364 434454.4137674868
131580881.1575234979 243876.7612462956
131567700.1535953581 241410.0776792485
131603665.6998227835 256018.3266263921
135904340.9236320555 551324.9121093750
131740960.9715491235 283085.8415613789
134095287.6505240053 485776.9761314392
138038913.9108575881 558506.9331054688
131464382.4364157617 206950.4389335420
131563275.0272085816 238466.0280251522
135007454.7899457216 532107.6463623047
134907238.9643381238 529726.0307617188
131508861.3158990890 226526.0534859356
131487646.4983749986 220893.8096276280
131477454.2411006540 213820.3423668779
131675393.4866841137 269826.4768074472
131786277.1008136421 286302.3927520514
131727682.8946432620 278234.8549795765
132791081.3420977592 403419.0990238190
134109580.9058071524 487850.2917327881
136773456.7547885776 555544.9790039062
131710193.8945247978 276671.9519554693
133442376.1582838446 448817.8983001709
131678798.6776494086 270580.9529026467
133957484.8232731968 478266.8199462891
133968937.5729952306 479758.0857505798
131588136.8044513464 249002.6952634770
131616093.1447657049 256847.7021418232
134325410.9082982838 498000.9055023193
131471002.2018332928 206991.8861002941
131725882.9135745615 278160.4883547444
134936846.4224146605 529876.6303710938
135119835.2385892570 534858.9483642578
132114890.0380602032 336031.2579160929
131654897.7563436776 263296.0402646977
131883512.5921632200 303893.4482931197
131873952.0449256003 301543.1073465198
131956050.1885585338 315041.6911436319
133593324.4167816788 458211.5224640667
133627905.8982396126 460542.8033294678
133501651.9177484363 454285.5182952881
132361343.0142356604 361025.3832035065
131584794.0532912016 248975.2104764897
131654290.2417715341 262993.9236684758
131650381.9853562564 262959.0388153512
131634618.0029019564 262096.5124021489
132283940.9063680619 352991.6273441315
132770978.5892772973 402023.3154315948
135710585.7467867136 549234.6140136719
135857529.1799337268 550442.7722167969
135758746.3396122456 549930.5236816406
131442483.4009051323 192423.9581229426
133349684.0157614499 442542.7790374756
131817600.7259644568 293124.2441232502
131814831.6273324341 292814.7598554790
132748201.8886708915 400762.1924228668
132950995.3734287322 416413.5275516510
132812633.2707692683 408455.4610614777
131857918.6704240292 300464.8007211536
131879943.4792566746 303836.0440656841
131896207.0480757803 307521.0404999703
132670317.3265443146 392441.8431816101
131435130.1841403544 192377.5195427593
134696077.6582525671 517884.9465332031
132969710.3272842318 417038.1176151037
133657101.2981150597 462061.6246032715
133007242.6143785119 419185.4711856842
133442089.2065162510 448355.1966400146
134015821.9963006526 480642.2289296389
132899513.5698544681 411252.9381717443
133619647.6621890366 458278.8320922852
131846493.3831241429 299084.7680647075
131840436.3629953712 298910.0698225200
134079026.5401283056 484723.6949462891
133721785.3164745569 464595.3302612305
133765873.0488294512 469367.5967407227
133707180.8244408965 463759.8475952148
133670049.0819614083 463300.3080444336
133587692.1600384116 457327.7019653320
131860660.5392047018 301103.4787865579
131853809.1699223369 299829.0481855571
131804003.3162096888 289202.0480493754
134680504.8594895601 517734.3469238281
134543410.3411991298 511302.2012939453
134004249.7005918771 479910.3412704468
131779393.5446563363 285742.3957732916
