83088038.3981124908 445605.8735351562
82572914.5196684599 435399.5817871094
82730346.1460707784 437663.7907714844
82487268.1318634152 433693.1308593750
84191498.6561390609 465262.6325683594
84129124.1854746342 464606.6406250000
83633951.9640237689 453196.5397949219
84116114.9530509561 463338.5278320312
83948346.0983288288 459761.4300537109
83884156.3534386605 459691.3911132812
83690659.2654710114 454724.6925048828
83847500.2602062225 458720.4191894531
85832890.4511239231 469684.9392089844
81478605.7487186491 403640.2503426671
82057449.0215376914 417329.5401420593
82086894.3715103567 420139.9996757507
79615180.7058156729 304444.5188615322
79551441.6910915524 298309.7380998135
79527182.5992958844 298028.9906142950
79516686.1084031463 296558.2249162197
79408966.0394081473 289633.5743528791
79461065.6509308666 294954.6740849018
79567352.0850941539 304088.9981706142
79485391.7257513702 296435.9258940220
81336197.5633665025 399147.1792793274
81300301.6885783523 397729.2824373245
81044321.7133035213 389513.3313512802
81260385.3951109946 394444.0478096008
81283126.0408035666 397619.8510322571
81400120.8378574252 401636.3278388977
84822353.2332164794 467113.9167480469
81508470.1767071187 403796.5943062901
81337260.1270184517 399499.8499825597
81272999.0502352268 394708.3343575597
81537190.5069100559 406902.7936471105
81248549.8197492957 393901.1521676183
80536548.2209950984 360513.7764720917
83248220.3418553472 448813.4261474609
83203701.6503666639 446116.1225585938
80327558.3424396068 352802.4458007812
80122540.6271732897 345118.4162006378
80305038.0350880921 352765.1096401215
80295150.7797810733 352257.8984203339
81953710.2570146918 414798.1496518254
81947786.7819166183 414609.0493233800
81639277.4470113069 408287.3994210362
83625329.8081239015 452461.0871582031
83547041.1908238232 452043.6955566406
82002322.6821190417 415732.9306335449
82232984.8694251627 425151.3926391602
83075287.8437825888 445320.0948486328
82734251.3958023190 439393.2016601562
82990935.1126081496 444088.2597656250
80497985.4078197181 360227.1182708740
80600467.6922928989 367055.7733001709
80594783.7386563867 366360.1053314209
80625241.8603858352 368860.7176361084
80740230.3106408864 374513.7837066650
82153096.6252178401 421481.3393363953
81901219.8178346455 413679.8219413757
82072023.1974621713 418563.4183769226
81204638.6788334996 393354.9974053502
80192715.1706468612 348162.6362066939
80422043.8785945475 359222.5894680023
80018050.2653321177 337018.3835135177
80062651.7156519741 340408.8309241012
80077754.2429310381 341495.0931616500
80410432.8964028358 357104.7327270508
80329201.1188563406 352912.5014839172
80406737.3967370093 355935.8118040562
80027780.4267720580 338327.3488063812
80191587.6523255259 346462.7233943939
80552328.6085024774 363048.8121166229
80398308.7591716051 355902.3197994232
79597705.1850647926 304124.0468909144
82892345.3315484077 440776.2484741211
79560367.3327409923 302770.3546247482
79640427.2160378098 309118.1532421112
79620084.2064422369 306292.6844921112
80259015.5296056122 351134.8404293060
80275218.2909735292 351281.3375911713
80283476.1872079819 351961.0753993988
80114299.3079287261 344500.8346996307
80106717.0149825960 343134.3190441132
80249922.3209387213 350533.9732189178
81014343.4363039434 382267.3822822571
80953680.2676334679 380116.7738227844
85034400.1037344337 467748.5046386719
85693573.8313519955 468871.9079589844
85033549.3630213886 467661.7612304688
81686482.1037639230 409232.8152103424
81776009.5523118526 413591.8845217228
82008049.4932384193 416048.7783205509
87524857.6070326269 474507.3007812500
86721880.5735598207 472857.6096191406
87717877.4127556384 475028.4038085938
86899628.4543876648 474274.8159179688
81727776.3247284144 409236.9547188878
81902606.1592420042 413707.9459648132
81730897.1032641083 411944.0267403722
81873304.3331338167 413593.8671636581
81994871.7561129481 415483.8247222900
80113910.8388397992 343518.2658138275
79932826.6616730541 332942.8063678741
80002101.1485586315 336244.5543880463
79967055.2776577026 335621.3306560516
80369451.8749483079 355318.6931209564
80362214.1015385091 355216.9328060150
86202048.0995131284 471291.1174316406
86074901.9592001736 470909.4423828125
83195644.2833046764 445767.1717529297
83346732.7092938125 451556.6894531250
83706964.4714663625 456732.2288818359
85593412.8055124730 468499.6137695312
80816679.6288928241 375606.4166259766
81032052.4673181325 384047.1334495544
80744011.8224397898 374520.3422698975
79761450.4747382402 316620.5313210487
82806020.9779907018 440105.7500000000
82961274.9069329351 442915.2785644531
82913789.9568639398 441206.2387695312
82925066.6328936964 441754.2895507812
85023748.5714742541 467637.2812500000
85006073.0943090618 467482.3872070312
80796389.3472939730 375040.7344970703
80568489.0449468642 363854.9869384766
84106841.5086337477 460791.6479492188
84022137.9014284462 460480.7827148438
81348991.2578282058 399644.0206368566
81466669.8080294728 403524.1200020909
82046622.8568217456 417236.3070983887
81215704.1030917764 393601.2776069641
81021072.6896012127 383183.9516792297
82691646.1383529454 435747.6920166016
82490210.3218363971 435314.3963623047
81282010.5992501080 397518.6889228821
84048268.1046016663 460574.6333007812
84084172.7237678617 460711.5040283203
80828340.1578801721 376356.7630920410
82699647.0361010879 437242.0184326172
82803701.0533783585 440043.1027832031
82840660.7428863347 440709.2639160156
82301566.9907855839 425455.8325195312
80863204.6763247550 379074.0954169074
80706877.7721743137 373056.5049133301
85962016.1453558505 470723.9902343750
86421005.6400704086 471974.6791992188
86619575.8761948645 472078.9282226562
79554300.0881859362 299122.2173655033
80999249.7340183854 381460.8081054688
79838695.4897571206 330244.5704822540
81155717.1172043532 391741.1630439758
82369907.6466949582 432996.6370849609
82311291.2801077366 426498.6892395020
84834669.5062039196 467391.4030761719
84926043.9444019645 467465.7185058594
84269083.8289247304 467068.1669921875
79793396.1284071207 317855.4177122116
79631425.6924955249 306716.9988596439
79813531.9605174661 321450.7101128828
79751247.9722228050 314908.2170896530
82199056.0117920190 421925.0192565918
84618346.1520807445 467110.9570312500
79990485.4675725847 336133.6249446869
80542381.8795127422 360551.4481029510
79470485.8156270087 296407.0510728359
79677891.0915586054 309120.5824413300
80960234.8736102879 380787.4671211243
81013192.4579227418 381564.1857986450
85922507.1656961590 470689.6972656250
80586309.5676076859 364686.5419311523
85101386.0497604609 468252.3569335938
79702574.0371628404 314376.1057004929
79757810.2926900387 315012.5568723679
80994178.5602515042 380946.3341560364
79685702.0193137974 309339.6676511765
81179891.3736355752 391783.0639228821
85921936.4200136811 469850.1828613281
