84745998.0074012876 4356.1208321434
87879595.3665023446 5470.5383911133
84681435.2948122472 4305.2343285428
89781516.3921829760 5546.9428291321
87702610.6120432466 5433.8504867554
88379808.8617682904 5525.3234138489
82354291.3672278076 1922.2076061983
82279393.9185007066 1801.0804887116
88056111.7711748034 5503.1758155823
89092854.5843834877 5541.1131591797
82524071.8025108576 2465.8457959831
87731918.0139755011 5451.4539489746
85434450.6046483517 4655.1248038989
84628907.4439792782 4292.5893530827
85807987.4169207215 4820.4387550354
83739877.2793204635 3786.1407023119
83546038.2612875849 3662.2244963329
83391256.9000745118 3552.3659273364
85020448.9016542584 4466.2390808463
83453980.5813591480 3569.1497140272
83671441.6519177705 3718.8476149029
83549682.7290600240 3678.0471021874
83529686.1295956969 3657.1669131496
87434979.8003754318 5382.1286201477
82410661.9293064773 2139.7993509322
87521994.6615483761 5401.2130622864
83150918.0822089612 3332.3907792742
89079342.9024751335 5540.8141517639
85060201.9124033898 4492.3960617762
84735311.1579556465 4307.8968240023
84897735.4106926918 4414.6915959101
88258201.5131000280 5522.2602577209
83720207.1274521351 3774.8071748611
82339005.3180534244 1919.9290676937
83697042.3197025955 3755.5590683818
82519100.6858076304 2463.7126241960
83187614.1772103310 3344.7859075565
82757138.7717659771 2898.8398906948
83312674.0496773571 3451.9880278606
83404130.3050592095 3560.1221648433
83764360.7132839411 3794.1663794645
84742757.4345620126 4316.1447007041
83164915.1525486708 3341.3061720431
82705812.8251476735 2883.0809237423
83730160.8239666373 3779.4663330909
82372443.3203246891 2042.5249856412
84781423.2932858467 4384.5935568791
87835249.4000192285 5457.8087043762
82679439.9611531496 2788.2717144144
83376610.2115811855 3474.5036373734
83850347.0028365403 3866.6282083389
82408799.6853676587 2136.3411740959
83164080.5352102220 3339.2375356248
83015469.4737369120 3210.1016872574
82502716.7084209919 2451.5884318285
82809704.5245729685 2992.5410677852
83460265.7394545823 3577.0592337825
83841176.1406719685 3854.3251369540
84449233.0642452091 4179.0373945218
82433795.6265558600 2225.7243777215
82558927.1701370180 2563.6886201752
83386732.8422076702 3537.5254538555
82469823.8988584876 2353.5113769265
87256800.5282328427 5318.0233306885
83662252.4273482412 3703.4416889139
87637131.8174744844 5425.1712799072
83823150.3138418645 3845.2122348465
87487761.3129757494 5387.2168350220
83515933.7558031082 3594.5369665368
82793714.3308250010 2987.4409224642
88564110.6994838715 5539.2601585388
82526759.1883461028 2555.8366722715
83109828.1064978093 3307.3171899803
87343635.4792995900 5355.8459510803
83689200.0370236933 3747.1566732246
82450138.7669304162 2245.8269527411
82615778.2650935650 2665.6176063480
85249074.7277022898 4585.6763714235
85118104.3981909603 4517.0016258890
82434032.7290993929 2229.4619402587
83119851.3365779668 3322.8298987163
82435165.9781340808 2242.9715603484
83812492.5125818253 3804.7463423867
82737800.3975880146 2885.8254654062
83248570.2184408456 3408.8910502330
82362111.3495123982 2030.6185925901
83225313.5979468226 3405.8595431346
82560543.9870648086 2566.6905601980
82464504.0761046559 2352.6640786015
86967018.7195371985 5242.2709140778
83034887.7810066491 3214.7941148766
83894360.5869370848 3871.5857044251
83638961.8835043609 3701.7509481652
83036448.4770408273 3221.7780170329
85975864.3926623315 4889.3666191101
83252981.8001201898 3432.2900427593
87308611.0960737914 5339.8246650696
83915442.0495217890 3892.6661785012
84434905.9503925741 4174.6448207190
82915450.2939788252 3107.8782252433
83054348.0117992759 3221.7780201985
84134633.3366887867 4020.6881682258
85026844.9550567418 4482.1903561335
84084270.1843474060 3991.9393167263
84149355.8207973540 4023.9235169273
88193783.8590588570 5506.2389717102
83001309.5178175271 3206.3369727433
82813487.9674389660 2996.8781617385
83265327.2615043968 3436.9227000467
85173856.0911717564 4562.3348956145
83629068.9487903714 3698.4119828322
83964651.5344196707 3909.3330871444
83330567.4645983428 3469.8452521541
83762989.3593289107 3787.9086085536
84199023.9609649181 4053.1755720954
82430091.3145681322 2211.1529369900
84068203.0055056363 3980.2703400643
84322774.9324070513 4136.3653036933
83863830.6443375051 3867.8847822889
82739735.8991909623 2894.5924951794
85117484.4731242508 4515.4183070660
82932536.2900973558 3110.8316857815
82433532.5944314897 2211.1910235276
83614822.8977065086 3690.3257746336
83076115.3703277409 3290.8118759529
83586188.3518009037 3685.8033396943
83473283.1224755347 3581.0015808707
84157923.8805326670 4026.1824194770
84945874.8728648275 4465.7541316729
83582732.7986036837 3678.2099966642
83990808.4075176269 3921.5588724241
83763162.0429801345 3793.4985148652
84121904.7553770840 4015.6570706964
82822840.8431134820 2998.7201196911
83107337.9337285608 3302.1153109866
84193580.2815096527 4044.8089107256
84445245.3649919331 4175.6562441976
83065380.6649714410 3226.7964071001
83799930.8970882148 3802.6793462975
83297304.1693013906 3449.1578512508
82576387.9868612885 2625.9981683355
86988688.0935173482 5247.3015899658
85982941.9800322354 4905.5117616653
84496352.4738209993 4199.9825984861
82299176.7278045416 1909.6463559815
84344437.1698523015 4138.8327182001
84358115.5986439288 4141.5532089453
83199714.6471331120 3344.7859107221
82489384.4678443670 2425.0712541156
86242203.0201820284 5001.4115781784
82432594.8466279507 2211.1531316824
87125830.3644951135 5289.6055450439
87138153.0891496688 5295.3382625580
84374009.5258861184 4152.5040858965
88452934.1581402421 5536.1970024109
82857205.1525590420 3073.3485585586
82357716.9007655084 2028.9171833098
84535197.8869038373 4240.3783858996
84198945.9118335992 4044.8808422443
84382009.5631437898 4152.9611401847
84458104.6543164700 4191.4315139677
82833579.6400611103 3004.3937717887
82976367.5604037941 3193.2865347159
84409665.9285393804 4162.8425143939
82492621.2463105619 2427.2399432143
84591743.3132718951 4265.5358813982
87263877.7303209305 5336.7615089417
82937306.4820529819 3111.1334442983
82357101.9574234933 1930.8219033023
84539787.0327371955 4247.3679497223
87392382.1883369088 5356.1460208893
82399498.1281592846 2126.2116571963
82389494.2539016455 2126.1425494254
82498753.4985730797 2427.4448112593
89802772.9035774469 5548.6918411255
89357780.5252726972 5543.3593215942
82598414.1447210014 2632.5732852397
86869259.3561330438 5219.9644489288
86235067.0819803178 4991.0143504143
82420319.6455919892 2210.7382110536
83497276.4376181811 3588.5057637179
83216889.4444078505 3399.9797208607
86055257.5314150900 4939.1474609375
83216057.4996117800 3399.5577067272
87080391.7655242383 5289.3197078705
82348571.7606616914 1921.2049113698
82778477.1211932898 2903.5137811428
82908483.2968996465 3098.0357448295
86045443.5238226503 4930.5657728910
83056558.3929720521 3224.1005328721
82940573.3960024714 3111.2541588977
82955057.0982192159 3188.9728438433
82977349.5641001165 3196.2851821012
82888262.1182379127 3092.4321116344
82316621.6282394230 1912.2936085775
84383994.8455291837 4156.4762827232
86310879.4395873696 5043.1338863373
86832998.4954084456 5215.8810749054
86570140.4797371626 5139.0337028503
86490520.4153242111 5098.9653291702
86680162.7093015909 5148.6528835297
88016640.0847890973 5475.8735618591
82781721.4402285665 2972.3574309772
82328909.2714070082 1917.3601138606
86573008.0352807045 5142.9097499847
88434026.1190697551 5533.5418205261
87219454.5058112293 5312.8032913208
84006651.8329596967 3927.4240770685
86689638.1912695915 5150.4987030029
85033583.9090628326 4482.7925088406
86870284.0106280297 5222.4209327698
84409998.5513441712 4166.7045853483
82454521.9640303403 2308.8863872643
82899636.2813284546 3096.6370417925
84522484.0731207579 4225.0238472542
84594470.2516061813 4278.3164646970
87316237.2647299767 5348.3555946350
87952142.8788227290 5472.0666007996
84245998.3030659854 4070.7433937257
85134555.7642699778 4535.9818146573
86811345.3280171454 5199.8597888947
84318246.0317028761 4112.8237181054
82665837.3931290358 2774.9825244204
82670452.6646670848 2774.9893071707
86432951.1262121946 5078.2222976685
85050836.2781621069 4488.6338371038
88049248.9662293345 5488.4872322083
85240754.4435796440 4584.7575381994
85022210.3523713499 4481.1917451983
84678679.3545389175 4295.3342558359
85271018.1851157993 4598.8267304897
85099340.1086179465 4515.1894632941
87503604.1973246783 5388.9094390869
86402057.6806568056 5075.0595417023
85789577.2313329726 4820.1690461636
87421321.1947292686 5367.4400367737
87276179.2128476202 5338.6685523987
84838290.3175058216 4387.7871651491
84870581.0509095788 4404.7943882784
85275696.9401210397 4603.8894660473
85856529.2961518317 4866.7179384232
84184693.0545367450 4039.8009383148
84179530.8309536129 4035.0989935743
83993194.7513147146 3924.1941634761
86919845.5094236284 5234.0975170135
86525343.1187126637 5126.0187454224
85649774.5916685611 4770.5879659653
83986385.1787625402 3910.7579763794
87401174.0274683982 5358.6450366974
86175019.8262448609 4988.7043819427
87183649.9487051070 5308.4041500092
86143878.8409317285 4968.5997219086
85874325.1446160525 4868.7931752205
85823618.9265544713 4853.4453439713
84780530.8551461250 4364.2329809507
85065670.5430589020 4497.3174633821
89170968.6154108942 5542.8719444275
85549969.2819794118 4724.7359902859
88775715.2434328496 5540.6257820129
86338968.3330809921 5061.1227970123
86803845.2114943713 5191.7659568787
85558669.9514551163 4729.0189142227
86696991.7370823473 5159.4562072754
85877154.8172216266 4880.1182641983
86961142.4872000962 5236.7182388306
85615712.2194998711 4763.3935534954
86261781.0023326725 5012.2497463226
85746254.1291213781 4808.1152985096
86733438.9721196294 5180.0979251862
87015655.8773473799 5272.6210002899
86995552.3839130104 5249.4232540131
85571895.2893685400 4732.2077929974
86073326.5097955912 4962.0813360214
85281605.8358033746 4610.2754981518
86162536.2647073418 4976.9788589478
85388331.9939467758 4653.8632552624
86034645.5252780467 4926.8576707840
86473685.0119603872 5080.1438064575
85066498.6948839724 4503.2187887793
86743333.7960873395 5187.0371284485
86476478.5940023065 5091.1373119354
84833512.9841516316 4384.8053919440
86321110.1869947910 5044.8559074402
85378546.4900358021 4652.0731779933
85349504.5330651850 4647.1474215388
86262016.8543533683 5029.5081396103
85680700.4939372689 4779.2603816986
85596101.5324048102 4753.0030645132
85444040.6594680995 4678.6964315176
85776698.9017497003 4811.8440177441
87252631.2596526444 5314.4227046967
86004275.4818221629 4919.6632583141
84833563.7596792281 4384.8758938817
85591305.6787761599 4746.1232351065
85337975.3992284834 4628.2128036022
87075066.1128947586 5277.7348003387
84897289.6847920120 4406.4166116714
86779932.9179248214 5189.3163127899
85719678.6697656810 4789.8669893742
85485056.7280064076 4692.0112613440
