119007068.5094910115 1446195.3676757812
120439566.1145396084 1538458.1254882812
123240460.6977974325 1640823.5322265625
121340797.6904041469 1574507.4409179688
122224315.2985808253 1609758.3515625000
125189254.9351785928 1684950.7128906250
119965924.1714752018 1512452.4028320312
120247856.2751365602 1527507.1171875000
120141124.0610172004 1521662.2958984375
120000314.1453469396 1515766.3984375000
122665561.8621277213 1625433.6826171875
124075249.3586814404 1663401.2119140625
119131453.1894761771 1453517.3774414062
119889022.2461771667 1510025.6899414062
120046326.3825239241 1516543.3427734375
123313067.4464601278 1643877.1347656250
123561597.9262928367 1651283.0625000000
122096816.3486140668 1604668.2753906250
122212387.2865894288 1606547.9843750000
119392215.4055303633 1469827.5024414062
122594598.2343782485 1622841.8818359375
119711169.6214503050 1496086.7670898438
119100208.3569838405 1451772.1171875000
122866290.4343289137 1632167.8203125000
120148637.1972336769 1521897.5986328125
122653208.8465006500 1625144.5761718750
123701063.4358455539 1653750.2812500000
121852771.1917616427 1595838.4028320312
124119904.6490379572 1664486.4716796875
119443194.1653536111 1477322.5366210938
119764637.5661920756 1502703.6801757812
123862167.7708531320 1656336.5634765625
121425604.0765057653 1575951.5673828125
120253378.5539340824 1527713.5488281250
120293813.6734085083 1528405.9750976562
120457441.4089641720 1538953.6635742188
121817774.7953011543 1593929.6923828125
120576014.8833794445 1542411.8403320312
122506705.1530844569 1620321.8662109375
119460192.2322195470 1481224.3544921875
122511745.3204065710 1620736.6142578125
122480692.9464643151 1619594.8349609375
120676334.8406702280 1547948.5415039062
119089658.5131904334 1447798.0502929688
120415174.9031620622 1534490.5000000000
131234401.6842770875 1725423.7285156250
124877320.1273989677 1680998.4121093750
119949414.2216141373 1510713.6333007812
120740829.3189965189 1548588.2309570312
120445088.3933371753 1538664.5571289062
120080732.0855802298 1520974.3525390625
126484533.5165295750 1706869.8164062500
119956927.3578306586 1510948.9360351562
119822311.7697631568 1504827.5048828125
120154159.4760312438 1522104.0302734375
119962449.6366281956 1511155.3676757812
120569676.4764920175 1540497.4887695312
121942272.7677390873 1600336.0185546875
122934195.5459824204 1633091.0664062500
121490314.0926942974 1577998.1513671875
120334037.9551375508 1532527.1337890625
123528679.4858438373 1648442.6406250000
120205226.3543130606 1523399.4765625000
121807307.3510011584 1592113.1889648438
119635764.7178299278 1490327.8945312500
122334983.2833217233 1611618.9863281250
124144566.2159322947 1665009.9833984375
122693774.5342925787 1626618.0791015625
120547119.5429658294 1539958.7563476562
119980108.3938385993 1514001.1352539062
124889673.1430260092 1681287.5185546875
122739774.7105530500 1628983.2841796875
119760149.3978150338 1497649.9042968750
120086254.3643777370 1521180.7841796875
124945225.2390524298 1681921.6582031250
119250229.3484793305 1469294.9677734375
118952947.2148915976 1436467.4643554688
121674023.0425370485 1589175.2519531250
120509284.5010550320 1539703.4301757812
121625068.3976790756 1586112.1826171875
119894544.5249747187 1510232.1215820312
120110015.3526212573 1521529.5766601562
122526693.1227247715 1621918.6357421875
122988417.9371742457 1634589.8095703125
133037027.7221827507 1728541.7802734375
120613849.9252902120 1542667.1665039062
122007581.5954870582 1600804.6054687500
121816501.1943463385 1592692.9833984375
123149329.8401490748 1640018.5888671875
123173902.4241542369 1640594.6513671875
121652004.7540922165 1587565.2255859375
119566247.1208498776 1483504.5498046875
120653777.9071440250 1547562.0219726562
124252858.1005073190 1667444.3984375000
121867718.9940798730 1596684.7387695312
122402308.4427396655 1614596.6259765625
119883500.6749926209 1504974.8583984375
120301725.1920243204 1532478.2392578125
119628786.9551365972 1488648.7949218750
120104493.0738237202 1521323.1450195312
122960820.8363258839 1633571.4072265625
124608850.0501725078 1675629.1289062500
124222520.0338298082 1667427.1044921875
121790290.9869057238 1592066.7978515625
120296202.9132267535 1532271.8076171875
119142789.5221241564 1456194.0512695312
121954625.7833661437 1600625.1250000000
121487892.0155374110 1577896.4550781250
123412937.9919175357 1647760.6250000000
120989990.7407991290 1560409.7690429688
121914675.6668908298 1599388.8076171875
125022887.0824274123 1683374.9755859375
121312752.0357889384 1572512.6328125000
120920948.2616717666 1555916.8906250000
122814779.9607365131 1629180.1201171875
119660999.4536693096 1494666.8881835938
123633158.3241920769 1652827.0351562500
120356594.8886637390 1533065.8662109375
120850466.4485180229 1552332.8525390625
123331470.5218722969 1645298.0566406250
127957758.2648954540 1719155.1669921875
127241899.9144182801 1714006.7265625000
121726731.3724718094 1590027.8388671875
124540944.9385190606 1674705.8828125000
120775461.1983345598 1552228.2158203125
126176023.4747962058 1702295.1640625000
119229339.1601984799 1462532.1704101562
123199856.4040892571 1640695.9765625000
126606946.3750446141 1706991.4658203125
123487943.2421009541 1647957.4609375000
127534824.9861415625 1717543.2382812500
120754991.1172187775 1551056.8974609375
123555848.3537544161 1648880.7070312500
125111593.0918036550 1683497.3955078125
119050886.1503028423 1447091.5874023438
118810637.6715602428 1419951.8408203125
119394002.6275258213 1472925.0727539062
119204104.4243591577 1458070.9921875000
127560485.7891786993 1718005.4375000000
118975714.6510362178 1437691.5898437500
127024694.6589681357 1712311.0351562500
120840262.5306188762 1552235.4394531250
124621203.0657995790 1675918.2353515625
120975042.9384808838 1559444.8823242188
121642100.5749060512 1586771.7612304688
133206287.4436801672 1729038.9833984375
123264285.2068078071 1641564.3378906250
120962689.9228538573 1559155.7758789062
120977637.7251721621 1560120.6625976562
124674158.8779205084 1676097.7158203125
132608151.7069385201 1726803.2695312500
120722406.0491281301 1548076.3491210938
132798057.4592875987 1727559.2949218750
124179248.0915094316 1665160.2011718750
119216735.5275557190 1458232.9184570312
127953187.2856765240 1719037.3564453125
126662498.4710710794 1707625.6054687500
126406871.6731546372 1705416.4990234375
132741308.3968574405 1727154.1484375000
131673165.5316356122 1725445.5703125000
123949375.3798437119 1659049.2402343750
122301629.4162193090 1610615.4423828125
119124270.8295406103 1452041.5712890625
127628390.9008321762 1718928.6835937500
118724088.0334858745 1413613.7216796875
123967963.2703217417 1659945.6660156250
124198181.7331816256 1665807.3203125000
118920105.1282712221 1430292.5454101562
118819353.2126031369 1423605.0468750000
132884760.3853858262 1727962.9726562500
132482628.7196810693 1726274.1044921875
118998301.8265211582 1437803.2587890625
128810082.3060663640 1721217.2910156250
118859490.0040663928 1428047.6909179688
118943737.8925882727 1430927.0566406250
125251612.5021746159 1685645.5439453125
120747594.9217669815 1549455.2495117188
123251932.1911807954 1641275.2314453125
127437969.8049762249 1716379.2558593750
125470862.5569322556 1692116.2998046875
125408462.9412819296 1690147.8632812500
124496090.7976915538 1674576.8076171875
123997170.3731151968 1661048.6542968750
127372660.9772282988 1715215.0449218750
118948290.2609822601 1435495.5224609375
125521512.8902627677 1692989.5156250000
126704651.2794301063 1708336.5214843750
125783440.8293653876 1696868.6582031250
125253187.8879911751 1685649.4033203125
118888247.0961862653 1430019.1420898438
126084725.1867821515 1700876.2636718750
127416274.0818249136 1716079.1435546875
121762652.4087322652 1590756.4218750000
123912532.0465977937 1658928.8955078125
125715535.7177118808 1695945.4121093750
124208402.6373489201 1666488.4951171875
121159622.3962956667 1566373.5361328125
122173164.9339642376 1606277.3906250000
121339468.1556697339 1572950.8232421875
122159348.5890102088 1605941.7050781250
121135049.8122905195 1565461.7880859375
124291913.2305407375 1669938.9541015625
121170791.5640682131 1566708.8056640625
125285946.9570794404 1688534.9277343750
125353852.0687329173 1689458.1738281250
124034365.8580795377 1662884.0888671875
124316512.5993021429 1670001.1005859375
121028914.2657744735 1561296.6064453125
120931988.8587640226 1556858.7343750000
126887906.3937479854 1710431.2900390625
127102356.5023430735 1713764.3525390625
127871759.1512635648 1718949.6484375000
129945746.8493088335 1722746.7031250000
126845341.3408288956 1710240.3076171875
121553819.9189713150 1582951.9804687500
126364549.4009477049 1704557.1425781250
126954500.4594062120 1711054.8037109375
124205347.3664882779 1666100.2460937500
126780032.5130809695 1709076.0966796875
126299240.5731997490 1703392.9316406250
126766922.3181902766 1708698.1953125000
124553297.9541460276 1674994.9892578125
124783370.6484075040 1680301.3593750000
121558305.0481920540 1583712.8579101562
127335061.1827612817 1715119.4042968750
125727888.7333389223 1696234.5185546875
124697421.2222757488 1679393.7275390625
124898245.3569533676 1681330.9316406250
125020761.3411558568 1682818.2207031250
124685068.2066487521 1679104.6210937500
125838051.7019143850 1697743.6152343750
125904645.7675725818 1698424.1660156250
123107286.5821949095 1637569.3535156250
127466919.8744880706 1716619.9921875000
124572558.0793191195 1675126.5556640625
125982307.6109475493 1699877.4833984375
126110501.6869620383 1701894.6494140625
118776377.9244929105 1418310.9790039062
124269426.2073263824 1668441.5205078125
124386663.7098766118 1670862.5419921875
121110822.4971269667 1564932.9228515625
124418428.9543165565 1673123.4902343750
125943548.3173664957 1699428.4609375000
131218038.4536821842 1724718.9443359375
129978660.2685683668 1723712.0195312500
122310894.7546703964 1611012.5849609375
121252801.6722711027 1570243.2705078125
121086249.9131218642 1564021.1748046875
123952247.3246538788 1659310.1992187500
122420065.1836649179 1615776.7265625000
122371265.2844962031 1614204.5449218750
123964654.3215131015 1659560.0322265625
124061168.5555122197 1663153.1367187500
123029353.0715923458 1634826.5566406250
128302173.6430760622 1719326.8554687500
128484136.6789106131 1720283.7783203125
124113001.0932206959 1664297.5683593750
126739204.3484279811 1708409.7919921875
124086451.5590538085 1663582.3798828125
126767679.4974539578 1708786.9902343750
122734478.5351539105 1626718.4511718750
125019590.7938603014 1682635.2792968750
127034451.3906895965 1712841.1064453125
131238353.9755606651 1725439.2343750000
121265154.6878981143 1570532.3769531250
130397419.5722852945 1723739.7304687500
125119640.7552021146 1683865.9892578125
123107195.4761352092 1637298.0712890625
128388123.0692078173 1720212.7490234375
121220619.9570580870 1569351.6455078125
128492530.2323083282 1720512.0224609375
121301601.5714398026 1571683.8837890625
121395204.1949383318 1574574.0244140625
121432131.8310471028 1577705.3164062500
125213592.5558762848 1685304.9316406250
125663975.5076697618 1693505.2861328125
126956789.5473146588 1711387.7890625000
128605318.1175765693 1721116.4306640625
125148283.7281283438 1684140.7207031250
128697242.5850559175 1721133.4941406250
131767627.2272761613 1726084.8125000000
131852553.1388335973 1726153.2539062500
126902548.4972834438 1711053.3818359375
128928789.2537558228 1721702.3164062500
126396142.2692021579 1704866.9003906250
129459213.7181593627 1722495.0976562500
131054006.9082579017 1724708.5205078125
131677694.7342768759 1725579.7832031250
129215845.4677279741 1722474.0283203125
129024705.3833820373 1722349.6621093750
128972871.3297701627 1721952.9433593750
121785212.2155975401 1591226.6733398438
121384038.7684538215 1574556.5390625000
121780468.3311784565 1591150.1606445312
130531881.2346005589 1724498.6953125000
121494332.7975203395 1580141.7207031250
130602969.7618668377 1724603.3535156250
130465093.1647022963 1723936.2851562500
123753013.1949125230 1654904.2988281250
123739037.0217794180 1653881.2421875000
