122390851.1029577255 1611822.6162109375
123133447.9825633764 1635803.4023437500
119436881.9519197643 1457953.3530273438
120633542.0886904299 1537908.2416992188
121021679.3378086537 1555885.0537109375
122966625.3604510725 1632946.9345703125
120195952.4279299974 1513455.6904296875
124617796.4396273345 1673111.3076171875
120464043.0607407540 1528006.5063476562
122769314.9462697357 1624811.1484375000
122770657.3818207383 1625055.8984375000
121298122.3693751693 1568782.2949218750
121618943.8674921989 1581933.4541015625
131785696.8925972879 1725656.2695312500
128771555.9585285336 1720521.0419921875
121337766.4023222029 1571928.0859375000
123121094.9669363499 1635514.2958984375
123297398.9964676499 1639769.1210937500
122712064.3126433343 1624708.3974609375
126396142.2692021579 1704866.9003906250
128759202.9429015219 1720231.9355468750
127017677.9184093326 1711689.6132812500
122954272.3448240608 1632657.8281250000
120501945.1857443005 1528622.3237304688
132748573.9409658015 1726840.6728515625
125985207.3967669457 1697488.3437500000
121082191.7466579974 1557221.5751953125
122320305.7703198642 1609018.8496093750
126140582.2554852664 1699475.1533203125
123205636.6178826839 1637939.0263671875
121422507.0493602604 1576104.3046875000
127701348.6316979975 1717012.6425781250
120736226.9865490794 1542911.4311523438
128588515.8755884916 1719656.2490234375
122889912.6004803628 1627458.0097656250
127202286.0822412968 1712553.2060546875
124702338.0905736983 1675501.4609375000
121837718.9648048282 1592077.0131835938
119323890.3423921168 1441282.8579101562
123217989.6335097253 1638228.1328125000
126225123.9064316154 1701844.1552734375
123061045.0899361819 1633878.5917968750
126936693.1696347743 1709887.5507812500
122570314.2950268090 1618470.5888671875
120105853.8004809320 1505189.2592773438
122453590.9288673997 1613855.8076171875
122789143.6458557695 1626237.7685546875
121628973.7044195682 1582046.1826171875
122441237.9132403880 1613566.7011718750
120794525.6718529612 1544802.3823242188
120118206.8161079437 1505478.3657226562
119717501.3687716722 1478554.7407226562
120722337.0365335941 1541307.9516601562
129459213.7181593627 1722495.0976562500
122483665.8041346222 1614960.7275390625
131054006.9082579017 1724708.5205078125
122663022.6279106289 1622489.8232421875
119682937.5416913182 1477589.8452148438
122532707.4888673276 1616928.4091796875
125056047.7254256755 1682576.0156250000
122908200.6795956194 1629965.6904296875
123872788.7146382481 1655906.8876953125
122072320.5935832858 1601883.5839843750
119381401.5564171970 1447554.4995117188
121987740.7867244631 1597409.2924804688
123041307.3722936064 1633728.2871093750
121220989.0513573438 1566475.9267578125
132866787.2801895142 1726989.1894531250
119612528.9175995439 1470906.9213867188
122471312.7885075808 1614671.6210937500
124591880.6602860838 1672895.0361328125
122543924.5159104019 1617063.7353515625
119558552.8617061824 1470267.8354492188
131677694.7342768759 1725579.7832031250
119383588.6025726199 1451901.5805664062
122512015.6097228825 1616837.0517578125
129215845.4677279741 1722474.0283203125
122059967.5779563189 1601594.4775390625
120441832.2492873669 1527355.8032226562
121641326.7200465798 1582335.2890625000
129024705.3833820373 1722349.6621093750
122499662.5940958858 1616547.9453125000
126690726.3812751174 1706263.3427734375
122557961.2793998122 1618181.4824218750
120007500.2489392906 1503966.8930664062
125749641.4635836482 1693256.5683593750
120227506.0665009469 1515240.1547851562
120211563.1039693207 1514751.8383789062
127186739.7935308218 1712421.0419921875
131306597.6946526766 1725122.5214843750
120273057.2338672280 1520461.5366210938
120019853.2645663023 1504255.9995117188
128583236.5729499161 1718263.5234375000
122137559.0888186991 1603849.3745117188
122213527.0604377538 1605928.8686523438
120199210.0883423239 1514462.7319335938
120454185.2649143785 1527644.9096679688
122004041.5664265156 1599065.0444335938
122125206.0731916726 1603560.2680664062
121301574.9064397067 1568867.9179687500
122166416.4039731175 1604994.5708007812
125635210.6074179709 1691577.9384765625
122186378.5508080870 1605116.9389648438
122350199.7552983910 1609942.3393554688
127621635.1797254682 1715858.6552734375
132476070.9499731362 1726015.9619140625
121240817.7509433627 1567078.4453125000
119618777.8459299952 1471547.0043945312
119911575.3087379634 1496653.0483398438
119943340.5531779677 1497516.0034179688
120362860.9018692225 1523903.9101562500
121935234.0375171602 1596938.2846679688
119695988.7882437110 1478220.2680664062
132734315.1607300192 1726567.3798828125
120414810.8892664760 1525394.3315429688
133859759.4685699940 1727593.0244140625
128972871.3297701627 1721952.9433593750
121785212.2155975401 1591226.6733398438
126851233.5279818028 1708820.9511718750
119889364.4972846210 1495977.2592773438
120131970.7705717832 1505931.1713867188
119414289.2386914939 1455139.7104492188
121289221.8908127397 1568578.8115234375
121203557.9030222297 1563765.8671875000
119727538.5360365957 1483459.4165039062
121209765.3770010620 1565216.8964843750
119494393.1659448445 1464224.9946289062
120175050.0424393862 1510304.6235351562
119953524.1930459440 1502599.2426757812
120780761.7173891217 1544349.5766601562
121425306.7722683847 1576605.3496093750
122254575.0540592670 1607029.7836914062
122154196.8355950564 1604225.3139648438
121384038.7684538215 1574556.5390625000
121327365.7588289231 1571343.4716796875
119736167.2856379747 1486726.4096679688
121545022.3516163081 1580785.9785156250
119846602.5074242055 1492144.8872070312
127429705.4403964728 1715078.5908203125
120162697.0268123746 1510015.5170898438
132619241.7097939104 1726186.5410156250
126854329.4583590478 1709052.9804687500
120509157.4087053388 1530586.2319335938
119631066.0771620870 1477362.0737304688
120619451.4377718866 1536059.4291992188
121581367.8249898255 1581212.1796875000
121780468.3311784565 1591150.1606445312
120504881.4197645932 1528780.0092773438
120083296.8669547588 1504843.2377929688
121437659.7878954113 1576894.4560546875
130531881.2346005589 1724498.6953125000
128510321.2299607247 1717872.0615234375
130118433.2309193015 1722898.9472656250
121990494.6481461674 1598207.9663085938
120544517.1471460015 1532344.3129882812
121494332.7975203395 1580141.7207031250
122900347.6677958220 1627688.3925781250
120709984.0209066123 1541018.8452148438
125143082.7528952062 1683646.4746093750
126771531.3147936761 1708197.2695312500
121557375.3672432899 1581075.0849609375
121674918.1865310222 1585537.4116210938
132892747.1142661273 1727477.5058593750
121915487.1023712307 1594924.6328125000
121457488.4874814451 1577496.9746093750
121469841.5031084269 1577786.0810546875
130602969.7618668377 1724603.3535156250
127955251.7827288657 1717683.2617187500
121382990.7167762518 1573849.8544921875
121370637.7011492699 1573560.7480468750
133115454.2864423394 1727491.4042968750
120526277.1997825354 1531737.3754882812
132758785.1218691170 1726959.2050781250
128011727.1664411128 1717846.6904296875
119879258.6129538566 1493223.5649414062
120860382.8373404145 1546764.6572265625
123497054.1226904094 1645170.6972656250
127791221.4905797839 1717329.1611328125
120561101.8936874270 1533477.5102539062
121655659.5833894163 1585051.0605468750
122396404.8677757680 1612174.7446289062
121693996.1218584180 1585738.1279296875
126072242.4242364913 1698558.8027343750
121879086.9676616341 1593104.6572265625
121643306.5677624047 1584761.9541015625
126076374.6349461675 1698567.1738281250
120895418.5252702236 1548809.0131835938
121701605.2530663311 1586395.4912109375
119520840.6268361509 1466501.2163085938
132615476.6642077416 1726161.5947265625
120958323.8507799208 1551962.1933593750
130189521.7581855953 1723003.6054687500
133696567.0517999828 1727591.5654296875
127572580.2748626471 1715361.2265625000
119663378.8402752727 1477416.5756835938
121176150.6602738798 1562953.8525390625
130465093.1647022963 1723936.2851562500
119839549.0878067315 1487881.3940429688
127720899.1881450266 1717324.3603515625
121929442.1014205515 1595775.7553710938
121162386.7058100402 1562501.0468750000
126978877.4607944936 1710323.9550781250
132738366.8180689514 1726598.0078125000
121150033.6901829839 1562211.9404296875
120923499.1568750292 1550203.0478515625
121039869.6450389028 1556991.9667968750
120934079.8125134557 1550855.2880859375
124280101.3611144722 1667447.4296875000
125255551.7198680043 1685333.4384765625
129985045.4737522006 1722511.4560546875
120848159.8056358248 1546434.2490234375
132233147.5840620846 1725805.1689453125
124762329.4680602401 1676891.8720703125
120586130.2743670046 1534200.8828125000
120696424.3034334630 1539297.4755859375
125288353.1199046224 1685517.1845703125
124049196.4489075840 1660781.5693359375
124672944.4104039818 1674948.8408203125
119476288.9682350159 1459839.5048828125
130288248.2786893249 1723350.5810546875
130310091.3267028779 1723440.2343750000
123740660.1792855561 1654615.1923828125
130235409.3148603290 1723221.5048828125
123920503.0494687110 1657729.5000000000
123753013.1949125230 1654904.2988281250
127701769.2723289728 1717177.1474609375
120642268.6522920430 1538929.6821289062
123516225.3291813433 1647981.4296875000
128558438.9512372017 1718060.6005859375
123503872.3135543019 1647692.3232421875
124267748.3454875052 1667158.3232421875
120684071.2878065109 1539008.3691406250
120804499.5501854867 1545380.3271484375
123932856.0650957227 1658018.6064453125
120316692.0659549236 1521179.4555664062
123365214.0266939104 1641527.4404296875
123394231.7139397115 1644572.1494140625
123312631.7971544713 1641265.0273437500
120907962.8424225450 1549884.2451171875
125847101.6950373054 1695574.2392578125
127633864.1606754959 1716253.9013671875
127356335.8160000294 1713854.3125000000
127004143.2865431309 1711150.2441406250
126897136.9298096001 1709475.0791015625
124408655.1882585585 1669840.2822265625
126298748.3367119730 1702263.8535156250
124157290.9151999056 1664551.8984375000
127084401.4138236046 1712362.5966796875
127072172.4328735918 1711962.0986328125
124468994.7014276385 1670981.2138671875
127263816.9640612900 1713100.0703125000
125703115.7190714329 1692501.1845703125
123738430.8730828464 1653137.9248046875
127016496.3021701425 1711439.3505859375
125678654.0094806999 1692343.2919921875
125666300.9938537031 1692054.1855468750
124289158.9233714491 1668149.4560546875
123893334.3883507997 1657471.2714843750
123377727.2270892411 1643401.6718750000
123570868.2288895994 1648309.4882812500
124519112.6185460836 1672446.7070312500
123172444.7945406735 1636420.3789062500
123164645.6392609477 1636032.0322265625
126053112.5084204227 1698411.5898437500
123167700.9101215452 1636264.0283203125
123390080.2427162230 1643690.7783203125
124379541.7997507453 1669786.0654296875
127442783.1856689900 1715132.3867187500
126631377.9601532221 1705849.9111328125
127362525.0583885163 1713920.0341796875
126643606.9411032349 1706157.8955078125
124924588.9751244783 1680782.2509765625
123309861.8922651857 1640472.5976562500
124809995.2362444550 1678927.4765625000
124618553.0571822822 1674831.9658203125
125064353.0914213508 1682839.2158203125
125005573.7238989770 1682271.3369140625
124822348.2518714070 1679216.5830078125
124483732.1132368445 1671265.5195312500
125227017.6748646498 1684875.0419921875
125212346.0305859149 1684797.5283203125
122854876.2851305008 1626306.8242187500
124877900.3478979319 1679850.7226562500
126658278.5853819847 1706235.4091796875
123670646.3741728812 1650267.5839843750
123736924.5299518108 1651537.9716796875
126769053.5587969124 1707663.4443359375
125899936.4940054268 1696152.9306640625
125412677.3359350860 1688594.8056640625
125330935.4078968614 1686588.1240234375
123739037.0217794180 1653881.2421875000
125465910.8033097982 1689440.5380859375
124132294.0757244378 1662868.1728515625
125398005.6916563213 1688517.2919921875
124092050.4451083988 1662276.1484375000
123937653.1021531224 1658316.2285156250
123982698.6060906947 1659540.6210937500
125575341.9193784297 1690630.6318359375
125560670.2750996500 1690553.1181640625
125740749.6943092197 1693005.2158203125
