76545189.3099067211 30003.8309786562
76201933.5996324271 28576.1611369252
75760492.5795647651 23068.5808805320
77316165.9184257835 32544.9146296252
76690688.4209060520 30791.0351805929
76099638.2234698683 27464.2960803211
75912119.0993454307 25751.9988801461
76905892.8822344840 31495.7647878397
91484658.5160324723 55942.7948303223
77094187.1269518286 32510.3074824084
76124077.0307179093 27600.1524084592
75775425.1317098737 23239.5718367035
75812686.5220558047 23980.6311711138
77290751.2489087433 32515.8399551157
75879360.0121203661 25743.2970063668
75815546.8387513608 23980.7159347646
77150147.5133430958 32511.3546015490
76419486.9234357774 28892.7675482277
76107030.8340300769 27580.9158819097
76052499.1500734538 27457.6719835456
76384569.2374448329 28861.1381704081
75842742.4609319568 24889.3329373039
76911556.1032416224 31593.3602778185
75935332.8017185479 25804.9804897942
76721749.0975739360 30793.1669184435
91450054.6081585288 55895.0189514160
76746320.5309430957 30806.2137324084
75924703.0501095057 25804.2165737785
75770507.7257710546 23155.6161062811
75828121.8043361902 24826.8598115426
76537678.8282999247 29875.4400202502
75974958.0395571738 26547.3920275867
75784798.6618996263 23795.5051920712
76684370.4743946642 30787.3695856798
78053071.3986312002 34202.9107926660
75788223.3503370136 23906.6810719483
78021948.2325937599 34156.8914799807
75982965.1112798303 26724.8607335985
75915751.1450272948 25759.6511725169
75807558.3205864131 23912.9653083310
76746101.3550476432 30803.1284422874
76296342.7358327955 28697.7299157847
75755966.1269938946 23039.9426801503
77092727.1773629338 31753.3202757835
75974173.8524201065 26006.4894466549
75954899.1840304881 25871.4189960659
75898935.1341270208 25744.1932466011
76435049.4037104547 28976.9167363533
91241977.7581957281 55843.9526367188
75819225.6748070121 24787.0324245915
76414369.8318729103 28879.1055547465
77027106.7970045656 31720.1701903343
75863101.5451729447 25626.3809548244
77016876.7965051979 31616.2391417697
75869658.0403695703 25714.0815287121
76140158.0992411077 27794.8201185092
78322911.9453297704 35011.6671093064
75826707.6815216094 24795.1575865969
75965621.7664171308 25911.4249750767
76673429.3405652344 30470.4288745824
76491395.4616934359 29737.9841876928
76047620.6699461043 26747.8436930776
78199389.4076138437 35003.8930004197
78116755.5093910843 34312.3978259680
76475400.6562869847 29698.1985044945
76318097.2029236257 28781.7938719261
77749237.5558853000 33210.3270486100
76844873.1370734870 31491.7722710371
75816489.5297542512 24002.7677752813
76601342.9795884639 30272.6714506615
76444655.2776598781 29540.2267637718
77093447.9380286485 32224.2169579268
76627979.3226958513 30457.5630369652
90807422.9402074218 55390.5392150879
91047698.1495011151 55489.3166198730
91230144.3266363442 55543.3489685059
90714702.6126281023 55128.7942504883
88889492.5519398302 53027.0704650879
88154816.6996376514 51191.7106971741
90099452.2522829622 54822.4201354980
89933841.9429696351 54287.2573394775
90265630.8408259004 55086.3139953613
90086419.6658512801 54460.0466613770
78527272.4498674273 35432.7121632709
89970012.6549004912 54333.9846801758
77470282.1203825921 32935.7012232959
79015703.2911998779 36876.9497502460
77409010.1428889483 32869.9825500362
77630187.1365917474 33026.4073349722
77575420.4694949090 32941.0997375362
78596199.8097973317 35500.7184009552
89420487.0565426052 53954.9743041992
79007593.5368662924 36453.4701970234
78458056.2159371525 35221.2424672260
78487103.2494582087 35351.2853749408
89878946.3442205936 54006.7961425781
78720169.3396529406 36302.9584804787
89130637.3065837026 53170.3154907227
87030809.0811629742 49232.4189088345
77661869.9745539576 33198.2188654593
77791970.1668911427 33315.5477839164
77798849.4475711584 34117.0474482230
87556180.4384156317 51127.5771636963
79876496.9399521500 38384.6621628106
80098452.8383930326 39738.6581983566
80269030.5936901867 40955.6517896652
80085705.0403452069 39440.8615522385
80091779.5812019855 39509.6487724781
79782238.8692517430 37647.8265603185
80129160.6538312584 39888.4050312340
80011517.4410654902 39281.8393624425
79915693.8501803428 39056.2707825005
80131717.4725754261 39931.6306476891
79774986.4295192808 37642.9780369103
80676706.1479693651 41673.3018791676
80664573.6217757463 41331.1114246845
80065497.9321536720 39319.2057180405
80369398.9664486796 41299.6513645649
79688914.3782657683 36968.1031563878
80001820.7217993587 39272.3534463048
79819744.2398166656 38373.3616402745
81111317.7932872325 42521.1315908432
80187769.4227578342 40027.1278657913
81525085.7801715732 43041.2500112057
81895603.0991175920 43959.7368113995
82068305.8980474472 44571.6375663280
81992204.6513504982 44287.8297832012
82184217.8334357738 45005.7626445293
81981387.4072606266 44198.3385417461
82377357.1492276788 45834.2679109573
82288854.6215683669 45105.2558650970
81768288.3341764510 43667.7130925655
81969168.3992098868 44033.6862504482
83353242.8655591458 46908.0803906918
82974882.5446652621 46133.7186048031
85853955.1663320959 48404.9955139160
85743591.9697078764 47977.6527099609
85791094.8567943275 48374.4825439453
85926465.6695633978 49161.5825347900
86124118.1112817228 49169.7115020752
84931140.3866061419 47077.3478507996
84751335.6227820069 46912.1945762634
85048266.3574825823 47171.2414817810
85066482.5075269938 47476.3785820007
85462601.3541974723 47709.4922733307
