118815508.7158571631 1399794.6162109375
118461842.4245891571 1374250.5712890625
119459052.6601103246 1439669.7299804688
124667860.0706754923 1630926.2998046875
124160089.6157889664 1620525.3193359375
117932748.3797056079 1331064.0781250000
117890973.0278735012 1326158.2050781250
127467265.4162214398 1652790.3603515625
116904557.0234882832 1213442.0007324219
123211289.2723139226 1594708.6972656250
116663784.5899137408 1171649.1992187500
116968487.0969568193 1222859.2958984375
127254224.9697272927 1646218.4453125000
116962909.0419081151 1221232.6210937500
116851144.1931511611 1205970.0952148438
127874151.4598779529 1661527.6376953125
116859654.6276003569 1207447.6999511719
116826548.6026268899 1202063.2248535156
119034161.1215150207 1414404.2241210938
118130451.2944471091 1346162.7832031250
117300542.1674286723 1263290.3056640625
118131493.5214483738 1347672.1909179688
118222364.1580155641 1354527.1596679688
138675153.6390822828 1753376.4257812500
117020747.8011058718 1229953.5290527344
116902668.8409693688 1213070.2497558594
118120645.8352096230 1343802.2021484375
118161212.3098763525 1348710.4057617188
117343942.3224357367 1269237.5683593750
127720382.2392833680 1656543.4423828125
118369225.9077083468 1366885.5410156250
117450798.6489713043 1281860.8544921875
119912298.1019716412 1468551.1225585938
118507971.4548211247 1378011.1777343750
119823590.1615440249 1461209.4790039062
118243162.8866741657 1357229.9477539062
118911585.5766691267 1409382.8325195312
116883062.0996867865 1210158.6159667969
118184173.7346745133 1350926.5190429688
118276790.2515553236 1358291.5493164062
119758233.5390744507 1459029.2368164062
118272881.6751021296 1358268.1625976562
121093464.0794935822 1523936.9453125000
126676684.0009548366 1636505.8085937500
118881866.7882411331 1408344.6176757812
117753490.4730892330 1314234.7163085938
118496723.5410625786 1376581.3608398438
120477312.6975914836 1500211.3359375000
120970831.9032703042 1519720.3159179688
116636765.9652857482 1164999.5344238281
124055835.8887344301 1615308.9248046875
116654984.6126870960 1167724.3129882812
127723814.6649989635 1659886.8417968750
133506001.3766846061 1694583.8779296875
119083509.0017709434 1420237.7065429688
119193624.1698559523 1425515.2836914062
127467677.3949156255 1652843.1445312500
122699063.0086969137 1582615.1704101562
119620883.7402196825 1450898.3657226562
116819123.4962836504 1201424.1291503906
116712008.5217103809 1181471.2180175781
117567572.6776592731 1295720.3198242188
122241479.3025005460 1569365.7719726562
120887119.1322307885 1516428.8764648438
127954729.7556275874 1663077.4902343750
118014350.5601835251 1336352.0244140625
118915494.1531223208 1409406.2192382812
122286785.8626647145 1570805.7680664062
141993037.6655365229 1761813.0048828125
119762142.1155276448 1459052.6235351562
119048561.9569794238 1418024.8627929688
116727618.6744114608 1186218.1098632812
120474553.8898292780 1496572.4946289062
123981104.8878534883 1614022.6591796875
117381733.2598054707 1273501.7910156250
120246066.2502583861 1485395.1801757812
119079600.4253177494 1420214.3198242188
123591715.7138744891 1605414.6044921875
116726748.4947391450 1185463.3447265625
116672772.6729119569 1175180.0932617188
120616979.6487744451 1503937.5249023438
126143576.2484116107 1634016.9189453125
118203910.5792561024 1351230.9062500000
118099149.9241579473 1343670.2812500000
133837632.7223214209 1697318.9130859375
121703699.4426870346 1546352.1572265625
117500487.6375942975 1286953.6059570312
116690360.0075104386 1178967.6508789062
123633895.0562835932 1606100.1552734375
120850602.5675907582 1511804.0087890625
121325951.9208396226 1535011.3740234375
128280940.6907145530 1663465.0175781250
117809000.6961577237 1320216.2202148438
118826786.2126947045 1402064.5756835938
117804518.1561068743 1319865.5351562500
121809740.9215989560 1553021.7802734375
116610190.5476890653 1157681.0827636719
120080534.0728916526 1478242.3139648438
120292056.7848501801 1486030.2241210938
116694842.5475612879 1180139.4985351562
117418360.5338142961 1278022.1088867188
117446890.0725181252 1281837.4677734375
121998890.2453394532 1559646.4794921875
116668267.1299646050 1172821.0468750000
142247977.3087174892 1762656.0556640625
120617391.6274686456 1503990.3090820312
121464597.1706045717 1539090.4062500000
118218455.5815623701 1354503.7729492188
118722025.5575965494 1394646.8881835938
121915004.9827701896 1555381.5439453125
121846685.7010563314 1553270.0566406250
119942016.8903996497 1469334.7133789062
119018337.5331163704 1414027.4858398438
121665645.2216086835 1543463.9902343750
116599918.1786887944 1150068.9626464844
120178127.2394799292 1482266.5727539062
117633996.2103249729 1300925.9770507812
122185373.8465831280 1565573.7504882812
120797773.6276197881 1510615.0083007812
119779729.4501261115 1459161.1577148438
116605025.9337374419 1155360.4777832031
116619178.6306872964 1161211.9768066406
120470944.8375763446 1495190.8129882812
118286354.2993219197 1360224.2900390625
116631601.3513341248 1161669.2907714844
119215373.8300774395 1427117.3828125000
119417041.1917912513 1437805.4877929688
116845825.3125840276 1204520.8005371094
119894888.0104065537 1465179.9487304688
117705925.7560015023 1308976.7241210938
127214236.9080725461 1646124.4355468750
119853269.3341497481 1464180.9223632812
117381321.2811112851 1273321.8017578125
117308716.4571066946 1265536.5063476562
122649880.5003924221 1579243.5190429688
118933081.4877207875 1409514.7534179688
119731268.5804249048 1453861.9667968750
121745781.4008256346 1546963.8144531250
119101096.3363694102 1420346.2407226562
119749641.7878213674 1456360.9208984375
139812794.2871063650 1757067.0966796875
139591938.3906737268 1754526.2587890625
120428862.8794377595 1494579.1557617188
120313342.2676099241 1487929.8422851562
119963512.8014513105 1469466.6342773438
116650050.0632244349 1165154.1657714844
119753486.4844836444 1456681.7827148438
119689186.6222862899 1453250.3095703125
137272749.5513413548 1738265.2207031250
137033304.3971160948 1736425.8603515625
138279175.8433321118 1744257.7119140625
120818711.0913981795 1510951.9765625000
126106829.2225313336 1632817.6904296875
142005492.6470539868 1762323.3789062500
120023883.3312771618 1473077.8359375000
117401173.3999870569 1276532.7856445312
119945925.4668528587 1469358.1000976562
120858513.8949200511 1513420.2631835938
119461572.9707201272 1439800.3471679688
118972331.7958995700 1413729.6074218750
121929624.1682818830 1558527.6455078125
135482926.7124306560 1717452.3525390625
135191820.0181973577 1716933.3974609375
119505403.2709610760 1442388.2563476562
121865506.4059347808 1554874.0913085938
119232525.3642668873 1428360.0805664062
117446586.1960751116 1280908.6816406250
119144255.2210013717 1424584.4814453125
119302090.6966495067 1433220.7431640625
117371491.4559029341 1271897.8437500000
120225763.7554980814 1484634.9760742188
122054035.1539656967 1564285.2446289062
121670811.7604127675 1545627.3525390625
120682394.6266620606 1506386.5322265625
118976240.3723527640 1413752.9941406250
119543380.9619949460 1444514.9995117188
135063385.8265790939 1705686.7314453125
134969474.8413184285 1705371.0996093750
118833353.8204486668 1403649.1503906250
126164403.6685021520 1634365.9765625000
122932089.4638639390 1591690.0522460938
118592751.1425022334 1382397.0410156250
132698742.8048907965 1687023.7558593750
118766739.9938206226 1398847.4736328125
120593180.5562551618 1503206.7182617188
118678032.0533930063 1391505.8300781250
118239951.4926140308 1354635.6938476562
123798194.2683903575 1611309.7636718750
116805584.6164848655 1199876.0295410156
126537638.7691489756 1635683.5439453125
118311072.0984431803 1361868.8032226562
117475115.7347789109 1284724.0405273438
122493905.6304489672 1575338.8852539062
127566094.6651409715 1655462.6376953125
138445062.2341737449 1750183.7207031250
117229502.3652302027 1255019.8061523438
124059875.0964702219 1617449.3984375000
117429399.0622478575 1279419.3583984375
136980809.4280267954 1731928.2802734375
117113601.0543516874 1241537.7907714844
120146197.7326453924 1479648.9379882812
117468890.5750121623 1283090.7250976562
127279803.7362857312 1646376.1738281250
117354433.1296377629 1270841.1884765625
138444650.2554795444 1750130.9365234375
136255001.4598945081 1722634.2812500000
137859318.2492231727 1742712.2617187500
137585877.5840178430 1740683.8525390625
126076698.4554091096 1631644.0166015625
117926208.2935308516 1329830.5424804688
117306767.3271954060 1264923.6210937500
141174755.6993333995 1758693.6044921875
136324566.8274786770 1724265.0449218750
117200498.6142229587 1252054.1086425781
127068967.6234537810 1637689.5263671875
117040036.7163046747 1231924.8684082031
117225593.7887770087 1254996.4194335938
117060375.8689002544 1235140.2619628906
117733246.6260486841 1312122.7495117188
141764127.7178440094 1761670.5048828125
123232940.6497928947 1595085.8544921875
118037311.9849817157 1338568.1376953125
141204046.4036962986 1760640.5351562500
117283355.0336014032 1261800.9824218750
122770040.8390058577 1585442.3193359375
117108041.6713426113 1241057.8293457031
117331020.8360437602 1267718.5498046875
117749581.8966360390 1314211.3295898438
122298082.8780610561 1573422.1704101562
117837500.3531032205 1322488.8989257812
117697985.9313214570 1307610.0170898438
121267615.5619659275 1528752.8266601562
118179279.7658829242 1349623.8007812500
122586807.3346968442 1576776.5961914062
122927265.8514974713 1588667.0615234375
118755021.4105114937 1397024.4511718750
131160464.0032024235 1672214.1416015625
121352040.0443666875 1535280.7133789062
119036603.5256657451 1414992.7036132812
127189511.8530482352 1637963.5146484375
121219446.3023763746 1526960.6918945312
118666313.4700838923 1389682.8076171875
121163511.2963357717 1525869.5600585938
117517654.6714884788 1288674.9877929688
118427435.8012951165 1370331.9267578125
118325049.1027222127 1362905.1357421875
130371552.0162886828 1664335.4814453125
118561552.8149857372 1382265.1201171875
117423477.7789241225 1278714.8291015625
117415030.7160577625 1276901.4628906250
121315165.3138743043 1530869.6083984375
118603317.0622223914 1384982.7236328125
133000332.8904321045 1687970.8134765625
117507487.6589381248 1287897.7421875000
122759777.8654956818 1582800.0131835938
121219197.3031665832 1526304.0913085938
121353915.6397620440 1535283.0034179688
116793676.9700908065 1197431.3854980469
118408015.6006349623 1369239.7172851562
131778961.4627512842 1676429.2861328125
124181329.0145737231 1620553.8261718750
121518963.0295184851 1539245.7509765625
116798159.5101416558 1198603.2331542969
127189923.8317424655 1638016.2988281250
117511396.2353913188 1287921.1289062500
117653542.1668946445 1304010.1596679688
117726169.6030420363 1311088.6909179688
127378690.4469498545 1650151.9677734375
131820769.5166950524 1678773.2177734375
127190161.6989189237 1640740.8144531250
117007489.9370046854 1226146.6882324219
117155441.2248337269 1246152.9873046875
117122535.9762128294 1242034.8708496094
117214992.9190932065 1253031.1501464844
136939947.0902072191 1730347.6708984375
134653982.5704293549 1704899.0351562500
117082143.1357379556 1237362.4743652344
121569199.1670234650 1541947.7900390625
133993924.2629868835 1703367.0468750000
117034477.3332955837 1231444.9069824219
124463418.9156853259 1622892.1123046875
118179356.7510903776 1349647.1875000000
118076671.8063837439 1341269.2114257812
117534808.5289853215 1291043.7675781250
120763965.6205921173 1506809.6054687500
121762603.3481188565 1547899.2622070312
124559665.9905406237 1624119.9667968750
123953257.3414281309 1611455.9355468750
116911503.3530551940 1214414.9660644531
116959581.1341917664 1220512.5227050781
123528962.1473465115 1602025.9814453125
123436855.1434445530 1597110.9287109375
123703767.4465537369 1607583.5498046875
123466573.9318725914 1598210.0332031250
124026133.8611936420 1615306.9687500000
133543999.1096624285 1695426.2949218750
133181349.5508183688 1694397.2363281250
118007938.7932121605 1335243.9482421875
132404921.7487931252 1686056.3896484375
130680672.6279279590 1666036.0478515625
