95680758.1041185856 1394.7934150696
96377611.5374292880 1399.6168384552
95994007.3887164146 1398.6637907028
78030924.9768804163 624.7533478562
78059287.8234631121 630.1188756961
96074185.6009170413 1398.7788391113
78016597.9880940318 588.1202029715
78026517.3658608198 607.3479734887
78073931.1229725033 649.6628092563
78071111.7039910853 632.3457415854
96224513.4563667029 1398.9324197769
95743506.3011455089 1396.9256954193
78040211.9913201332 630.1182786960
95934453.6170557886 1398.2345466614
78012326.5723771155 586.8816224988
78012855.1209405065 586.8955319074
78029264.1978072822 608.4850193988
95538113.1728192419 1394.4861192703
78067482.7734783143 630.5283014643
94397943.6455161422 1392.4667310715
94960083.9498101771 1393.0938634872
78069018.3207950294 630.8926033843
94261492.9939678758 1384.9748954773
78080117.8480341285 649.7041586673
94806721.5998692513 1392.7432746887
94298750.0950149298 1391.3013296127
78019781.1507981718 607.1635108218
78088660.3818014711 652.4976738476
78084632.8942288905 650.3573868310
93992421.6917176396 1379.6823663712
78165695.6667910516 673.3814402176
93793572.2256418914 1379.3869504929
78014484.0872216076 586.9900100455
78157539.0169944167 671.3227608263
78018759.7016834766 607.0744074536
78013537.8570421934 586.9893033728
91360048.4981302619 1263.4912625761
90289090.7812590450 1220.7887288542
91968387.4274702370 1328.7571151257
90606885.1557072848 1243.2270480604
93516846.1734488159 1375.2943906784
92957918.5209018141 1374.7802305222
92399155.5524067134 1343.8935365677
87935878.0074964017 1125.7938475138
92477561.9662391543 1351.7414131165
88697679.0400359184 1160.2346999571
90818582.9566337168 1248.1886577606
92309949.7959774733 1330.2452149391
92703526.7020977885 1359.4701547623
88781506.7328652740 1177.2251858786
88912928.2982973903 1181.2510504797
92422384.5630778670 1347.9680376053
87869761.1766045690 1122.2417409535
92570354.3071566671 1358.8318557739
78203888.6592589170 674.7278586816
78203429.7998079509 674.3776282743
91839290.0380701721 1304.3463397026
88987753.4426888525 1210.9382039905
88913331.1479386836 1193.7131841108
91781857.4728091359 1296.3416252136
78134652.0647835732 654.9896904180
92351893.4098515809 1341.1256403923
90972834.5166358054 1262.6155390739
92391396.4223430306 1341.1749119759
89736999.1039726585 1213.8318354487
88273119.4287420064 1140.4619876128
89886611.9436006099 1215.3001077771
88287119.2173185498 1142.7652008608
88002950.0024822652 1140.1142495066
78253064.5591824353 675.1188578894
78274012.5362874120 680.8452736564
78332184.4992468804 682.3548150158
78342751.0146476775 699.6782925234
78383103.1127925068 716.0746772513
78737835.9174182117 717.5640857443
78362458.8542417735 702.2698668991
78269286.3853299469 676.9092564678
78796659.4927210212 726.2913157740
78767329.2185767591 723.5791265629
78977757.0031778067 732.6097480357
78894276.5977089405 729.1587963968
78904634.3397460729 731.9086639975
79121011.2031680197 744.8417191029
78983480.3749733269 740.1503293614
78989718.5147968531 740.1608853440
79020472.4404498041 743.5778986316
79015619.1649935395 742.1252524371
79271223.7979069650 744.9042744192
79349313.2735186219 765.4402398616
79322547.9602935165 745.1565614715
79472544.8863098323 802.9411429674
79389175.1679004580 771.4586601020
79335592.4047027528 762.4386985363
79571479.2315539569 804.9790677340
79592702.6383711696 819.9731125273
79595562.7217063904 821.7498825685
79589429.4457800686 817.3002511398
79423956.2235639095 796.6434864909
79891332.3470733762 826.9466540716
79831857.6275063604 821.7741282335
79879033.4530411959 823.1685328861
80015552.7178237885 834.7744614310
80130552.5742875040 862.4604628102
80038775.6847042590 839.6610562328
80300714.1238408685 874.1694877102
80286885.3409411758 863.3507315620
80490872.4697348922 913.3644671722
80342904.8154883385 878.4584406747
80310160.5504430532 878.0939220472
80351849.6458472311 900.9594629093
80291283.8897124082 870.4624252452
81119626.3483857363 922.0827397928
81244383.8292597234 940.3334022127
81178419.3232117444 923.8148843311
81148283.5848599970 922.9949396215
81190744.9979289472 933.2936721295
81650969.1150977015 959.6229228079
81332906.9835064858 943.5869579017
81423638.8643207252 956.9120462965
82021705.9605385661 978.1954484567
82151570.0498924106 978.5977831110
82199222.5693150014 1009.2203062907
82014831.6432052404 975.6258562938
82476909.9850860387 1023.9573360831
83544763.2181233168 1049.7111119330
82780557.7088289708 1047.1492852271
86522586.7638063580 1113.5187288523
84024360.5969935358 1055.8290313482
83784485.8721022606 1049.8355419636
84969671.8407922834 1106.7539445162
84454040.6836310029 1106.1509547234
84419098.8843006045 1100.1272606850
84148338.5956671238 1082.0107259750
84024928.6495764107 1079.7834303379
