75150656.1744107902 6850.1236190796
75199721.5822897553 6884.2743988037
74749670.4970236570 6849.2414703369
62378695.3100247309 5770.4661150128
50681230.1381739229 4399.8179580814
50605344.9150920436 4172.7543407045
50603399.3783504590 4172.5810886733
50601899.0850238875 4172.2960372381
50595990.7024357170 4151.0627633594
50611341.6570425108 4180.4947884567
50578213.4977140576 3860.0986513980
50589429.3992388174 4062.8358931951
50672516.9513431638 4385.3418928124
50625108.8955407068 4288.8438097499
50599339.6328844503 4159.1405902319
50678204.6286185756 4394.7362469919
50628275.3541317806 4289.5357046612
50606674.9051248729 4179.5569177382
52847247.2591908202 4684.6563875154
50586981.4915776476 4048.9193197577
74553273.4160001129 6826.5260925293
50601320.3703607619 4164.3914623968
50782204.9391556531 4534.8963312524
50624686.1671749651 4281.7390849181
50754172.8592412919 4512.1720373891
50581307.1795682311 3947.6365102418
50868189.9129630029 4644.2643381673
50588465.8796494231 4054.7580663227
50647800.0749237835 4306.7873452194
50576396.3440424800 3849.2378674187
50679317.9507395849 4399.4150765426
50617911.3342052996 4268.6007342748
50672532.2835119441 4385.8404016979
50678977.4398372918 4398.9958487041
51045796.6437793598 4656.3906406666
50599477.3437894657 4159.3138422631
64194152.5180968791 6036.5764505267
64795483.4614768922 6069.5062753558
64008039.4955547079 5922.5572288930
64183676.3493049741 5972.0665214956
50676622.1743885875 4394.0839002393
50608175.1984514371 4179.8419691734
50629775.6474583447 4289.9549324997
50647459.5640214905 4306.3681173809
50634271.7795519605 4291.4715791605
50593452.8143297434 4063.2941966616
50581270.8491931409 3945.5777957775
50856541.4262662306 4610.7651444367
50699254.5656393543 4416.6503708011
50585466.5533922315 4041.7758713476
50594205.2193398029 4070.0967736952
50591374.9359804094 4063.0091452263
50649712.2623581141 4307.1902267582
50588850.6845756918 4055.0939893089
50670979.5665284023 4378.6193521880
50583521.0166506395 4041.6026193164
50737279.2806452215 4493.1571163647
50587007.6580043957 4049.8536982201
50670964.2343596220 4378.1208433025
50643027.1808411777 4299.3683038242
50644939.3682755157 4299.7711853630
50611749.1083277315 4182.5372844227
50675854.6118298918 4390.7800011225
50694481.6715567634 4409.2313294060
51031813.0674393550 4646.3336337077
50669409.4555045366 4377.6245541163
53304574.4555934519 4880.4760073200
50714269.6405644789 4487.5039259978
50676195.1227321774 4391.1992289610
50823493.0470213220 4544.6930994684
50668476.0274106935 4377.1260452308
50578647.1286863461 3860.1613479294
50780704.6458290890 4534.4771034139
50753832.3483390063 4511.7528095506
50612327.0737318769 4182.5609197505
50759185.7314026430 4515.5975493512
50575534.3346780241 3847.0059009232
50581694.2415133640 3953.4823706187
50880322.1073576733 4644.9151419395
50575326.0070353001 3844.9366053827
50841592.4195684493 4556.7317489380
50658343.7805512547 4376.6035973720
50642298.3244476318 4299.3519575245
50577043.7130827531 3858.2254734300
50693548.2655600011 4401.8833699844
50620995.5806621164 4280.3787806518
50714128.8708490059 4421.3697386002
50586084.5111869648 4048.7460677265
50598554.1969720349 4158.2057571448
50579557.7473133504 3860.3194192164
50583511.7109590247 3959.3514236100
51002500.9391013384 4645.2742446655
50613188.1908802390 4259.0388853066
50574977.8736861423 3835.9443997033
50633452.0383152887 4291.0796917416
73458000.7692687213 6793.3627128601
63530223.6187099516 5878.8188928366
50674204.5457546860 4389.8389246948
50580299.1535524875 3945.4045437463
50754325.6357213333 4514.8675771020
50667759.3894293383 4376.6834776886
50579684.6670790091 3866.1138297729
50673271.1176608503 4389.3404158093
55127548.1471866593 5095.4958584106
72491437.1473851800 6745.8887367249
50617283.6580542549 4266.7248247601
50582841.7619481236 3956.4660449661
71551554.6410950869 6714.4149017334
62617079.8996834829 5796.9150818400
72869941.9870135635 6769.3391227722
70779680.3851063251 6428.5682234764
59998580.6890112758 5622.1083768643
60848897.0700199977 5684.8941606320
50746617.6269845888 4499.2990687378
50634765.0669342875 4291.5782006271
50573019.3889649138 3759.7954313643
50639419.7146959826 4294.9495032232
50571958.7897538543 3672.5849618055
50752898.9202451631 4511.2543006651
62787783.3520658761 5846.3531349711
50611393.2652566507 4181.6195476986
50777257.7571903840 4525.1996411942
50571870.8917325661 3574.3443902694
50776324.3290965483 4524.7011323087
72450885.8941127807 6718.7955665588
50611299.4609861597 4180.0755606182
70798495.8563442230 6553.0495376587
70897154.5997437686 6616.1689186096
70871500.5395756662 6555.7169761658
71152758.5345062912 6625.5384864807
68495590.6563502401 6383.8609256744
69176925.9433863461 6419.1330013275
52875639.0510731936 4690.7934580057
68945828.1283587515 6392.6506786346
69576334.6843632609 6425.7336406708
68369240.8004745096 6333.9421176910
66207399.6034622565 6121.5785627365
67393809.2811486572 6213.3112151623
68273593.8342123777 6332.5465221405
68208505.6529468596 6328.7986965179
62650549.0047213733 5838.6843957901
52075631.0851031318 4674.0990211691
53322656.2037938684 4963.7179407775
53232861.2696008682 4812.1858769059
53507407.4339200482 4982.9926315248
53757442.1572388932 5040.5584592223
53770369.1969591379 5049.6291488111
53869837.5003299713 5086.8287032545
53506897.6089305803 4967.7289794385
53764260.4635965154 5049.0060690045
53208243.8617547974 4714.4168412089
53612776.4730951861 5018.9286330640
53851198.6906112954 5057.8576400876
53597327.4265623763 5003.0119784772
62642083.1480274573 5800.1537847519
55382014.4481981620 5096.3443945050
55650344.4403768256 5116.6144137979
56110379.1184473783 5213.6609151363
56057590.4938636944 5144.3043442369
57718123.8554337919 5364.5333867073
58885677.7032404169 5466.6925652027
56919157.4096209258 5279.4223939180
56823094.2654953375 5240.4253177643
57103653.9438601434 5289.5189315081
57288674.5202873945 5303.5598713160
59374346.3502547070 5474.3801246881
58504983.9233345017 5433.1651059389
58106008.7974508926 5415.4972211123
59998307.1916557476 5508.6623836756
61686162.7099499702 5740.4203499556
