113628619.4242320955 904465.2792968750
110494043.1949159652 616096.2446289062
112836549.4085164815 851521.9091796875
113871508.0114372969 919751.2031250000
113165708.8381383717 874762.2851562500
110053682.7775890082 544398.8369140625
111995518.1120854616 782144.4880371094
111820863.4631637633 769159.6645507812
112829529.1327331960 851282.0361328125
112691650.7387623340 840157.1562500000
112772683.7086021304 847863.2329101562
112537462.8254792541 830099.0180664062
112619284.0605585575 839655.8281250000
112491969.3114195764 827169.7631835938
110950510.9867838621 671588.8271484375
110892271.9235307574 665643.8159179688
111156191.6754258871 692518.7937011719
110857905.1904023886 662188.5256347656
111008090.3231725991 677863.9907226562
111157469.8743723631 695141.5764160156
110999765.9084276855 677230.5712890625
110973080.4306786507 672513.7480468750
111024747.7510634214 680487.3769531250
111179365.7596062869 699898.0170898438
110412824.6658923179 602394.5264892578
110366888.4684143960 598009.9963378906
110367847.9838322699 598903.1931152344
110341133.3495103568 590816.7312011719
114329875.1900106370 943132.8071289062
114774790.3816283643 966892.6835937500
110120897.0946476609 555573.4497680664
112447419.9013946205 821831.6989746094
112442971.0344264805 821760.4230957031
110675999.8082505465 634658.9033203125
110800657.6363613307 650035.9384765625
110618246.6908846349 630097.6591796875
114360863.5646828562 946192.5732421875
114333214.7587230951 943478.3544921875
114184204.8874678612 937461.4882812500
110081945.1776033640 551665.2027587891
110299165.5583456606 587221.8047485352
113855233.8709581047 918746.0590820312
111874184.4994465411 772407.6762695312
111845184.0981743038 769848.5634765625
110346905.6487747133 591212.4796142578
110427666.4167453796 612198.9272460938
114556950.8079413176 955174.2866210938
113393523.7717559934 887854.5449218750
112592248.7364568859 831859.8178710938
110979818.3739577979 673830.8854980469
116244689.4465501457 1021444.1831054688
116245442.7741829008 1021955.8286132812
114380651.7295833230 946621.8857421875
114578840.9681590348 955671.5527343750
110315446.3365982175 590557.2981567383
116730511.7623831183 1027732.3862304688
117427098.9829222709 1030386.3950195312
117282743.0233412236 1029877.7749023438
112208297.9915926605 803593.2568359375
112013579.8100722283 786117.0917968750
111788546.7102589607 765511.9521484375
111371196.1239375919 720509.7307128906
110736887.7975286543 645896.1306152344
110705258.9701372534 641147.9047851562
110807649.3409112841 655418.6579589844
114637156.7290801555 959919.0859375000
114403940.8118661940 949923.7890625000
114434595.8406463861 950396.5585937500
112072345.4812198132 790059.7966308594
113833283.9739157706 918277.0932617188
111227898.8892402649 706570.2907714844
110986827.1276048869 674778.7834472656
113402981.6005599946 891334.9252929688
111717908.9118688405 759183.7719726562
111747010.0426171124 762578.3381347656
111686372.1866839230 755199.7053222656
111709022.4149667919 758869.7233886719
111381998.3236342371 725120.5173339844
111496753.9752999842 734907.5620117188
113808686.1574390680 918262.5034179688
110791976.1862720698 649292.9169921875
113391215.4328115433 887027.6279296875
113206013.9713625610 879920.4238281250
113088524.3115963638 869729.7534179688
113104480.1572518200 870144.0185546875
110516564.6976694763 620912.2174072266
110676233.0747612715 636484.0187988281
113514082.4437555373 896801.7270507812
113451789.3016266227 895014.5751953125
112872941.2132861465 852369.3215332031
111805643.1464717686 767522.8979492188
111430751.9067558348 731653.8854980469
113850241.1606103182 918530.5151367188
115353058.0414674133 990930.5307617188
113446898.8991541862 892089.4335937500
112436757.9139069915 821055.4970703125
112466169.2153760344 824126.6762695312
113664323.6164248586 905689.5141601562
110251965.8591161221 577214.9635009766
116832614.9994155169 1028405.4536132812
111678449.1900350899 751898.6336669922
111123817.4107880294 690019.4782714844
116539922.2018544972 1026475.7465820312
109853641.4709893614 508897.6262207031
109906682.4186518937 521267.2097167969
109939820.7513105124 524242.8482666016
109925966.2491397411 522802.8941650391
109899083.3786766678 520950.5750732422
109955350.2660800666 527167.9637451172
109876195.4192369729 516737.1636962891
110005906.3284096718 534754.2355957031
109976235.5773511380 533928.6475830078
112698911.9976771176 841298.2714843750
113329856.6968774945 884836.6899414062
113877307.6491265595 919787.6782226562
113157460.2803630978 874121.6430664062
113177028.4822022617 876771.7670898438
114777547.4813885689 967817.6997070312
114752497.8016032130 965113.2617187500
112721750.0284474492 843647.9487304688
112789952.7094461173 849779.0625000000
113567103.7384558916 900509.6655273438
114154027.6756859273 934633.5937500000
114271852.9883635938 941588.1542968750
114108396.4885329008 933720.3173828125
114027670.9709696472 928765.7724609375
112278266.3297247440 808660.5341796875
116860303.7673635334 1028919.2114257812
116314025.4455586672 1022944.8413085938
116007978.3948144615 1015327.0288085938
112342910.6960610002 815114.9968261719
117025453.8358575404 1029384.8374023438
116038427.2197438180 1015773.1440429688
112756390.4615387768 844417.3083496094
112575033.8448790312 831135.6030273438
115443473.2011730671 996939.2749023438
111514929.3294151872 735690.9914550781
114709693.1927260607 961698.1601562500
110946229.7096022964 671062.7136230469
111998840.8703145236 784811.9182128906
111297541.3946167380 714178.2546386719
111211804.1956554651 703446.2282714844
111327708.1771399826 716981.2248535156
113916409.0060801953 921617.0571289062
110854728.8404735923 659173.2092285156
115777862.2854389846 1005959.2778320312
110440515.7070582360 613101.1528320312
113656814.2116218209 905500.5893554688
114857177.9946081936 971425.0297851562
113469983.9322286546 896395.3071289062
114459043.6416096985 952287.2519531250
113670538.1834503412 906238.6298828125
115962898.1312204599 1012379.1889648438
115723217.5280986130 1005740.1264648438
111076995.9162063748 685460.9548339844
110070005.6311393380 549540.2269287109
111581240.6039089859 746918.9948730469
111456516.1083554327 733920.2888183594
115559333.6748031229 999178.8598632812
114980016.6229220927 976665.5034179688
112284664.7873902470 808958.2812500000
112236146.3526771367 805644.3679199219
115431639.6251776516 996925.5756835938
115618844.2396590412 1001966.5952148438
115536582.4753986895 997803.1323242188
116469162.0948615521 1026443.8168945312
112167586.7867671251 797950.3969726562
113905441.7275411636 920474.8847656250
113802018.8775704503 913784.3632812500
113584393.3231226504 903191.5170898438
114510348.7820127159 953438.2128906250
114160600.6241321564 934897.6328125000
114004074.5174615085 928480.1230468750
114112788.1793736815 934221.6875000000
113955784.6677617133 924880.6479492188
113760244.5422738940 912959.4506835938
113042601.5254853219 864816.5288085938
112883830.2013145983 853800.5048828125
113156855.7364103198 873681.0380859375
113016572.0682788342 864211.7993164062
113079913.3398346901 867204.0561523438
112931980.0753283203 857512.0263671875
113284712.1210260689 884039.5478515625
113042164.3557606488 864293.2695312500
113322347.2920744419 884826.9506835938
112944243.5328399092 860974.6396484375
113239496.7913412750 881084.0585937500
113110139.0887719244 872081.5742187500
112558005.1433356255 830431.5866699219
112306246.6728715301 811826.7778320312
112921375.7351821661 855845.2470703125
112771178.1713906378 845843.2495117188
112449402.8872152716 822261.7512207031
112299779.2459125519 811810.5788574219
112168693.8681984991 797973.7258300781
112144109.6470408291 797419.7817382812
111314232.7717371881 715580.3640136719
111515885.5558047295 738039.4318847656
111530766.5813930035 740241.8928222656
111708732.7432770431 758792.6699218750
111620248.8713151515 750226.3415527344
111569035.9813787043 746853.0856933594
111766407.0484544933 763147.1542968750
111974076.1793565303 781246.1499023438
112856620.3959562629 852144.7529296875
112691524.0647540689 840017.9340820312
112095811.7198814452 793886.3571777344
112221253.1582012326 803622.5251464844
111562216.9125018418 741161.5939941406
112414755.7985720038 819318.5898437500
111954080.1319616437 779340.3054199219
111779213.8602352291 763778.4235839844
112003297.7301859260 785781.0444335938
111930145.0917354524 778121.3967285156
111892954.0760222375 776778.5600585938
116445181.8346420079 1025765.7778320312
110758121.0324031413 647363.8100585938
115016942.1065274775 977567.7377929688
116730887.3149041384 1027960.9799804688
116605211.5146100223 1027653.8139648438
116076144.9951185435 1016316.2856445312
114740966.9699502587 963358.0800781250
114766824.2904975712 965297.3979492188
114721107.5306408107 962965.6767578125
115627050.6811002493 1002740.4877929688
115429609.1720040441 996317.6928710938
114832760.1755112708 968507.4145507812
114905783.6649917662 973629.8178710938
115112592.6087020934 982095.1528320312
115246692.3060201705 989717.8676757812
115064064.1634767652 981635.3999023438
110122618.5190269947 555598.2045898438
110198066.5602862984 568172.5510253906
110166494.2052280009 564710.4370117188
113540806.4648574889 897638.1665039062
113753708.1983563900 911399.7001953125
113525350.9079606533 897533.0664062500
110233707.4730710089 575283.0095214844
113071374.7355067432 866199.4091796875
114623071.2110838294 958675.7978515625
115163572.2377959490 985403.0942382812
115119247.4566418678 982504.6811523438
110487956.8041642457 615737.8237304688
110637450.8020265251 633300.0322265625
110564560.8620724380 624645.9094238281
110575937.0671526343 627552.6232910156
110561901.0597494096 623980.8140869141
110418501.3991698325 610274.3574218750
110550808.6670400202 622593.8979492188
114825652.8190644085 967982.6284179688
114972401.1852180660 974966.6997070312
110355141.0966290385 591634.9425048828
115908136.6765396148 1010521.9594726562
110120358.2580194920 555547.4216308594
110036898.8036026955 541621.4587402344
109966046.1170120239 528583.4216308594
110066246.5049038976 548212.0787353516
110090808.0175151676 553743.2994384766
117410668.1100218445 1029927.4829101562
117115857.1826823205 1029472.7709960938
117111877.8885402530 1029418.8627929688
116311746.4910889417 1022832.7241210938
110943402.2301103026 668518.8405761719
111142484.8239166737 691484.8518066406
111068671.5014614612 684912.6203613281
116069716.0397537351 1015903.2084960938
116075567.0528193712 1015965.5415039062
116089809.0964405835 1016443.1967773438
115898486.5755424500 1010143.7729492188
116778649.0312277824 1028368.0043945312
116543624.4528551549 1026708.2631835938
110012887.7152496874 535541.1538085938
115996473.7933954298 1013175.1215820312
116000131.5242169499 1013459.1333007812
115828102.1264072061 1009302.6674804688
110233614.5605023503 574357.7677001953
110159542.0730719268 561900.0944824219
110135831.9271408916 559523.8679809570
110124765.3811631501 559276.1574707031
115323017.1637838036 990900.8452148438
116574215.6646886468 1027477.3618164062
116527106.7164662182 1026455.9174804688
116846185.7325138301 1028862.7153320312
111272850.6405049115 710433.0166015625
111303127.2050263435 715394.0070800781
111277732.4049923569 712129.6428222656
115277775.1331425756 990292.9624023438
115652608.9178770781 1002915.7221679688
110174789.0372227281 567093.1981201172
111106537.0458510518 687857.7316894531
110001519.1392727196 534628.6574707031
115577088.1547589302 999905.3178710938
115530360.6205730140 997611.6967773438
116549260.1555506587 1026975.7749023438
110362265.6441092938 592671.8594970703
110261438.5265031904 579209.9016113281
110289502.3316132724 582716.9020996094
110973874.0471860170 673796.8139648438
110776025.1380389184 648501.3144531250
110772554.6024492979 648137.5671386719
