123087935.9575499147 892162.6310882568
130999599.2110171169 1082453.8928222656
127217489.6904693395 1007053.3179931641
127721705.0878921300 1016443.8050537109
122884215.0301724672 888511.2594587803
122999365.6099676788 889174.9973683357
123241756.4838527441 899050.8933677673
122749813.9275806844 886222.9248037338
122855518.0558522344 888327.2759327888
123058925.1937750876 890296.3186345100
135110848.9965885878 1132865.2680664062
135359121.3434454799 1134930.6933593750
131871859.8097382337 1096421.0895996094
131807718.7961582094 1093164.9291992188
131823398.8474906236 1094154.4741210938
125364192.4832659960 961197.9213714600
125182831.5163330138 956733.9687347412
130679407.5723416060 1077166.7619628906
129425259.8188913465 1058166.5876464844
129280861.6076649129 1055473.2673339844
129602238.7109627128 1061398.4519042969
122747942.9110035449 881248.2910695076
122835500.6090573668 886518.2336964607
122915483.8394119143 888523.9768605232
123161891.6977375448 896929.5944566727
122651516.0670522600 878996.5493702888
123136936.9518969655 892846.4944386482
122613447.8058954775 876429.9656300545
131773762.3672396094 1092869.1020507812
125135974.3451766968 955188.8954925537
124880162.6727490723 947212.9503479004
130689880.6172135472 1079218.6169433594
130862664.0795439780 1081148.9890136719
129905634.6400718093 1065986.1760253906
130767103.3527086228 1080360.7568359375
133583239.3042250723 1117617.9765625000
133553510.6371493787 1116172.8666992188
137254114.7811818719 1148807.7993164062
127942424.3366720527 1025278.2127075195
127415535.9373358935 1013183.6633300781
125235848.1157577187 959491.4650726318
125455310.4644583017 966203.9271240234
124995024.6347816288 951930.0196380615
119803342.2348081172 768214.2515596151
119834074.4674232602 768944.9388154745
119583306.6013718843 765470.2264156342
119850892.8612620533 770132.4928849936
119724092.2787460089 766359.6263154745
119764792.4842283428 767135.9670060873
130085418.6864401400 1066028.1481933594
126581127.7574280649 991736.9146118164
125968952.6202257127 978873.4396362305
126400769.7790852338 985951.8015441895
125849545.8992511183 975655.6234130859
126137953.6067796499 981210.7576599121
137141540.8742598593 1148607.7631835938
126827161.0297371894 995616.2269592285
126693280.4313219637 992814.1810607910
132015716.5016155392 1099113.5671386719
132201685.3949587792 1100006.8298339844
131718949.2731283158 1092754.1774902344
124197715.6426207572 930228.3145599365
124182675.0411475450 929553.6499176025
132792040.4161479324 1107793.7309570312
126713421.4449266791 994419.4917602539
125304489.1221452206 959898.9567718506
125772357.4456006289 970837.3071136475
125824029.2080638856 972830.9745178223
125976930.5355005115 979134.2408447266
130419177.1533790976 1076083.5144042969
132309868.6108949333 1101304.0156250000
128521190.4494133443 1037360.1567993164
128889997.3592953831 1046472.2486572266
128541571.5400023013 1040447.9898376465
137422962.2514717281 1151522.0024414062
137039989.3133476675 1147472.6645507812
137095923.0560961366 1148050.6391601562
119870969.7970321476 771247.7379913256
119961713.0617690682 775735.4281387255
119959590.0486753136 773416.4287905693
134817072.9488139451 1130632.2080078125
134423328.5554034412 1126952.8168945312
134176051.7594851702 1124231.9291992188
134010702.1608995944 1122610.6020507812
133527042.7936538756 1114795.3242187500
126982418.5878832489 1002132.9929199219
128689985.9007755667 1040522.2773437500
124247173.2117134780 932957.2232322693
135121705.5655105412 1133661.3579101562
135325606.1032494605 1134297.3305664062
135460327.0039979815 1136035.9721679688
122620465.5579684973 877003.8461246490
127586838.8142427057 1016089.7312011719
120532796.7264521718 796171.2272348404
120436851.3388028294 790697.2295651436
120689068.0713366568 801361.0273366794
120746595.8011808246 803211.3382077217
120663451.9449381977 798725.2732229233
120866939.6099752337 810403.1443600655
120786195.3657926768 806529.1414303780
126494080.8909915537 989183.7272796631
121509010.4746500552 832186.7136447430
121149310.2828859091 820332.5727366209
121380358.2985464931 825288.6862323284
121055056.0908552706 818079.7138202190
121380641.3158400506 826967.2826423645
120754846.0094183534 803709.3232486248
127633654.8756615371 1016374.9553222656
120251493.6936962754 789124.4575431049
120672969.8164484948 800732.0784420967
120733193.5498495549 801778.3091115952
120659778.5090049654 798574.4406423569
125948897.7088203579 978445.0950012207
125554675.3573654741 967196.2118072510
125798124.4912996441 971610.0001373291
125730524.5360964388 970556.5680084229
125928901.3322304636 975980.5681457520
128212746.4410291463 1032964.8757934570
130629959.7474265248 1076222.8664550781
130676974.5193371922 1076851.2722167969
130086259.6062618047 1067725.2233886719
130266387.4240038544 1072546.9450683594
130623497.0461755544 1076192.3293457031
130864791.4352395982 1081306.7106933594
120632233.5262029171 798274.3356680870
132504923.0596117824 1103909.3417968750
132467488.6015193313 1102966.9257812500
120780096.3929271698 804674.8306546323
120960601.3408656120 814896.9423970254
121249124.7153062224 823543.9658932798
121371074.0994655490 824960.6397122145
121052532.1853453219 815231.0579495542
122462817.1409249306 874386.8207821846
124309784.0402297676 934093.6809997559
124444776.1630009860 938589.6078796387
124328658.1804144531 935427.0400161743
126250942.1388635486 982459.3835144043
131575465.8954515010 1091847.1394042969
123142549.3700881898 893717.8464202881
134703393.8578914702 1129827.0146484375
134558586.2355681956 1128215.3286132812
126382143.8316236287 984923.2619628906
126134892.6616904140 980270.6004638672
126269040.8689225167 983146.1154785156
126525802.9766140729 989188.9695129395
133413830.8528100401 1114706.5561523438
133306480.0934746116 1113251.4760742188
134280855.4666995704 1126415.4809570312
132458054.4249819666 1102679.3603515625
131485876.1275156736 1090567.2583007812
130379106.4041204304 1074152.4279785156
130109201.1876814216 1068823.7238769531
130191742.6316052228 1069340.8361816406
130204380.9754923284 1070422.6481933594
136728698.5273119807 1145243.8671875000
137050914.0014735758 1147804.7646484375
123630903.5708903372 911453.0220031738
123281990.2834089100 902018.6384582520
123252967.1163241267 901592.4143371582
123420471.1610196829 906194.2103958130
123593187.1616880596 910175.0825500488
123620066.1541443020 911108.6440734863
125179810.3732942492 956373.9223022461
124557500.6653888971 942460.8362731934
127757948.3402726799 1018961.6049804688
129126306.7737882435 1052252.7062988281
121308184.0635947436 823658.6813878417
120492131.1531488448 793309.5412716866
120416631.0868306905 789685.8845810890
120612584.5786214918 797750.3625607491
121527101.6147520244 832759.5935497284
121854596.4237243533 844492.9745922089
124170510.8693564087 929114.7415924072
123683347.2558888495 917402.3349456787
137402326.5908234715 1150854.8959960938
137890594.0622888803 1151603.3920898438
132469871.4385456294 1103708.4355468750
132663636.4585903436 1106552.7485351562
132934303.2589169890 1109037.0366210938
132732083.2050530463 1107490.2304687500
133005271.1859944612 1109554.9721679688
132642137.8546940237 1105947.1259765625
132172866.9446282238 1099786.3857421875
132464082.5785034448 1102904.4873046875
127272897.5974317938 1008627.6062011719
125696705.1137127131 970119.6847381592
130905995.6039647460 1082208.2509765625
131119757.7137116045 1084296.3596191406
130913233.2075000405 1082364.3054199219
131207066.3377099335 1085323.2172851562
124114520.5289476663 928711.2933502197
123942073.6049877554 922529.2218170166
124213639.3712115288 930710.6375732422
123989719.9040299058 928083.0142974854
123972730.2509458661 926038.0842056274
119560189.6788496822 758552.3454042077
125612815.9735689610 969418.8512115479
125246468.1555970460 959847.7134552002
125160240.4746169895 956144.8010101318
125183291.7238814086 958950.1955413818
125552222.3804967105 966468.8035430908
123812715.7486971766 918597.0650978088
127968700.1024959832 1025396.0110473633
135993009.6365395784 1141902.3354492188
135688428.5802098513 1138794.3344726562
135790115.9857825041 1140144.9545898438
136649221.0227760077 1145045.3730468750
131112999.3265363723 1084164.3020019531
131283361.2918168157 1086372.5632324219
131368282.0844052285 1088858.2221679688
121811145.8245529234 843845.0899429321
121906833.3496652842 847573.4032592773
121843698.3702656031 844190.4305191040
122069101.8277103305 853531.5581150055
121564544.5184420049 832781.9581527710
121629789.6033625901 840289.2603530884
128783518.0859832019 1043152.4156494141
128785820.7698457688 1043464.0480957031
128073984.7104311436 1028674.4827270508
128713949.7374588698 1042079.1007080078
128035912.4442594796 1027897.6956176758
128464211.3840587288 1036253.8928833008
134160963.1898001432 1123833.7045898438
133746918.9480755925 1118867.4765625000
122080999.5264667720 857231.3543167114
122351879.8355696052 863656.7418212891
122222136.9742924571 861280.9003224373
129080406.5762186348 1050745.9440917969
129373464.2233307511 1056169.1223144531
136463910.9478129148 1144015.0937500000
136362025.4615859985 1143882.4316406250
136817522.9168970883 1145283.0693359375
124529363.9635456949 939484.3350982666
134925243.9156096876 1132138.5146484375
122390087.3423235565 866674.7427107096
136049115.1902721226 1142139.3413085938
136449239.7387255728 1144002.0576171875
136278136.9611144960 1143200.9892578125
120230634.6257636100 784174.8952026367
120132082.7935122997 782015.9972548485
119986874.5360469073 779024.6694145203
121403425.6585938334 831979.5782475471
121975678.5353890061 852869.8211389780
121926176.7600448132 851738.0780969858
125075921.7931794822 952756.2259979248
121879120.3077968210 846848.3079553843
127265944.7848291248 1007863.5307617188
127502609.0198797137 1015396.0041503906
127737085.7738981992 1017717.6130371094
129819199.0335347801 1064489.7253417969
129209858.1523353904 1053485.0637207031
129349268.5907947421 1055685.3132324219
122080388.0910096467 855780.6004161835
125368304.6751108170 961944.9257659912
125601591.0548384190 967603.6177215576
121904642.6061203182 847149.9089945555
121789539.8701348156 840652.2457542419
136826068.1120140851 1146098.1313476562
124635234.3125709146 943467.8367614746
124771031.0364869684 946087.3767395020
128954016.3051868826 1048252.8023681641
128157074.7298786491 1030722.0755004883
120508718.7347676009 794647.4214057478
127094644.5015479773 1004816.8155822754
133870958.3368786126 1119020.5092773438
134339698.6265383959 1126758.2846679688
133883472.0090506822 1120051.3720703125
128154870.4408732504 1028910.1492309570
128330563.6394027919 1033511.4617309570
130640369.8331277966 1076542.8420410156
124895573.5317180306 949552.7683410645
122591414.9091287255 875046.1305470467
121572438.7957357168 835275.0037672520
124096375.9693275392 928089.4146881104
126713390.7797981799 993236.1339416504
135288226.2479846776 1134276.4252929688
123161183.8189907372 894684.1859054565
132346395.9092997164 1102401.8964843750
132581499.8850420266 1105519.0664062500
123395940.8607141376 902147.5032882690
126882806.2727741301 995865.0355224609
126548864.9786603749 989289.0367736816
131199434.9466041625 1084559.2711181641
123867452.0177995265 919140.6553306580
136157184.6300813556 1142568.4638671875
123608385.6996426582 910903.7856750488
123513232.5765675604 907903.7756919861
134646083.1966831088 1128966.1733398438
126820397.7351331413 994903.3687438965
133206078.4321618527 1111748.6040039062
133239553.5975410491 1112168.8618164062
123606869.1732522249 910393.9609947205
137899896.4670730233 1152139.3041992188
137869641.5470572710 1151586.6977539062
125119921.1609025002 953654.7421112061
134478799.5207106471 1127729.7153320312
134618598.7922715545 1128874.8217773438
133960718.5814087093 1121006.2490234375
132997026.6777793914 1109476.2021484375
