85148503.5808624476 4463.5464876816
84047015.3548332155 3832.7072002333
86089575.5257662535 4886.0691556931
86000267.9480862617 4820.1808185577
85442556.0968433619 4577.5291979089
84381345.3059038222 4061.3687956631
84341048.3406670839 4034.5820914283
84172137.5985967368 3887.6512131523
84856376.3163609505 4309.1298869085
83071036.3490154892 2891.4904220742
83608915.0610648692 3394.4550024776
84702963.4231509119 4226.9173534452
86518654.0850088596 5023.5486316681
87587309.6053594947 5367.5267715454
82759787.0023931265 2438.9126467733
85588121.4048594087 4644.7165907547
82681565.6334913820 2415.6874533100
83691207.8125259578 3500.7953277703
85293349.5611933917 4503.5093806218
86854131.1255218089 5123.0762176514
87162929.1317919791 5221.2484550476
84218338.2334373295 3971.1083700955
87176302.7361395061 5240.5643939972
84396188.7423980683 4066.0257623643
85732087.7488236725 4688.5056515709
85885862.3036755919 4774.8900300041
84699624.4107447863 4222.3196856007
83378679.7530220747 3155.1508917103
83269080.9424466491 3103.0446260180
84756347.8516684771 4270.2535222303
83803115.0858270228 3597.9828876704
85141165.0638119876 4456.8421403095
84924861.7768471390 4351.3694823086
87065923.8018013835 5188.2172622681
84645535.9234300852 4220.0570360646
84449001.4839016944 4088.6022277903
83241760.6452558041 3036.0278041698
88675486.4593539238 5493.8667831421
88949177.0665661842 5496.1109771729
84515420.7980766445 4156.4885447323
85968370.2221271545 4816.7364087105
86574224.5577793717 5036.6507816315
84277060.2929308861 3990.8273912501
84705640.0924751461 4258.8464072049
83519279.7539518178 3334.7467300791
89570641.1681914479 5522.4262847900
85356366.6230290830 4552.1935156509
83494740.9292441607 3281.9546350537
85202592.0681771636 4465.8091372177
83980790.8260456622 3741.2395075006
82737378.2515857965 2429.3522462689
85677999.2615089715 4686.2430020347
86323886.0031441450 4951.4344415665
83045620.9258075207 2891.0585143343
87203120.5238865316 5245.2034111023
84375186.2328407019 4058.7318699583
82769625.6442452520 2534.7231128127
85392465.5766391009 4567.8404568359
88165411.6274167001 5468.1933059692
87089985.2459236681 5211.4204788208
84573732.6155582964 4173.3141747639
84725148.9207476377 4265.8372498676
82789920.1886856407 2540.6822866195
86862460.6385749131 5132.4385871887
85732516.1017252952 4728.3921475410
85876257.8853220493 4772.8152046204
87275574.7648374140 5258.7808361053
88270066.4125377089 5472.1103897095
84140893.0353638977 3878.0961492658
83647953.4082205743 3486.7043579262
85347004.3721122593 4543.3459973335
84632669.0268013924 4192.1728301477
84209806.4076624066 3965.1001266837
84036053.4242648333 3829.4141633813
83464921.5679353029 3262.9246502956
84084343.2880187333 3867.8696966898
87442366.0097876787 5325.6054553986
86560611.8441150486 5030.9180641174
85867321.2492157072 4770.1110572815
84000482.3283137083 3765.7895592861
83996378.5202498138 3762.8059960697
85416875.5170465708 4572.6156893745
84411865.2964957654 4083.4211732503
84996926.8471586853 4390.2875217748
84987390.5089600682 4370.4577618763
83960114.9969761223 3707.1046823677
82823606.7297166288 2572.1590678055
85066189.2214142978 4394.1013713833
84264772.5323951840 3985.0674502384
83806431.4779491276 3609.7985982660
87191889.3525650799 5244.4404411316
84401140.6636344492 4079.0823051599
88290122.9442346096 5484.6720848083
84933302.0216453671 4368.1951123402
82979587.4904228151 2774.1422869522
82871174.4815323651 2664.6821429093
84834042.7846609801 4301.5782962795
83559273.9876598120 3376.2527273711
84372813.4801288843 4055.3605522513
85204955.7343236357 4473.6426218674
87775748.5888733566 5376.5171756744
82631504.2978501320 2305.0995676418
85481809.5196026713 4585.0649070740
85408223.9680827409 4571.4677903056
86398965.3508052677 4979.9514961243
85277765.5086441189 4484.6018941402
87111247.8735964298 5216.3912887573
83485340.1678366065 3263.8963732163
87762394.9635916352 5367.6104526520
87823034.2310124040 5395.8388748169
82903190.2879793048 2678.8230857668
82668248.5657651573 2306.7762455745
84463318.9151128232 4099.6497550439
85638334.7758638263 4645.6851615906
83897204.3590319753 3649.6119935233
86947431.7488823384 5159.4051399231
83640444.0938896984 3485.7128714141
83725267.2350459993 3517.2755231622
83491225.0719516426 3279.8188937707
83745366.7882238328 3588.8890495118
84207533.3132977039 3954.7830766481
83583132.6209421903 3382.7780377178
85342095.2100975066 4513.0062234700
85545615.8406696171 4617.1612104177
84888182.4083943814 4315.9099117517
85703872.9719155729 4687.6594857574
86370070.4721183926 4971.3130559921
86572624.2931680977 5034.7941112518
86478310.6326171607 5015.0678806305
84023857.5905828923 3777.1966743115
86309557.2912336290 4950.6714715958
84222984.5136226863 3971.9188452885
85067063.0313308835 4408.4329868555
87046342.0991236567 5178.2154808044
83908373.8606903106 3679.1494750794
85119307.4452847391 4425.5036820099
84385991.5860891789 4062.1792708561
85663188.9191616178 4667.3333883286
85226527.1790363193 4483.1136302110
88531432.4471385777 5493.1434249878
83209671.1177722812 3020.8510556109
84499086.2140959352 4129.6671852469
87226005.3260837793 5252.1200866699
87321018.2057915926 5271.2331867218
86922682.8107774407 5141.7999000549
86016495.8122579455 4832.5199985504
85694366.5657822639 4686.5027689934
87772468.3402738720 5372.6411285400
82743098.1111023724 2438.0987676226
85904161.2278696746 4789.2980031967
84781541.1336653084 4300.5998185650
86783726.0600212514 5111.1019592285
83128873.7940331101 3003.1424611546
84316865.8856322914 4025.8158616424
83230290.5171241462 3021.6384604461
84294742.1544944346 3991.7398930714
86614226.8571970463 5058.6101684570
86445576.3984725475 5005.9819889069
87913073.4492408782 5418.6812324524
85658015.2121556848 4646.5691919923
85212870.8299570233 4477.8868826553
86834249.0156002939 5116.1619644165
85891350.1899049878 4780.4149045944
83159565.4443336427 3004.5043575056
83119374.1653375030 2902.1273126829
84628569.3534049243 4187.6545697376
86267649.9183880985 4939.3783504963
83427818.8717165887 3193.0837097764
87375288.8031601906 5300.6693801880
83022817.1223164797 2878.7368517295
84141699.7448271066 3886.5194425508
83971972.4708125591 3724.5085972548
84564213.1372646093 4165.1892224476
83103497.4675036669 2901.2793505153
87358493.6717562526 5276.7808532715
82703492.7009514719 2416.2363896175
87866446.3956891000 5409.8656387329
84306185.8852686882 3993.8263740893
86971914.4785203934 5172.5853366852
83552275.7696307003 3348.3951910101
82929858.1064831316 2769.8187170010
84078156.4874627590 3855.6399826407
83826632.2586059272 3634.2481716871
84575491.8684730977 4181.4742022678
84240123.8973301500 3972.2024082541
84915767.4602282941 4341.3614338562
84548871.8052607775 4158.3934326526
87779416.0857882649 5387.4597377777
82994428.3259517550 2791.8192064724
82619993.3741538525 2303.6122031314
86220237.3340391964 4936.6566600800
83381790.4699883312 3170.6174144964
85572613.5076999366 4636.1187992096
86255273.7649115175 4937.9669020176
86047025.1434914321 4847.2038807869
82948246.5842045546 2770.0745848052
86212217.3023406118 4920.1938109398
86708748.5838540196 5079.9456176758
83584211.1740692109 3391.8874966411
86019089.1782998890 4837.0040793419
83455397.0244051516 3261.6677957389
84138659.6961405873 3868.7426671907
85559001.3132262826 4631.1615032365
86961100.3550520986 5166.8761863708
84187897.0541293621 3923.1014622469
87924359.6813600659 5429.3810539246
82734949.0051176846 2418.3201835009
86022760.8605003953 4837.8776063919
84914769.1001923233 4330.3432758972
83466297.6665969342 3263.3745427940
88105860.6893414110 5447.2005004883
86288720.2665605694 4944.1277065277
83626926.2775728405 3457.2942701802
82942176.9726066291 2770.0010414608
85480093.5520079434 4583.4967947602
85835450.1149352193 4749.7461118698
86673045.9891792685 5062.4259605408
86719201.4276775718 5080.0804882050
86744026.2207864821 5101.2530975342
86594235.0651111901 5037.5479049683
86780155.6759863943 5106.8732337952
82927600.2283868194 2680.5517751201
89409450.1916089058 5512.3254318237
83447702.3011799753 3226.4662017145
86683071.9724776596 5074.4603519440
83523990.3976862282 3336.4917179793
83392280.1678295732 3171.3882586535
83957764.7412186712 3698.4339427124
83513809.6075192839 3288.1613298245
85331866.4938191324 4503.9998806119
85486754.9910659641 4588.6598227620
85846783.6333890557 4760.8806551099
85603869.3521063477 4645.3510771394
86044211.2527778745 4842.2691869736
86910131.8225724995 5136.3146343231
86440413.6545333713 4992.4433364868
85673089.6742914319 4680.2105888724
83622899.8610633612 3394.8855718076
83447789.3561096042 3251.6209497237
85929067.4480880052 4791.5494478345
85882981.0032681823 4774.8555285931
85945014.7511472702 4802.0323469639
86931432.3209568858 5157.6500835419
83626617.1367778778 3395.8386523840
83496953.2912581861 3284.8655420158
83366995.7936712950 3111.6200456806
85524105.2432136238 4605.9039558768
85800486.9099673182 4748.3570513725
83971235.6905605197 3722.4417470340
89565432.2446193546 5521.8829193115
89169613.2929067165 5499.7531051636
89353901.1725978702 5511.2478561401
88906518.7478259951 5495.3679199219
86435844.3035590500 4989.1775989532
86174768.0992725044 4905.9878673553
85791953.2559371442 4745.3545312881
86072609.8488352150 4856.1886188984
88725045.2719007879 5494.1464309692
85845058.7692587078 4760.1731405258
89313599.2785197943 5506.0245056152
89311687.2770537883 5501.3494682312
