112568831.8231976330 18708.1396040472
112691346.1129028201 19035.9504870176
112818235.1651982069 19223.1820167005
112677945.2704027891 18911.9166125059
112542590.2412541211 18676.3839186428
112240041.1889888048 17998.0536582170
112538637.7198867500 18674.9403997513
112531293.8959470391 18542.9770735500
112429355.2639190853 18369.5066611466
112225453.6001313925 17993.8258716911
112207490.9389269352 17986.6185322853
112373054.0989706814 18233.6587352459
112019011.7554615140 17492.1348356006
111844071.0130874664 17120.6818326709
112176043.3174705654 17822.0538820026
112005356.0604387075 17462.2142442463
112359239.7002122253 18148.9777330158
112156312.1360684186 17776.2005265949
112333479.0500365943 18141.6388771385
120108656.8144575953 24598.3448333740
119871716.5951039493 24594.3629608154
120401568.1800289750 24599.3669433594
110308575.9225254953 12237.2633181238
115904984.0226858258 24341.1305389404
115989608.7528008223 24344.7906646729
119436722.5078873336 24581.3414306641
119055005.0671199560 24574.6543884277
119180757.2247790098 24576.6807250977
113265117.9076070040 20230.8006209882
111910430.0881630778 17269.1948678964
111902904.8203879744 17256.2866800302
111595723.9881876260 16510.2662561410
113706669.0444877595 21056.2313323229
118694026.8139326274 24573.0219726562
118354054.0624063015 24569.0513610840
118048138.6618002057 24560.0510101318
113665596.0926953405 20989.1793727132
113748221.6031852812 21194.0064700840
113728409.8105077296 21155.2597755671
119676614.3559966981 24581.8118591309
119734431.7538994551 24585.6631469727
116794553.2319268584 24451.1296844482
115747514.8462884426 24317.8372039795
119659687.2005186379 24581.5243225098
117388190.2906094193 24509.4985198975
115268266.9304964542 23887.4201135039
117688295.4837042093 24535.0350952148
113634059.2061953992 20968.3531238434
111999978.6493238658 17367.7570256166
117822795.1113392413 24546.1015930176
110111159.5009275079 11758.2168685943
110239342.7089486569 12117.3017206937
109984808.5115389675 11069.9718127400
110029944.5985550284 11426.2808079869
114210404.1424690485 22049.7063276768
119399471.4154803455 24578.7181854248
118924251.8703617454 24573.8235626221
118674914.7275557220 24570.5624237061
109924431.7992810011 10363.7847070172
115258283.0613751709 23868.5251388550
115163407.9396530390 23853.0033493042
114630950.9150444120 22829.7790067648
114829856.5154494941 23231.0837020874
114792961.0620711446 23201.2200088501
114793018.8075074255 23226.8792648315
113620351.6373122931 20951.9941683620
113089965.6898557097 19907.4630124269
113028558.8123434633 19756.5442635720
113204660.9068848342 20055.9793832009
113008890.4182782322 19676.1361443703
117286785.4026758075 24508.1497497559
116831636.2315923572 24477.5579223633
117207046.7146976888 24507.4158477783
117405915.0086289644 24519.3644256592
117230365.4039420187 24507.4340972900
116905107.4218414724 24478.0335388184
116997996.0667711496 24504.5748748779
110815210.7554799765 14082.1395904422
112695484.9221996218 19099.8419180666
112864776.6689185351 19465.7457419191
112983180.6446700543 19614.9469480068
111892734.9273097813 17126.5653505940
111698959.9310481101 16754.2266366952
111589871.3459389657 16397.9934511799
111679521.2994570732 16624.1739453155
112953778.9191668779 19545.0722287307
115517764.0255256891 24289.1294097900
110366017.0861247778 12581.3271047664
110818642.0354057550 14096.6097164154
114513129.7687958330 22594.3341954947
114519141.1662939638 22623.4731878042
114572279.4116289169 22737.0334163904
117642361.4302307665 24527.7892150879
117778933.7642065585 24545.9366760254
114284630.1247628629 22209.0517306328
114113758.9711714387 21840.5288137496
114007805.7973052114 21699.9794890749
114024842.4193947166 21745.1366777316
111016353.0592353791 14778.1659424771
116227703.4127535522 24380.1399078369
114731125.2887847573 23021.4464076757
116754388.0072270930 24450.8213195801
114152556.8162785619 22001.3668157774
114166913.7050229162 22006.9258978086
114155764.4617986232 22002.7672826963
111138281.1580390632 15125.0399892775
113455418.5383911878 20656.4225313065
111506496.9591486603 16243.6460965273
111407927.4043328911 15909.3200037477
111559603.6941358894 16301.8420771358
111417296.4235215336 15926.8293898997
111392850.6180911809 15908.8794310985
115292213.5631189048 24012.6502304077
115319617.4108055234 24017.5446166992
112638827.4716514945 18858.6922747788
112492922.9123067856 18501.2391089778
112252124.3849946856 18065.1060306005
117460070.9254230708 24520.5729827881
115090405.8381125033 23609.8879547119
109899319.9170306921 10007.9837623258
109906287.6304321587 10013.9305799175
109771604.6447534710 9015.1646746397
109735396.5598414093 8290.8646237422
118280059.5656439066 24562.1089935303
117859958.4046617746 24556.4739685059
110877153.9193025231 14306.8229243902
114431917.9906526208 22475.9119954109
114394414.0078469366 22455.9778633416
109878653.0276557356 9995.9712794651
109862140.6775072217 9982.3453930249
109916305.2447937578 10327.5657642712
113936450.0450560004 21476.2673829645
116213334.5725837648 24377.8717041016
116397404.9327037036 24434.7986755371
116142536.4060165882 24371.8032073975
116335883.2745146453 24431.9577026367
110428466.3371845186 12673.4509699382
110913216.8844556063 14325.6261519659
110168200.1485934854 11839.5488974229
110012502.4579789937 11096.0971492827
110387779.0066216588 12594.1936519789
113878368.1204589903 21389.0335807987
110913671.3493287414 14405.1376494635
110762737.2543696016 14040.9312056769
109819938.7924007326 9367.0126154795
110351553.3750949800 12522.7674804777
114049861.0113900304 21766.4303159900
113905749.1730198562 21460.2332830615
115703975.6463634968 24314.6044769287
115817632.6887803078 24319.1135864258
112100004.8294825256 17707.0298413639
112003642.9613870531 17393.7070791274
112134443.1829359233 17744.9501189892
112090500.5961776674 17636.4237234145
114838040.1421309412 23245.7315254211
110539900.9543763548 13064.6370926797
110591941.5121832937 13371.9608193678
112389194.2814225554 18354.8673221595
112411039.6601470411 18368.5461704261
112252921.8649023771 18080.2371723182
112399498.5148862898 18367.1484806067
112253818.5072148740 18081.2418720252
117552098.2392453849 24524.5703277588
117729854.4806559980 24538.3233337402
115868063.5167856514 24339.8597869873
115834904.9934005737 24335.9677886963
113431020.0699196607 20554.5704630611
115128884.4719431847 23767.7001094818
114977922.4635084569 23499.0938436985
113170973.7102015764 19974.5704698116
112261968.4847713709 18082.2344181067
112316608.1970763803 18125.3733264930
112067679.4205074459 17633.9187675886
121496393.0930367112 24601.9871673584
114188048.2706653774 22045.1352400780
113783875.1392530799 21321.8486495226
118298081.3215028793 24562.1711730957
109950061.4425013214 11010.5436965376
110014308.5929290503 11348.7076598555
111665211.2685363442 16607.9623422940
116253552.0469046235 24385.4101867676
111153632.6134894788 15130.0101399887
116579431.3163429797 24444.6707305908
116256010.0214435756 24386.3843994141
116604105.4199088812 24446.6131896973
116828132.4483252466 24457.5945281982
115348270.6058467627 24050.0275878906
111158356.0224501640 15155.9182339571
113957733.9322978705 21631.5430838930
113800629.8141882271 21344.6568152773
111335490.6862330884 15857.7551963476
110698165.1127371639 13710.1935501993
114870341.6202010959 23361.8646564484
114927514.0356107205 23406.1721820831
110252442.3736824989 12209.4843355790
110145526.4975918382 11808.1175299999
114952038.0954509228 23464.1448841095
114748131.3457016498 23133.0238385201
110531866.1352656484 13041.2939767111
117377195.1207094491 24508.5774841309
116550621.9232408702 24440.3852844238
119389209.0853029788 24576.9890594482
109833446.3062122613 9657.5349579528
113499770.0711783767 20681.0283649308
115120904.6057483554 23751.9673241973
113763598.9211131483 21224.2519911977
113579618.0753919929 20854.1803275940
113105158.9332448095 19925.8020879922
111315624.0070861131 15578.5575331915
110478775.0470909625 13009.6977539957
110439888.9210092723 12889.4374223799
113045629.2818244845 19789.2432629762
114109755.0510719419 21829.1515552998
110098411.2081228942 11734.6816798002
112743522.6602481455 19169.7473054099
110557086.6849209964 13251.1595903486
114984281.3134562969 23523.2071554661
111203723.1204985082 15210.3209104706
111807549.0670572668 16975.6125239879
112063915.8606561720 17528.2848874203
112204754.4852387160 17869.9357614681
113400235.2276829928 20518.4168855546
113223914.4864758998 20152.6330640016
113397799.6614688188 20461.4219409821
113162445.1664492637 19931.0660690261
113168877.4361297935 19951.4128901360
111951455.9443745464 17336.9028609691
111121314.0498810261 15077.0503245281
111649158.6368404180 16602.9223077446
113726649.7930889875 21108.0122170895
110799551.4993825704 14076.2085416019
110141380.5282298923 11759.7123017460
112814280.4086485505 19203.6278436780
110607399.1915973574 13381.1507569253
110730175.2120165676 13745.2686993778
110595293.1871446222 13373.5091553628
112926008.8973947316 19538.9444122481
114990381.8455681801 23552.7426400185
114436160.6183791459 22483.6536121368
114249842.6894951463 22098.2456941751
115693733.3097976446 24313.1878967285
114364970.9879842699 22340.7963206023
111781211.6114121825 16963.2726278813
110652964.0645185709 13672.6500305999
111323398.7363044024 15779.5946052221
111547568.3046830148 16277.7643641979
111448312.1251799911 16151.0476081518
111603638.2842675149 16518.7150136870
113340920.7388280183 20342.0615052730
115571995.4474054128 24291.5069427490
112284967.9048232585 18088.9434722122
113025922.3698375970 19682.2559290975
115436875.3493638635 24194.2476348877
115461542.2102650702 24256.3411254883
114143271.4820019603 21962.8853200972
115191173.3753746450 23859.0813980103
113679726.6519064307 21052.3203873821
113947962.9993543476 21538.8436081712
110107570.9563632607 11745.8487177640
110648110.4176973999 13600.8092878330
110642774.4690407366 13598.8998760451
110347898.7414897084 12321.1230557431
115320656.0381230414 24048.8311004639
111521403.2486640215 16261.2508357463
111460321.0366704315 16231.3302443919
111160396.3945000172 15158.6322436202
109981623.2773695588 11049.1133838445
113299685.7741544992 20288.7509853095
112467610.8650736213 18490.8355514533
110058788.4869886488 11466.5783297196
110159465.0971157998 11838.0313326493
110184951.4516563565 11868.7964388505
110770887.2319260687 14041.8921050299
112684205.9718086869 18983.5390288383
109972342.8663041741 11044.5013175756
114719919.9206544608 22964.0076694936
115084963.0477317274 23603.4320526123
110941901.1514699161 14467.7612026334
109911341.0928794444 10322.8434303631
109934210.9593968689 10368.7583076330
112569069.9223397225 18774.4144975990
114988389.2595120370 23545.9575653076
115379073.7098690271 24128.1577911377
114994230.8720802963 23572.1588134766
115413329.2804860473 24151.6310882568
112442950.6145432591 18460.9149600989
110423069.9609947503 12662.6395644415
109935653.5502112210 10685.3611031743
110411973.8330849558 12626.8743313001
110320949.6997325569 12262.3662899183
114536917.9895171821 22669.3421870321
110918761.2955984026 14421.0303215254
111026827.9763922244 14792.4833244551
111229372.2957863063 15444.9942800123
111016940.1980560869 14787.0389708746
111076536.5681776255 14838.8679075409
111078904.1265987307 14839.2142055631
111623542.5753615499 16600.5357192454
110868003.4486283213 14122.0578560103
110743764.8626019210 13750.6048530806
