118366556.5490209311 298542.5376830846
118426894.6292790920 299281.3442346007
118277267.7476842403 295688.5937840343
118275713.5159191191 291858.1738784164
118149840.8203762919 288860.1786226928
118237430.0437276512 291520.6368857175
118240051.4526918679 291654.7203818113
118549613.4039335102 301452.6700462699
118707162.9597367197 306567.7193798423
118685745.1179775149 305331.6129898429
118719468.8195062131 307252.3654674292
119116269.7798581272 322364.0764967278
119141144.5704512149 325200.3956003189
119280394.4112934917 327359.0714449584
119124697.6396230757 322794.4248404205
119361249.6774852872 329553.1815676987
119384222.7472503334 331848.2355704606
119384036.7129581124 330361.0971740484
119060195.9614316225 321869.6572508514
119014751.4142018110 318716.7816099823
119463531.6368973106 332441.4996797144
119470008.7554154098 334123.0863856673
119647450.3471975327 339812.7110461593
119769067.7225299031 340108.6846358478
119684907.2828799486 340009.0010241866
118935981.7631696314 312631.7032538354
118940002.9553492963 313707.8931803405
119149314.4351336062 326233.3216490448
119235085.5333188623 326534.9227663577
119796555.8425793946 341275.6625537276
120012155.5106635392 344765.4607943892
119844679.3487035036 342936.1479758620
119316661.7844155580 329394.2440814376
119640502.1000823379 338582.2979627848
119566341.4639739543 335080.3595078588
119986303.6026330143 344739.1769523025
119863531.3779165745 342967.2541674972
119895695.8268509805 344709.7934228182
120138661.7655028701 344840.4696215987
118953616.6350267977 317845.2919206023
119569030.4125064015 337082.9188403487
119430882.4043666869 332251.4502429366
119299973.3347126842 327770.2407283187
119024419.5425664037 319007.8353209198
118820432.5825933367 310593.3461512327
118980810.3403304815 318367.2456625700
118885321.9910732061 312199.6959494352
118953018.4558975846 315127.9820258617
118764532.8971484005 309429.1540582180
118845832.6178602576 311223.8300436735
118660044.4725410789 304869.2489241362
117419239.8739015758 240584.1348532438
117452047.7800099403 246675.9621466398
117228023.9036637098 230188.1951102018
117366435.6678743809 237967.2216757536
117158739.7101833075 227959.1821225882
117297021.8831848800 237715.3745752573
117315231.0238601714 237924.9256536285
117175136.3391342908 229165.6708430052
117291642.8186355978 231343.1912154555
117177702.6632631272 229977.9213370085
117424729.2310165465 245708.6404474974
117508435.1940060109 247370.4577044249
117509950.6973620355 248522.2649916410
117392430.6564021558 240459.3648337126
117333060.8016701490 237927.8230704069
117660172.3387214541 259582.1636656523
117420126.4346039593 244443.2072447538
117530243.0144632012 252100.8263853788
117424646.0894891471 245084.8817595243
117583154.0190193951 253893.5734705031
118131319.5226591825 288548.1738307327
118123205.2923011333 286345.0688075870
117778128.7190586329 275503.2842167020
118007317.1771660745 283583.1905363798
117895108.6412204057 278534.8750017881
117762419.8006747663 273840.2101631016
117976900.2560788542 281035.4721705765
118009580.9932761639 285597.6542568058
117935878.6045224369 279054.7992277592
118619879.2644014955 303232.7275656462
118653214.1988654137 304288.1282671690
117804543.7161729485 277840.1034755558
117755182.2875625491 267978.0591944456
117626758.8000300825 258044.6203058958
117681918.0661406517 264340.7208983004
117653193.9098697752 258547.3801325560
117711061.0198935568 265293.8218439817
117661151.6429757774 260158.4838381410
117578078.6819308102 252379.7220221162
124177424.3153433204 455522.1817626953
121801295.8689428866 399245.7579956055
124571411.7993512452 461457.2551269531
124643847.9274682254 462127.4519042969
125554667.6921778768 470574.7880859375
125560372.8915503770 470807.3481445312
125309119.9571128041 470255.6989746094
126383792.8612098694 476690.0905761719
126626662.1714341640 476851.3815917969
126802676.6163731068 477924.1164550781
126342926.2463008910 476510.1291503906
125731855.3242202848 474026.8706054688
126294393.3263065368 475903.1635742188
125605521.3199405223 472754.5913085938
125983376.9481515437 474156.5244140625
124486624.7155257165 459419.8847656250
126901067.5408572257 479186.6020507812
126808264.2331397086 478185.5405273438
126080696.2207637280 475830.9816894531
126643795.1514874399 477429.4497070312
125201977.8075560480 467187.6667480469
125290411.4397711009 469101.5769042969
125178655.6120991409 466889.6613769531
125223418.9055953175 468829.6052246094
125209263.9516931176 468733.1394042969
124343420.5609534979 455998.3590087891
124433196.0149220377 458697.7841796875
124514765.3923504055 461130.0410156250
124986047.2035674155 466492.0375976562
124821259.7002868205 466069.2197265625
124512164.1501464099 460836.6789550781
124759693.4650628418 465543.8977050781
124376740.6333065033 458681.6749267578
124648611.4287005067 463076.7868652344
124143669.1399528086 454466.2281494141
124126028.3037462980 453519.1657714844
123293605.4847084284 439911.9570312500
123456664.4360996783 443563.2900390625
123905554.4489148706 450197.7874755859
123272165.7162778825 439202.9677734375
123428073.9595286846 442133.4421386719
123945763.2488174140 451601.2152099609
123472986.2308294177 444103.3100585938
123557153.9966757298 446217.3312988281
123345142.8790087700 441664.0224609375
124084296.7436909229 453350.6402587891
123122201.8857107460 434075.0191650391
123633094.6094425470 448894.4248046875
122898280.4595307559 432715.6336975098
123309849.2019098997 440432.4273681641
123248457.4810808897 437133.0098876953
123139468.1466148794 436790.1500244141
122231413.3828631639 414103.4853935242
122692237.6325431317 427026.0226898193
122132857.6274960339 411942.0989799500
122130551.0989236683 411264.9965019226
122153403.6523103565 413071.3443412781
122324880.4059954882 419608.2409477234
122235310.8308618814 418680.9001274109
122882344.1414532810 430826.6539268494
122295121.8037981391 419024.1418266296
122541638.5116440654 423167.4232139587
121602729.3610986173 393598.2614898682
121485569.8672496527 388651.1214141846
121583913.2220756412 392837.6512603760
121353354.8679032922 386152.1970322132
121356874.2639155686 386784.5813140869
123817203.0237617791 449544.8923950195
123878155.2804194838 449793.1228027344
124025584.1729738712 453187.2382812500
124101197.7707856148 453497.8369140625
123803013.8576913029 449443.8173828125
121502422.3003168404 391742.0109252930
121675830.0631247610 394929.4074707031
121711726.1726671010 396183.8103027344
121775858.6005983651 397357.3047790527
121840427.9728720337 399520.9284667969
121720660.2274492383 396564.5681152344
121330643.8638552278 382980.0214500427
121151441.3685636669 378694.6343536377
121331089.9627568722 384841.3457534909
120815062.5799050629 367643.4151725769
120738760.5386158973 362686.7426414490
121338353.8400855362 384995.4278106689
121144618.1636020243 378406.5086860657
121153923.3535680026 381990.1145286560
121023144.0727971792 373971.2642478943
120740659.8885642141 365502.2472953796
121083178.9023896307 377721.4710998535
120857950.6752030104 368368.0250511169
120802787.3063323945 367188.1740989685
121037211.8968737274 377439.8645896912
121099715.8094334155 377747.7087612152
120947232.8161761463 373304.5733413696
120743224.7022765279 366607.5722427368
121267610.0253164172 382078.1620750427
120905577.5272066295 373136.2422752380
121473724.4151229113 386784.7226638794
121531362.2671579868 391789.3551635742
121767126.5919171274 397002.4221191406
121612856.6612372845 394617.8203125000
121533233.4825863987 392806.5160064697
121618884.6006946564 394707.5249023438
121906925.1424115598 402567.1920471191
121939133.7388784885 403066.8462219238
121845922.8391429335 401147.6914672852
121953409.1972373128 405058.5171203613
122746652.3860095143 427880.4152984619
122623196.5871501267 426622.5152549744
122541638.2831049263 422700.4737854004
121974735.9711665809 407461.6689758301
122040729.5742507875 408131.4189758301
122113938.8522590548 410013.3176574707
122064000.9246726334 408373.2785339355
122983691.4016476721 433353.2895660400
122412269.1255512387 421733.3169250488
122407042.1712184697 420696.9871368408
122495543.6107391864 422271.6822662354
122697854.5779119432 427336.6701812744
122651083.8676337600 426848.1770172119
123082460.6798590422 433672.9617309570
122774606.8583127856 429849.0222320557
120195005.2625428140 345853.9645022750
120254208.8220283836 346378.3818930984
120453139.9973943681 351365.0389302447
120424699.2632687837 350435.9159748629
120386341.2147154659 346677.0871606842
120363472.0300181508 346421.6798070148
120220207.9295615703 345913.2238801196
120644062.7342409790 357746.0558298863
120524959.6335760206 355554.8979762830
120592526.7518188655 355746.4268039502
120646785.2518345863 362511.8452838697
120595888.1713055819 357123.6734174527
120611846.1088195741 357563.5435260572
120506658.5520539284 351428.7592687719
120350582.2262284756 346406.2886428237
