111817437.5963525325 26593.6832637121
117851867.7181344330 30072.4368541539
119621932.6583461612 30895.1914920807
121740201.7074730098 31479.4860992432
112361984.9442384243 27013.8350428869
109618941.7041053623 24671.6778952029
116061708.4889976680 29205.9486843357
111881077.5520120561 26687.3405970861
111428236.5548696071 26462.3686442521
115598957.8432059735 28998.9893691391
111558786.7723572254 26504.0588755753
119374069.4133377671 30852.9778156281
113931439.8415137827 27965.8157361755
109615322.7624866813 24527.3029180911
117658535.6631712615 30025.9943121672
110348689.8533989638 25546.9701457169
117157683.6267666966 29804.3990169773
115261630.9753497094 28712.4549605697
113210687.3277258575 27550.5759093612
109512974.9734368920 24516.8534857180
113588745.9840461761 27821.6066380963
112429191.2627910972 27101.9938222393
110424424.0693589896 25656.0150370744
117024446.4041079879 29773.0595546970
118143719.5387840271 30271.1865534782
109159318.1079414785 24179.2664343264
117739304.1152267009 30056.7968786955
121577932.1780441403 31434.9199829102
116685648.8121706247 29523.7352421284
118028841.1027925014 30240.2449488640
119108629.8355394602 30647.0091891289
115962859.4260800630 29179.8376919040
111295978.3683045805 26327.1265788224
111745398.4732329696 26544.1459559728
110735757.1443343759 25772.0004371931
117411186.6571893692 29880.5180108845
110028105.7103629857 24993.7814642807
116058743.2800847739 29180.6805568943
118486996.8205648810 30352.2774799168
113703624.4200377315 27852.5482427105
110647536.1298395842 25706.2704539445
112011627.7694995701 26769.7433985998
116080544.2359070778 29295.7251278171
120495340.5955312699 31143.8061485291
120591319.3607992083 31172.1397209167
112434024.0673579127 27102.7913646032
112047445.7225131541 26822.7221888830
109791588.7622069269 24795.6329275986
109289868.3254290521 24181.8779913333
117015607.2600007653 29707.8555435538
112559741.4802786559 27184.3966237530
118750759.1248573363 30477.4660124779
116893896.1866203845 29690.6567531833
115571742.2536500543 28942.3951766342
116555098.5946831107 29441.3324406147
111278048.9997508228 26164.2957530167
109897555.4928754121 24950.4573370834
113406198.9762349129 27627.5247313827
114962098.0506691635 28614.5208837017
116323055.4985085428 29330.1188230366
111779508.4571690857 26544.2854823400
109512679.2737897336 24495.1887137314
114789258.5663850754 28490.8405725290
115717430.7726009190 29066.4932857761
118237297.6046629697 30321.8044421971
113373943.6960365623 27587.2526213974
112017535.3249979764 26777.7208003332
109422720.2164572179 24347.7908102890
114157873.9130060226 28129.2422498474
112461239.6569138914 27102.8428935339
115286583.0255462229 28748.6144860992
121604160.9287182689 31442.8607025146
109882737.3547735065 24796.7793727537
116652493.7966946512 29478.6237015128
118769117.9115244746 30477.8638701439
111163938.0704060793 26101.3824643423
120795545.4061636031 31332.9861259460
114934882.4611131847 28614.4695683941
113458195.7665586025 27739.2038365826
117258982.6088232845 29856.2878261814
120077345.9645381421 31016.9018268585
116885057.0425132215 29625.5884079337
118223565.0197932124 30320.9028919041
111875948.6907205731 26626.5487574865
113947111.6230097562 28017.2769330749
117791772.8858300298 30057.3337744474
110071996.7601562738 25142.2042995115
111372975.6934145540 26338.2800044348
114350724.5706207603 28228.0042039379
110965554.5390563458 25985.6695613195
114377940.1601767093 28228.0557328686
112888389.1993063539 27359.2214183141
115381129.6016985029 28858.9515578598
111096104.7565439492 26068.0723628332
110041391.3462859690 25088.7994075438
110905546.2070495784 25916.1621313621
117575187.3599832505 29935.7452135691
116531870.8537466973 29437.9462887058
115254743.8813343048 28677.2534345398
110243709.9616122842 25384.2565455582
114048410.6050664037 28069.1657422790
110206165.9192625731 25289.1908336302
114685674.6526348144 28352.6816178784
111080432.9750478864 26016.6111659338
112816144.1526080370 27263.0813077698
115376987.5792888701 28750.8512999862
113751434.4268651307 27860.3838546127
115847980.9900885075 29148.8960872898
116662421.0712342709 29520.3490902195
113005155.8350187391 27517.3565923199
116771992.6848789603 29573.5283532739
110742079.4008118063 25813.5369056463
117773414.0991628617 30056.9359167814
117487614.0856462866 29932.1062901020
114646910.7658202946 28340.0633138418
119040406.9413880408 30646.0322651863
119117841.3236374259 30711.9030079842
112847334.1976953000 27347.5317174420
112634876.8085348159 27217.0167714581
112682594.3600578159 27223.1223113388
114220838.3377107829 28210.6982041821
116369538.4790376127 29408.6497220844
117590911.3550689220 30024.7114142179
113896181.6816097349 27939.0035108337
111752292.8676131219 26544.2339534094
112977884.4151828736 27429.9345189556
113808706.3039287329 27937.1030000858
113758099.4421533048 27869.9099162463
120522556.1850872040 31143.8574028015
111970266.9605392367 26724.9902400305
117874719.6043346077 30092.4018568052
116304055.4322706610 29324.6787952408
118594276.0022820234 30468.2720370293
113343805.9292162657 27566.3905519657
114130658.3234500736 28129.1907209167
113580627.9926830828 27808.4435164779
119930363.6735230833 31016.5625629425
117149986.9321268201 29780.1027250141
118926846.9207913578 30600.0785756111
118540067.2443554103 30396.9508476257
115181481.7306873649 28656.1597997174
115511679.8191860467 28941.3543593735
112316764.6927066445 26968.5995515995
113164293.3033597469 27524.4640141949
117456850.6405450255 29886.9529455006
114773291.4763035774 28421.3191980422
117981510.4823030531 30110.7616437925
114486153.2928619236 28267.1289113760
111152628.7271489352 26094.2695369055
114619695.1762643158 28340.0117849112
117153345.7981362194 29798.2549587497
114749506.9451602548 28357.6595148146
112396716.4562929869 27026.5343266949
111915187.5359481424 26687.4801234533
120186864.7034333646 31103.5802421570
118018602.1859462559 30147.2447803319
117901935.1938906014 30092.4533857359
120159649.1138774157 31103.5289268494
112541717.2395959198 27129.8306802660
116584371.4929493815 29454.1999546289
114118875.3710765839 28093.7125932202
111210408.0546593666 26124.9090057035
115701427.4413576722 29019.9365737289
112236494.3497197181 26944.1315251812
118784145.9436824471 30486.1461672783
111887971.9463921934 26687.4285945226
114496200.9643107057 28317.2895139465
114297529.8858649284 28211.5935224304
113450077.7751955241 27726.0407149643
111815869.0656230152 26570.6594792828
112510339.4239636660 27108.2013006987
113711839.4260016382 27860.3323256820
113355599.8913892508 27569.7588192532
114462803.1019787341 28256.6585286856
111139998.9217763692 26079.2166008816
110890664.1242142916 25862.9902977810
115285152.4247700274 28745.6838449249
112742188.6235078871 27242.4929114165
119824726.8628359884 30958.5296955109
115101043.7487148046 28634.0400163159
117923152.1204570234 30099.1476565003
118356802.2424518466 30352.2423541844
118921247.1645289809 30514.6396670341
118510796.3945669681 30367.8134639561
117576402.8555145711 29946.1936700642
118885778.0995119959 30499.2136416435
