30415349.0037914999 36323.2097769529
31002308.8279006779 61774.3921546936
30363454.3854954615 35945.0968837738
30461788.5243656896 40199.7374203354
30429033.4476880990 39583.9709739685
31390862.5144305751 70128.9970703125
31280704.0533966087 67236.3737487793
30374042.1006200723 36045.3137569427
30344852.3327414803 31923.0166856945
30401188.8092124350 36177.6572222561
30424838.9796293266 38424.4836025238
30408280.7127374597 36293.2181701660
30431084.5385459512 40052.7670497894
30515180.6154443435 44156.5694475770
30482979.1568419896 40430.8799429685
30831213.6628085449 57440.2206256390
31525889.3728397749 70852.6962890625
30847689.0552958362 57505.2325999737
30710528.8449353650 51570.9239158630
31047910.5667110421 62787.4595909119
30455134.5183663256 40149.1161547303
30490418.0418219604 42067.2334251404
30998640.4641806111 61425.9905967712
30549419.2275617346 44308.3418419808
30465323.1506633386 40300.6714630127
30513138.9932258800 43750.5726318359
30729207.8551684208 52910.2291831970
31373506.4017640799 70116.0412597656
30920056.3636277728 59141.7156105042
31243953.2511585467 66876.4712219238
30561559.9523449987 45683.5559654236
30765436.5910229310 55085.6261241436
30984952.7152341865 61411.9468421936
30645656.0292433910 49912.2698199749
31034222.8177646175 62758.0381507874
30830332.9426293410 57327.0538890362
30580759.6776369810 47793.9409320354
31193939.1098038666 66235.9189147949
30697066.5802396014 51534.0808041245
30739010.6913124248 54534.6368980408
30813857.5501420498 57138.9430377483
30855399.5646286532 58636.9366900921
30655458.8653873950 51410.2634723186
30748961.1985356398 55020.6141498089
30803504.9463326149 55150.4033444077
31221845.1065649278 66499.7187194824
31305152.2542155385 67395.6246337891
31157188.3075658046 65848.1284484863
30813455.4535558298 55560.6484794617
31129042.7581974566 63620.0512084961
30871874.9571159445 58701.9486644268
31001428.1077214777 61624.6076965332
30570809.1704137661 47307.9636802673
30552915.0391613171 44326.5219688416
30528865.0593409427 44307.4075863510
30927621.9076926745 59176.9710197449
31015115.8566679023 61924.4185485840
31092291.9559593946 63260.1486816406
30936531.7561150678 59207.2270507812
30950219.5050614923 59525.1528930664
31050698.2102519087 62823.5495910645
31064385.9591983333 63141.4754333496
30496663.6007385887 43691.6411399841
30597235.0701242760 47858.9529063702
30719953.1204075851 51950.2978019714
30613514.7543145716 48333.9752616882
30671934.2578746863 51475.2754466534
30603564.2470913567 47923.7301266342
