117128477.0346869677 68664.5269691225
117306448.9337788820 71783.8182116246
117163195.7839003205 70192.3597070002
118061771.1691601723 81246.9588205814
122169722.6337304711 115328.1419219971
121717101.0187142789 112654.8422698975
122016037.2525106370 114649.2037811279
117570307.0129365474 75463.1043549988
117031304.1921677142 66794.1830038429
121835512.8777920306 113904.2405242920
121850812.3333361447 113908.5614471436
117733551.1638135463 77091.8015135441
117849109.3637827486 79086.7768580914
122237459.4815559387 115985.9760284424
122848691.9658219218 118899.5376434326
122696831.9823036790 118186.1171875000
122346274.0787497163 116926.0827789307
122037296.1578422785 115109.4145660400
117157290.2034958005 70079.1057558751
122484368.7724278867 117286.3035736084
121829352.1767066121 113882.4166717529
121887132.5943780541 113918.3947143555
122119051.6680442691 115257.8941192627
122204221.4020735919 115634.0857696533
118423067.7579193711 85796.5033973071
117801477.9880113155 78627.3223945077
118314506.1479657888 85079.3240216586
117527764.5847778469 75011.5698941860
124585743.5638136864 124831.8852539062
118080381.1004820466 81358.0154451977
118312199.5399099141 84044.6651286136
118104625.5342675298 82302.6442584048
117643607.0031196475 76006.4271574223
121262887.8382858783 110034.9683723450
117804954.0885799080 78716.8079108249
117907756.6547198296 79927.7691406857
117815922.6534391493 79060.9364537250
117568106.1821917742 75400.1660547692
117488006.9127154648 74714.0123853979
117412957.9494314641 73341.2396379921
117337223.7196798325 72632.8381568163
117378372.8575406224 73316.5802235182
117042745.7312999219 67033.5747090790
117745763.7227901667 78024.7282017719
117920996.2895982713 80568.0744284641
118196018.9247768968 83177.8464825961
117220021.4737959802 70393.2537249241
117866895.9374231845 79842.5944098483
118214494.0397110432 83203.7104961479
121503242.5922822952 111430.8404579163
118131949.0005089045 82955.2842730533
117859862.1456793994 79116.1676144253
118029842.0324960500 81171.3653277408
118016431.2942761332 81053.8067339908
117226743.2309824824 71220.1646414965
117130213.5452131927 69295.6487825799
121676503.8948883116 112606.0381011963
121731838.2677733600 113465.5256500244
117947057.2076784223 80922.1424273502
117686033.6909053326 76422.9283324543
121541811.3001048863 112110.5121002197
121373163.4883996546 110577.0637054443
116907128.8485867381 63962.5561585426
121551073.5097652674 112197.3977203369
121375199.7208479643 110949.3683929443
124254758.8257569373 123939.5330810547
117469030.7549543530 73757.1395103547
117364022.0330762416 73033.9600423488
116843447.2194591612 63678.2923142379
124069974.0433264077 123852.7115478516
123873316.1507802904 123244.0029296875
126172607.2714267075 125844.4400634766
116993823.0949890167 66598.9798626305
117094958.9619634151 68580.4133134746
116907209.2322819084 63970.3932771301
116781162.4592459947 61929.4143128395
117136919.9616774917 69873.7064275562
117220295.9151920229 71091.2803362522
121206590.4275941104 109883.9301147461
121453689.7160727233 111157.6491699219
121057274.9139005095 108503.2561759949
121465198.2551538199 111221.9041748047
121264526.3093320429 110478.2811126709
121444757.0280137211 111059.4501190186
117263458.2084690779 71723.9976646516
117131781.7249974459 69744.6517962131
117069168.7059766203 67878.8797851417
124266188.7589588463 124105.1688232422
117004169.5138958842 66777.3084374878
121088624.9895455241 108694.6002006531
120808379.1156879067 106824.7841873169
123422194.6666780561 121359.8739929199
125184960.5243096054 125441.7307128906
126579154.3603532314 126206.2227783203
116994805.4321351200 66618.5808626079
123199661.8074379712 120447.8420104980
120374167.7407617867 103082.3616985679
120874887.4911076128 107241.1945748329
116986559.2560748309 66529.1703962896
117073163.5890208930 68393.9529431203
123892703.4725848436 123333.0272216797
124740176.2967490256 125048.2188720703
121090708.5674101561 109684.6498870850
124297923.9553428888 124262.8782958984
124002883.8518285453 123423.2066650391
125008805.3506788015 125238.3031005859
123739182.5878181458 123153.6953125000
123693266.5621778667 123153.0546875000
123187397.2168574780 120418.1970062256
119743017.6920899451 98110.7010567412
124430642.6967068315 124373.5355224609
116976280.6276941746 65402.3088695379
116872480.5087972730 63899.7639941787
117433190.8880783916 73475.1215283388
120358902.7606471181 102918.4650921226
120358324.4103086293 102865.9202122688
120917638.6469399035 107315.3395943642
116937469.9976085722 65147.5321263634
116986062.7751440853 65762.9808666082
119961948.7360579520 99725.4009453356
120547881.3401598781 104379.2579803467
117107989.0351643115 68608.1809181410
120779204.9844196141 106755.9892845154
119569403.1722606122 96712.5989266932
120666086.9301940799 105684.7769966125
120997366.2567405850 108181.2856698036
120825455.9516573846 107050.9985885620
119431994.1647729725 95820.9433671534
119374932.2868537158 95257.5590604842
119816671.1243235022 98753.3627390862
123112410.8047206998 120011.5968017578
120854132.3604181111 107201.8054504395
118092307.3958546519 81821.9158382236
124482369.8548811972 124512.9000244141
119389647.8363291770 95426.7789293826
119673031.5307132751 97662.5530191958
119666215.1968062967 97501.8528285623
117636560.0278869867 75901.6400225207
116704457.6127722710 59542.5131409350
118714961.5533972830 88967.0262344182
120101736.2631326914 100964.2377035618
123607026.8275484294 122444.9324951172
118753481.3983777910 89007.6366262318
119730699.6017433107 97909.2024599612
118768566.5572824776 89278.5265540959
122652199.9762488455 117947.3262481689
122591004.1106375754 117815.1430816650
122086322.1404710710 115167.9697265625
122482620.8789602667 117088.4198455811
118552962.6267460734 87572.9163101017
123383377.4683318883 121199.5187835693
118589206.7976631373 87854.4259536564
118587608.4183080643 87767.2252311589
118670439.6347008795 87953.0718267262
118559584.7016673982 87617.1987827271
116488980.3703504950 55174.0589578445
119013135.9973745942 92179.1396163404
121015363.6663435847 108272.9400634766
120982943.2576668710 107997.9199981689
116591700.1564395577 58573.9116623285
119101291.4594528079 92929.8585005105
118932548.2963536084 90993.9843613207
120026560.8270952106 100846.4586262107
119407059.1265458614 95564.8437487185
123575989.6353177428 122353.1986083984
119703853.6879013628 97671.2679204345
119853298.8590501249 99178.0893938541
119398663.8138171285 95532.2589098513
116911233.9260746986 64915.8324249978
116807116.3695598692 63132.6824768777
116531547.6700576693 56735.3179172273
118793313.4223880917 89536.1416142881
118890233.4101305604 90674.4170665294
116833136.6418784410 63249.0908749616
116671521.1736404449 59535.6274124007
116717387.3756764084 60241.5830963845
116742263.0674951524 61728.2633713479
118483215.6118511558 86781.1654156446
118673874.8420109153 88637.4944285154
118576725.6279897690 87764.5840347111
118838082.9997931272 90121.9803673327
119224072.8920722604 94137.3931185305
119420678.7354528308 95622.6213900149
116565617.4272827953 58188.7409900422
120067386.9322232902 100910.8072342277
119984711.9861454368 100049.8188144565
120931865.1331170797 107323.8938241005
120452147.0419900268 103638.4459667206
117688610.6585305780 76794.2396708902
119850432.9539756328 99062.0108204037
119329463.4708796591 95175.9122301638
117318646.7514024079 72276.8410594806
118436832.2321051657 86762.5970642567
118897710.7775057554 90787.8576376885
119003677.7863409072 91205.4135995954
120935550.6845586598 107524.1496124268
119999631.1519550830 100573.7192947268
118049263.4672492594 81213.6203154290
117635237.7654026300 75845.2837653577
117466220.8526578099 73733.5952726945
117616560.0878696591 75766.1623514041
117318213.0157894045 72068.1684714097
117671534.0926635414 76222.7508683621
117477251.1784374863 74185.3249986514
122803443.1813220978 118622.5258636475
123156612.3785544783 120343.4841156006
122800696.8726420850 118605.0563812256
116953061.4968016893 65254.0831653620
117049130.2728679031 67046.4832219519
122906153.6152184606 119725.5711517334
122572527.2867019624 117722.3424301147
116913921.0636230707 64921.6887714411
120576638.7173025906 104820.5508946776
122869676.4583553672 119268.0922698975
120575822.5651914179 104537.7847566009
121514773.7400825769 111590.3642425537
121966820.3468269557 114109.9060058594
116734629.3572573215 60587.1156970230
119009964.5731038153 91778.2694508135
118939079.4993533492 91130.4648520052
118929947.1030973941 90874.5319458544
121655042.5058356971 112515.2337036133
121368991.6158159524 110478.5442352295
122628848.5665035546 117850.6598052979
122706683.9795716107 118468.0640716553
121426031.2534061819 110983.1954803467
119614726.2637339979 97017.0356331021
120263594.3350321949 101922.1887616515
119979457.2335820496 99833.7130719125
118810692.9989124835 89611.8210188001
118860983.7683493346 90244.8299814314
118667567.8017801940 87916.6456953138
119918364.1600840390 99685.5821350515
118955679.9411676377 91152.9150644392
120516269.8219504058 103832.0060249944
120284698.1424759626 102180.1518032928
116708575.1914784461 59974.3575693336
120254086.3320439756 101769.8541301270
120332589.4446282387 102522.3176399847
120300533.7774455845 102517.7832730194
120004312.3535707295 100588.7711575408
120346413.1461386383 102855.4107086062
119201970.1305397153 93725.5537630618
119058474.8557031751 92798.2744766772
120096782.6196140647 100917.5732715726
120227326.1579929888 101742.2617675662
119832057.3963875473 98977.8881408572
119725754.3400864899 97808.8524813056
119779274.1679454148 98677.4023258090
119118387.8903320730 92938.5075491965
119206669.5512387156 93748.4615999758
119576802.2101083100 96889.0330840945
119534661.7713356614 96671.8131534457
122172483.3038985729 115508.6844482422
119154994.1582873315 93405.9998905212
121953238.2943652868 114031.5053100586
119147767.9426834285 93387.8588124216
122299687.2186486125 116142.0782775879
120502574.8126055896 103733.2584915161
122181150.3403477073 115581.7883300781
120611653.4026004523 104907.6705856323
120538506.2849569172 104192.4684677124
120632639.5333146900 105132.0300827026
118701198.1274250448 88659.6305440515
120528628.0829727203 104047.1751174927
120260706.9125149697 101839.7158823689
120710413.8610259145 105981.1309814453
119652793.6135456562 97485.3439106047
119954694.4403394461 99698.2335937917
123145599.5654860139 120115.0700531006
120428992.4530472308 103327.3823375702
116529253.8319158703 55236.1395909349
123203090.6176194251 120691.6323089600
119305749.8695099950 94571.1101671755
119503966.2411726415 96266.9956448972
120163187.6257947236 101337.0588893890
123299301.8939052969 120975.8591308594
120132320.0514010340 101326.4143013954
119236611.1973225474 94378.5069249570
122228124.2034039646 115911.8126525879
122011566.0428764373 114521.2274475098
121636182.5897439718 112472.2975654602
118791569.1894525290 89429.2258315738
118389652.5271937102 85595.0706898484
121990562.6005877554 114147.4556770325
123275674.2414105237 120882.8353271484
118296652.6067238003 83656.5464882255
118536955.1982678473 87015.2213235945
118217874.4473863989 83406.4433494210
118387798.4464856088 85400.3557077497
118299102.5961462408 83686.8563650250
118294636.4333304316 83633.4507556558
118249481.4114753753 83581.7604864240
123437278.2742838711 121711.1853027344
123253705.6453698426 120712.1420745850
118300842.4568162411 83854.3562925830
122446772.2304802388 116936.5740051270
125672857.7844417691 125679.1215820312
123095060.2500124574 119947.1621704102
122861858.2994550169 119005.3791351318
