95969170.6764531434 52286.5174398930
104017843.6658782512 98355.0286779404
95611114.4534032643 50094.7309901193
99116899.1870831251 73889.3174652234
95701449.1521904916 50502.3035269291
95970919.5297870189 52430.1220427663
95329085.1353220791 47048.2991731949
101694625.7622004002 87375.9118802088
96074757.4732377678 54086.9353972562
95584752.4866216332 49897.9368773587
101004199.0068064183 83942.0461105295
100601427.4967064261 82378.9829544015
101227083.8662441671 84842.6936935373
110973669.5376002640 108940.3725585938
101425362.6735950261 86073.5109138191
100734977.5425141156 82640.7058448493
103549981.3200654835 96163.8660964966
102959311.9981796592 93739.3760757446
97236139.5238052309 62382.5898141712
97440424.4622535855 64155.8543634266
99573044.0573736727 77015.2889881134
99670625.0114497244 77134.4061803818
95032995.6745199412 44936.9131258316
94837345.8346838057 43608.6791780777
95270842.7064533830 46198.1348607019
94607755.8382864892 37841.6636739448
104857379.1222255677 101368.0498962402
104762119.2827037722 101164.2997436523
101044826.3532756567 84490.2940253913
96588682.7682107389 57997.8068678565
96822370.6527892053 59275.9383956864
102489109.0544592589 91280.1897506714
95831680.4738646448 51654.8321447559
107256086.8185146749 107259.1187744141
107768133.3894501328 107282.8561401367
98238592.1830563843 69064.7115856558
95491677.5644049346 49134.8842747540
103806084.5203475952 97057.4527664185
103326430.6965853572 95125.2191009521
101581852.0680862367 86936.6134733856
95504735.4569140077 49519.7344334454
103827611.8222849816 97323.2737365365
100270500.9965911061 80315.9924724251
102300160.8092526644 90379.9921417236
97853457.3228089511 66693.0880979449
103393975.2692895234 95728.1578292847
97027526.3774476945 61297.9496362396
96945071.7596450895 60457.4376733489
96780797.8061561733 59241.4626029581
105045035.3657121658 102316.4695434570
101744164.6392567456 87463.1776936054
98979001.2159518301 73355.0616642658
99396237.2761440277 75376.4569889728
98942400.5148140043 72922.0905718803
100964519.0667749792 83849.7831645273
96250273.2366068810 54497.3613069281
106734543.3805023283 106273.9237060547
95400156.0265910774 48019.4974019006
95180313.3370472938 46117.9880711511
106700815.5004651248 106251.5769653320
98471779.6182782948 70309.1048116684
96074374.3573724926 53982.3167054877
102649628.0506653339 92158.8916854858
94549227.9994405061 37743.5735065565
110603911.9930773526 108827.0468750000
109719374.6224484146 108182.0089111328
110086768.0572780371 108541.9962158203
102623067.9661966860 92038.8442916870
98761143.4138998240 71927.3316709809
104398170.1344428211 99819.7428359985
105274935.3301051706 102754.5982055664
103600550.0257496983 96821.0841588974
96382074.9440195411 56175.5193123147
108378971.2769365013 107709.3003540039
108804824.8923208117 107718.3773803711
96695751.5847144276 58468.9062961079
104347031.3438055068 99612.8051671982
104016589.5560782254 98181.8078832626
98826727.1505087912 72204.7459264696
108017807.6767798513 107417.7200317383
108053691.9618881941 107438.3250122070
108987241.2331635952 107828.9649047852
100315270.5319002867 81084.1214155257
94739478.3402453512 41496.0566304401
102308920.2769151926 90458.8140449524
101950104.2576966584 88904.9995946884
98278744.0441899449 69456.6909594387
99896139.2538428456 78218.2055308968
105272074.2436889261 102710.4229125977
96454767.9450177103 56591.9880079739
98725678.3915501535 71388.6756825447
100465563.0243952721 81408.2469549179
99728909.4207098037 77581.8481922150
105634627.6160738319 103679.9187011719
94831950.4678449333 41823.9926961139
104178839.3191675842 98945.8876762390
111488885.4485022277 109124.2950439453
97872191.9706068635 66994.3891538531
95793476.9760290384 51624.0905583985
95977150.9435049742 52491.4446724281
105928450.6061607003 104782.8468017578
95834958.5012062788 51975.7804595120
109517591.1431924850 108021.8140869141
94906125.1230017394 43829.0736344643
102449141.1838845313 91113.3524699062
103473530.2161133736 95829.8831710815
102931198.8237742931 93323.2856826782
102293690.3794098943 90255.4652404785
103946517.0819117129 97713.4304580688
103899491.6359707564 97624.9903488159
103034815.4437851459 93907.5861282349
101750063.9670716673 87605.7986597866
102068852.4914473891 89572.5376581997
95082278.3481509089 45620.6401837543
102931208.4124318957 93553.2099685669
102534764.3352646977 91823.9530944824
102825168.4745038748 93146.3075256348
102953318.8083543181 93654.4367446899
102138683.2805040777 89922.5899658203
102496898.2857234776 91712.3948669434
94572014.7805051804 37812.0200033770
94503426.9458830953 37652.8007481769
103194716.0879100263 94573.3675613403
102584062.0334409177 92030.9448623657
94633807.4381633252 39743.8468220904
94706066.4022733867 41449.4387562945
94685090.1986846328 39867.3317099200
103585575.3508387506 96344.6824712753
103574227.1158580780 96169.6700773239
103694345.4361859560 96850.9000768661
102734528.3609875143 92601.8109512329
103154311.1863617301 94381.3914365768
94767366.9959065169 41688.2206929401
94759027.1345828027 41570.6957905963
103229724.4842994660 94974.4496030807
101909500.4335028827 88564.0051893890
101938106.6028622687 88719.4999518394
101087821.8993788809 84616.4864515960
95397696.2898444831 47983.6366720088
103289274.9153146744 94978.3219480515
95891035.3123109937 52194.1640509553
109844801.0728493035 108406.7426757812
110260822.9303605407 108584.1984863281
99926732.4828244597 78803.5073026754
98812803.4439203739 72099.2032447893
96169364.8674520105 54349.7963024750
96269458.3583121151 55158.7832973525
96447679.5541415066 56189.5552957281
100051670.8304059803 79179.3420739174
95666923.7136368155 50107.6871963777
96050372.9538621455 53921.0703675970
109872236.0323874056 108471.0728759766
95142625.4193696678 45645.0654967017
100182111.3734252751 79758.8388769627
100268906.7674881816 80197.0973499753
95469732.2194272727 48333.9863370284
96499905.5832625031 56627.5215461589
108321757.7938816696 107695.5767211914
95254118.9951863885 46182.0307156518
96358431.7851727456 55965.5809114203
96274277.0607286990 55912.7865731940
95158028.7258944362 45935.1812741235
104251896.4035978913 99207.9973821640
104398632.9001789391 99945.3674230576
100070402.9900974780 79400.5433134176
105671193.8260080516 103919.8121337891
99995907.3147302568 79065.6612901688
96647164.4175702780 58190.6877163600
96683479.0253436416 58404.7914962769
102189134.2768904716 90161.3558874130
95150521.6180617958 45704.0239407495
98494932.9339510947 70523.5345754623
101677708.5619251132 87363.0944862366
96516030.5293319821 57930.4641951360
106962382.2141166627 106660.6444091797
106942553.8139592111 106464.8602294922
106871504.4022036046 106450.6430664062
109809172.8088928908 108286.7281494141
110067851.6034042239 108505.6618652344
109248072.6576655209 108002.2044067383
100746893.4872769564 82881.2100448608
100058989.4711432159 79210.7341842651
100329805.2967218757 81245.3145664670
100363575.3190214932 81303.9580125809
100503936.1456152648 81788.4298618771
95836886.3355052173 52072.0462888367
98967653.5370813608 73222.5255818367
96599168.7714369893 58165.2011880875
96828679.5855360776 60014.3220852651
97502450.1545538753 64921.1722411960
98045755.0945185572 67512.2805471122
97812355.9435541779 66545.4812774509
101437277.8999222666 86370.1468696594
101789253.9377506822 88154.3607826233
111644200.9993740767 109308.9328613281
104645980.2064277530 100817.4735107422
105684281.1659646034 104389.1589965820
103348627.4233396649 95382.8414525986
105967067.0674936026 104895.5982666016
98123934.9028027505 68603.5237134844
98055973.6444566846 67985.9054315239
97772112.0606912822 66482.6859678179
109214393.2909331322 107971.0623779297
111961349.9764971882 109323.6501464844
106882964.6965237111 106456.9146728516
97446507.6732217520 64225.5712442249
109530883.0319730341 108046.6385498047
109151365.4621939063 107943.5559082031
97488496.1823136359 64830.3837890476
97985788.4045703262 67144.2308883518
104664956.5929337144 101001.4981842041
111577128.8880926371 109253.8165283203
101283884.1639162600 85377.0705479123
96039587.9010544717 53762.3484111452
97612099.8057913184 65023.3931426853
104545840.0541781783 100565.3536901474
109507257.7748429179 108019.4915771484
102042134.7931768894 89369.5770950317
99871030.6524235308 78011.4376802482
96950258.4184199125 60753.9037818164
96806523.9974085391 59270.9794752784
111291952.5403886586 109003.9873046875
111259145.1543269902 109000.8480224609
105169761.5257291943 102619.5848999023
105643609.4155822843 103860.6652832031
100754558.7851134539 83309.6390903927
106499635.0612238646 106035.6227416992
99226803.6505793929 74673.7332715616
99522825.2972971350 76424.2384614982
99899862.5805576593 78225.0072863053
96727767.2101968676 58715.9226712584
100874147.1241226941 83567.0602940060
95773501.2217402309 50606.7901399047
100523428.5558204353 81854.0042484738
99419037.3940514177 75689.5977334976
99463808.6678020954 75952.7709096298
96982644.6437797695 60843.7998083197
98908270.3176848143 72846.9155444093
101386165.5984511524 86041.1756009795
95996773.2947019339 52829.6134673269
105415100.2399939746 103618.4210815430
105850054.8020338267 104700.5598754883
106419869.3270492405 105540.2296752930
106354417.1110775918 105442.1820678711
97085475.9151259214 62014.0132989734
95351720.1294324100 47677.2383889153
105404571.5943559706 103471.0482788086
105311735.5698552877 103273.1600952148
104365891.4471064359 99755.8454971313
104881615.9984861016 101847.2628784180
105373598.0256803781 103305.8281860352
109555301.5836278498 108177.8189697266
105112207.9956031293 102511.1841430664
103885945.2926973403 97449.1214971542
104132291.4179109484 98927.1196355820
102871191.0554480106 93256.1339211315
103019556.3749477416 93798.0973405838
103995516.1097028106 98116.3891167492
106132092.5350961238 105341.8894653320
105026700.1327295452 102084.3734741211
104523605.0112670809 100307.9839630127
104500389.1946162879 100092.2414093018
103705318.3019648939 96963.0269384384
106097057.8183803856 105301.0392456055
102814772.7134185880 92832.8273859024
104112646.0587969422 98616.1176824570
104104880.5138846785 98558.0926294327
99029616.9404140413 73513.9919855595
98976407.0106044114 73235.9819605350
99722190.1713021696 77225.7997557223
99345276.6106001139 75298.2058985233
97355250.1420820802 63505.1748593934
97271429.1723393649 62771.5390558094
97538408.1526618749 64983.2037658542
97316479.0745330006 63285.6887750477
97672077.2844717950 65493.0413751453
98827839.3465767056 72488.6060961671
98586166.8566034585 70874.7282885499
98591805.0841721296 71160.1440510750
98538648.7788045257 70784.9628466554
102355736.6764102876 90459.0537622888
97027046.4319580495 60912.8039102443
99332992.9795990437 74998.1452194154
99264702.3984913528 74877.2759981193
98902933.6493762434 72748.8457245007
97000474.7631223202 60867.2008497901
98001230.4436174184 67493.5805501938
97844723.9049044400 66557.4670027830
98819168.3584986180 72195.4811372794
106468276.8286006004 105562.7802124023
98431565.1450230032 70276.7427949943
101493423.7719188184 86385.8378638923
95791592.6008948982 50640.8298605084
101312257.3885381818 85822.0047468282
101240176.3887678683 85172.6337575056
95465565.1078296006 48296.1471129567
95684524.7059297413 50373.9906951101
111373168.9195978194 109014.8425292969
110941184.5552780181 108863.8200683594
111477351.5878466219 109024.1395263672
