98638141.6656745821 2733069.3730468750
99386326.2484337986 2877404.4980468750
98575851.7544081211 2718600.5292968750
98628627.4946514815 2731189.4687500000
98409816.1327415407 2668295.1074218750
99437233.6963071823 2880813.4960937500
100580602.8499046564 3005339.4492187500
98475326.1543814689 2691683.9472656250
99021416.8230815828 2818230.7421875000
99347651.1437299848 2870870.7636718750
99370588.0813707411 2876519.6445312500
98367170.1856781393 2649358.2812500000
98540363.5292545408 2708002.2246093750
98542613.3771802485 2710184.5253906250
98678035.7816993147 2744833.7382812500
98687549.9527223855 2748018.8574218750
98466922.7401541620 2687403.2363281250
98548766.9434818178 2712282.9355468750
98524786.6051599681 2704274.3027343750
99476407.8138515502 2887479.6386718750
109473334.7690397948 3157242.2773437500
98405453.1763071269 2664942.0937500000
99441780.6626408249 2880981.9433593750
98515528.5662539452 2703866.9316406250
99727044.1379571408 2919783.8789062500
99100761.8255095780 2831538.8515625000
98375342.8337697387 2650486.8320312500
98380901.6091910005 2656154.7343750000
98597282.7832287401 2723938.2714843750
98443416.2635410279 2681809.6074218750
98591428.6785027087 2722328.4511718750
98451345.8160596043 2683675.3144531250
98499951.6421593875 2700139.0097656250
98491548.2279320806 2695858.2988281250
98564343.8675763905 2716010.8574218750
98581705.8591341674 2720209.6503906250
98375561.9588088840 2650557.3730468750
98490304.2642004937 2694505.7246093750
98527036.4530856907 2706456.6035156250
98660465.1417960972 2741701.2636718750
101557687.4553031474 3068369.1113281250
98362409.1078644246 2646205.4375000000
98807919.4629640579 2776064.0820312500
98875054.0590862632 2789474.2343750000
100658375.6255054176 3012048.1347656250
98391571.8269104660 2659344.9609375000
98640937.8066202849 2733409.9433593750
100633244.8785868287 3010311.3691406250
98418790.7757631093 2673354.5449218750
98475971.3038375229 2692130.3769531250
99670887.0395254344 2913811.3417968750
100660366.9593688101 3015105.7285156250
98433197.6567878723 2675397.5957031250
116345683.5377194732 3187143.4179687500
99573846.0244469196 2899174.7148437500
115813670.9164000899 3186588.9453125000
98465752.6970843673 2685718.3652343750
99979867.9320833981 2949064.2617187500
98727175.1111073196 2757326.5078125000
100159135.9792407453 2967434.7148437500
98388680.4332257211 2658899.2832031250
98457749.2239039987 2684184.9550781250
100104826.5814032406 2961327.0273437500
98375746.7073204070 2654617.8886718750
98394239.2086469829 2664567.1855468750
98989824.6214832515 2812190.0312500000
98356850.3324431628 2640537.5351562500
98526697.3628061265 2704348.8652343750
98902433.7793686092 2795160.7343750000
99351699.0972230732 2870906.8027343750
100081363.2036399692 2960787.2421875000
99507464.5208730400 2890254.1347656250
98695071.7821487188 2749903.7949218750
102364546.2367208451 3114562.6093750000
101487247.2603996843 3068142.0527343750
100254268.3915902674 2976231.6289062500
99758100.8449786156 2922558.3750000000
101110243.9623799622 3049050.1992187500
99878744.8379077464 2937306.1933593750
100770344.1914696693 3025317.1582031250
100923812.6498576403 3034086.7382812500
100595358.8226563036 3009544.0351562500
99406176.9892856926 2878039.0000000000
100861099.4682714939 3031677.6523437500
99803666.6082657725 2928370.1601562500
101787964.3956517726 3084232.3085937500
99255411.1065224558 2853838.6484375000
100264062.7257773131 2976641.9335937500
100316981.5731764287 2981872.2402343750
99557164.4486610442 2897492.0429687500
101188016.7379807532 3056191.1738281250
100011524.4066480547 2951923.4726562500
99341009.4858081341 2870420.3339843750
99284785.7685341984 2859579.7128906250
100528847.8459340483 3001561.6855468750
99210207.1463959664 2850615.5117187500
99527716.4688699991 2890524.0781250000
98717487.3325539082 2757004.9375000000
99622848.3068932444 2906764.2343750000
100692571.4158688784 3018145.0214843750
99206233.1499512792 2848131.6210937500
98756022.9630282968 2764007.3476562500
99007070.3834912479 2815690.0039062500
99028360.2519576252 2819192.4414062500
99306382.3345974088 2863922.6386718750
116553996.7474031150 3188299.0117187500
100938872.2438722849 3038835.5351562500
100332605.7774108946 2985429.2929687500
99828529.1739295274 2928799.9960937500
99497472.5547998399 2887785.9335937500
99220896.7578109056 2850938.4921875000
100118945.6383075267 2964253.0937500000
98909429.3619830161 2795462.1054687500
99172546.9456042051 2844597.2011718750
108840443.1192222983 3154799.7714843750
99542789.3174254596 2896400.2187500000
99241263.8534174562 2853390.0078125000
99337439.0416189134 2866697.1347656250
99631940.9636392146 2910255.4492187500
100544334.3872987181 3002859.0156250000
99153983.4291220307 2839611.4023437500
99417382.9554552734 2880178.9941406250
98818218.9274228960 2776251.6914062500
99122926.7221005261 2836836.9062500000
101094619.7581454664 3045979.7441406250
98867468.6349401474 2787867.3398437500
99460989.2604596317 2884021.4277343750
99286580.6160431057 2860210.6835937500
99021867.0554074645 2818509.2421875000
116210796.0472966880 3186756.6855468750
98910479.6190552711 2795945.9726562500
99290038.2577331662 2860336.3437500000
99570572.3731973469 2898059.6015625000
98828933.0044657588 2780864.9296875000
100041371.7739994079 2954350.5742187500
100680467.7631404251 3015562.4296875000
100329056.6548707485 2983850.6718750000
101001852.6030585021 3039469.4511718750
99142777.4629524648 2837629.9257812500
102547542.2423701584 3119301.0546875000
108295302.0393726230 3151136.1796875000
98744572.1434802115 2763322.5312500000
99108263.1142408997 2834030.0351562500
99530400.4837396145 2892430.6640625000
109759906.3686543107 3162077.2656250000
98754871.6079390496 2763510.1406250000
99077609.9594748914 2830016.2304687500
98650950.9707730263 2738516.1445312500
99157441.0708120912 2839737.0625000000
99255523.9090216160 2857436.1875000000
100430574.0196030289 2994705.1464843750
99443340.4779744297 2881706.6718750000
99474397.1849959046 2884481.1679687500
99039074.3290005028 2823013.8203125000
99501138.6242270917 2890179.3203125000
99060402.6858818233 2825511.6523437500
101296598.9462820143 3059093.2910156250
100476831.0959024429 2997595.8398437500
98407447.0326537639 2666793.7011718750
98561980.4947264791 2712902.5058593750
111974120.7215223163 3180666.2812500000
99105719.4485074729 2832332.3281250000
100011296.8164857924 2951803.6699218750
100797086.2681098282 3026355.9042968750
98857169.1704813242 2787679.7304687500
100581814.7992848754 3006308.8144531250
98737474.5755661577 2757350.9394531250
99959985.6925438046 2944545.3574218750
100729365.7692544907 3018694.1718750000
100144076.3852261007 2966420.9492187500
100214078.0506570488 2973050.0078125000
98964234.6283238083 2806299.6210937500
99074878.5088126212 2826922.3789062500
98888314.7224642932 2792792.0078125000
98796468.6434159726 2775379.2656250000
98700090.3001810163 2751008.9140625000
100567695.7423805892 3003382.7480468750
98898614.1869231164 2792979.6171875000
100017450.3667509556 2952530.1132812500
98841888.3172511160 2784694.9453125000
98925698.9978494197 2799297.2109375000
99573033.2314956337 2899134.0117187500
98934641.2113138139 2801538.7265625000
99750373.8853129745 2921826.8593750000
98779683.2969485074 2769249.2812500000
99770646.4924824536 2925239.1699218750
98769383.8324896842 2769061.6718750000
98930063.1412502825 2801448.6425781250
98849603.8630422652 2784957.2578125000
99036342.8783382475 2819919.9687500000
98986399.5249147713 2811597.6757812500
98976100.0604559332 2811410.0664062500
98953935.1638649851 2806112.0117187500
98947863.8944403827 2804595.2656250000
98792638.6097338796 2773079.2968750000
100845475.2640369833 3028624.1054687500
98937564.4299815446 2804407.6562500000
98915399.5333905965 2799109.6015625000
98818633.5400069356 2780677.3203125000
101722308.0416977108 3080095.6582031250
100424189.0672202408 2992647.5859375000
110101118.5126883537 3176800.5292968750
101654063.6153827757 3077983.8925781250
98429348.0653860569 2674887.9550781250
98631423.6355972141 2731530.0390625000
99874548.5167025030 2935496.0292968750
114899711.8457214683 3182117.5234375000
101047454.4521735162 3041737.6523437500
100501961.8428210318 2999332.6054687500
113812122.7899980098 3181967.9648437500
98631181.3110940903 2731193.2421875000
99537412.0716792196 2893076.1289062500
98744286.4862276465 2758765.5507812500
101575313.8389335275 3072208.2968750000
116365536.8581215292 3188086.3183593750
100392710.3735672235 2987609.6250000000
102152632.7172735929 3102716.9707031250
100401095.6917406321 2991258.7929687500
99853126.8860448450 2934143.6425781250
102195952.4808133543 3103465.3730468750
99442527.6850231141 2881665.3554687500
100286371.1110062152 2977224.5605468750
100540298.5620027632 3002097.5156250000
99814591.2555704713 2928541.7285156250
102464553.9866586179 3115763.3085937500
102289602.2279296815 3107907.6093750000
102240205.1427788883 3104828.7363281250
100764787.3066004664 3020955.4804687500
99532195.3312485665 2892953.8164062500
98697959.9973781109 2750018.8320312500
98646339.4072931260 2735948.9941406250
101744034.9818302244 3082169.2187500000
100067244.1467356682 2957861.1757812500
99693072.6281743348 2915336.6503906250
100080312.4262848943 2957965.8867187500
100207730.1039226055 2970149.2597656250
99473584.3920445740 2884439.8515625000
100473395.3558608294 2995622.9609375000
100239208.7975756228 2975217.8632812500
100042581.1136695296 2954697.9687500000
99538818.0208341330 2895636.1035156250
99909801.5449292213 2940080.6894531250
101980508.9590381831 3092156.1406250000
103121318.1405384094 3131200.5996093750
100057640.7076841742 2955711.7343750000
98640695.4821171612 2733073.1464843750
99795777.2394010425 2927407.0253906250
99604386.7314567268 2904515.9804687500
103682893.0049129128 3148614.1699218750
99662997.6706607044 2913029.9453125000
98645742.3303638548 2735050.7460937500
104042819.1414553523 3149644.3359375000
115689492.4568537921 3183699.5175781250
103135397.3206451982 3135253.2265625000
101898126.5963056684 3091911.4531250000
102685333.0385044664 3120055.8984375000
102727025.2818864137 3125515.0976562500
99977508.6588020474 2946433.8652343750
102134600.5735136569 3101898.3750000000
103345814.0859412253 3143108.9257812500
102475961.4930909276 3116002.2675781250
115629606.4396883547 3183273.9238281250
109686369.7986127734 3158912.9707031250
103442570.2479776740 3144340.3593750000
101398717.3086978048 3062576.2890625000
101574049.8730308115 3071963.2480468750
115561243.5358119160 3183130.1308593750
103064652.2261360586 3129600.5820312500
101882777.2753570974 3091060.6816406250
101406638.2202448845 3065221.1562500000
103117838.7746834010 3129889.1250000000
101668587.6896531582 3079109.8027343750
101351674.9458531141 3060760.4199218750
101037053.8636687249 3041500.1992187500
101049186.4071781635 3042281.2343750000
101855582.7679766268 3087527.1835937500
106954548.4636763036 3151004.6757812500
101072557.6420622766 3042376.7187500000
103550177.3599734604 3145859.6992187500
103333765.7609776855 3136419.1132812500
101680720.2331626117 3079890.8378906250
102420457.7174134403 3115023.0507812500
102055829.8857160658 3097199.0000000000
101633677.8703179508 3077374.1523437500
102289231.2130725533 3106691.6640625000
101430916.3613852859 3066605.5292968750
101992186.0743350238 3094244.7851562500
101981202.3664903045 3092370.7109375000
103421708.8347429931 3143229.7109375000
101363807.4893625677 3061541.4550781250
103215532.1302720159 3136236.3710937500
103203399.5867625773 3135455.3359375000
102277098.6695631295 3105910.6289062500
102004318.6178444475 3095025.8203125000
101758653.0576848686 3083733.9765625000
99976387.9784527570 2945070.1796875000
99926524.1223279536 2940793.3281250000
99938542.9443311989 2942286.7558593750
101171344.8975763768 3051202.1679687500
109270926.2526721507 3155476.9726562500
