74986349.9731435180 263500.3106012344
76707345.3721569777 304767.8249664307
73866662.9555048347 217681.6014385223
77074385.9974051863 313776.1985168457
77281157.2419028729 318960.3812561035
75971798.6528592706 288090.3837404251
74385175.7638723403 241130.7230970860
77366568.3729455173 320569.5794982910
74525196.1907618344 247518.9107021838
74777520.7561433017 256784.1002333164
75898952.8288239688 287228.7909669876
75733007.9279104471 282913.7512607574
75106497.7679570913 266426.8323297501
76035337.7030678093 291426.3851613998
76809640.4666745961 309011.8280029297
75885956.5965098888 286829.6195173264
75734594.8975140303 283860.3557529449
74195926.9881995469 234619.4822218418
76407299.4202664196 297662.1762800217
76707515.4002737105 306611.1166534424
76093993.8188571036 291876.4955129623
77511493.7030668855 324014.5179748535
76122222.3009780347 293439.2816457748
79286376.6121122837 348773.8505859375
78498468.0987946838 338630.4822998047
74944798.4141821265 262406.1148729324
77324594.5154392570 319709.4354553223
77718120.5753291696 325822.1821594238
74539547.3115608543 248888.2738783360
77633184.3035088032 325648.6550598145
74970345.0477792770 263172.1927423477
74417530.8372477293 241160.5055983067
75772344.5465352684 284310.4661045074
78026972.8934898525 333228.4482421875
75768831.4449918717 284155.8465681076
74813908.8844505548 257156.0876426697
76813439.6133649647 309446.2210693359
75419666.5773661733 274887.0384626389
74229344.4308473915 238487.4823879749
76658918.9445971996 304693.8736724854
76013739.9142398089 288894.2031660080
75174640.3011616319 267832.3752679825
78347144.1476664543 336003.2308654785
80105231.3623111397 351634.3544921875
78225889.9627740532 334854.4852294922
74840064.0587324202 258513.7311401367
78005776.9894400388 332816.1926269531
74820986.8227631152 257233.7717313766
77495694.9013871998 323768.4098205566
76107080.0056039393 292989.1712942123
74715434.0478611290 255276.3663873672
74493015.5157307386 246536.1445143223
79075985.9746851921 345628.4218750000
77243568.7301051766 317241.0186309814
74168210.8731634170 234481.2066481113
77112580.3227576017 314930.4065246582
79615969.6413115710 350505.2719726562
74851343.8875065893 258947.8940525055
74352846.5044334233 239995.1211378574
74763138.4956811965 255945.5602350235
77724414.5798249096 326235.6911926270
75187452.6779833883 269886.4076538086
77315268.0061441660 319372.6368713379
75507437.1539998204 277971.9436206818
75787987.4300344288 284667.4795637131
75842373.5183234066 286130.1151227951
74435721.2515517622 245433.1926050186
77581452.5492594242 324659.8142395020
78371597.6253926754 336468.6439514160
77364956.5331386626 320367.7992248535
75067451.4234680384 265071.0487890244
77587967.3884247690 325318.1780090332
76931868.7225271463 309590.3959655762
74475014.8149194717 246225.0785138607
74668525.9407660216 253918.2184247971
74089324.0039578974 232099.2947828770
74611632.7941031009 251187.6214227676
75470383.4067040831 277521.8332691193
75983900.5473850667 288472.4429588318
74289146.8919501752 239856.8455641270
75611084.8849154115 281448.3160362244
77795011.7953239977 328743.5696105957
76395888.2953305393 297305.3523244858
78485818.8660820276 338602.3270263672
76555151.6337240934 303109.8306427002
78546405.1788916439 339411.7191162109
75512693.7008946389 278839.6069135666
75443274.2056782246 276828.6170139313
76621499.2572691739 303280.4761505127
75888375.0201592743 287022.0758123398
76963625.9853626043 311695.1825866699
74371889.8830740601 240755.8710713387
75804732.0542050451 285202.2661123276
75254732.0907872021 271761.2988281250
77476541.1689762324 322551.8824157715
79161065.7597652525 348537.3442382812
78936348.6388590634 344757.5786132812
77977969.2746771872 330615.1490783691
75823577.5945559442 285718.6327009201
77219670.9948037565 316852.4494323730
75064661.1720045358 264711.8910007477
80650807.3503965437 352038.4223632812
74437770.5354115814 245862.6418085098
75239121.1151590645 271538.7528247833
78599740.9533195347 339668.6573486328
74965286.4878541082 262949.6467390060
76162678.5796346217 294017.6152334213
77872729.6373107135 329263.6819152832
75084639.3157574534 265822.8778171539
77733767.1889081001 326357.9055480957
78442685.3503826261 337662.0230712891
77561713.4972036183 324260.6261291504
74706828.7631552219 254002.4888544083
79473421.3692824244 350132.9799804688
77887363.9981703758 329323.9319152832
78502245.3876781613 339196.2259521484
75218247.7876607031 270893.4565601349
76625298.4039595425 303714.8692169189
77260079.8259199560 317537.2134094238
75513995.2256699353 279346.0487775803
75467463.4298398048 276993.9194135666
80549954.8921741694 351699.7646484375
80740513.6693766266 352321.7280273438
74635964.2889734805 252924.2370233536
75306804.4095905721 272850.8619041443
77199823.2020466179 315290.3025207520
74906072.8301226199 261513.3431091309
78983604.2469939590 345432.6542968750
78923154.8511246592 343839.0498046875
76738634.9471092224 306847.8405303955
75507789.7627002001 278226.0990419388
75859834.7915132940 286540.0415029526
75155199.3840120286 267534.2782897949
75825616.6592777371 285899.3793935776
76942509.1870883852 310306.5158233643
76469351.0452350527 299936.2440948486
76335737.9871609807 296565.0917587280
78433362.2450291514 336635.3680725098
78356694.1529035717 336049.1776428223
79397224.3336255401 349278.3100585938
74741795.4412951767 255719.7840127945
78720687.0972104371 342562.1757812500
80564589.2530338317 351760.0146484375
80580204.9450338781 351775.0239257812
78904576.2004705071 343682.9582519531
77013535.5512835830 312427.9162292480
77243417.0811634362 316873.4316711426
76329727.0052626133 295592.3580169678
76479128.4450618774 301218.1018905640
75296621.1524049789 272285.6307611465
77963280.8539920300 330239.2339172363
75248916.7045848966 271616.4369134903
75911562.0423095822 287241.2524404526
78643415.8281438798 342038.6571044922
75344673.8900610209 273496.1581687927
80078066.4123670161 350811.9545898438
77019895.7190438509 313592.2112121582
75868229.6508602798 286572.0585927963
78655904.5478479117 342483.4183349609
77077300.1190277785 314422.2580871582
78365098.0730300546 336155.8093261719
79451214.2887521833 349819.8403320312
77006957.2748623341 312083.7517852783
75392378.3378810734 274165.3520164490
76750848.6462986618 307396.6088409424
75961877.5011841804 287765.2275695801
77016096.5723534673 313157.8181457520
77023918.5220200568 313624.2283020020
76270524.1133802384 295323.9960145950
77274057.0830927193 318315.0849914551
76509723.4581242800 301233.8423614502
76515485.7348813713 301720.7034530640
76411795.8053886145 298073.4483938217
77452482.2137286216 321005.1709289551
78244492.3480309993 335345.6823730469
76430126.1934812814 298494.3186330795
76300943.0989254117 295530.2650575638
78747865.4546157271 343255.3588867188
76631236.7082338929 303746.8863067627
77919940.7516212016 330049.8210754395
77260520.7305516303 317593.3940734863
76688837.0758446455 304736.9157562256
76519587.0105562806 301934.6885528564
76513522.6048146784 301668.2354278564
76437499.4161524475 299776.5066757202
78259727.8710294366 335790.4436035156
78210908.9039393365 333360.6657714844
78474683.0070533305 337671.7963867188
76390465.5193256289 296566.7283172607
79130083.1215998828 345889.7753906250
77272014.9114538878 318068.9768371582
77258037.6542811245 317291.1052551270
76028795.1217108667 289081.3666982651
76409188.7830090672 297967.5682668686
76186699.9943637699 294749.1376028061
79979736.4086939991 350650.0629882812
76796342.9189981520 307646.2710685730
77006591.3502182364 311726.2561950684
78852087.5881809592 343623.1958007812
78930549.6447256804 344203.4189453125
78969887.0355589986 344869.9687500000
