141577475.8875055015 3774820.2441406250
141607885.1839388609 3775942.8535156250
141437727.8123715222 3771239.4023437500
141420260.5088116825 3771108.3027343750
137803880.0034784973 3562561.9570312500
137981028.5744409263 3576648.0371093750
139224374.2704389095 3678214.0273437500
139157349.5433077812 3675152.8769531250
139216421.6695947349 3677261.5937500000
137521255.5112595260 3519736.9179687500
137537033.8980415463 3523867.5175781250
137523707.2653020322 3523370.9882812500
137593869.1680170000 3535683.0253906250
137628500.2164927125 3538525.5253906250
137518766.1196914613 3515032.4257812500
139205639.7427626848 3676262.4941406250
142572975.7018386722 3799825.4023437500
142630591.0633175373 3801286.4667968750
142819714.0555326939 3806163.8554687500
140038578.5540058315 3728161.4140625000
139786338.6652182937 3719402.6093750000
138658126.2835774720 3639618.8183593750
138631616.3733726740 3636767.8886718750
138506728.9817478061 3627361.1269531250
138699127.1289103627 3639725.2421875000
138603173.7777929306 3636475.1523437500
138508941.2166842520 3630538.9492187500
138449851.7468046844 3625068.6582031250
138126689.2055394948 3591089.4687500000
138210964.8471778631 3599074.5468750000
138213756.6037548482 3602177.9902343750
139315710.4719415605 3685619.4472656250
139457068.4779493213 3698020.9375000000
139413642.1524994671 3694456.4863281250
139343195.0484580100 3693442.1054687500
143422181.6325606406 3815425.3710937500
143457441.7520983219 3815636.2949218750
143471076.1634844542 3815963.8261718750
143764131.8356174231 3819065.2695312500
142388406.7001095116 3798825.8105468750
142546355.1181316674 3799281.7207031250
142574630.6015852690 3801124.7421875000
142306937.6011435986 3796877.3496093750
140557984.7474392951 3747857.3710937500
140637371.3120922148 3750318.0351562500
138868839.0401511192 3652864.7343750000
138769247.7197698057 3645692.8632812500
139615436.5219780803 3711035.7207031250
139526985.3231868148 3702737.3066406250
139464603.2293401062 3702040.7597656250
139575283.7215608954 3703670.4785156250
139721666.3087863922 3714433.1796875000
139004391.0678428411 3662954.9296875000
139075624.7526053190 3670096.2226562500
138803937.9772396088 3648103.0117187500
138789229.1647523046 3647096.0156250000
138585378.4146052301 3631923.9648437500
138595460.0598275661 3631944.7167968750
137454903.4266883731 3491483.2792968750
137430191.3760005832 3481020.4648437500
142074468.6561658978 3790128.4121093750
142969341.7135061026 3807974.4277343750
141919014.7960148454 3787341.7695312500
139929268.0803959072 3725191.4335937500
139784292.7567450106 3719239.9902343750
139588966.3090103865 3707064.2285156250
141209550.3999762535 3765135.6250000000
141039378.9339924455 3761042.9296875000
141063949.9830147028 3762135.1171875000
141066825.7643377781 3763495.0585937500
141182614.1460335851 3764621.9726562500
138361387.9794108272 3615420.6757812500
138464916.0810075104 3626515.6992187500
138423146.1764333248 3620725.0605468750
138356895.5421055853 3611011.0097656250
138303479.3844708502 3608339.8730468750
138335227.8552585840 3608855.2773437500
137185926.9692509770 3424098.6894531250
141568689.3539358377 3774131.4218750000
141536017.3051446378 3774083.3691406250
143658283.1146744490 3817435.8945312500
143438194.3746735156 3815543.6484375000
143358213.8974592388 3815246.3339843750
140807433.0266039670 3754694.5351562500
140895703.7698492408 3758214.6562500000
140529991.2092417181 3745575.7167968750
140541236.3407188058 3746167.0175781250
138967624.7607571185 3660783.3027343750
139006869.8139024973 3664486.7500000000
139069539.1800488234 3668657.6660156250
139063045.2734222114 3665790.1738281250
138914701.7554188073 3658796.2929687500
139139587.3212646842 3670867.9570312500
139154691.5376967192 3671004.2871093750
138891294.4774829149 3656357.4101562500
138128867.2866183519 3595930.2929687500
138068803.9265130162 3587707.6796875000
138003259.1533984542 3580327.4765625000
138026280.4510966539 3581020.3593750000
137801098.2659079134 3561876.8339843750
137753321.6657017469 3555345.4179687500
137793342.3370300531 3560415.1894531250
137761891.2071219683 3558950.5839843750
137670377.1528649032 3548194.6718750000
137912759.6902430356 3569998.5058593750
137888820.9000496864 3568878.0156250000
137865921.9800394177 3566877.4531250000
137954471.2802440822 3571320.6582031250
137877705.7018167973 3567768.9003906250
137819502.2134034038 3566579.2480468750
141285316.5176357329 3765398.5292968750
141341447.0080887675 3767565.3339843750
140297921.5510244668 3737175.3398437500
140351665.7609703243 3741608.5371093750
140429501.9482526183 3742899.9667968750
140513299.7844170034 3744572.2910156250
142090196.5714950860 3792075.2675781250
142197581.9281993806 3793207.9980468750
141793451.0441273153 3781761.0898437500
139340242.9525216520 3689865.9218750000
139257491.4214745462 3682065.9003906250
141292061.2587474585 3766058.4941406250
141498671.7707240283 3773259.7441406250
141399981.2831588984 3770199.6035156250
141349831.7741605043 3769457.4121093750
143763821.2228317559 3817467.2460937500
139551558.5170826316 3703599.3378906250
139431183.0101833940 3697197.6308593750
138645903.1557270885 3639232.9980468750
140824747.0503515899 3755677.0839843750
140723900.5166081786 3751747.8593750000
140746571.3653741479 3753965.4726562500
140600878.9465087950 3749042.2695312500
140765327.1895307899 3754391.1933593750
140876707.2363297045 3757088.9472656250
141773179.0419513285 3781123.5546875000
141654447.5539443791 3777545.1757812500
139450253.6070677638 3697722.4531250000
143290283.6268621087 3814025.8906250000
142642679.3695030808 3802532.9140625000
142693101.3912403286 3803182.5234375000
137387530.3384141326 3471995.9980468750
137311075.2879134715 3455003.0468750000
138259754.9369101524 3606892.4921875000
138235622.7893343270 3604766.6054687500
138281107.1649821103 3607082.4414062500
138369603.7145465016 3618823.0136718750
143174216.1568635106 3812140.2753906250
143525154.3600291312 3816279.5058593750
143202937.4595745206 3812222.5605468750
141031231.7999536395 3759720.3671875000
142638562.1797209978 3802507.7480468750
138884011.8125829697 3654896.3730468750
138642800.3761275113 3638915.8261718750
138792193.2736320496 3647684.5488281250
138702518.6742494404 3642396.2851562500
143079596.3802643418 3810336.0742187500
137300367.1409302652 3453705.1835937500
137355986.2471231222 3468774.7675781250
137312262.3223600090 3465018.8847656250
139942413.2433403730 3726381.1718750000
139843593.6616963148 3724058.9003906250
139757447.0305166245 3719223.1660156250
140015900.8208451569 3728134.0859375000
141704705.1294414401 3778872.3691406250
141855033.6071513593 3783357.2988281250
139319318.5980315506 3688456.1425781250
139313794.7933594882 3683481.1835937500
137961374.2964360118 3574152.5117187500
137930178.2453636229 3570602.9042968750
139514639.2859363258 3702119.8125000000
138750092.6483079791 3644671.3261718750
138811073.0017126501 3651399.9550781250
138733851.1095371544 3644345.9746093750
140463560.2771359086 3743574.9765625000
140621416.0514089465 3749105.0039062500
140305877.5255791843 3737514.3417968750
139752334.5144658387 3715237.4882812500
139314680.4541363716 3685083.1933593750
142993789.6650530100 3809436.3437500000
142875796.4552172720 3806896.2109375000
137416323.2221341431 3480323.6562500000
137433665.7192306519 3484951.3222656250
140509534.7885546088 3743942.6523437500
137982308.9352813363 3578052.7617187500
138160906.4546546638 3596246.2792968750
138039401.6920408309 3584425.5742187500
137260130.2859145105 3451007.4121093750
137241784.9551713765 3443887.3027343750
137473148.6271284521 3501361.1035156250
137194928.2338044643 3432252.9726562500
137241819.2559285164 3448477.8828125000
137161831.1838352084 3417861.1757812500
137199758.8832744658 3434765.4492187500
137201482.1485596001 3441909.4550781250
137185774.0766111612 3422469.9902343750
142573819.9743585289 3800195.5878906250
142904576.0703944564 3807848.0429687500
141861773.4220066667 3784761.2246093750
138349005.6343518198 3609966.3632812500
137180862.8257023096 3421941.6250000000
141663400.0051406920 3778700.5351562500
141476974.5325561166 3771830.9785156250
141948663.4667532742 3788167.2011718750
142150996.3844147027 3792546.8925781250
142292382.1130299270 3796454.9589843750
141916340.1656110585 3785281.5898437500
140180643.5107454658 3734635.9765625000
140714160.0383087397 3750993.7714843750
137555090.4265387952 3526413.5527343750
138295324.8155471683 3607334.1210937500
142741169.8227508068 3805739.8632812500
142830093.6145056188 3806688.5000000000
142875996.3837985694 3807316.0527343750
138528753.4372571707 3631896.1132812500
138101289.0531438291 3589045.0292968750
142015467.2569103837 3790073.9824218750
141915138.2822873294 3784821.7343750000
140146366.1049946547 3733174.2285156250
140093335.8630942702 3731467.1992187500
140103499.9512971342 3732156.4414062500
139968406.1708344519 3727142.5019531250
142697420.4862729609 3803898.3105468750
142735953.2211652994 3804011.8496093750
142505251.6749982238 3799235.7792968750
141590054.3278374672 3774918.0527343750
137710286.6810191572 3555227.3027343750
137658208.6963204443 3539380.0273437500
138182109.5740438104 3597985.7968750000
141825388.0469055474 3783112.6347656250
141802805.9693087339 3782575.5292968750
140040856.8342903256 3728613.3027343750
137431895.2362731993 3481976.1035156250
137381894.2440462708 3470723.7617187500
141626034.3214827180 3776251.5351562500
138921432.5568496287 3659704.3574218750
139828752.2584007978 3720087.4082031250
138640477.7097775638 3637198.4023437500
137396775.0207567513 3478439.4843750000
137423932.3755879402 3480865.3769531250
137387700.7101198435 3474433.4160156250
141772630.7746928334 3780801.1191406250
142278500.3761027157 3793834.2089843750
137391133.2993261814 3474699.3554687500
137408870.8062175214 3479725.2207031250
137438273.0604734719 3487746.6328125000
137565432.5760318339 3530209.2382812500
137423078.0431270003 3480792.2675781250
