139098069.9864812493 862055.8891601562
139185456.3338982165 871876.4545898438
139115810.4772593975 863230.8221435547
139062489.0749697387 858242.1697998047
139043402.8118616641 850370.0413818359
139052526.3158327937 856165.8040771484
138983850.3103604019 849890.8157958984
139044493.8144107163 853470.5482177734
139242717.5502299964 890582.3543701172
139149211.4037276506 870083.2911376953
139139774.3227641582 869479.9052734375
139128698.8765985668 867734.0780029297
139090172.5208888352 860763.0286865234
139072020.5655357540 858352.8078613281
143246169.4934261143 1233415.6337890625
144423798.2145199478 1283272.7402343750
144363709.8371319473 1282387.3984375000
140187885.1604018211 1019385.2321777344
143923478.2834773958 1263461.4028320312
144006961.7139807045 1267480.7773437500
143619463.1051478982 1249811.0327148438
141479428.8195906579 1130281.7731933594
142516338.3562004268 1195923.7534179688
141730217.5952192843 1146109.8852539062
143405513.4584446251 1240498.5063476562
141166983.3755092323 1107188.6667480469
140336220.2844139040 1036919.9948730469
140509678.8493609726 1052206.6569824219
140329361.5318204463 1036623.5515136719
140485758.3992902637 1049912.0173339844
140405197.9013547301 1042478.1276855469
140300711.5894768238 1034634.4899902344
140363094.2969486415 1040012.2858886719
140323459.9096553624 1036224.1911621094
145271691.8656282127 1311559.2539062500
145570543.7855714858 1321114.7656250000
139271333.3797256351 894715.8330078125
139268739.7019468844 893799.1267089844
139538543.6350601912 932302.2437744141
139507790.1906667054 929119.1065673828
139764686.0321642458 958654.1590576172
139458226.0643212497 927015.4410400391
139481978.8393341899 928266.1436767578
139540603.9233492911 934485.5123291016
139283282.5399415195 897179.6832275391
139436348.7280968726 922736.2528076172
139384306.3577180207 912793.9761962891
139339578.1398282647 909921.9832763672
139548704.4749350548 937061.9561767578
139346384.4902327955 910162.1092529297
139413218.0066886842 922005.1468505859
141787798.2745344341 1148902.4133300781
140280971.7133265436 1030012.5290527344
140292047.0377260149 1031707.0207519531
142100552.5151517391 1171017.4311523438
141297041.9717282951 1115624.2209472656
141206150.0786723495 1109072.0573730469
141132239.3072692454 1101689.2326660156
140990080.7401832938 1091987.2714843750
145017557.8047991395 1304434.1132812500
142481565.3539415002 1192885.5424804688
142861093.5099753737 1213941.1674804688
143290025.4221618474 1235283.3632812500
141149171.5944922566 1105571.0021972656
143882683.9301750064 1261684.8007812500
140747604.6928048134 1071431.4794921875
138919656.1262719631 814952.4298095703
143158708.7854625285 1227588.2504882812
141831421.1566732526 1151094.4514160156
141746611.0218102634 1147801.1350097656
139896647.4793041646 987502.3737792969
142544921.4841436744 1195995.0874023438
139649836.9509432018 946603.7678222656
139708191.4891568720 958340.3022460938
146078148.0934644639 1333944.8701171875
144646867.2165182233 1291921.2382812500
144947978.2641045749 1300627.3750000000
144693004.6911007464 1293247.5722656250
141514183.6518031359 1134304.3767089844
149394357.4044017196 1371986.2802734375
149187460.9159131050 1371418.6396484375
140699826.7882209122 1066003.4643554688
145583437.3116891384 1321957.6816406250
145460469.5480660796 1317739.0820312500
143540493.4100308716 1245682.8242187500
139943182.2596823871 989646.6914062500
146936125.4748242497 1353075.4580078125
139875041.8782785833 982655.7302246094
148338262.7256007195 1366360.1484375000
148244787.5081267953 1365537.2207031250
148108563.1286312938 1365098.8085937500
148485558.0298588276 1367023.1953125000
148090810.5825863481 1363758.9335937500
148367579.5541325808 1366416.4804687500
141009701.7200574577 1094125.6662597656
142805401.8428998590 1210717.6303710938
142856641.4308246672 1213216.1069335938
145342289.8300064504 1312774.3808593750
144944238.1181375980 1300289.1757812500
142144780.7223705947 1173198.7080078125
142020331.1450677216 1165479.5849609375
142161289.2471802831 1175214.4311523438
144525999.3834382296 1286412.2001953125
142826293.0877552629 1212116.2622070312
142811396.8121487796 1210943.7661132812
143170110.1761412024 1232045.9077148438
140023155.6509183347 998549.5747070312
143907960.6467137933 1262196.9609375000
143813492.2157226503 1260895.5087890625
145397096.5656716526 1314955.5927734375
139958220.5352382958 992793.5949707031
144850376.4871728122 1298501.6835937500
144545298.5704317093 1287582.0634765625
144473895.1837390959 1285867.7695312500
144326591.3806451857 1280202.2607421875
143946176.0748995841 1265016.5937500000
144251248.5183805227 1278359.9111328125
143867055.2880832553 1261275.5947265625
141019956.8068124354 1094749.0778808594
140833527.9582681954 1080504.1545410156
147899878.3815290332 1363164.2421875000
147797131.4648917317 1362242.2001953125
147897282.6932184100 1363101.5605468750
148421402.1602765918 1366667.2890625000
138904104.2943144739 807804.8757934570
138884583.4751800001 806939.3352661133
138898648.4801242948 807350.7732543945
138981963.8045216501 831424.0002441406
142459749.9726010263 1191208.4775390625
142418438.0598587394 1190937.3339843750
144971577.0017179251 1302697.5537109375
144718791.8964704871 1295317.7509765625
140071032.6325182021 1005610.2717285156
142909796.3843337893 1217912.1445312500
142897196.9526959062 1217265.9658203125
147346975.9613670111 1357018.1523437500
144057776.5475822389 1270277.4453125000
144169847.9846127033 1274005.9082031250
144093956.6214311719 1270831.8496093750
144128785.7265346944 1271735.3823242188
139605717.3429764807 942020.7025146484
139992627.8454555571 997197.4445800781
141385685.1490123868 1122821.1394042969
141371331.4226582944 1121539.0544433594
150100383.9127125144 1372963.9365234375
146884344.3809689581 1352414.2968750000
146369252.7486672997 1342947.0283203125
140685703.3573674262 1065252.1650390625
139329536.6701487303 901763.4254150391
146210263.8234098256 1339314.0771484375
146823831.7452294230 1351167.5234375000
145525797.5106678009 1318541.4394531250
142077352.6311638951 1168924.3715820312
142481834.7201480269 1195087.7993164062
143589278.9731178582 1248282.4619140625
143546864.3627074361 1247867.2314453125
148910007.1527493000 1369385.9697265625
147241180.4635817111 1355887.2744140625
146154616.2396005690 1337790.0234375000
146174839.8259016275 1338439.0351562500
146410531.6464680135 1343497.3046875000
149070775.1458659768 1370689.3261718750
148810705.4900075197 1368665.1542968750
141623736.5909462869 1139373.7121582031
149533314.8075633645 1372096.8134765625
148923215.6435140967 1370243.0136718750
149139027.5703445673 1370997.2412109375
148706649.8296402097 1368646.7353515625
139221971.9932446182 884850.4331054688
150153302.5784745812 1373530.5234375000
147775003.4248355031 1361760.0410156250
145156840.7321625054 1308033.4628906250
139189158.3339448273 881486.2242431641
147488996.2710985541 1359649.2792968750
147355703.7406454980 1357333.6269531250
147636181.5066017807 1360167.8515625000
147631663.0730550289 1359691.1972656250
147416272.1032204330 1357382.9667968750
147421778.9165511429 1357585.0371093750
139622024.7078803778 943985.0649414062
146820925.7028447688 1350900.9052734375
146124727.4497102797 1337020.3427734375
147149000.1334392428 1355295.4775390625
149916194.5252786875 1372528.5908203125
150149782.2675924301 1373032.7343750000
150282179.1382758617 1373908.1621093750
140721645.2913543284 1069763.3972167969
139232765.3859987855 885453.3870849609
139242579.5429213643 888382.5900878906
139211886.3602286279 882772.0028076172
139234204.9553264678 888378.9533691406
140293588.9436345696 1032068.4956054688
144948098.4808179438 1300841.7324218750
141768872.7264258265 1148046.1682128906
140133535.9787250459 1012975.9975585938
142366132.6674073040 1187752.8950195312
142264904.8345594704 1180531.4965820312
144549182.7476648092 1289922.2324218750
144847122.1013637781 1298210.6796875000
139629349.0349454880 946450.0104980469
139565905.7026461363 937512.8577880859
139659578.6902830005 950683.6903076172
139683666.1291782260 951911.6801757812
140767471.4365023673 1074805.1406250000
145625420.5841031075 1322330.4814453125
140671347.1885095835 1065165.4155273438
141437569.0234193206 1127750.5163574219
140656771.5252902508 1063780.2104492188
140635646.1156552136 1063243.3452148438
147289114.8514365554 1356619.0927734375
146571361.0894204080 1347523.7500000000
139789137.3697940409 968194.5600585938
149944071.1574316621 1372809.5742187500
146492675.0709625483 1346930.7138671875
146650185.0570614040 1348886.6083984375
146421873.8677656651 1345561.5673828125
148531929.1627126932 1368273.6591796875
148830366.0248734355 1369038.8906250000
148644232.2743651271 1368305.1015625000
142293210.2509588003 1184185.1225585938
139808722.4436183870 970057.9470214844
138928796.0976396501 821362.2857666016
142058940.9025010765 1168633.1245117188
141403369.7293086648 1124299.1613769531
142252237.9684187174 1179602.4702148438
146256914.4820709527 1340624.3818359375
142727219.8599698544 1208572.5229492188
142714646.1620162725 1208044.0952148438
140786630.6856757700 1075296.5246582031
141068082.8971662223 1098241.8117675781
140595832.1750078797 1058127.6772460938
140926454.7314734459 1088048.2180175781
141008773.8222479224 1092423.6130371094
140974979.1311274767 1091117.1086425781
140862250.9587973356 1080948.1103515625
140576801.9193347991 1058089.5317382812
140539375.3998491764 1056400.4077148438
145469602.8312691450 1318157.1152343750
145704549.3093669415 1325073.7089843750
145981973.9216661155 1332453.5117187500
143334686.6063124835 1238108.8530273438
143719315.4245525301 1254493.3471679688
143709154.4277942181 1254199.7968750000
141704754.1567709744 1146075.8635253906
141662380.4142632782 1142469.0510253906
142357039.2800042033 1186043.3486328125
143040162.3276539743 1223456.7900390625
142663543.7536240816 1205836.3041992188
142861143.8517742157 1216801.5659179688
139572334.0592087507 939067.6190185547
142038730.1086425185 1167627.7900390625
138973842.7190212905 830790.1138916016
141311333.0502368510 1118486.1340332031
141418026.5132436752 1125155.9816894531
141225582.1767410636 1111106.3312988281
142598348.4750932753 1200962.2812500000
142664587.5939915180 1206699.0366210938
142545607.5409027636 1199319.2338867188
139925390.7187192738 987885.7739257812
139857334.4360101819 982208.8322753906
139961267.2855860591 993289.7233886719
146083015.7997046113 1336485.5263671875
140631017.0673832595 1062503.1555175781
147076739.4264508188 1354398.6855468750
143603308.0957842767 1248428.3515625000
143434434.2864598930 1242635.8359375000
145066022.1361902058 1305394.5781250000
145664194.0456115007 1323670.5029296875
139772758.0004341602 963671.3713378906
142170892.0361637175 1175874.4458007812
139949980.5652407706 991394.5412597656
147239496.5357350707 1355686.5664062500
140207537.8174774647 1020355.8002929688
140234552.7332166135 1023735.3808593750
147232976.6239360273 1355338.3769531250
140452476.8669650853 1046909.9641113281
147013691.0055108666 1354391.0878906250
143158926.9467550516 1230315.2153320312
146327723.6866367161 1341570.7314453125
147331804.9535601139 1356898.3691406250
144095876.0123121440 1271520.1962890625
143799108.4175633788 1258864.3725585938
147644717.9071677327 1360343.5517578125
140149988.6689606309 1013680.2482910156
139816029.9652695954 971534.5878906250
143067035.5723966956 1225196.1079101562
145233031.4117648602 1309973.7949218750
140027204.3131725788 1000497.4123535156
140049635.9932351112 1002568.7604980469
140118974.9500999451 1010612.8864746094
144427177.2926264107 1283650.3652343750
144188316.3800377846 1275196.1171875000
144963056.2681287229 1302593.9921875000
144579257.3822093308 1290830.8769531250
145779619.1347525418 1327157.6650390625
145922336.0070990622 1331515.6201171875
142224539.6580785215 1178120.6552734375
141850386.1678408384 1153986.3247070312
141985294.9763144851 1163196.5112304688
141099160.9444180727 1099837.2556152344
