94747786.7480307221 272969.0620727539
97523725.2697341442 293208.5452880859
90699272.0405689180 229003.4116289020
88628041.9569765478 184818.6446688179
95253663.4796304405 278647.0026245117
89006185.3330645412 194152.7349123359
92817912.0735704452 254685.5960369110
89605914.3421524316 207491.5308845341
90955427.1405244917 232646.5178473592
90273575.9211968929 220035.3376104832
89138546.7319384217 195635.8847706914
100108395.3999240547 300583.2336425781
105819821.7417079061 303323.2111816406
90312330.5327127427 221560.7185308933
88802453.7863117605 189064.7567764437
91048230.0533905327 233163.6717208128
96338688.3811954856 285915.7295532227
92831567.7550017089 254736.9114665985
88545344.5639778823 181617.1498568062
88906922.5703160614 190570.8879870027
89095231.9904610366 195074.1794117093
89029491.7487714887 194596.8760643816
89357158.2910909057 200385.0814121366
98842727.0051542819 298269.5229492188
97005806.7745787799 290119.8657226562
92703944.6603547335 253476.0777263641
93785296.0146397650 265018.5524902344
89950181.7872319818 214650.8735250235
91159667.6093585789 234597.8709788918
91074324.5758528560 233325.8558222335
95775732.9418545514 282178.4404907227
96638550.2712297887 288238.0408935547
99745286.3327937871 300250.8205566406
96091612.6704395264 283834.3484497070
102758728.3745229095 302509.3442382812
102573148.1110630929 302280.4812011719
89180709.1080553085 197837.3669727445
99583815.6653467268 299619.2683105469
97904346.2514906824 294618.6790771484
95178853.4731359035 277377.0095825195
99664948.7916986495 299741.1357421875
104610396.5906666815 302613.7670898438
101972796.7141072899 301854.1708984375
90916146.3958559483 231074.5400944352
105814134.7266559601 303009.1989746094
90675833.7578365207 227604.6238957047
90887809.4238677025 230967.4946685433
105300880.7484808117 302988.5932617188
93255535.4962085932 259973.0494689941
91178656.5398854613 234942.3128607869
89824882.6941669434 210884.8773702383
91191480.0091389865 234974.6102240682
95854595.0733788460 283021.9559326172
99930866.5962535888 300479.6835937500
98168015.7778120041 295224.8328857422
101952031.2244423479 301537.5373535156
89377581.4070202112 203068.0484383404
101534202.2974346131 301199.9448242188
97565146.4985409677 293256.7489013672
97739710.9406372160 294301.4034423828
97335993.7513270676 292782.2242431641
97807171.8807503581 294381.3582763672
97701952.4135554433 294187.2562255859
105844031.2967451215 303380.0876464844
95344684.6646179408 279415.6415405273
101468028.6111038476 301028.1943359375
102158376.9775671214 302083.0339355469
89409416.1605266929 204072.2163013816
97460488.1047386825 293000.7220458984
97441213.2185219973 292976.3262939453
95284761.0618921816 278879.0463256836
95539985.7323504686 281041.1168823242
95646735.1532954425 281401.3712158203
101547194.8758232445 301211.4470214844
95860680.8318396360 283153.5145263672
89605219.4521118850 206713.4792883992
96841146.2974815965 289032.9765014648
88686408.5793609321 186103.4791134214
89658566.9248296022 208053.9695151448
90263788.0516661406 219843.9586656690
89836045.3336217254 211851.7118757367
96042663.9748526514 283488.0991821289
90051812.3856349885 216481.0878928304
90871838.3162943423 230735.7461186051
90217675.6920105517 219386.6919712424
90642376.0650793165 225775.0027802270
88870450.8462823480 190463.6013500690
89707465.5455141962 210700.8385166526
97047147.5512420088 291047.3854980469
96036999.4375880659 283474.7981567383
96887337.0755195022 289711.2128906250
91083813.9823255390 234098.6168914437
90695389.1332587451 228226.0417253375
89523076.0912516266 205989.0231785178
89462473.2218107432 205084.8054508567
89645008.1633071452 207726.0684378743
89228130.2593770027 198624.9385059476
89844009.6030161679 212624.3607639670
89482117.7417939901 205544.2651218772
90834085.5473249555 229549.9552179854
90926940.2807032913 232001.2737041116
89875363.2025993615 213971.3834995627
89370626.3538733572 201845.2277994324
97042052.5593845099 290803.6225585938
95424060.8382627070 279629.8422241211
89269088.6088346243 199069.6965625882
96186135.6854944080 284988.4100952148
91317050.0477367938 236332.8500556946
89550892.5209524333 206140.1471719909
91368348.4275354594 237708.9680206776
97238541.7713741362 291546.1809082031
94093141.7729696035 268292.2907104492
104829926.2387430817 302793.9460449219
96092632.7497075200 284071.8617553711
101559211.5942048728 301219.8679199219
96528033.1709634513 287235.9166870117
90877924.0747551620 230867.3047123551
90499384.5748009384 225094.9195024371
97032201.8415055573 290796.8247070312
99578151.1280821264 299607.1157226562
89660416.1251333356 210151.9448704123
96703043.6353429109 288500.5554809570
90156205.4240080267 217875.1974521386
89892215.3618989587 214095.2342686057
90355374.9580245316 222251.7835771441
89314179.7887746394 199960.3997386862
91801281.5251269042 244068.9956703186
95201348.4630367160 278082.6657104492
91219514.5934065133 236045.2392055988
104611123.3742990494 302710.1962890625
92883336.2053373009 255954.4341106415
88819134.5099739283 189120.9178810930
90442052.7113126963 223186.6729204059
88996970.1398996413 193439.3798403144
101923267.5403564274 301493.1003417969
89829553.7808399796 211633.2255766094
96332190.4258581698 285900.4745483398
94036857.2781341821 267844.8610229492
93332658.8411569297 260589.2953300476
89132460.9734776169 195504.3261769414
90602534.3998803943 225774.7232392114
95495549.6667931825 279644.3981933594
88956011.7904420048 192994.6217836738
95503803.5462082922 280337.2123413086
98516679.2285008729 297254.5576171875
93431632.0018622130 261636.2474784851
104625265.4612146318 302775.2456054688
88753005.7730320841 186731.8223057305
90095847.4862918705 216532.9418397653
92431280.8074606508 251209.6115036011
89574938.2841363996 206604.8578754067
96571655.9670501500 287867.1966552734
101482890.6498522460 301086.2292480469
92337777.8716737777 250023.7195739746
98288197.1034974605 296208.2275390625
99170771.3310577273 299137.8996582031
89114076.8402256221 195423.4436939359
91253669.7720985264 236078.4867744446
92425195.0489998460 251078.0529098511
93532652.7578558177 263133.7058715820
98506828.5106219053 297249.3649902344
89093426.1152185500 194828.7133980608
93886947.8316320926 266384.6101684570
98272681.8483539224 296182.5246582031
90215207.1654643416 218309.7412949652
98972030.0337572396 298887.1625976562
92873422.4858172834 254917.3279876709
101003246.7295682132 300931.9877929688
91332614.9227810055 236691.7627754211
93544350.7635993361 263219.2669067383
100518301.5682223141 300674.9558105469
89410198.7027187347 204406.2519688010
96587419.6311506778 287869.3499755859
99176435.8683223128 299150.0522460938
95631186.9453814775 281266.8627319336
90810578.4341801703 229189.2570255995
92460483.5469869822 251650.3426306248
99415562.3852060586 299434.3918457031
91554552.9825491309 240348.6633644104
100523966.1054868996 300687.1083984375
99004453.4803005010 298948.6625976562
96823992.4483532608 288836.7707519531
91510301.4898802191 239613.0196914673
91473212.9409957081 239541.9827766418
93717790.7317295521 264838.2230224609
101447078.8509557396 301017.7370605469
99144012.4217790663 299088.5522460938
98761593.8788023293 298147.6555175781
95028305.9582360238 276325.3063354492
91277208.3825378418 236319.9274482727
90490532.6021344811 223468.1775584072
88748144.9244184941 186328.9637926221
98416850.4467329234 297038.8310546875
95012378.3812380135 276288.9061889648
92943703.4808607846 256195.3552551270
91577347.3382011205 240913.9782447815
89167286.0749577731 196138.8286840618
91468087.5150939524 239210.7975807190
95099795.5585641116 277292.3038940430
100776801.7419660389 300754.9394531250
98863840.9138855040 298342.8249511719
93586552.4249868393 263772.7516288757
93169970.4077706188 258492.0509948730
93485949.9885448217 262390.3371276855
94060553.9710587412 268222.3037109375
94982902.2483713925 276228.8565673828
100556119.3364588320 300698.6782226562
93851984.9805599153 266267.1694602966
89288986.4387547374 199470.4317476451
93020306.0844117701 257324.7148971558
94868999.6541801095 275390.7380371094
94803839.7440333813 274666.3515930176
94768404.0905792564 274324.0633850098
94476238.8925276250 272248.9139404297
98679785.2197542191 297763.7714843750
99372760.7301099449 299295.5588378906
90187924.9540605694 218220.4141857326
94374251.4294038117 271199.8560791016
88799408.2265193015 187173.2790490007
96417864.7585342824 286118.2935791016
89248028.0892970860 199025.6736910045
93107391.2435408086 258238.2106628418
96412200.2212696970 286105.1087646484
93823299.2075213492 266031.6162719727
94884070.2211922705 275483.0624389648
93565864.2550240159 263629.7385253906
88752040.3283562213 186429.1187706804
88845012.1159735471 189786.5974436617
93797060.3355674297 265460.6974487305
98771444.5966812670 298152.8481445312
91759387.1529660374 243343.1251144409
92719321.9140133262 254101.4013595581
98755929.3415377289 298135.5029296875
92945426.7015088946 256870.2280197144
90099769.6833057851 217331.1228347421
99039889.1337546110 298955.8779296875
90255932.5765647292 219445.4365554452
89779194.4702280760 210719.1394207180
91706193.9127648920 242750.7280311584
89228080.9377775192 198312.7182552516
98013743.0078074485 295000.4238281250
98189371.2544332892 295818.1838378906
94100223.8376725912 268403.2810974121
92536092.0242387354 252382.3283615112
92609057.7895507365 253092.0000534058
93932560.7947399616 266997.3385009766
91748557.9525341988 243208.8802680969
94351419.2260739952 270540.0711059570
88837328.3532005101 189299.8256798601
93200388.9020920098 259244.8400077820
89362579.0499978960 201192.0104986476
98314073.5654872209 296289.2878417969
99530417.3732178211 299538.1562500000
93194138.0247630775 258817.4662475586
92777100.2686528862 254470.4444503784
93048480.4555907249 257673.9896850586
94246041.7900531739 269774.2637329102
94930726.1429945529 275711.9718017578
94187641.0149986744 269378.1558837891
94108494.4303112626 268836.8944702148
90787683.1923053414 229072.1554610143
93375122.2378022522 261109.6417541504
93199859.4173209220 258863.6665725708
94313044.4600304365 270521.6324462891
94597283.1913885921 272906.9334716797
94356587.8306243569 270569.4746093750
94369729.4020426422 270662.6943054199
90174661.7359481752 218001.8918338516
91907024.9960204661 246091.5199317932
91566207.1685505658 240580.0550453663
97652807.3101011515 293416.1203613281
93514762.0811504126 262628.7816162109
97332112.3146922290 292126.2141113281
90675595.1120830774 226628.7811454039
98005234.3827440292 294625.6403808594
91419226.6552452296 238444.3731167316
91868344.2023892701 244728.8782560825
91352938.7905024588 237187.7025463581
90658842.0303935260 225929.3305499554
92391344.9152970165 250922.3231620789
92279140.1650790721 249943.3973808289
92518768.8166837692 252306.7552490234
92545151.1878677607 252606.8410568237
92196361.9407199919 249145.2002487183
92291416.6380381882 249986.4278297424
91469407.6426571757 239233.8924877644
91718257.6971955001 242942.5544471741
92005258.8042502850 246619.2960166931
92302184.0062453747 250005.6368141174
92723101.5861247927 254165.2848777771
98078395.9474894255 295168.4523925781
91764563.2799998671 243507.3114225864
92170202.3354382664 248516.2027990818
92149659.1714089662 248291.1995449066
91826158.5387356728 244478.5970802307
91942627.3908904046 246524.7870216370
91992720.4173608124 246564.9022865295
97266309.8458453268 291703.8134765625
97302259.9720678180 292078.3327636719
91659628.7218494862 242679.3166105747
