81286537.9243634641 713415.2314453125
80592095.6025685221 686635.2379150391
80436249.1987513155 679298.2427978516
80737170.4434481859 690769.6092529297
80213343.4306074828 667583.5334167480
78691015.0932742059 584215.0734939575
78332352.6561530530 563730.7666091919
78672324.5712276995 583484.6871032715
77920335.5313589722 535676.1760482788
77969218.5494747907 537905.7617874146
81744158.9296552241 728660.5429687500
81932335.6517942697 734642.2080078125
78251689.1492646635 557527.8836288452
78263758.2534765303 559333.6767807007
79149179.2409961373 607493.2986450195
80764826.8400646746 690992.4478759766
82101050.4430223405 740174.7275390625
82169884.1775832474 740749.9926757812
81095684.7906326652 708513.0134277344
81103513.1748799384 708594.6647949219
81450760.1801861823 719194.3791503906
81405565.0604074150 716566.0571289062
81685964.2068884075 727403.0126953125
80598815.5960726142 689166.9410400391
81093494.2147121131 705908.4215087891
81083084.9858471453 705259.2623291016
81027922.0445967615 703962.9412841797
80799724.7820189893 695325.3922119141
81664500.8049131036 725294.2062988281
77876841.3969324082 531203.5783386230
83179886.3910293579 762946.1708984375
77875603.7936268896 530714.2146253586
77566653.1378693581 508082.9920873642
81240034.1533096880 712938.5412597656
81002457.1870184690 702743.1562500000
80999754.5576813817 701828.4727783203
79398958.2340490520 625882.5914916992
79770844.0237433910 641150.3841857910
79420490.1582387537 626170.6216125488
79711356.5067067593 639193.5149078369
79921751.2288015485 652793.5161285400
78632120.9391656667 582940.9455871582
78155291.7605621070 557157.7886657715
78431189.8860610873 572038.6889724731
77041066.8829017431 450000.2298976649
77067690.6037681848 451458.0492661465
77368035.8628921360 488797.2554979324
77233495.8789120317 479423.3633375168
77461182.7054779232 500922.4520368576
77528506.7838492393 501531.1290836334
77387990.5642164201 489427.9919576645
79491089.9079193920 627588.8536682129
84973351.1400161535 767559.0195312500
84441361.6937815547 767071.4404296875
81205932.8260763884 711931.6342773438
81049503.8148182929 704586.6806640625
81456175.8377410918 719648.3027343750
79742329.0414705575 640855.6473693848
81417175.5697984397 717744.5317382812
81153717.0718238950 709936.3579101562
76954473.8127265424 440371.8684118335
82418321.2325831652 748460.3706054688
84264908.0220686942 766194.6499023438
80065520.8144954145 659684.9068603516
81486514.3729922920 723425.6135253906
83282221.5470337421 764046.7856445312
79315244.3074824810 617406.4173889160
77225413.3025500178 470012.2951599183
82300257.4522060305 744970.5581054688
82572216.3856739551 753698.1059570312
82010217.7286571711 735522.9865722656
82041337.8637234867 740122.4282226562
76992046.7294166535 447419.1945263669
76899091.8589764386 436319.3404137939
76975214.2308650166 440787.2978551929
77169389.0052030981 461559.9961960781
79260911.7901333570 615558.5045318604
79405187.7779252529 625908.5072631836
81457653.8480014056 719671.2490234375
81834126.4168234318 732366.5537109375
81852494.4731287062 733026.7958984375
80845762.2001093030 699572.3031005859
80959508.8346576840 701212.6334228516
82974812.7521876693 758409.6787109375
81209850.2339920998 712591.8764648438
81330363.1110678762 714818.8229980469
77023886.2243113220 448863.5387680996
77104300.7656961232 459003.8610010277
82333930.8403043449 748427.4033203125
82133240.2569439858 740207.5356445312
82471534.4818414897 749503.3046875000
83010488.5562383831 762719.3955078125
82877820.5631760955 756691.8032226562
82728104.1514639705 756549.9770507812
79316278.6635286659 618447.8577575684
82277687.0674109012 742048.9399414062
81336824.4754928350 716017.7153320312
82200253.5762424022 741835.9277343750
77621648.1726912856 511171.1096658707
77741204.6623513252 522848.4066476822
77829979.7829940617 530380.9920816422
77740352.0533559173 521670.4889230728
77652422.2115387022 517346.4031324387
83165528.2846532315 762807.4956054688
79104771.5658813417 606170.2900238037
78846071.8972044140 591985.9775695801
78905179.3284108639 595087.8866577148
78869077.1326911598 594726.9627075195
78686799.8392632753 583717.7366027832
83832950.9944311827 765734.5375976562
83514088.1143719405 764495.2475585938
78723656.3216248453 585067.3720321655
78512693.6538992524 578123.2436141968
77916014.3846956491 532563.3632507324
77911271.2733607739 532078.6579427719
80973016.2453040779 701658.4140625000
77324597.6113371104 488617.5010328293
77087842.2036102414 457081.8915681839
79156183.5151643008 608739.0182189941
78368235.1984043419 569627.0240554810
78083804.6826738566 546793.5735549927
81762298.1200449318 731219.1296386719
79243800.4510585219 613581.1579132080
79693657.0480242521 638247.3869781494
79531828.8860374540 631900.1585693359
80245569.0955976546 671018.3829650879
78317779.2262260765 560046.4100646973
80161417.4702093154 665197.4202270508
80709319.1237658560 689877.9578857422
80761285.4174510241 690859.9816894531
77717814.0045651942 520163.2163381577
77801178.9192230999 523503.4180622101
77650344.8183511645 515952.1300344467
78365979.5796544254 564212.1935892105
80588280.9558133185 686298.5267333984
78019966.0114987344 540712.3544616699
77430783.4128019959 490666.8626990318
77412898.4998864979 490450.9494559765
78013234.1346597373 540003.6490192413
77892805.2322954834 531236.9843444824
78013022.3031712323 539798.5631580353
79817091.5694937557 646705.0969848633
80223832.6103809774 668501.1512451172
80336915.9638183713 675581.1160278320
80354212.8785262108 678055.6105346680
79842192.3428139985 651102.6194915771
80070283.7260563672 663766.6329345703
79572358.7022784799 633660.8071289062
78028294.9353560209 542812.6104564667
79231474.7847419530 613491.8649902344
82013901.9646931291 735815.2744140625
79205525.9701844901 613098.1416931152
79008868.3031632751 602066.4167785645
79248073.7917490900 614526.1254882812
78302734.0150882453 559709.9129257202
78711709.5092184991 584661.3872375488
76744294.8316442668 415508.4978959691
80490997.1247029454 682976.0216674805
80838573.8526822925 696036.4090576172
80045149.6054488271 657933.0023803711
79090795.9750970155 605419.9716186523
80566897.1319121718 683493.5936889648
79337500.4254066497 618723.2835083008
79297844.1687362343 617098.0571899414
76870441.3465711325 417644.2816536427
77188250.7603482753 466678.9106080532
77094182.6958567649 457403.0844717026
79643237.5567990690 636377.6807861328
79041324.9028812498 603620.0809936523
77811607.9233632237 527500.2114553452
77673849.1677979678 518984.6407022476
77900849.3520047516 531488.7361774445
79193372.9037978351 612679.8633728027
79251323.1598987728 615190.4815216064
77033702.1017229259 449072.3553857934
78761317.3040074706 589019.1426086426
83755597.6510110348 765560.6552734375
78046909.6490874141 543533.2457637787
79787739.3065553904 644502.6759338379
80018698.1815184504 657714.4753112793
79686536.7405885607 636546.9776916504
79800728.0688889325 645053.1949768066
78996222.8486543894 601005.3493957520
79045308.0324821472 603775.5698547363
79048620.1995103955 604128.0590209961
78866574.2897485197 593630.5744018555
78585945.2499332130 580162.9916076660
78621339.7351811081 582589.6833801270
78806033.2405886650 591615.3650207520
84170638.3765431792 766116.6069335938
84146662.7166242748 765971.5976562500
81614044.2902355939 724747.6828613281
80293458.5230582058 671153.6743164062
81486423.0256438553 719854.5700683594
77560211.0234004408 501956.6472082138
80017651.8820318580 656957.0722045898
80008781.8432696611 656864.6967163086
79785952.7095996886 641355.7660217285
80336624.1305855066 671209.7077636719
78912060.8937309235 597133.8336944580
79138533.6467812806 607397.3863220215
78908356.8023823202 596041.6035537720
78320630.3334606290 561015.6692924500
78314981.9593685418 559730.9544372559
79137013.2262205929 606730.2315063477
79512186.6845164746 628256.2109985352
79431949.8583398759 626465.6168365479
79398279.8419156969 621607.2879180908
79170631.4161217809 612168.5912628174
78925161.4859778434 599429.3578414917
78115397.1034946293 549021.6663436890
82028382.5359806716 738357.5773925781
79347765.0478956252 620477.7817993164
81387971.2358092517 716110.1337890625
79226960.3968636394 613258.6454162598
79601153.0223499984 633960.2376403809
77825671.0306353420 527888.9501342773
78097557.8562862873 547973.9814643860
77155022.1499575526 461139.3305139542
