77159616.5337576419 938.5925402641
77090002.1289460510 938.0229604244
77073427.7228229046 937.5169372559
75094252.3405562192 717.9393564910
76732871.8252401948 900.7754330635
74546309.1637503952 647.0810868032
74724722.7751743346 671.3263841323
74954978.8735982180 695.6616176930
74928572.4016990364 694.9151103399
73620544.8834777325 471.4626858207
74968153.9576023519 711.5531967294
74831934.0488183647 689.1490015772
75189353.5548621267 733.6149371457
73376353.2230744958 418.9579669256
75455975.4172528833 750.1943560392
75595096.8003058136 772.7971505597
75533114.3188307583 766.3484688550
73799650.6427241266 522.7095036219
73450193.6571602076 421.7129333559
73375045.6232883334 417.3987838989
73512232.6115501523 427.5136843060
73558161.9412411898 471.3368413756
73524593.8084712178 447.7691327602
75720861.3660796881 793.9942892268
76147287.3235754371 839.4335816577
74257453.0393972993 601.7847302494
74446636.0110754669 629.7103124199
73267156.2330675125 375.6695458124
73264912.3535586447 366.8000627056
74941185.7871385515 695.3150667749
74985968.2324500233 714.7725369535
75162587.9414549470 720.1028436017
75260574.7313604057 733.6741924575
75220875.1458398998 733.6438804940
74751203.7194322199 685.9615583431
74850684.7041678727 692.0628137193
75164774.1469193399 729.7226929269
75552295.5874490440 767.6380911618
75796899.4435020238 807.4778142720
76160380.9085097164 848.3913171291
76624182.8557012975 892.9966266751
77549193.3459437490 977.4365973473
77849326.4064486027 989.5012412071
74787238.8726309240 688.2181118142
75137212.3549727350 719.6591363154
75882972.1779127866 813.3038459569
76072454.7420754880 832.7901849151
75988428.6164687425 831.7019148618
76093636.3503148705 834.8813963085
75702685.2533113211 787.8178292066
76336464.7529718876 859.9345018864
76651684.6115464121 896.6790683270
76429625.6428607702 879.5924585909
76140971.7615074217 835.2436278015
77167615.9586637020 939.3182773590
73446407.4039948434 421.5525133784
73426009.8800974935 421.5146413585
73489844.7738459557 425.8837007424
73487548.1354662478 424.0107899578
73411423.2397721112 421.4630197556
73473273.9006854892 422.6312702768
73319842.8683955967 398.4846837589
76231527.5617306828 857.0769767910
76294254.3268660754 857.7552540414
73280695.9915603995 396.2219515058
76697672.4315908104 899.1122275442
76934239.1957692653 918.5594392866
77040794.0011345595 928.6656098366
74965500.2279250771 710.2754811845
73926196.5049751848 536.7942974828
74101784.7779863030 574.3401383962
74171283.8593730330 586.3041436070
76347724.8327600062 867.8557090200
76880288.1354787648 915.1152704358
73539789.7594223469 465.7632980402
74126320.4633586109 580.1843828064
75348909.4502518773 748.0933393729
75299834.2948333472 740.3920473573
75732946.0323482901 796.0449426100
74540459.7916855067 646.2110544867
74747692.3204695731 671.4193956107
76594528.5306007415 891.4775699824
73830539.7885916531 532.8750085319
74059677.7243564278 571.3778401773
77320588.2566412985 959.7836298943
77364569.7252605855 961.1605057716
77499918.1089742482 972.7131838799
73897810.2894671112 533.3124789168
73968390.0554531217 556.5324608405
77045153.9799230993 937.4489154816
74496831.8549024612 638.2266560008
77779483.6900375932 988.9892754555
74008968.9217020124 562.9673005361
77274610.7720568478 958.2099595070
76417990.1523623616 870.9035121799
75938938.1887557209 824.3088697316
74615979.1894102842 652.2779915307
74596985.5318705440 648.8107998996
73520180.6265855730 447.2507166898
74410841.4598081410 625.4427294439
74363224.1417240798 624.6794164445
74297711.0977114588 613.3850131569
74443955.1204118729 628.0978476342
74345961.3344007581 614.8474018263
74217139.5158706009 595.1874167609
75568825.3714112639 771.4434393719
73677201.7358126342 504.4965435974
73781766.5257734060 507.2890164368
74647632.1677750498 666.0476980037
73370729.6486173570 399.0023118887
74591289.9874810725 648.0513251550
76220232.9503394663 849.7029448419
75783603.9576776922 800.4014582008
73811152.7032182366 527.8722877316
73711577.8517404944 504.5372033631
76593470.3076097369 889.8676126748
74289214.8209418207 604.7269725208
74151153.8019697219 583.2391916927
74046302.7198530287 568.1884590300
74297058.5138991773 604.7471177842
74180831.3894997686 591.5123169112
74351626.4234280288 615.0618053428
76078857.5884169489 833.7496099928
74633343.1866533905 662.7973903943
74510572.2056919485 639.1147129539
77708486.3516333252 986.5506949425
77210526.8875665516 948.1128215790
76151798.1766385734 847.5761453817
76386391.0500818342 869.1501565843
73673292.0680105388 474.6435430548
75684883.6680248529 784.9491592317
75662640.2634353191 784.7724173740
75871395.8486437201 812.0419297963
73807494.3356814682 522.9530451498
75685560.7490019053 786.8531746343
75493043.3448658437 763.5873180702
75916771.9673956484 818.0670749620
75553811.3313587457 770.5924182017
75704365.3966621011 789.8478169696
75622894.6208334416 781.1705704406
75862961.1826265603 808.1056097671
73646063.2672365010 471.8493352435
76960306.4292849749 920.1356124878
74216013.0351041108 592.2840750197
73204409.8844868690 323.3184947463
77041071.3986106217 930.4436498880
77188440.4971273243 939.9686827660
73963326.0793401748 543.4148537183
73245461.4060414881 326.4738416167
77400183.6153519303 970.2746033669
76995953.9530206770 921.7726898193
76147991.0638183057 846.3348077803
76380020.1570150554 868.2151693255
77909184.7829559892 1001.0539193153
73907958.1001505554 536.4345718589
75647502.5152855963 782.6751967026
75721434.7816496640 794.5698017930
76415320.8938462585 869.6692598769
76816071.5742726773 914.0491653681
75469478.9655659944 759.1241001483
75487738.7702903897 759.9290931178
75279389.1828763336 735.2861371512
73987524.7693281323 559.4688226655
