42518099.0901019201 9525.8971703649
42516224.8103681058 9523.4145429251
42492125.2412477210 9523.1199751496
42721848.1186870858 9948.6779626757
42872728.0144238099 10303.2240758603
42235843.2206898257 8585.7690554261
43440266.5394449309 11315.2309947014
43631802.4007646516 11629.1104617119
43515415.4656073004 11480.4367446899
43104362.1363861486 10758.7151755244
43525328.7490615919 11502.5138714314
43309704.1715388969 11168.4126179218
43266059.3638208881 11113.7414712869
43300386.8690479472 11125.8129949532
42392755.8689675927 9156.8185214549
42865300.1941739544 10303.0191160440
43048707.1299133673 10639.7486640058
43037046.2806159332 10638.1340880710
42821744.3521696106 10266.6810851413
42865234.6609741673 10302.5806070045
42562916.3232965618 9573.3741920143
43264460.6969091371 11082.2359701395
43078397.6353057995 10711.0049563423
41903878.5686706603 7337.9075456262
41922449.3472917527 7674.1906238198
43601757.3304345533 11581.3457193375
43746189.0463886932 11831.3104639053
43568972.2998388559 11506.6475558281
42182459.7592718378 8529.5012551858
42375694.4985495433 9019.0336629953
42198103.8318118602 8540.1412319256
42791135.5832195207 10063.0943399146
42893690.9510822371 10320.1309656054
43489862.2850253135 11390.1035037041
42966972.1321160421 10429.5957130082
44149620.2486661300 12322.0339546204
43449287.1651551425 11362.3125320496
43074392.9848046526 10663.1989839077
42353755.2472756803 8959.1758302446
42907806.1923530623 10374.0518406518
44849852.5479916260 13103.1565322876
44818156.9767561406 12974.7200698853
42776200.8158367351 10057.5505478499
42454588.3541461974 9333.8879249245
42563399.1587530673 9582.5270831701
42797413.6757158563 10072.8134106514
42452152.1317260638 9284.0606794623
42621532.2846006379 9722.9115017769
42582130.8977530375 9612.2046438572
44095154.0637493804 12294.7279014587
43156911.2518890277 10842.7497030497
43049263.1273493320 10662.8605211917
42269759.7785908058 8828.3175190291
42895991.0409509763 10327.4962993860
42928095.6746219173 10385.3983292133
41984506.9518744126 8038.4581654072
41858356.8815634996 6902.6143618226
44497163.7271305844 12720.8521308899
42034006.7528061420 8114.1327269673
43613589.0720252022 11625.8696415424
42070164.3809418529 8129.4537959708
42290821.4933528751 8886.8417931791
43034498.0315897465 10574.1956445575
41919196.1718899012 7636.9991961718
43413471.6797540560 11271.9250111580
43649077.1005197316 11645.4774703979
42382277.5911591053 9156.5751824798
42356956.8385733142 8998.4318646193
42971613.0952250734 10431.7056072354
42701553.9373142347 9931.6785381511
42972893.2269746438 10461.6919523478
42163953.4213004634 8517.3489800692
42261730.3393898755 8825.1555766463
43458988.9491615072 11383.5278298855
43168342.0441318378 10848.7504777908
44872912.6287459284 13154.9645462036
43129694.0717643723 10795.3539036401
42855134.7727462575 10267.3547329903
43687863.0256209299 11660.0322608948
44329132.0275162756 12558.4640846252
44670930.0113054216 12887.1039047241
43137997.2020737752 10799.8810583502
43074962.2386545464 10691.5520428307
42667272.5345284268 9900.0272853491
43260946.8185267746 11037.0933285560
43194285.5364389941 10876.6651926041
43010024.9178230092 10572.3713663220
43006137.7663271204 10525.2495008707
43219562.4891034886 10890.6076042652
43233594.5361006111 10999.1547467709
44200812.5675069764 12440.8486862183
42093716.0189944655 8409.8231992722
44410234.9309580252 12608.3783149719
44552682.2740313634 12804.3966140747
43713486.5068882778 11771.4820470810
42027882.8090060502 8099.1860516071
42070097.0104621276 8120.5101463795
42143489.4181491137 8462.9654171467
42412932.3611351401 9221.8350703432
42238617.0849555135 8791.8056206107
43773374.3158453181 11853.9606246948
44079113.9032803625 12269.9993972778
42143112.1094247028 8459.2805529237
42748256.1403886154 9990.7558977753
42711378.5084855482 9944.6947913170
42535666.4838002101 9550.4447609800
42981296.9345559105 10492.6137515306
42323734.4908014312 8938.0137614012
42956718.3933247849 10423.8438112852
43573429.0579415932 11570.5686101913
43262107.7938443124 11046.6141403606
43155767.6163331047 10805.7956260946
42440805.9353680164 9245.4780979753
43361769.8327635601 11226.8011441231
43761642.4828093871 11852.5620307922
43473570.2688479871 11390.0353345871
44564797.4461971745 12837.4643440247
44563719.7085019723 12822.8803329468
44513285.1369568482 12773.2407722473
43090681.6324111074 10738.1818288388
43962536.1572048441 12051.3918457031
44548303.7537977025 12785.6563301086
44048016.7936499491 12233.6197814941
44612957.7201338932 12868.6201858521
44149274.9850926325 12311.6337165833
44292457.9575612620 12551.1199836731
44822328.9593016729 13038.3523330688
44373214.8470881432 12600.7595443726
42153450.7364472672 8464.5928946286
42057568.9664006308 8118.6412108541
42274159.4941111356 8874.7523970319
42883558.5114490986 10308.7448444366
43727279.2496588677 11806.2524881363
43495493.5545516908 11420.8917692335
43398046.9282864183 11229.9318691492
43176848.0716913342 10849.9476407375
43506289.3279678971 11424.0807793140
41941939.7508682385 7720.1473803520
43232119.0014657527 10993.0043030120
42396386.7014018223 9156.8250344805
43125965.1810878292 10794.6187657006
43113148.2275058106 10780.7109297402
42153648.5290062055 8504.0533270240
42225207.9198878333 8566.6060919166
43247221.9869196713 11019.7180850506
42457308.4448220655 9343.0408160803
42765750.5787361041 10027.8684659004
43025046.2899840996 10573.0337312222
43197537.4370358512 10886.3267278634
43219777.4289110899 10944.3274912685
43780747.0045308992 11899.5185279846
43964656.1492866352 12067.0834379196
41913459.4524709284 7367.2905026674
42890921.4610141888 10309.0476383567
42931876.9399335012 10409.2898525149
41915799.8922863156 7636.7994571328
41965822.2222365588 8038.3701963425
42209230.1591110453 8563.4511625767
43193430.5392188430 10856.5805926677
43374640.7493761405 11228.0144519806
43204186.8920412734 10886.6227265000
43102348.9550587237 10738.1979790330
42596083.3007976040 9660.5410182592
42738752.5093530342 9949.8545308113
42980095.0976128429 10462.9052602053
42816051.2441471145 10121.5135347247
42109158.9621863291 8414.7874186635
43572465.4192559198 11514.6322432160
42190654.4550363347 8536.7441493584
42354722.2819043547 8965.0810093433
42024831.3305900842 8093.1398916989
42657725.3054063916 9842.5767621584
42906214.2248216346 10362.7023855448
42010003.1966598481 8091.6427215947
42088625.8398796692 8170.3369321823
44493963.4762615263 12647.6176376343
42205215.5129558891 8557.2521948530
43510373.8737639338 11442.1971430779
43709173.0072167218 11680.6112213135
42583949.9820237458 9616.9311009049
42422264.9488693103 9236.9729415178
44268108.3088164553 12519.9641418457
44704225.0378435329 12915.4782791138
43225968.8750568554 10951.0822630525
43025958.9336789548 10573.6571631152
41869896.1133020073 6958.7616894841
41943537.7287149876 7720.1474907114
41890179.4116904736 7330.9072700739
41902105.3195654675 7333.8939350843
44012666.8754105344 12217.0187301636
43979961.5341849551 12185.8628883362
42764003.6281170249 9994.8494063020
42147107.0965386182 8463.6801556945
42338740.0185262859 8946.7780978772
42301693.1442262232 8888.8019829988
42316545.2731455043 8928.1074438691
44224533.9647682384 12486.8964118958
44732930.0177299082 12925.8785171509
41995275.5240749568 8040.7841157913
43903441.5929695368 11994.1335144043
41882737.0144532025 6996.1528561711
42072796.5585611314 8158.0482522561
43597643.3343161494 11570.9120121002
42302334.9181207642 8901.8012011140
43514886.7494367063 11472.1512346268
43348273.1422259063 11171.2520837784
44076018.0802608654 12236.9497995377
43830875.4125588834 11916.6681299210
42578326.2650448754 9608.4259444475
42055268.8765318915 8118.2884247303
41996084.4042402059 8091.5125245763
42443824.0600325912 9265.6520118713
43836933.8566197455 11920.0974884033
42346240.1699249670 8948.5678187920
42253683.1496860385 8824.5150824189
43839977.9069590196 11962.9776725769
43758267.5527923033 11835.9609794617
43360051.2870505601 11181.4055021437
44431613.0054414794 12629.1339187622
42091132.8326897845 8179.1297238520
43402636.9467299432 11242.8782587051
42396832.0567204207 9195.9680853486
44777921.1824100465 12940.9154434204
41937301.4762110263 7674.4783319235
42200791.1730218381 8550.5574161126
41938226.2614971176 7705.3469380140
42067044.1959119365 8119.3058677316
42087556.8707631379 8169.8791354299
42044785.6378479451 8116.5389770865
42132745.4516355693 8426.7742228508
42124136.3078734726 8415.2073263526
42184824.7540800050 8534.3016330315
42137841.1417767182 8446.8051210046
42128956.1922334954 8419.8029286265
41959028.6425465941 7739.5207751393
