129999579.8153305501 1162462.1259765625
147390310.4778544903 1464524.6298828125
128006213.1041564941 946417.6215820312
134032915.1916706711 1351185.9003906250
134010864.0579612553 1351129.5195312500
133543346.7878876925 1335733.2177734375
128409921.1113297194 999120.2553710938
148798133.2894130647 1483699.6289062500
128674770.8353999555 1031213.9592285156
136273312.8636996150 1396384.7744140625
139921382.0993283689 1430519.3759765625
139388519.3332631588 1426899.0693359375
130232237.1780050844 1178652.7524414062
128867540.7592582256 1052729.2299804688
129662644.1860450804 1132003.6528320312
135952153.9213435948 1388725.9599609375
133822747.6192621887 1344116.9404296875
147260374.8112965226 1461957.9707031250
133920409.7496271878 1349139.3769531250
127102920.9416704476 775408.7912597656
131666193.1689495444 1268176.9750976562
127320347.3102378249 832646.1921386719
129199893.6370248348 1085876.3730468750
147895403.3096355498 1470797.4541015625
146190718.9548693895 1458997.8828125000
127965204.2829454839 941168.6743164062
127744451.8329570740 906303.8061523438
127603766.6303588599 883313.5209960938
136412799.0253509581 1401676.7705078125
127535915.8797585219 872066.5683593750
129175844.8097653091 1085690.0683593750
136115491.0670296252 1391041.3496093750
127336959.2951063514 833664.0817871094
149277805.1509979963 1488409.5585937500
148109403.6949404180 1474003.1152343750
128464618.0254225284 1006699.7016601562
135212539.0390550494 1370539.5341796875
127447767.7261557281 855027.3654785156
127879531.4292501211 927906.0297851562
128059001.7065181136 953719.2719726562
128387020.2885768861 998195.3962402344
129011700.6807433516 1067406.8046875000
129475625.2125504762 1111475.5097656250
149438576.1771911979 1489983.3105468750
127823093.5510637760 919296.8125000000
131149403.6226035953 1237736.6962890625
127720661.0516653359 902625.7958984375
134188447.7707840055 1354213.9462890625
128174350.3597193360 969253.8813476562
127304063.7866331190 828172.6806640625
127836682.4779414833 921021.9633789062
128833995.4859307110 1049289.0278320312
127085228.1788739413 766797.6276855469
127125352.1069128215 786663.6147460938
127801486.5529105812 915497.2585449219
128448158.0332569629 1004817.5734863281
127724809.2603013813 903243.1933593750
127628296.2873220444 888074.0532226562
135549147.9452984333 1371581.5683593750
127122622.0749778748 785367.4538574219
127726580.5780844390 904127.6723632812
127985689.3171532303 943268.0253906250
127777098.9298516363 911235.0131835938
127751809.8693497926 907113.3930664062
129528859.3786867112 1118204.9721679688
134890791.9399572015 1362260.3769531250
134426182.6417111158 1358081.7910156250
132820191.1136329621 1315961.9082031250
135667675.1374981403 1377156.6943359375
131322032.2062623501 1245450.6049804688
128476413.3718710244 1009246.1291503906
128873394.1906296462 1052732.0854492188
136164740.0104272664 1395811.1201171875
129836999.1201887280 1147363.2509765625
128497778.3414344788 1011095.7631835938
136892075.4721109867 1408859.7207031250
135176696.0016573668 1366847.8056640625
136866812.7602721453 1406277.0078125000
127119489.2753412426 780953.6657714844
130169740.9863730520 1176243.4008789062
128255852.7240956575 982025.8701171875
148188360.4812704027 1474278.5732421875
147136753.0789007246 1461033.8847656250
134364965.0610804558 1355856.8476562500
130296724.6587143987 1183321.4272460938
130641351.5487706512 1208266.9663085938
127161053.0385536849 795435.7229003906
129482900.6332174987 1115320.2475585938
134475710.0499154925 1359810.1015625000
130574371.2539166361 1205290.3364257812
127993464.8325545341 945688.7348632812
146866294.1541971862 1460233.8496093750
132896239.1799581945 1321245.5224609375
127377167.9556881785 841144.5310058594
128899473.2470806390 1056068.3618164062
127253267.7159212232 817287.7204589844
129073269.5075637400 1072550.5253906250
128801370.8450248241 1044803.8032226562
128022953.7779494971 948613.5871582031
128410964.3677644730 1000362.0495605469
132109147.7119191736 1290963.3115234375
128100125.9443662167 960264.7641601562
136725998.6845776439 1402539.2382812500
138837824.6915432215 1418090.0986328125
127097118.5548963845 772295.5104980469
127091904.1488360912 767800.7927246094
127355845.8882230222 837672.1232910156
134230723.2421436608 1354257.6474609375
133768566.0678164065 1342199.2958984375
149108026.5462979078 1487223.6835937500
128197462.7645486146 972360.6447753906
134278449.8634124100 1355778.7724609375
128533526.3068973124 1014535.9653320312
127964072.7549933940 938248.6694335938
132661313.4201979786 1310216.0366210938
147641476.1251220703 1466632.1337890625
129170847.7849759609 1082814.1958007812
127148372.8147406578 793754.7294921875
129163381.5680994689 1082710.2700195312
148774588.5141838789 1475478.7333984375
129683076.8684959710 1132344.2602539062
127164055.8303729594 796894.7109375000
145967459.7232092917 1448605.3076171875
129824535.8785229027 1142950.9570312500
128365822.7703219056 995078.6193847656
128283290.3964264989 984821.0070800781
127223766.9266468138 811630.5197753906
131141151.7563980073 1237048.2373046875
127105344.1251713634 776044.9443359375
127110797.4174952805 778455.0256347656
127516419.8500652611 866857.3115234375
128084328.6364230216 957887.6420898438
134186400.0641187876 1352874.0937500000
128707726.8027926832 1034654.1613769531
128332370.5340667963 991158.1662597656
127230729.1383703947 813041.3029785156
128207596.0415535718 975666.4121093750
127847710.5521295518 921071.4958496094
130334460.9752135277 1187110.1235351562
129861716.6080281287 1149940.7031250000
130179656.9410023987 1176327.9946289062
128617666.4402004033 1024534.3005371094
129269275.5609949082 1092940.7949218750
127353854.7657549083 837634.5727539062
131064518.4573049545 1231651.4013671875
127259531.5156536847 817798.1906738281
130434817.8865938187 1192603.0502929688
128502483.9986086786 1011962.3186035156
127372400.2161150575 840283.1328125000
128946433.7792458534 1061389.5454101562
129130125.7740662843 1078199.4863281250
131189463.3991965950 1243754.9975585938
131016592.0590489954 1227734.9794921875
129904809.9973036349 1153954.7128906250
128983392.6627789736 1063183.0224609375
127190630.1475750059 803189.7336425781
128608745.4705858380 1023511.6032714844
127937530.1782767624 935797.2412109375
131236719.7425590158 1243854.8969726562
129158765.5466798991 1082598.2856445312
131351650.9470065534 1250124.9135742188
129970030.7393731922 1162143.0654296875
127197032.0129802078 804347.4252929688
130735032.4900322109 1215761.7089843750
129914203.9641070217 1156722.7841796875
138764853.2936757207 1417578.0283203125
129896250.5046879798 1151848.1020507812
132801576.4871360660 1315530.6181640625
132846081.7728634179 1316910.5468750000
148499715.7161844373 1474864.5976562500
128825074.5163161457 1048266.3305664062
130418235.2762108296 1192520.6713867188
128737881.0452965647 1038537.8300781250
127260746.5216396451 818423.0217285156
127748803.9266839921 906744.0229492188
127782698.0394529104 911852.4106445312
128729013.9713483006 1037316.5703125000
144412040.6381481886 1435310.2929687500
128529130.4401117414 1013993.8779296875
127718303.9129344225 901897.8618164062
129832925.5677454919 1146844.6196289062
133270548.2408742905 1326588.0546875000
133002017.7810692787 1322268.7548828125
138459095.4514262676 1416871.1806640625
127601023.3780895770 882293.5297851562
147763645.5062431991 1469783.2939453125
127832702.1722676158 919308.4177246094
129306530.0922608525 1098039.6538085938
130232900.3509061337 1179863.7231445312
128053939.5114922225 952380.3237304688
127197052.6767411977 805436.1508789062
133030991.9422342479 1324140.2812500000
144049694.7684928477 1431373.9316406250
144293453.1510748565 1433163.0234375000
128465377.3213167638 1007797.4587402344
129250177.1100152284 1091892.5986328125
127819998.7939691246 917366.6313476562
130057089.5023563206 1166043.3330078125
134234008.2269617915 1354899.8798828125
132647322.4946103841 1309754.5170898438
129210976.0218480974 1086522.8090820312
130466339.4450028092 1199012.3417968750
127850181.4768403023 922081.9453125000
130008031.8153947592 1164652.7543945312
132029324.9261695147 1286983.0527343750
131455392.2091916651 1257670.4477539062
131473607.0861969143 1260067.4350585938
128237268.4163284749 978966.7968750000
128591727.4900510460 1020627.1425781250
131375742.6465537995 1252672.5659179688
131392325.2569368035 1252754.9448242188
127964579.7361734957 939364.4052734375
128515142.3289132118 1012252.0253906250
128521722.4206220657 1013881.8935546875
129645565.1233991534 1129732.8413085938
128557470.3860848993 1017322.0957031250
130078601.7029671073 1167500.2866210938
129928025.4051060677 1157160.6748046875
128696058.0039555728 1033876.3681640625
130374173.2107744217 1188702.3500976562
127550624.2567963004 873780.7270507812
132638198.9409815669 1309255.3696289062
130055721.0491910428 1164974.5629882812
132696956.4803184122 1314033.0122070312
127215743.7341864109 808984.7617187500
131437687.8652231544 1256367.0307617188
132191821.1798170507 1292065.8208007812
131679377.4693851918 1274631.0048828125
127263560.5247271657 818937.5207519531
127711947.3232328892 900240.9880371094
129056274.1396115720 1071882.6440429688
129369559.6149917543 1102785.5942382812
131927258.6346866786 1280965.3510742188
129775672.5209675282 1142617.2866210938
132283273.2905986458 1295458.2983398438
127503005.0956761092 865324.4394531250
131998186.8222103715 1285282.1513671875
127579663.3123998344 879107.6098632812
144610860.6263515949 1438379.6601562500
132830180.1204329878 1316629.9916992188
132533784.5667624027 1306231.2016601562
128603169.9750058055 1022193.9023437500
144619984.1799804270 1438878.8076171875
127658588.7879114896 892651.6899414062
145986636.3391210735 1451770.8164062500
132498422.7403802425 1302507.7250976562
130445723.9049134552 1196719.3193359375
131448512.8735588044 1256724.1752929688
145305097.4238396883 1444748.5273437500
129382526.0805661231 1103022.2758789062
128351307.1738833189 992960.2285156250
135869895.4742143154 1379304.1582031250
127610008.6533272415 883648.5341796875
134115019.7734023482 1351219.9208984375
132248969.8375388831 1293748.7934570312
131917573.3367819041 1280488.8530273438
131931474.0836446434 1281229.3281250000
133520535.9542345107 1334989.2998046875
131340607.7166490257 1249631.2387695312
129607601.4257912636 1126412.9985351562
132632993.4293733537 1309031.7338867188
145927429.0244098604 1445489.9726562500
131935768.5732376873 1282123.2192382812
131887868.1816462427 1280382.6997070312
129305219.3348970562 1095031.9770507812
127212956.4593846798 808181.2072753906
128301694.7381054461 985718.8381347656
132454597.7472123504 1296242.0170898438
131577301.1285446286 1264973.6464843750
129454863.3074205369 1110963.4526367188
129607852.2157868594 1127668.9311523438
127452211.1482326388 855589.8916015625
130668734.5760869086 1209902.7910156250
129476210.9822515994 1113413.0795898438
131115974.5059844851 1236470.0610351562
130691541.2536718398 1212768.7685546875
130727603.3904966414 1213784.2187500000
130653772.2741234452 1209003.8437500000
130778591.5368077457 1217443.1967773438
127359641.7610083222 838204.9528808594
128124797.9400055259 963409.4877929688
130800600.1041483581 1218443.6499023438
127818203.8259078264 916163.4143066406
130911150.5549446940 1224326.5346679688
128272672.1750980616 982141.8803710938
127642109.7665415108 889526.1726074219
130983679.0728456825 1226584.2250976562
127570076.4332428724 876369.6542968750
127411511.8410945982 848491.7165527344
130690970.4245958030 1211943.3876953125
128077361.9278675318 955421.0825195312
127503693.1642010659 865359.5637207031
127532281.5655240417 871086.4770507812
130552000.1392906755 1202251.3422851562
129531142.7215534449 1119136.0185546875
128042598.0780807137 951155.1010742188
129566277.8715818375 1123871.4008789062
130978702.4750185758 1226501.8461914062
128778006.2131770104 1041077.2617187500
128890276.5470784158 1054400.9001464844
