136490937.3186104596 745375.4341031685
136969100.9519939423 836661.6252017748
137148333.9205651879 856336.4361315072
137050836.4769180119 842776.2166364193
138581657.8579695225 995825.5185241699
138451583.1316377521 989371.9828186035
138861912.5694624782 1015177.8240966797
142203371.5953459144 1141821.3027343750
136719679.1066340506 790555.9327757359
136752100.1761808395 801053.8561537266
136743523.5131801963 792914.2165052891
136749193.1640428007 796469.0493540764
136325483.6147036850 709943.4012152767
136323506.6537994742 709906.4822699642
136162440.4423715770 669138.4247737834
136153026.1199488640 668763.9924406520
136120810.8564895689 655931.1572555369
136169385.5096549988 669682.6141429851
136172838.9249304235 671827.2176204631
136182633.7542103231 678512.9175469326
136899221.3950723112 823796.6407350898
136225650.1187325716 691447.0149694094
138742954.9749043584 1006934.3533020020
138541958.9657278359 994124.8109436035
138434726.4317046106 986874.8903961182
140125143.0951990485 1094561.3759765625
137205190.2125293911 857832.4477891922
137149948.2945137322 856948.0085040182
136949951.9024644494 830177.5356137455
138614166.8081110716 999287.6492309570
139820469.1316326559 1078977.5939941406
139831428.5326532125 1079507.1208496094
137008957.5281080604 840784.3526346982
136308859.3305721879 705759.3961847164
136259351.6176722944 693626.2880769344
136823501.0596462786 810094.1901850104
138788222.3020076454 1011207.5787353516
138975477.8067040741 1023245.1206054688
138774444.1754063666 1009045.0164794922
139689172.5412296951 1071091.0124511719
140013353.4422671199 1086509.1743164062
138538495.3995870650 991668.6400756836
138745912.4284501076 1007716.5390625000
136866693.3008224368 815195.2018579841
136977290.7403297424 837050.5055805743
137985045.2663746476 942268.4388122559
137990457.1696420014 942710.1493148804
138920261.8662557602 1020167.8985595703
136845897.6300837994 810722.2842325568
136272823.6709485650 699334.6454212079
136241644.7838031948 693169.4448152157
136199168.0552480519 686309.1959386477
136280857.9940868914 700029.1296049962
138877113.2445595860 1016114.3830566406
138527462.3847524822 991498.5795898438
138333608.9635510445 974370.3186035156
136671596.2283622324 784746.4014449492
138364631.9449526668 981032.0964355469
138342759.7770562768 975490.6081542969
137899815.2936943769 932277.3418273926
138085575.7954533100 950877.2234191895
138108020.4363251925 954733.5786437988
136547013.5619684756 757239.7727986947
138028921.8750337362 948666.1506881714
137938469.3779296279 940438.6424789429
138020472.0031248331 945274.0405578613
136846504.6803352237 810771.6064981818
136871607.1221756339 819197.6725611091
136925607.3848114014 825701.1016499102
138778785.2100403905 1009205.1533203125
136264896.8486930430 694316.1713890955
136300539.5129143596 703400.6003139131
136706471.1645257473 788625.4131186008
138820130.4948399365 1014384.6976623535
138997707.9716795683 1026662.7257080078
141151229.2270541489 1132602.6445312500
138607536.2906816602 997179.3111877441
137343633.3352197409 879935.7998399734
137265545.9693263173 872052.6999864578
137379272.6072108150 881615.6951675415
139249876.3377968967 1041744.8298339844
139280704.6548975408 1045854.9478759766
136147052.9270682335 668159.0370784709
136232658.1852032840 691523.9265623474
137770706.6036800146 920539.3169136047
137536939.6444458067 900709.5362100601
138709187.7168326676 1004771.7577209473
138680637.0100581646 1003612.2016906738
136501835.9919908047 750071.4097066782
139102624.8438193500 1031364.4649658203
138938238.5972711146 1021815.5152587891
136188580.3938735723 681098.4762446592
138161274.0311010778 959090.5200729370
137223686.8799630702 868692.5209093094
136337305.1958717406 714874.2779785693
137416465.8815487921 888590.1685085297
137356270.5829145908 881459.8857011795
139280063.1444920599 1043881.7972412109
139145660.7887141407 1035582.3532714844
136949539.1255467832 830086.3516583443
138663441.9824479520 1002487.8376464844
139146125.0815759003 1036218.5472412109
139110687.8000329435 1034080.4792480469
139058806.4161061049 1029315.4447021484
137146366.0225202739 854067.1274013519
138679127.6354219913 1002504.1325988770
141146613.8323057294 1132086.2036132812
137313471.8889629245 873449.2883911133
136820000.3612649441 801903.5939325691
136898175.9976409078 821063.9270624520
137512889.5016446412 898614.6320314407
140888582.0883446932 1123963.9106445312
141078273.3871490955 1130614.6982421875
137386684.6398647726 885525.0990047455
139869737.5630680323 1080592.4414062500
139746708.8300482929 1071855.5944824219
141977653.8498177826 1140564.2109375000
142052770.4960154295 1141162.4824218750
140986413.2219888866 1127371.3032226562
137623172.0338842869 908016.8306436539
141611045.2051037252 1138144.7509765625
138873091.5898852944 1015635.9372558594
141475742.4963577092 1136813.9267578125
141530389.0833669007 1137112.5175781250
137460960.6076871157 889766.4245119095
141731028.4486931562 1138397.4208984375
141742679.8349664509 1138404.3901367188
141558029.7037467062 1137641.6474609375
143224508.4669232070 1146426.3476562500
137122709.8505977988 853418.1371302605
137472787.5359953940 894544.4379396439
137221486.9212171733 863961.4098997414
140357731.2760268450 1103011.2451171875
139970182.4826971889 1085305.2731933594
140241131.9454782307 1096824.0185546875
141898989.4893679619 1139737.2392578125
141950663.1453903019 1140456.9316406250
138400568.6804476976 981969.2134399414
139905392.8770792782 1082589.8005371094
139779511.1055748165 1076436.7871093750
139966890.6915808916 1083837.8413085938
139068118.3993503153 1031133.7352294922
138904286.4092958272 1017214.7384033203
140925842.4508900344 1124053.2343750000
136526408.3958823383 757228.5529256724
140766005.5891145766 1119176.1791992188
139034905.9239842892 1027986.8137207031
140776502.7573769391 1119549.8784179688
140772428.3619419932 1119198.7250976562
139172178.4849001169 1036509.6568603516
140417593.5509918928 1103202.6005859375
140636992.4631325006 1114324.4306640625
138191145.3392085433 963796.4982147217
136524707.3772554100 753704.7465291880
137254330.6818484068 870001.3134336770
142250040.7284333408 1141909.7148437500
141283546.5758512318 1134702.1660156250
140823589.0647673309 1122025.0708007812
141787256.0074552000 1139316.5483398438
138978619.3615830541 1024000.3911743164
143081294.3431347013 1146064.2070312500
143272517.3922409713 1146547.8320312500
138187224.1171039045 962405.3978729248
138241018.4947103858 965204.8717651367
142307692.2421122491 1142677.2246093750
139754358.6699626744 1073189.8508300781
138251602.4386689365 967254.3881225586
137270983.7539035976 873359.3730345070
138285165.4081518054 971073.6553649902
141291361.5537634492 1135083.0493164062
141457726.8872201741 1136284.1708984375
140345034.3762139082 1101874.1811523438
140385249.4334011078 1103179.3994140625
140290766.3016493917 1098788.2534179688
141859838.1966724694 1139518.2905273438
143005827.7971436381 1145497.0395507812
141920943.3612209857 1140072.8588867188
139566270.1738865674 1063442.3435058594
137030819.2147261798 841205.9283494949
136521685.6352980435 751582.7419882677
136823389.3029614389 804864.4632493258
141642780.2869391739 1138354.3227539062
141432885.5861360431 1135854.4228515625
140974682.3764632046 1126941.1147460938
141332443.2396327555 1135589.1923828125
136630588.8803411126 775601.8238399029
140348307.1079811752 1101966.9658203125
140470821.2673090100 1106795.2055664062
142117733.0231516659 1141345.4340820312
136459529.1595756710 740731.1641077660
142959389.4287742674 1145411.7719726562
141417848.8961309493 1135851.9682617188
140303171.1490812004 1100922.7358398438
137464530.5957117677 889833.4802532196
140267857.2855969071 1097611.2871093750
139433446.8159177601 1053103.2849121094
136573102.2211355269 763555.5692830943
136551825.7731165886 762860.7831502818
141236346.6324394047 1133410.2319335938
137208228.1377949715 861263.9976205826
143229183.2025270760 1146441.6372070312
143410245.4390127957 1146766.3964843750
137069736.8297254443 847008.3848924637
142692514.3376035392 1144480.6606445312
140063770.4290579259 1090388.5683593750
140179893.7094193101 1095066.6401367188
142363661.6529252529 1142734.5590820312
141049092.8270262778 1128511.3334960938
137098921.2108588219 849379.0823740959
139729776.4096835852 1071650.6655273438
140795627.3965839148 1120886.0009765625
140511599.2199283242 1108730.2197265625
142879626.3207311034 1145333.4653320312
140476285.8392041028 1108037.5187988281
140956146.0288552940 1126523.3872070312
137505294.4514631033 895112.8129940033
140538278.8900734484 1109098.7275390625
141829415.4394215941 1139316.7983398438
142703233.8152730167 1144483.6728515625
137108496.2407703102 850103.9730844498
136458594.4876002371 738297.4349828959
141042809.1481616795 1127509.5473632812
136508041.7167508602 750445.1941370629
142562720.7317500412 1144300.1376953125
142252263.4674323797 1142488.3642578125
142868066.3176833689 1145282.2490234375
140683451.1456891000 1116203.8305664062
139415265.6025383770 1051707.1818847656
136942767.1440801024 828085.3442392349
137006303.7587194741 838158.5006113052
136683487.7211915553 784859.0092298985
139418612.8599295616 1052021.6976318359
139259726.0521530211 1043145.5616455078
139200626.8346522152 1039564.7203369141
139344646.9187848568 1049583.9930419922
137059119.1603795290 843435.0354318619
136661541.5864941776 779277.7382084036
139176591.8130600750 1037381.0023803711
142816328.9968547523 1144503.6772460938
142681447.0054693520 1144320.1420898438
136615933.1444916129 775105.4066035748
136632164.9096526504 777929.0916304961
137963320.7248491943 941956.0215759277
136594658.7907662094 773760.3201777935
137992566.5667708814 943286.5360717773
139219298.5973391235 1041703.5274658203
140042637.5038007796 1088842.6264648438
140053289.7832299173 1089916.5292968750
140813544.3132839501 1120970.8588867188
136426025.1124652028 730829.0518746488
136434054.0718751252 732550.3338391446
136409748.8361209035 727546.7866044156
139682780.9866354167 1069375.4183349609
142457060.2098168135 1143423.8510742188
139468680.0911486149 1057343.9216308594
136669430.0566745400 780809.6967310570
136575773.1914553940 770234.4862513207
142378100.3895735443 1142958.0297851562
142374540.5812835693 1142879.7231445312
142489723.4130170047 1143583.2343750000
136587470.4328366220 770365.5598463677
142425321.5387146771 1143217.2778320312
140540230.9104839861 1109330.9355468750
139618239.8150751889 1066974.2143554688
139613272.7052018344 1063607.1147460938
136448624.4241460562 734847.6272647679
136386659.2593075633 724700.9511428997
139388884.3070850670 1051235.2434082031
140426266.0595570803 1106208.6059570312
139659686.0282023549 1067556.3110351562
139334306.9867595732 1047195.8142089844
139541888.9365830719 1058769.8067626953
139523088.7675774097 1058765.4592285156
139454973.8756442666 1054200.7828369141
139547071.9923159182 1061773.9864501953
138093459.0462057889 951583.2072830200
136416596.5029808581 730354.3567215130
136364621.5814330578 718905.9532853663
136323105.7881553769 707403.3471268043
137848975.4379873276 931038.7765274048
137842999.2890314758 928082.5707168579
136360823.1091063321 717801.1855057105
138001287.4302981198 945066.7256698608
138072564.0454389453 949729.0661315918
137923001.4095418155 936791.8727188110
137888076.9100958705 931211.5050430298
142834060.0878296196 1144555.7407226562
137566695.2877558470 903157.4585189112
137681641.6216665506 911220.8196943998
137604335.4995255768 905284.3477705717
137722339.3770714104 917477.1460161209
137692923.3818332255 915590.8995283842
137788221.1124121845 923156.4875067472
137892350.1487861276 931944.4896850586
137746493.3435891867 919066.0386885405
137667627.8228392005 911169.1229170561
