64093284.0373981372 2382212.7929687500
63700053.7111205608 2348962.4355468750
62482404.4981172383 2139021.4218750000
62761841.2538856342 2219843.3457031250
62769331.9539109841 2221297.6464843750
62979922.5244525224 2261377.9355468750
62487669.5659409463 2140706.2968750000
62813157.0422875583 2229956.8691406250
62474374.9701676294 2135826.0000000000
62889485.1952476948 2244896.9003906250
64165422.4033418223 2387394.3789062500
62602452.3835620731 2180846.3281250000
64288674.5501922294 2396198.9609375000
62979476.6560516581 2260609.9179687500
62830434.2687236220 2233245.9335937500
64012544.5386584327 2376492.3281250000
64346409.3965242133 2396800.4531250000
62899051.6422029361 2245152.7011718750
63066226.3749882057 2277085.5234375000
64198668.9769881219 2389022.1035156250
63652937.4116846994 2347985.8593750000
62901763.0626593232 2247505.8378906250
62760970.4290671945 2218433.1054687500
62453264.9595520869 2126257.2617187500
63710660.5206815004 2349998.6933593750
76519798.2099645585 2441323.0664062500
63153264.0777360648 2289153.5781250000
63060643.8133386895 2275294.4296875000
63057636.1178448573 2274482.0156250000
62462975.6380851939 2129301.8183593750
62543461.1187609211 2165893.8437500000
63508348.5993148461 2332216.0605468750
63243115.0059998930 2305785.1914062500
63086789.4278209135 2278967.2304687500
63391159.0334472507 2319337.7207031250
62991161.4679296911 2264295.6679687500
62488179.2769625261 2145055.4746093750
62913002.0061364919 2250423.5703125000
63046898.3146535531 2272670.0820312500
62446973.9044369832 2117371.7246093750
63842568.3936421126 2362881.8027343750
62750602.3104084656 2216925.6132812500
63223439.8668508083 2299056.7832031250
63125057.7764467523 2287404.9570312500
62640664.6327165365 2192380.6171875000
62539834.5161850899 2163193.3359375000
62449681.0423118770 2124421.5214843750
62467069.2663469836 2135486.7363281250
63023847.2549060285 2270945.1015625000
62753028.1699527279 2217186.6074218750
63282664.5244638696 2307519.4355468750
63119475.2147972435 2285613.8632812500
63960161.9670480862 2371181.3886718750
62945687.7931128219 2256210.2265625000
62433836.0995200425 2116537.6582031250
62528775.1001987830 2160571.9003906250
63108236.2713200822 2282696.1308593750
63167500.7157981023 2289187.2363281250
63169930.2115247101 2291871.4550781250
65017664.0457466468 2406322.2089843750
63107696.3242486268 2282585.7500000000
62591175.9088164940 2176461.8417968750
65181016.9927210137 2410849.5156250000
74937027.3308916688 2439342.5351562500
65218216.3619649112 2412932.2734375000
65659090.8594200537 2422900.8867187500
63922327.9141613916 2370319.4628906250
74429860.3362761885 2439273.9726562500
65191043.1578086913 2411065.7617187500
62462237.7151017636 2127450.4941406250
62633756.3945497870 2188616.8320312500
63222958.7767124251 2298800.6015625000
62545575.6332940608 2166027.5195312500
63131837.2695957869 2287639.6679687500
63519846.0178020522 2333377.9804687500
65884999.0853202716 2425682.1328125000
63212802.9307693094 2298261.8164062500
63146328.2808541507 2288075.4687500000
63041221.6743334606 2272399.4023437500
63030626.7480550557 2271179.8125000000
75334822.7594197541 2440807.2343750000
62715478.1387283877 2208841.4726562500
63971953.8248259947 2371582.3496093750
63202779.0799858347 2297609.7695312500
69414681.1576653719 2429611.5039062500
69207424.7948827147 2429070.8359375000
75324962.3692466617 2440090.6015625000
63113818.8329695910 2284487.2246093750
63453310.8045993596 2326239.4433593750
63241458.3034770191 2302209.2265625000
62501473.8727358282 2149935.7714843750
75109947.4650697112 2439565.7773437500
63012608.3114288598 2268027.3691406250
62934448.8496356532 2253292.4941406250
63090321.9048211873 2281131.4492187500
63054987.4315110371 2274167.7910156250
63003368.1513902172 2264325.1328125000
62812723.3267188445 2229398.0996093750
62957049.7307625115 2257335.6992187500
62633893.6345570758 2190613.5859375000
62533121.0729838610 2163038.7343750000
62915346.9036784470 2252693.4707031250
62936447.6330741718 2253472.9179687500
63185949.8647124022 2295800.2109375000
65063096.4006097168 2406792.0507812500
75292427.9022877961 2439815.1640625000
62518090.2898795754 2155256.2070312500
62690867.8909400254 2201977.2910156250
62618801.2961004972 2188016.5078125000
62658898.3352118134 2195299.7070312500
63191532.4263619184 2297591.3046875000
74236635.3424911350 2436516.8359375000
63974751.0933891833 2372139.5136718750
65123311.0491721779 2407232.1054687500
62551333.4861918315 2169413.6757812500
62593290.4233496338 2176595.5175781250
62687036.2428633571 2201850.1699218750
63549256.8609476611 2335370.2578125000
62967644.6570409015 2258555.2890625000
62499493.6848848388 2147507.2148437500
62637204.7687591687 2191276.6250000000
62634327.3501257524 2191172.3554687500
64150482.8986439705 2383786.6953125000
63601570.5135749504 2341483.7675781250
62491351.6989788264 2145317.0273437500
62560161.4439262077 2169701.9531250000
62609322.6494710147 2186486.2343750000
62686105.1203532293 2200862.7070312500
63577756.1879522800 2340857.3652343750
62515161.6156588867 2155021.1953125000
62531006.5584507212 2162905.0585937500
63418343.0261107385 2325039.2031250000
62799391.2851099670 2228188.4804687500
62788152.3416327983 2225270.7480468750
62669024.8352925181 2198189.6562500000
62498661.4298475385 2145536.6035156250
62778810.6005404517 2222827.9199218750
62568974.0547502264 2174157.5000000000
62508187.3159370497 2150090.3730468750
63843220.7441486865 2363956.0957031250
62824395.9857647046 2232874.6015625000
62745537.4699273854 2215732.3066406250
64636774.0060251281 2402356.9394531250
62758093.0104338005 2218379.9140625000
62527616.1759690866 2159809.9765625000
63417861.9359723479 2324783.0214843750
63603818.9503825977 2341749.5058593750
63405846.2584018037 2319717.9843750000
62816471.5701706782 2230861.5312500000
63484397.1491750404 2331921.5585937500
63776062.1495984495 2356009.5957031250
62698397.8536676690 2206168.4218750000
63776032.6109840795 2355991.1308593750
62520902.7327678725 2159655.3750000000
63339792.1353375018 2312835.6289062500
62972047.2600073069 2259378.6289062500
63300672.3701047450 2311904.6816406250
63406327.3485401943 2319974.1660156250
62480064.8248528019 2137787.6113281250
62786412.2389716879 2223970.6972656250
62939031.2941363081 2254183.2558593750
63883689.2390670329 2369644.6972656250
62718355.5573617890 2208945.7421875000
63394599.6047778949 2319699.5195312500
62856948.6492148489 2237984.0878906250
63449721.1179176793 2325223.0761718750
62777657.1831058934 2222049.1503906250
63787733.6710749269 2356100.9726562500
63819098.0336406901 2362843.4824218750
63525755.9284046665 2334947.3808593750
63431092.5853238627 2325054.5761718750
63342937.1966331005 2313382.4257812500
63616275.7970648408 2346096.5312500000
63367688.6734458283 2319299.4003906250
63234197.7201895863 2301718.3339843750
63562450.7483422011 2340552.8203125000
63406297.8099258244 2319955.7011718750
62836988.1651892513 2234990.8750000000
62706723.0828626007 2206919.9257812500
63051480.7591542006 2273560.8437500000
62973321.2973609939 2259902.4550781250
64150453.3600295931 2383768.2304687500
63615794.7069264501 2345840.3496093750
63737423.4745040834 2355334.8300781250
63660669.6905252710 2348936.0097656250
63351868.3761955798 2314852.8554687500
63367207.5833074450 2319043.2187500000
63711141.6108198911 2350254.8750000000
63351387.2860571891 2314596.6738281250
63549740.5838621482 2338957.9941406250
63103455.5616095513 2281685.1074218750
63629467.0516832769 2347947.5390625000
63459220.7152019814 2327808.8437500000
62801176.6755769774 2228313.3750000000
63628985.9615448937 2347691.3574218750
62596180.8398916572 2180442.8535156250
62938585.4257354438 2253628.9472656250
64815308.1632067561 2404194.0781250000
62830812.5011440963 2233634.0332031250
62977119.1093744114 2260140.7011718750
63006272.4193504602 2264520.0019531250
63301153.4602431431 2312160.8632812500
62690907.1536423340 2204714.1210937500
62605659.4865211397 2181973.1269531250
63312196.1615031809 2312324.1347656250
62929668.1399251372 2253238.2070312500
64069813.6773967221 2382174.4726562500
63484878.2393134311 2332177.7402343750
63234678.8103279844 2301974.5156250000
63720783.7440303415 2354088.2656250000
63312677.2516415715 2312580.3164062500
62780661.6416074634 2223816.4472656250
62894751.1786217093 2244985.4257812500
64003278.4641940221 2375035.9355468750
63562931.8384805843 2340809.0019531250
62887165.8528571725 2243869.8769531250
62661534.1352671832 2196735.3554687500
63588437.6748201549 2341355.0664062500
62664411.5539005771 2196839.6250000000
62671902.2539259121 2198242.8476562500
62599058.2585250735 2180496.0449218750
62950270.2376134768 2257100.9882812500
62791900.5850846320 2226734.1796875000
63752562.8204379976 2355704.9453125000
62728457.1848666742 2213059.2558593750
62720966.4848413393 2211604.9550781250
63727781.3412936255 2354249.9648437500
62678503.4819220006 2199719.9296875000
63765312.3796511292 2355720.3183593750
63858360.0900826007 2364326.2109375000
64111844.2235496044 2383111.9296875000
62693784.5722757280 2204818.3906250000
63516113.5911849812 2332375.2929687500
63109038.1232590675 2283468.0097656250
64583323.8104442284 2397765.9316406250
64594570.4640681371 2397784.3964843750
62553448.0007249713 2169547.3515625000
62884554.6414088979 2243802.6699218750
62842051.4446212649 2236551.7656250000
62753461.8855214119 2217745.3769531250
62870438.2792983428 2240780.6679687500
62871988.4437461197 2241338.0800781250
62899405.5159820691 2247036.6210937500
63817154.0258643404 2362506.1601562500
62910644.4594592452 2249954.3535156250
62485221.3753456399 2139490.6484375000
62833689.9197774902 2233738.3027343750
62881677.2227754965 2243698.4003906250
63711356.7562197447 2353884.8945312500
62872110.7758202702 2243442.5996093750
63702137.3584071547 2349159.3320312500
63007827.6017183438 2267008.1542968750
62860871.8323431015 2240524.8671875000
62888456.7159245461 2243933.1113281250
63175512.7731742337 2293654.3574218750
62848830.9377703145 2236786.4765625000
62808869.9317394495 2229195.7851562500
63074302.2516335025 2277194.5019531250
62771117.3443779796 2221422.5410156250
63803224.7173291594 2356741.7519531250
62737935.8314961568 2214066.5605468750
63366760.4464727715 2315826.1015625000
62658155.8345738202 2192874.4199218750
62764718.6725190282 2219947.6152343750
63050206.7218005136 2273148.5761718750
62647290.7332884446 2192573.2949218750
64845172.5789723620 2406056.4433593750
62589317.8026650846 2175988.8984375000
62701275.2723010629 2206221.6132812500
62465792.5153135955 2129771.0449218750
62707876.5002971515 2207698.6953125000
62540485.2050802037 2164435.3320312500
70012109.6467357576 2435003.4687500000
62857867.3738415316 2238757.5703125000
62578452.7013797089 2175687.7734375000
65482866.5122142956 2417074.7656250000
62593955.5181461796 2177706.2812500000
62773994.7630113661 2221526.8105468750
62844928.8632546589 2236656.0351562500
62560812.1328213140 2170943.9492187500
65544462.6769080311 2417387.5644531250
62571851.4733836204 2174210.6914062500
65536833.9807547778 2417093.2304687500
68536102.3315698504 2427409.5507812500
62498610.1742602438 2145354.7832031250
65798315.7737602741 2423579.5234375000
62518039.0342922807 2155074.3867187500
62489019.3124256358 2145146.9902343750
62508448.1724576727 2154866.5937500000
71469134.7157179415 2435968.2968750000
65355037.6624938324 2416418.4648437500
69587128.3427691758 2431228.0820312500
