51675901.8197868019 5498.7712558524
52790304.4883805737 6058.4784264565
51146920.2184154093 5084.4855561930
50842196.8443519101 4704.9920793491
52698094.8180393651 6025.2000839710
51809513.7492328733 5592.4904698133
50954798.3872775286 4864.8141743838
53005982.6716899946 6129.9003601074
54481495.7871873826 6501.9473266602
50646989.0477070585 4098.8715838143
51990344.8659995124 5685.0947563127
50759124.1578230187 4519.7193865064
57524755.4940277115 6849.7909545898
51682421.4477253258 5512.0141902582
51471987.5415646285 5356.7014745356
51746339.5111707970 5538.8051041961
53868370.1365380138 6355.2872142792
53250630.1274924353 6204.7883853912
57401842.0861700326 6838.7097625732
50682220.0349648297 4308.0796038205
50702123.2557014972 4403.6656612591
50663847.5991248041 4278.6424665563
50696244.3631990626 4401.7632467295
50848336.0300268456 4711.3890643994
50787560.5244977251 4597.6251701991
50826269.2334145904 4700.4560178386
50826480.1053740978 4702.9043850581
55580904.8593867868 6682.3633499146
51711317.7668170705 5523.5540699454
51910176.0016210601 5664.0515431166
51869088.5752307996 5608.3783155456
56453582.1199928150 6776.1060256958
52565148.1023614332 5977.1557459831
52484993.2051600143 5946.5858790968
58516836.7484640777 6903.7769775391
58606795.7911986858 6905.3939437866
52653226.0562768504 6020.1681323051
52612586.2059438005 6019.5050586462
56402640.8766244203 6764.4796981812
56704576.4234802201 6780.9923553467
56835887.5598973781 6796.8205413818
56580494.8387538940 6777.0357513428
56303615.3525918126 6755.0036544800
54290209.0753792673 6465.3497295380
54620029.6708707586 6513.9451675415
51467803.3645515293 5356.1154507399
52719846.0967629924 6042.1920437813
52833419.7199201807 6071.4481945038
53213865.8477873579 6199.3298759460
53953963.1002008095 6382.7096710205
56956180.6141282171 6817.9952468872
55368918.9444807321 6662.9792327881
53570863.6980512068 6288.5569229126
51503733.6213201582 5381.0256329329
50872328.9168490767 4741.1932466567
53931114.3647908494 6375.7691650391
53534189.3526312634 6287.1840572357
55950466.8658990338 6722.5361709595
55550707.4408197403 6675.2430038452
55561864.3248297423 6682.3583679199
51094590.2850123048 5035.7670005727
52390600.8840496913 5916.5517858267
53871504.7118273675 6355.3158740997
50740305.5464365035 4505.4494124827
50793747.0869775489 4607.2419328670
57185491.5003228039 6823.2948455811
51354743.0268814042 5283.7395408766
58722890.4147565290 6915.7467346191
52346178.1863561347 5914.1753257513
52319548.7036506161 5879.0049890280
54816457.2775389403 6582.5655860901
56091676.0161352158 6730.0460052490
55095332.1160268933 6607.8861465454
50667314.1726919264 4292.2742968537
54977806.3597031683 6599.3995819092
50622113.7864269018 3964.7895646214
58900545.1646424010 6916.8651351929
59076797.2532436624 6935.5315246582
51607510.1857046559 5453.1330880523
51275557.8304253593 5233.1524366172
52088430.6799766943 5758.4865009189
51934290.9396490827 5665.7549595237
51105342.4767534658 5064.3843719059
51022553.5845816433 4948.4367855685
50901470.1272616386 4764.3676382952
50862230.3190835714 4740.7744734428
52072126.8141703382 5730.1926612854
50908119.3057609573 4765.9128796830
53395797.8428466097 6255.2803401947
50817313.2740120664 4617.3155822456
50812472.5385174975 4616.6358795517
51269557.6812026203 5228.8522857658
51253048.1350941136 5211.1152888106
52756536.4771626070 6052.7305774689
52893806.0295832977 6111.6586093903
57567168.2647439092 6852.7687072754
51386093.3439463004 5328.5206933947
51088956.5269977227 4992.8568286169
51632861.1659127399 5476.3877946110
52991525.2134127095 6125.1123275757
55155839.7545334250 6628.5840301514
54841574.7560241818 6584.3089675903
52820987.9862209037 6065.8677239418
50996503.8249965608 4881.6678428292
50910764.7160816863 4823.9477306970
51949781.1408609971 5675.5944051147
50717128.5542801470 4421.0373157524
51574727.3560249433 5424.5828868151
57555924.8981937617 6851.0623626709
55838887.4817758054 6718.5128173828
51883230.2948588505 5614.5920004994
57418588.2794486582 6842.2304763794
55209884.7899472117 6643.1941452026
54696537.8870121390 6538.7487678528
54156423.3000298440 6422.9708583355
51551908.6545701548 5417.4603034258
50765749.9323691577 4520.6397003910
50713879.4636325613 4415.3980563860
54013791.7984008864 6391.2815151215
55836438.1292856783 6705.9013595581
53662345.2984069809 6318.3109130859
53612773.0339509323 6313.6913528442
55802631.5620655417 6701.5497894287
56920155.3386452943 6798.8423690796
57787846.1560077593 6864.2625732422
57135497.6684013754 6822.3783340454
51431858.5799839050 5353.8915372215
53342788.8395106345 6225.8209762573
52493605.1347211376 5953.3281557653
51787124.7873180136 5573.9229246972
52717448.4227332845 6033.0730476379
58886001.3740343377 6916.6624145508
58298268.4286050126 6896.8776245117
50649521.7364341542 4187.0625934446
57650898.5721926838 6859.6806869507
50653936.8635237217 4190.9355078855
50797966.2527171448 4614.9004204067
50740536.2796919718 4509.3487000228
51484476.2326745465 5371.1063151972
53578451.7316109464 6297.2889060974
53741344.2376418859 6353.5581035614
52216334.6030363813 5833.8224484921
52259457.0512938127 5872.1597343683
52226989.6792217121 5841.9366101921
52114242.6188422218 5774.7521668673
52135414.3332112953 5797.2596328855
52522440.2058482841 5973.3730472326
52150524.3838822320 5820.4272176027
58927527.6267063618 6917.4723968506
54261454.0502726659 6445.5004653931
50666458.9390842542 4283.4790283236
54101246.0355795324 6417.2444248199
56776514.7157595009 6795.9631500244
53371351.8133464679 6231.0151443481
56101863.6047347933 6734.3421173096
51109535.7491290495 5064.5903129274
51078223.8758769631 4988.0697099668
51117492.1073147282 5065.8769951703
51108431.0656152815 5064.3854408594
54279375.6036707908 6455.6343269348
57967265.6036363617 6874.2168884277
54036075.0385370478 6404.2243347168
54009356.9666172192 6389.5081691742
51581035.5774590001 5431.2581980303
51724913.4134834930 5538.1194677427
51720034.8869293854 5537.2148165440
50876967.3159797788 4754.7113280349
50967310.4106853381 4870.4172888817
50873658.8396337628 4748.1859403448
51146541.9681685269 5084.2287845601
51128271.2952963114 5080.2566137372
51405552.0332076177 5347.3563154818
51316423.5154620856 5247.2513596177
54390400.7602204382 6483.6843452454
50636131.8147632629 4077.6581566943
52042272.0207860842 5722.4325933456
52834799.6241332069 6083.5234985352
51489796.6232624948 5378.4803174256
51509888.0345083475 5410.0191741602
54271707.7276916206 6450.3099269867
53199895.4771379530 6175.2603340149
53028328.2601717189 6152.3166446686
52832801.6785589233 6070.0518517494
52884369.4686548188 6095.4355888367
51424913.6203621179 5352.0164435388
52059595.7903803810 5726.1479632854
50773477.9699376449 4532.3814447555
58167357.9980568066 6887.1130218506
50687613.4017149955 4398.8547119163
50882399.3021054789 4760.9983924226
51038291.0898079798 4963.0702991885
51041192.3994615451 4964.5673113684
56247965.6714004576 6754.0739288330
55765129.9927024692 6693.4443054199
53353661.1817127541 6229.7696647644
52053169.9169235900 5723.5404648185
53482994.9182544276 6286.6525745392
53450894.3999768570 6273.5637264252
52228513.7086313888 5863.6931248903
51651484.6452280357 5484.2364812596
58120545.9672319368 6885.6091537476
51690535.6900930554 5517.7179686851
52004592.9471771643 5709.7141909599
53262443.8198304549 6208.9725131989
50755909.9896778464 4511.9096147560
53219452.2360981032 6203.7888793945
56225985.5521697551 6742.4476013184
54330264.3960991055 6478.1359562874
51227391.9963854253 5161.3064446467
50763820.0215754882 4520.3708057683
50706029.7965715379 4410.9106617253
55367830.6691860557 6650.2562408447
50977903.2834682018 4876.7768991195
51153595.7543207780 5089.2137306009
52597868.2239994630 5988.1026065350
51023758.2975366712 4956.9719684275
51044668.1334973499 4964.6114642577
51061724.0590077862 4976.1135961515
51909583.3079961911 5657.0146635175
51199617.6234894395 5127.2817311305
50816665.8108930811 4616.9689400845
51363923.7950684354 5320.9835106407
51944102.0767912194 5667.9063184857
51658628.5384402797 5487.4542217106
55596440.7286151201 6687.4493942261
51616552.2715776190 5475.6833047266
52472348.5847194567 5927.2804089785
53714461.8380967975 6320.3493232727
50736112.2740609199 4505.4402763637
53874097.7182637751 6364.7357597351
54400767.4102100134 6489.0604400635
54427874.2433516681 6491.2508239746
50661125.6368672699 4201.0933918916
57933045.1525620222 6873.6393966675
56754474.4867991060 6784.3368225098
54625483.3240193278 6531.2235431671
55949144.1392686516 6719.4303665161
51031976.7235586792 4960.7415472384
51026777.7394358516 4960.7242634696
51872077.2247855589 5612.1194213629
51677831.9133348241 5502.3202595206
51213792.1765884161 5156.0694599413
51481089.3499149308 5361.3832460524
51398292.1359657869 5343.3262492301
51771092.3667177781 5551.3217389411
51659788.3208645508 5498.7404172248
51818974.6430876032 5600.1899628937
51804954.0445196554 5592.3335873908
51349463.5166996196 5281.7443009035
51234694.7577320784 5162.5604266538
51307212.6384517699 5235.8197271824
51274380.3192818016 5232.1002488665
51398190.8205396309 5329.2651607187
51266355.9454847798 5211.6545881249
51155314.4982697889 5092.1863073926
51375782.4406345412 5321.2891014235
51158727.8677913323 5102.3691776071
53278776.0743915364 6221.6513938904
52015189.6795205548 5719.3014906049
52100086.0576891825 5769.7579073906
54950307.2954111397 6589.0803527832
50819170.9404349253 4638.2164518134
54761593.3339610249 6558.5739593506
53630042.1587604806 6315.1813659668
50684856.5991249979 4396.4761903974
56177572.5344787911 6738.5757217407
55310995.8646519333 6645.0760650635
55497857.7648876756 6671.4122085571
54170446.7951587811 6439.8094406128
56749613.6017849967 6783.5184707642
55420057.7817967534 6665.4172973633
55129982.4233647436 6619.2786865234
55400054.1432302147 6664.0171203613
52482201.7730664238 5940.8985407352
50900519.7810123712 4763.4081260983
50930037.1369242966 4850.6422566892
54105895.0951244980 6422.9231414795
53258057.9325594977 6205.7725543976
53184316.5811031982 6174.7908782959
55194004.7408873588 6640.4741287231
52974295.7567261532 6121.8202629089
51637146.6331259534 5480.0363530512
54728363.1417038888 6545.7641448975
52458049.6990948841 5927.1189563274
53113899.8951809630 6158.4621553421
55149857.3267620206 6626.8510742188
50895549.9640585259 4761.0081502692
50876857.5365962386 4751.7104261145
53100591.6425177082 6153.1883363724
53100451.4250369444 6152.7283725739
54956873.0516833961 6591.0121383667
53153638.4872083589 6166.9794406891
55116822.3030730337 6614.9681777954
54781972.2605952919 6558.9226799011
54735896.5836579055 6546.9011783600
54544731.7868941054 6508.3894844055
51209115.2794430554 5155.3493746184
52215109.4343752787 5826.7099869251
52887153.5512549207 6096.9726245403
50909297.1199209765 4766.4711238689
