109648652.4799797088 15103.4499919415
113129954.8125770539 19940.8216400146
110910348.1585991234 17487.6594941020
111456429.3719320297 18274.4755069017
109119716.7445424199 13522.4208675623
115115854.3439312577 20720.8066558838
109458157.5754460990 14639.3821974918
113307257.1629869044 20154.6521453857
109662081.4124285877 15140.9229142487
110088524.2104538977 15879.5873008370
113637320.9362471551 20266.5730743408
111933107.7904641032 18801.5795211792
111748487.8881814629 18580.2201386094
109523836.3940724432 14769.7387299538
111587233.4658504128 18355.9195452332
107961322.2222688943 8348.7667544335
107986755.6067182571 8616.0013967901
107877237.4134698510 6984.9775093400
113406721.9611561298 20179.0183563232
116437733.4000965208 20921.6822357178
109365930.9356001467 14293.7610948086
112574123.3988368362 19478.6721878052
110999312.3839081675 17578.8038002849
111253065.8601971418 17939.8550886512
111021843.9054084569 17598.7801491618
113429253.4826564193 20199.1496429443
111293458.2611972839 17965.6377729774
110986416.8205142319 17564.9015595317
112754168.2777152359 19603.2008323669
109176048.7758302838 13654.1260677576
108254392.6899778992 10183.8553760899
112274459.0434715897 19161.1016426086
113828812.3680113554 20354.4780426025
112296990.5649718791 19181.1519050598
109921032.9976259619 15534.5080773651
112312231.8520817906 19186.8843269348
111278216.9740873426 17959.9053511024
110663812.4242973924 17006.7057260871
107900342.6736965775 7359.9664447948
114881554.2022589296 20669.0507049561
112412425.2030110359 19271.8929557800
107932155.2135149390 8024.1956177270
110025227.7349907607 15829.8495330631
109414869.7128059268 14422.8836661503
107837506.0266327411 6665.2022717639
112434956.7245112956 19292.0242424011
116660022.2028183192 20942.7476654053
111733246.6010715216 18574.4138031602
115330850.7476119399 20778.4034881592
111528020.6303236485 18310.8660469651
115151756.6651575267 20749.6474456787
111829887.6183095872 18645.0032196641
109328158.1269899011 14267.9784104824
114874307.9019397199 20657.5435028076
109793745.1748192608 15473.1374528229
113244749.5056914389 20024.8104095459
109269030.7232160568 14012.7172151804
113267281.0271917284 20044.9416961670
109816276.6963195503 15493.1877152741
111553171.7442138493 18330.9163094163
109319442.4979625195 14229.2157465219
114557998.0819197148 20586.9540863037
110641280.9027971327 16986.7293772101
112788211.7378728390 19609.5947875977
109569041.6992447674 14854.8962695599
108285168.0124307424 10562.3746395223
111356345.3282203078 18074.3855257034
109176207.2561075389 13680.4981415272
111914255.1931087375 18696.3489456177
115538918.2012026757 20850.5118560791
116714275.7353976071 20961.1654205322
109277746.3522435129 14051.4798791409
109136989.7294244617 13552.0242296383
109833287.2014797926 15529.7480790436
109249199.4761451930 13921.8363091946
115417074.5596665442 20844.4727325439
110717813.1190626770 17163.5703157783
114834683.9606447071 20649.6157684326
112875059.2656039596 19752.1131553650
111210377.6433909088 17922.4525999427
114668319.5100930929 20636.4780731201
110961850.4238988161 17554.1250349879
111468304.6293801367 18282.4131250381
111225618.9305008203 17928.1850218177
114460252.0565023422 20557.7607574463
114437720.5350020677 20537.6294708252
112466159.9987347871 19372.8818244934
110939318.9023984969 17534.0747725368
111096072.6185151488 17719.7550634742
111187846.1218905598 17902.4023374915
111075886.8207307905 17694.3747381568
110626039.6156872213 16980.9230417609
110693032.2835528851 17135.9455429912
111244007.5774374753 17935.1393293738
110842730.8885980994 17330.5576073527
111167790.3243556917 17875.7261108756
110919263.1048636138 17507.3985459208
116773783.3157346100 20979.2964630127
110934504.3919735700 17513.2048813701
110715563.8050531596 17155.9958054423
109142820.8403554559 13646.8875955939
108942194.1926137358 12914.3958315253
109338179.8804806471 14273.1552399993
107872632.5802797526 6697.1605442210
111295828.0567198396 18028.5119108558
108932172.4391229749 12909.2190020084
110678455.3876005858 17087.8317400813
108262242.8559292108 10295.8840027563
110605853.8179028779 16955.5427164435
112834656.2992062122 19696.1847915649
109752015.8782477677 15327.3507063184
108008376.2389701456 8731.1963665464
109626120.9584793746 15083.3997294903
109694068.7703258395 15166.7107036114
111927475.7484029531 18754.3941392899
109497699.6021066606 14695.9928237125
108513205.4546011984 11362.5419965936
109729938.5218804926 15259.6181538627
109080976.2469256073 13375.2764686346
109350689.6484902352 14288.0286729336
109437861.7141206115 14425.9835051894
112458869.7643444091 19358.6378974915
109472165.9505359530 14646.8524894118
109442133.3761654347 14633.9686393142
109071466.7946356088 13331.5496925116
108096296.6044207215 9270.8616538355
109396001.5838312805 14390.3257140517
108199133.6671978384 9970.9890553663
109600106.3442222625 14986.1842244193
109608784.8179026544 14997.7258431911
112819415.0120963007 19690.4523696899
108557767.3859484494 11573.4321300387
108253219.0156887323 10037.3131064288
108344939.2103395909 10681.4615764730
108293310.6644743234 10598.9940471761
116938442.6400607079 21041.1262664795
109115349.9233095348 13410.7405620217
108956053.0257631540 12972.9097780585
108129267.1732963026 9604.9988265345
110753766.6632890552 17218.7587639689
111055831.0231959224 17667.6985115409
117088707.6395399570 21053.0204315186
110807303.8037038445 17299.3709465861
108956266.7400834709 12996.5955994129
109591326.4996172488 14955.8860299587
109755337.2953282446 15366.1999444962
110827489.6014882177 17324.7512719035
108045107.3089025170 8937.2610609014
108271795.7499701083 10342.4420582959
113959339.8559454530 20386.0335540771
110257330.3338496685 16300.3313337564
110426686.5212116688 16650.5056576729
110218273.1052590013 16280.2810713053
108079077.0830639154 9126.6730928156
110734859.6579332203 17175.3283106685
111054280.9683134258 17625.4457781315
110270183.2314248234 16371.7418696284
108325459.2617985159 10654.4609235041
108371457.6279095858 10945.2459291331
108467464.7539813519 11328.0309280269
108464024.7666962892 11306.7557510249
109540268.8897861838 14770.1214230582
108525492.1784355491 11399.5687698238
111454725.6656552255 18167.2353708744
111404249.2349449694 18152.6055490971
109555428.7213818729 14805.8731830120
112361664.0840034038 19199.3170585632
108651135.6939387172 11786.1651258580
107908624.1733578593 7360.9051889544
112799452.8103021681 19685.0319290161
114313237.9554940462 20513.7534332275
108571184.2198933810 11669.9260898940
115307573.3705268502 20772.0254974365
112367011.4819100201 19219.3673210144
108704799.2057670504 12103.5434931032
112039334.6188696474 18927.1817245483
110877504.1086098105 17374.4655320048
108699615.3779820055 12096.1661628596
115611478.2779571265 20895.5947113037
109582648.0259368718 14944.3444111869
108732208.2611155957 12356.7743972652
108677064.0170781165 12084.5219978206
107893128.7312093079 7032.2759108534
108789775.9872085750 12458.1080982089
108758410.6609077454 12391.5696765780
108822011.2824569046 12469.5337219350
108902895.2535375357 12774.2546002902
116317960.7760627568 20917.0320892334
108871529.9272366315 12707.7161786593
108651978.7250877321 11952.6956009269
108253457.4842908084 10102.7222807258
116670118.6444322914 20960.1724090576
109763369.9339240044 15408.4754877090
111974699.2399578542 18881.7465133667
110527535.8419782668 16847.3057610393
108385852.8402177691 10966.8546715975
108676202.8744490296 11980.8896430843
108180183.1775256991 9891.4078245275
112796883.4905959964 19670.4021072388
108492109.6918844730 11332.5113349669
115334404.6507475078 20782.3476409912
112443628.4772344828 19352.8315620422
108374897.6151946485 10966.5211061351
110114586.7104849815 16073.1496740580
108509411.5237170756 11346.6625049822
116584036.6523018032 20931.2227630615
109293022.3620928973 14071.9968985915
112732154.8724879473 19577.0416336060
109113074.6111147702 13384.1569456458
108324485.8404482454 10632.3839334361
107992969.0663429499 8653.7920429558
112945823.4279991090 19788.0407485962
108402660.4006646723 11052.4863876216
107948599.7743493319 8047.1377581423
109303830.3588402420 14087.1363639235
107920503.1396901459 7638.3232150504
107929166.2839380652 7644.7698538080
109121635.2225858867 13522.7802807391
107884465.5869613737 7025.8292720958
108094078.7089190781 9146.3251501652
112123639.1773609519 18999.3851547241
109929051.6894389689 15721.8744347095
109965669.5902120769 15760.5757092237
109221781.3481278718 13873.5259394050
109191748.7737573236 13860.6420893073
108671944.4194630682 11973.9707779288
108581751.6029125303 11699.1321140639
110200204.0261720568 16131.5080480576
109020747.0171292573 13291.6519276202
110546630.8687747568 16861.9355828166
109261656.8653918505 13952.1414245963
109257289.5373555273 13946.6729797721
108059866.8397164643 9025.6791021675
108107608.4052397758 9372.8566470146
108949394.2853248864 12970.9760662615
108007148.0320267081 8706.4293923825
108004699.1127088219 8659.6888733357
111833614.7528951168 18658.5934371948
111845292.6280447096 18663.3091964722
108121957.8101706207 9398.3959212750
110362301.6938032508 16457.9045852423
110144980.0502040982 16112.2788306475
112151146.0880557001 19040.7250289917
109016331.7671615928 13187.4745976031
110164942.2519982457 16117.6992713213
112617506.0056261718 19497.2666511536
112148576.7683495432 19026.1816024780
108060459.9191253483 9040.5665650815
110604834.0676670671 16945.5309605002
108997737.6103486717 13167.1324345171
108960706.7195891887 13020.1753155291
110749487.5942421257 17182.0184053779
109039640.2721977979 13305.1132389605
112086586.1357665509 18930.7133636475
111915499.8187344074 18707.5319539905
108201288.7588694841 10031.7239022255
108134351.2770327181 9697.5867295265
112640037.5271264464 19517.3979377747
108675077.0967757702 11979.7685276382
109988413.5581392050 15787.2240210772
108983650.2572615892 13055.3046490252
112993292.5404879749 19834.9684829712
110142410.7304979116 16097.6490088701
112213212.1472613066 19071.6168136597
108829818.8154667169 12554.9233813882
108076372.5001432747 9058.0855249725
113926558.3934286982 20383.6713714600
112566467.1606228203 19389.1873588562
108173803.5628079921 9699.1082345694
112089811.0495798588 18941.8115463257
110393492.9550990462 16486.2154375911
112215781.4669674635 19086.1602401733
115233636.5579689145 20754.6732635498
113607870.9972044826 20233.8006134033
112953626.8850921988 19808.0516128540
113010960.0311940312 19858.4116592407
113218638.7978967130 19958.1944046021
112956196.2047983408 19822.5950393677
114198367.9908586890 20499.2822723389
112601955.9586577713 19488.2055740356
112973330.3386938274 19829.3806228638
113818723.5984561592 20342.2337799072
113967769.0157676786 20425.2132110596
113098503.4403836131 19934.8170242310
113078541.2385894805 19929.2291641235
113990300.5372679383 20427.1739044189
113075971.9188833237 19914.6857376099
113726611.2606641948 20287.2005157471
113711513.0896642953 20278.3007659912
114027075.4470351338 20448.1125335693
113729180.5803703219 20301.7439422607
116894942.8206327558 21002.4493865967
108253228.0234753042 10053.1206826083
111931154.5459981263 18757.2861557007
111648653.2397914827 18380.4653663635
111785221.9268164337 18607.3496017456
113914187.3387076408 20371.8524017334
115005606.9025840610 20676.9770355225
115025569.1043781936 20682.5648956299
110481735.6269798875 16667.7113675892
