115807126.8242206722 51681.0665140152
111736702.9468440562 31321.7451422941
111899814.0093462914 32233.6747077238
110622213.3974423110 23413.6965261750
112747011.6763584316 37088.0671743053
111358532.6037459522 28795.9204302486
110941817.1231910586 25989.1549205780
111012712.5806760192 26641.1215085983
112234063.2158822417 33993.6536661610
111737331.8719418943 31359.1512194332
112503719.4927910268 35812.1867789254
113796291.4398704320 42490.3737532533
113915734.0455830395 43160.5622365698
115561260.0772421658 50663.2839707471
115014661.3689191192 48514.3926592153
111111552.1316591352 26932.8592802007
111813591.9677315950 31531.7255653143
113435294.0078576356 40555.4689669049
113658874.1029073596 41609.1027566474
115587315.5329630077 50740.8165635206
110972664.3842764199 26096.5023163557
110759560.0308353305 24231.1240052037
115608347.6583208293 51052.8146524429
112650035.0486688316 36721.1526082437
111275760.6005170494 27928.4677406829
111157037.6257788539 27596.6876096725
112671146.7971720695 36725.4862760250
112571307.5727608800 35940.4085668224
117833558.8418504596 54458.3925170898
110762430.8301107883 24322.1527403645
112478403.3262014091 35809.2394815907
115011314.0063209683 48439.8951006215
112322835.7070560753 34897.3099161610
111479933.2137093693 29676.0916402619
111240877.4501290768 27844.7888456304
110280739.1876095235 19473.5291332114
111397782.3307324201 28847.8850809056
111401987.0635565817 28907.2648225725
111654490.7678464949 30468.0010021012
114100216.9655770510 44091.4129252713
112273667.2381150723 34145.3781299117
112469418.8267352879 35730.8828357141
111495010.5280915648 29707.8664344549
111088532.7050476968 26915.6762555558
117698865.5062898099 54389.2940063477
113597365.7933727354 41496.8429086749
112167638.4975194335 33985.3803507313
111060574.7616665959 26875.8232057798
115588701.4139249772 50949.0434122086
110881602.2432564944 25819.5166614759
110245127.3337118477 18787.7771734107
110148293.0312312543 16988.7669270635
117925171.5075714290 54530.3419799805
110764059.9708419889 24378.1637951187
110839998.8286346495 25159.1616832442
110770201.0390966982 24911.0604472864
111790458.2388135493 31366.4263983052
112011252.1698056310 33058.4523338079
111079231.1587947756 26875.9753979105
111325275.5196234882 28764.1620748322
111559924.0335549712 30282.8930559438
111674415.6451069713 30634.6300554816
111474207.9364062250 29470.8287891574
111120745.0107595623 26979.5474628634
111400752.6067008674 28871.3425420243
111738908.6943631172 31359.1676582098
113837938.6556756198 42637.9298866109
111403782.7708182931 29459.7651984971
111049669.2863318026 26659.4967640150
115680604.1472296715 51252.4019021988
111632854.4770506173 30413.1888091844
113691198.6000660062 41879.9995185101
111918916.0947493613 32275.4144526441
110929489.3839525282 25963.8936403501
112859365.4272706211 37462.1352895396
111232930.4665057212 27618.8969812412
111718520.7472655624 30639.9599359613
111566893.8333204836 30371.6947639268
110799589.1386364996 25127.3868890512
112065011.6438093185 33073.2863894049
111658121.5905937552 30619.7959998846
110670263.8201665729 24215.4573236216
112718288.3862624913 36782.1824086803
111139082.0128614008 27571.4263294447
111857711.3792064190 32146.5227683783
110200266.7876034528 18496.8019724438
112146284.9561962783 33539.3333301070
113192232.9725877047 39180.4073329783
115413003.7040754855 50170.3996323682
110616759.4705681205 23282.7648488707
115169164.3195811957 49030.8973435499
110569799.0735784024 22507.4538737047
113653251.3468362838 41597.9595223945
110644292.3364960104 23957.2069420643
111183948.7689047754 27597.4383379538
111299722.2540714443 28473.4151190575
112005622.0990402997 32627.4037646773
113459727.5993141234 40823.7645142358
110514385.3931307197 22423.1717367876
113636980.8298141807 41584.6668372154
112137013.1418053508 33262.4409456663
110390887.5527320206 20429.3544918481
110522882.3091009855 22491.2960299305
110507951.9112326503 22272.6508677705
113923271.2840769440 43366.5675855839
110602170.6515604854 23184.1688552443
113821737.7266390473 42551.4783216679
110145393.6653339416 16944.1960774014
110589531.9900100827 23116.0445621014
110582299.5630728751 23104.4929552782
114066711.9969297647 43850.1213207524
112285274.3072502911 34340.6211986440
115200991.6451192051 49362.3498833179
110466944.2960247099 22196.0367410887
110479582.9575751275 22264.1610342316
112433098.6393141001 35363.1355630058
115212260.1093243510 49366.7278325558
112770678.5328257829 37186.9946938651
112806269.0440276861 37214.7905934947
113322958.0613606572 40058.9016690366
113989796.6438450664 43490.8502242845
110248648.8871077299 18944.3014429785
114506564.1202197969 46327.6618051808
115291907.0992094725 49739.7270249464
114526210.3646156043 46402.1593637746
113826685.5813428760 42578.9206588548
113186278.6357234865 39146.9721036069
113322275.6753722727 40041.3237655442
112999575.0376916677 38228.1893194001
115302786.4898876101 49743.9046318531
112820117.5055762082 37388.8012429374
112597486.5737933666 36275.0651284354
115390635.0970330983 50070.7277824879
113183885.5416762829 39146.4490213809
112587073.7854962945 36176.1376088756
111957376.0847562104 32466.4949376937
113296057.2974076271 39927.1627791394
110348713.1148293465 20406.7381833899
113310514.9122458398 39981.4817972598
113143478.3474325687 39143.9073747891
113124117.8498598784 39067.0105852383
112961006.7873577029 38155.0810198086
112308191.3290347159 34451.2628955367
110175928.4027194083 18077.8836479816
110244062.3439123482 18657.4739081214
116362337.9863227457 53346.6472778320
115037480.3927033991 48763.8295171261
110295618.4329540879 19695.5886701453
113452876.6202770621 40596.0035905011
110159580.8677662015 17848.2492339588
110321367.0068041235 20375.5415510047
112770101.3014897704 37143.3581582206
110435059.9972938299 21377.8762174897
115271746.5088110715 49602.5007828809
113016990.2919326425 38667.5673612850
115352430.5788095742 49880.9432449341
115513551.4192579091 50606.5480461121
112894272.2878290117 37987.6144804257
113276485.9745018184 39855.4669092252
113006164.8699248284 38590.0434965389
113221716.4412785023 39670.2692349683
113203208.8986583203 39503.4095800473
113013363.5668336302 38591.4800146176
112878332.9408210963 37755.6377958553
110406118.3503683060 21240.8590151719
112911924.6439071149 38030.1712602871
113086640.6426771134 38943.5373437955
112085555.7271693945 33214.5869438034
113075035.7064092904 38942.1008257168
110603776.2115367502 23197.3700844101
113768447.3514875919 42323.7796906456
115273442.6045165062 49666.5228013135
110514363.4850070924 22285.4405189804
110154921.0176245719 17711.0805531094
113686034.5789235085 41767.4367432054
116338898.1228039414 53232.6078567505
114125339.1741777807 44105.9967873973
113059568.5461732596 38899.5440458553
113679241.8527025133 41751.2444675565
114340877.7918602079 45356.8134588189
114327428.0113302320 45201.2812626045
113618896.7972958237 41538.1573151574
114129083.7659489661 44246.0663196724
113317258.8999231160 39986.1842642706
113880107.5488210320 43033.9027070031
112268230.8985621631 34060.8258707207
114268996.7903562933 44867.4597213548
113876449.8179994822 42990.2661713585
112069322.3037681878 33080.8827227335
114128168.2246265560 44156.1586038470
114082390.8141164333 43957.6208412871
113720430.3547337055 42275.7227143273
115293088.8489123583 49741.0203599073
115329963.9642833769 49812.3974113464
112556197.5977814645 35858.5955638784
115475115.2166515142 50572.3101387024
112859655.7334859520 37681.7297148007
112588905.1717116684 36235.7048124569
115994018.7237138152 52257.7724494934
113527643.6310169548 41036.6084974036
112432799.5369056612 35085.5750965886
113368190.2993362695 40168.3154676184
116398811.6410731673 53429.9884643555
112399973.4250518531 35065.4021032732
112995333.3900739402 38157.1267414372
110392902.4987577796 20605.8450002778
112628836.4812835753 36338.1195158261
112571424.4651913941 36163.7553495663
113549263.6695905775 41411.8501252159
112734535.5276935846 37075.6849149960
113506507.1865898669 41017.1760263722
113396920.1780552268 40499.9205597863
113714283.6243956536 42198.1988495812
113536383.0922554880 41210.0435761437
113696125.0910737664 42121.9731415734
116004886.7801300287 52259.4069709778
115111328.7241030782 48973.0422810651
114309588.4227274209 45047.5316898506
114390837.6385855675 45600.8775453847
114060270.2423992306 43807.3089208547
114046029.7437027842 43716.5807720553
117363623.9165014476 54312.3830566406
115419916.9342505932 50205.3651847839
113620125.8526902050 41565.5996979699
115772613.8145092875 51470.2551651001
115850600.0885305852 51797.5032119751
115870246.3329264373 51902.9297256470
113863910.9601164460 42806.0657007825
115707821.5564934313 51370.0269546509
116345502.2514917850 53238.1233596802
115850600.0885305852 51798.1946792603
115688175.3120975792 51265.2919082642
115827736.4116566032 51782.3172988892
111723757.5187780261 30656.7383827865
115870246.3329264224 51887.0523452759
117125187.2896059901 54268.4821777344
115384779.3218641728 49937.8369331360
116060544.0489608496 52539.5671463013
115671887.9145904630 51210.2781925201
117347648.1046225876 54296.7952270508
115487066.7082693875 50574.5839424133
116362105.6366042346 53344.7829589844
116362105.6366042346 53329.7602539062
117839748.6051207036 54468.5263671875
117492989.3641632050 54381.3202514648
111730649.4741187841 30682.4711768888
117107089.4802461118 54256.8135375977
114008097.6097534150 43594.3295533042
116638946.1922802776 54055.4553222656
116807488.5067923814 54177.7162475586
114165194.1070366055 44422.6285915654
114483237.9237323403 45983.7203371525
114314343.4234832525 45183.8300686162
117711007.0684338957 54457.5870971680
117192814.0277383775 54272.7995605469
114210044.0460818857 44624.4351406377
113802502.7795975506 42526.0637707990
116657579.4001156241 54130.1452026367
114985295.8843095303 48366.9289619923
116837287.7380595654 54184.0586547852
114555339.6331088096 46452.8566561025
114328305.1695388108 45261.3539333623
114554594.7072596848 46451.3709993642
117026355.7503448278 54217.8894653320
116975606.6191024333 54196.0456542969
114870362.7116403729 48009.1603467092
116979739.5690877438 54211.8734130859
113795946.7933890074 42483.6941348370
115071654.3845054060 48906.5237729177
117044980.1023683101 54225.0578002930
117314447.7569586486 54292.1026000977
115729934.0953993797 51405.6442718506
114892210.8227815628 48083.8502270803
114981526.3296474516 48319.2980649099
114799114.8797326833 47471.6317339223
115123498.9343561381 49023.2911262512
116555464.6572636068 53928.6201171875
114576442.8184008300 46526.0608797353
114440074.4786756635 45767.5102358144
114565928.8068270385 46477.6332521718
114929115.2328766733 48162.9475171193
114961377.1777399927 48179.9849541187
113257878.0013573617 39694.1240607119
116475398.6430546790 53495.5480957031
116556223.6919966340 53945.2763671875
114755485.2046317160 47373.7272107229
116043176.8640485257 52340.5400276184
116475398.6430546790 53510.5708007812
114801023.1761945337 47510.0762932301
116554898.2269711643 53919.9812622070
116280306.1068219095 53169.0622100830
116399831.2663618773 53436.6859741211
114776006.4010673612 47449.9762146473
114607630.1956707984 46617.1610803884
116280306.1068219095 53167.7657623291
116043176.8640485257 52341.6694831848
116043176.8640485257 52327.8566780090
116144302.6381942928 52750.7849273682
117648818.7842232883 54385.1398925781
115347518.2312820852 49827.0159034729
