101770307.3275779635 87855.7541062832
101041028.4609899521 81552.9919267893
100532571.6324137747 76177.3019461557
99936824.0273143947 67406.3431648239
102897499.3253495395 97453.6371612549
101170375.3780099154 82977.8950939775
99065638.7704227567 48168.5437078997
102496760.1935053319 94139.2219696045
100789881.7801926583 79643.7239584848
99939707.8616130650 67446.2763771042
103045102.5253428519 98428.2309875488
100451528.0756632388 74923.4775290415
99335330.8703323305 54856.9029503018
100168972.5427161157 71456.7589006349
101124872.9487876743 82923.0169201493
102123969.4196125269 91191.3060760498
104117763.7203943431 104442.7825927734
102394377.0275084525 93592.3399276733
102467180.0898454934 94091.7240829468
100937793.9377552271 81115.4788342118
100910904.3550435305 80658.3930869028
103471559.2068683058 101297.8931732178
100723825.3440110981 78853.3106894419
102557204.6062130481 95010.9859924316
100855854.6849258691 80155.6878796220
99256035.1699266434 54065.4637045488
99250192.3008392155 53923.9117255732
100799877.8253971040 80014.9407940507
102323201.7791029811 92648.8614959717
100229325.9087506980 72075.5628390461
102343035.4260404259 93009.8942337036
104010153.0943060815 104085.8602294922
100907393.2222809494 80477.1409196854
99495602.8469444811 59728.9802259654
100136001.5324488133 71086.4600957260
100909741.3626969010 80543.7271165848
100212432.3712434322 71989.6939273030
100772988.2426854074 79557.8550467417
100564524.3262550086 76522.5483145639
99390928.0695569962 57681.4548057765
99584622.8672042936 61892.2329520434
102184163.4926158339 91603.5429611206
102212436.8861369789 91665.8086471558
99452969.3158420622 58650.8372674137
103870572.0539014637 103603.2847900391
102239908.2742354274 92294.3040657043
100700743.4296999872 78295.1150107309
106987331.2239023149 107130.7072753906
101120168.6873503923 82408.7764105722
101100927.0094271749 82246.1285223886
99126960.9854410887 50132.2208076045
102052666.4874585122 90503.0049209595
99288121.9928044081 54597.9858106822
100602802.7691602260 77838.6415610239
105348742.4792293310 106573.8592529297
99639509.3245298862 63421.1293901056
101515682.7888067216 85966.6870937943
101468397.6006729007 85718.3337154984
99379033.7207496613 56581.3774122447
103924696.1225850880 104036.8764648438
100585909.2316529602 77752.7726492807
103338504.9168645293 100394.0570983887
99346171.6900289357 56356.9138616771
99350228.8934528828 56566.1924680918
99243400.9540077448 52766.5936932191
101928880.5981866121 89533.3703975677
100754311.9462666065 79278.0029959604
102464831.9494295567 94025.1378860474
101072054.2573336065 82166.8190441728
99160020.4400055707 52139.3127418086
103273954.5511132479 99883.7873840332
100637033.6628619581 77917.8856558725
102443289.8904182315 94004.2782669067
104723385.4502751231 105664.8684692383
105134023.7267067134 106183.4455566406
106447503.2736783773 107074.4776611328
100152895.0699560791 71133.1273445114
100673236.2985690832 78200.4276562333
100968280.5400107205 81542.6268292069
102191318.0701178610 91663.5490980148
101442760.6259977967 85359.9263058305
102097380.6263905615 90997.3299942017
103659594.3706106097 102087.5573883057
101196221.1687363982 83562.4267788529
100243149.9092312306 72754.1825919077
99440400.7542865276 58350.7914518565
100003613.1491176188 69105.5461677536
101451504.0631656349 85631.9568691850
100392431.8300696909 74781.7637686655
102018905.1145541221 90452.6323070526
100012986.1849394292 69184.2081120834
100816771.3629043549 80100.8097057939
100954687.4752624929 81126.4132671952
99309661.2085316479 54734.8003506288
102971240.2794924378 97869.2194366455
100462893.8841435611 75850.5206656381
101193076.8321844637 83181.4881725907
99512213.5009533167 60398.3168720454
104253306.8685039282 104497.6607666016
99986719.6116103530 69058.8789189681
102503080.5375294089 94577.3943176270
100828353.0043717325 80137.8732433915
99534834.5471424013 61149.3500140756
101380155.8432169110 84992.5470104814
101397049.3807241917 85003.4814434648
106149760.1147737503 107042.0534667969
100409325.3675769567 74867.6326804087
100453520.8483217657 75811.0603842661
99131993.6237044483 50344.5540279970
99385296.1135894954 57508.4607748650
100656342.7610618174 78114.5587444901
102778824.8909146190 96505.5542297363
99553490.8175717145 61636.5304063410
100361543.6402558833 73942.1954703256
102916741.0032727569 97560.6354522705
100479787.4216508418 75936.3895773813
101528457.7821435332 86110.0462246537
99863704.2641009688 67156.6269353256
100313611.9633051157 73822.9394888803
99759029.4867134839 64884.8475592956
106014130.1527487785 107037.7978515625
102292033.4463110119 92643.4632797241
99141483.5911428630 50565.3980908021
99551728.0846496671 61195.8076681346
99489970.8909769952 59552.9727673195
103013443.9350584894 98232.6660461426
100260043.4467384964 72840.0515036508
100330505.5008123815 73908.8084006235
103585547.3820100278 101750.8556823730
102959319.8663748354 97799.0743713379
101446748.1197550595 85425.7093487382
103466369.9396910518 101243.2310485840
103112374.1525283456 98857.5591888428
102770666.8861735612 96461.0280456543
101593008.1478948295 86860.1344967484
102796740.0301412195 96571.4299316406
101912922.3283941299 89257.3750381470
102341030.0545267016 92994.0696105957
102692772.5781552345 96045.4457702637
99465709.5776914805 59411.2086843699
103245963.6773606539 99769.2530670166
102329263.9774873704 92991.1860427856
102519974.0750366896 94663.7711639404
102574098.1437202990 95097.3628387451
99570384.3550789654 61683.1976551265
99656402.8620371521 63467.7966388911
101733613.3543531299 87795.4426479936
103160771.6635307819 99218.7411193848
102497986.8003059775 94212.5679626465
101666373.8945016712 87221.0196896195
102884685.4276911765 97174.1591033936
99477444.1794684529 59428.1419784278
103522729.6324651837 101676.9118347168
103300087.7460442781 100202.8447418213
102934656.1424993426 97607.7507781982
103283599.4518411458 100102.7834167480
102476285.9060901999 94131.4380187988
101304148.2399347275 84187.1269283891
99889390.7235861868 67334.0222114548
102144704.1906165630 91226.4310913086
101373860.4688960761 84964.9765225053
103280343.5290792435 99883.8764953613
99635407.8742935658 62265.9342050701
99207370.0574386418 52613.6550382823
101883738.7515931576 88966.3673582077
103685727.5111009777 102599.9017944336
102390058.6547864825 93360.6004257202
103407311.1207921803 101011.7764587402
99423372.1651892513 57730.6602253169
105087165.3229574561 106156.5169677734
102737556.3837910295 96317.7222595215
102979942.4871769696 98110.7575988770
103562015.8421499431 101690.9087524414
103664338.7372638732 102415.8632202148
101684033.5850439221 87340.4536343217
102145016.3109952509 91277.6829223633
101629143.3633253127 87034.5066128373
103946238.1815964133 104057.7360839844
102942283.1309853345 97744.6740264893
102716167.6099538952 96133.6836853027
102327551.7608883828 92803.5158920288
103750409.1549308300 102863.0130004883
103184669.2343712896 99537.7093658447
102662043.5412702709 95700.0920104980
99880597.8016082346 67203.2941841111
99784449.4451674372 65484.2318805903
103134698.5195631236 99104.1176910400
103769661.4181398749 102976.0681762695
101703830.3846185505 87511.6121166348
101887941.5799559057 89074.8099851608
101281446.7857601941 83983.5338497758
103167433.8144096434 99353.6707916260
99832381.1221181899 65603.4878620356
105409732.2234887034 106582.4509887695
99862635.6133858562 66160.9188413545
99638440.6738147885 62425.4212961346
104384327.3194841295 104864.2788085938
102088622.5722159743 90669.3722076416
99985650.9608952254 68063.1708249971
100910181.6914479434 80595.2749457285
105337685.2572092414 106499.5445556641
102466457.4262499362 94028.6059417725
105977697.3027212471 106991.1540527344
99738450.3393249512 64026.1483945772
102635114.7151204795 95221.4210662842
104399709.1465697885 104995.7749023438
102975413.3705346137 97915.0863800049
104066338.4376722276 104112.6142578125
105856563.5645117313 106963.4068603516
103913848.7751515508 103700.4846191406
101099388.2601728141 82218.6939807087
102232452.4615150988 91920.6837596893
103807977.6108382493 103297.3567504883
103883261.0850803107 103673.4429931641
103373903.3689420074 100499.8816223145
103786047.2272185087 103073.9386596680
102626027.6668566912 95167.5196990967
103114335.4017668813 98874.0316314697
99822988.3231658638 65508.2192463130
104929336.9960041493 106092.9179077148
99732816.4623322189 63723.6202625483
101068567.2979651690 82121.1175900102
105750515.2902081460 106940.3031005859
100231574.5200912952 72124.2094168589
100377074.4443406463 74091.9980807453
103730089.4031116813 102809.1050415039
102442390.4396574795 93768.5497283936
100291736.7912795991 73398.8227358982
102016749.4514414519 90123.4268779755
107300879.2266237140 107132.9505615234
101943949.0863390118 89643.7877178192
105216551.5189997405 106471.7973632812
103593282.1176015586 101959.9310913086
101953789.7509747595 89782.2291412354
102178893.7743358463 91529.2825145721
102220012.5475014597 91810.9745159149
100498182.8912677467 76049.7480215952
106632780.6798288971 107077.5003662109
100191435.0809633434 71679.7604323775
104877109.2509567142 105975.3182373047
99713979.5367934555 63699.6328968257
103802889.7682141066 103288.7442016602
100717840.3821832687 78316.2107220292
103730086.7058770508 102789.3600463867
99855275.8288360983 65843.6678857058
106878648.5543263108 107124.0749511719
103370637.5339460224 100445.7262268066
106882320.2349644154 107127.9395751953
99927166.7451364994 67386.4838642329
100380856.4409297705 74151.7905936167
100503871.7884391397 76054.0425772592
103593279.4203669280 101940.1860961914
101943946.3891043663 89624.0427227020
102178891.0771012306 91509.5375194550
100884747.0411772728 80336.5186062455
103666082.4827039987 102439.5702514648
102442387.7424228340 93748.8047332764
104155640.6537137032 104471.5264282227
105038724.9251859933 106113.9452514648
104699282.6571429670 105617.4661254883
101092377.8904068917 82192.5989184529
104402409.8556107581 105092.3840332031
104260226.6259650141 104499.2736206055
103880662.0976889431 103672.7374267578
103743854.8121788353 102823.5634765625
100023777.1168127507 69686.5702639744
99759508.7809859067 65393.2936958298
104262306.1544004977 104831.7514648438
100184338.1869495213 71627.2987795994
104551626.3035531640 105304.6434326172
100086630.1931338161 70314.2089285776
99669336.9201522470 63608.6947120652
100032210.4036679417 69777.5084487349
100180001.1110160649 71620.4869509861
104571784.2466088533 105399.2201538086
99948790.4854977727 68022.8787642866
100095063.4799890220 70405.1471133381
100542702.2858245373 76354.5645580888
101179169.5715560317 83128.0239520222
104861520.2037722319 105827.2695922852
104624165.2426208854 105452.6957397461
101842334.9203779250 88643.0281276703
101832743.4132276624 88547.6786375046
101308172.1946051270 84262.6465029866
100882053.6815909147 80268.4639721513
101109994.3103165776 82288.7718563676
101417438.3888958693 85334.8714556843
101658658.1083920747 87178.8851904273
101642077.8561264873 87054.1569495350
100694330.3371738046 78290.4994335771
101536112.8233307898 86282.9543872029
102174439.5229767263 91421.2996044159
101320409.8132571429 84485.6975054890
101777332.5428269953 88126.9681219459
105197155.1685731411 106276.0416870117
105614968.9213929176 106648.1885986328
105691704.7721189708 106918.9471435547
105723130.0908950865 106932.1014404297
105732501.2613693923 106933.0418701172
105550156.3998279124 106630.5953369141
