80140895.6786860526 963218.6020507812
81230668.7358735651 992988.2490234375
81329424.7190893143 993952.3505859375
80817087.4636203200 986054.6933593750
79914236.9149661958 955645.2358398438
79267189.4909330457 934293.3110351562
79283636.3886462748 935066.7788085938
79141210.6925843656 925806.4707031250
79158622.7452206165 926906.8061523438
79281338.4931249022 934812.6791992188
79453829.6360707283 940113.0688476562
79494130.9239170998 941807.6503906250
80995304.0894157887 987134.3681640625
79522218.4423285723 941990.5385742188
80125961.5312710702 962180.5043945312
77855426.7178309113 849184.4213867188
78669414.7523628175 905423.4277343750
79445790.0904942602 939341.7016601562
79058368.3073636591 924409.4594726562
79230919.5090523362 932273.5795898438
78827555.7054953575 915034.5771484375
78992097.9680521637 924230.8173828125
78914698.6742545217 917236.8876953125
77193959.0598878860 800356.2246093750
80388397.2557283044 970303.2592773438
77897320.4989289492 856479.1787109375
80549206.0207795352 977583.7280273438
80635055.4112014771 978584.7211914062
78499990.1042904556 894000.0410156250
78530403.7642066032 895171.3168945312
80373819.5554991961 970252.3242187500
80202279.9264923185 963818.4160156250
80414561.2067116052 972079.0864257812
77876500.7682387084 853118.2863769531
77156720.1831382811 794380.6901855469
80991988.7907292545 986208.5771484375
77364343.2220161855 813969.4960937500
77285193.6782754213 805729.1655273438
77452008.2711272240 820264.6782226562
77711534.3200729638 839887.8530273438
79488264.3832687587 941272.6118164062
79687249.0037535578 948319.8198242188
80743172.4662013650 981494.7802734375
80793397.4644233882 983832.8554687500
79256727.3523074389 933307.3125000000
80737884.3382223696 981093.0498046875
77817533.9922234118 846137.3078613281
77714123.8498813510 841360.3862304688
79500234.8694400489 941912.4272460938
79468764.7501587868 941199.4335937500
79229306.7792382240 931961.3579101562
78568112.0538848937 898146.8466796875
78328473.0833409280 886424.0136718750
78534257.9876007140 895903.6284179688
77189013.7749793082 796891.6921386719
76829948.0067802519 772242.1077880859
78547295.2259730548 897375.7832031250
77671010.1505971551 836952.4943847656
77654068.8863973171 835776.0009765625
77614735.8583184481 835527.9577636719
77304235.5944089144 806072.9814453125
77397291.2479076833 814768.1972656250
78422670.2637035251 891278.9628906250
78628844.4297131002 901146.2148437500
78403355.5967181474 890368.0771484375
80703899.0424568802 980621.4990234375
77139543.4115737826 792052.5112304688
77073646.2524312288 790539.9323730469
77027317.0891472250 784018.1451416016
77594922.3849885911 831507.9750976562
78713729.1623045802 907786.2509765625
77019817.4762716889 783181.3774414062
76799300.4814239889 769731.8843994141
77055180.1914640814 787335.4514160156
76984001.4724720269 780387.6193847656
77121222.2228532434 791763.4204101562
77260532.4561305493 804561.1281738281
77339269.4434148520 812400.6450195312
77314277.9596776962 811935.2907714844
80685569.9351596832 979053.9863281250
80498028.8896366060 974152.3901367188
80269800.4199557602 968738.4287109375
80540014.5099688470 975893.8901367188
77820228.3832044005 847453.3146972656
77519512.4899036884 828486.2707519531
76925266.0943102092 774856.9670410156
76910424.0983298570 772887.5417480469
77308389.0229215771 811387.2883300781
78794658.0489847809 910450.8579101562
78429627.9394288659 891600.7392578125
78959723.3888424784 918382.9858398438
79086174.8310678899 925090.6220703125
80621351.0503797680 977984.7441406250
77596776.8767315596 832699.0644531250
77703825.9192764461 839538.6613769531
77695828.7144101709 838946.5024414062
79194353.8696682751 928247.0839843750
80328299.1028495580 969320.6489257812
78777577.7536602020 907889.7690429688
79990264.4056478292 957793.0029296875
80234035.1041492820 967218.9345703125
77130324.7057991326 792051.1420898438
76863168.0076626092 772483.8851318359
76958847.6840239316 779686.1623535156
79900818.0281058401 955268.6245117188
77606592.7541431487 833101.9196777344
79776181.1169690788 952470.6240234375
80018009.1295764744 960182.8164062500
80127276.7500079125 962187.5664062500
80133137.1313334852 963053.0561523438
77468428.4981260598 824725.0024414062
79834651.7300583720 954807.2226562500
79551885.5893023908 944350.7890625000
79706093.1763689667 948758.3759765625
78860908.7274922878 915499.3242187500
79585378.1446414292 947526.0234375000
79358860.4945512712 937924.5166015625
78575314.3683357537 900522.2036132812
79192208.7907405198 927153.0522460938
79148903.4817655981 926236.1718750000
84155756.9729275256 1022081.8691406250
77435032.8572286814 817801.3239746094
82652297.3367962837 1017764.4404296875
82603172.0283378363 1017556.8662109375
83965556.6969922930 1021719.0156250000
84528289.2296400666 1022610.7041015625
84213012.2359381616 1022507.2021484375
84055274.2766302377 1021861.8779296875
77583584.1252220720 830258.6979980469
77495096.6024041921 825997.0068359375
77568866.4602415264 828508.9963378906
77450126.8271429390 819012.4687500000
77379185.3593132943 814058.0080566406
83931186.9313888699 1021552.5957031250
78109667.2381199300 868879.6120605469
78546357.6802033633 896059.8710937500
82706848.6055403203 1018086.9521484375
76273079.0249880999 694849.6256103516
83771996.0791309178 1021514.3408203125
76222383.5492039770 678524.5758056641
77583480.7997394055 829233.0656738281
76264941.6827922016 690235.0023193359
82988820.6252866387 1019981.8652343750
83512080.7953399569 1021388.9003906250
83359672.9250162244 1020943.7050781250
78084259.4744258672 867548.7827148438
78004751.8032402545 861512.2004394531
78310817.8884776831 882055.4619140625
77348236.5276414007 812749.2902832031
77430208.0904184431 816639.5327148438
77399465.8597425073 815997.7460937500
77383733.8175730556 814628.2568359375
78136322.6321780235 872140.7304687500
76697097.6526094675 747391.3190917969
76730769.1249598563 749353.9570312500
82999973.0454327315 1020242.5810546875
77206890.9394639879 802716.4277343750
78386957.9169777334 889084.1240234375
78364437.4581405520 886634.3173828125
83326242.4723739922 1020335.7675781250
82780716.3729521036 1019059.2705078125
76382129.9180762321 713444.7482910156
76271016.2236489654 692283.3778076172
77165937.4995333850 796672.8244628906
82819798.9962792248 1019281.2929687500
82094358.5922814161 1009768.1679687500
82500857.7544953376 1016513.5781250000
77039626.0470220894 784982.8981933594
76947020.3717707843 779666.7492675781
82730749.3990400732 1018117.1660156250
76424086.0810282081 714846.9997558594
82753095.2096744180 1018722.7763671875
78153241.5176630765 873864.9228515625
77925040.8114687502 859374.8286132812
78109333.6899646819 868445.8872070312
76430194.3418580890 720597.4965820312
76344748.6243094802 713098.4468994141
76601349.8999567926 735714.6662597656
78248270.6150090396 879670.0097656250
78316442.1057559699 883545.2690429688
78013927.9655660987 866305.9111328125
78231608.5408994704 877778.2504882812
76312659.9960267544 708356.0340576172
76473316.0430023372 725666.8125000000
76666116.2268992066 743406.5065917969
76574393.1686683893 734599.5310058594
82536834.5722920299 1017058.6708984375
82577293.1910726726 1017286.4277343750
76304605.8708244264 699075.0256347656
82453843.9881544411 1016509.0126953125
76696668.6658718288 745019.8825683594
76502647.9415169060 730751.3134765625
82412146.7785831243 1015984.8505859375
82416311.7409365624 1015989.4160156250
76339679.1594788432 708659.8791503906
76306761.2574038506 700881.3830566406
78211884.7928975970 877204.0610351562
80204896.4066584557 964507.3681640625
76552295.6269957423 732423.7697753906
76776866.5066866577 757070.8176269531
76707484.4859674275 748265.2504882812
76736590.5524647981 751021.2377929688
76787836.3496121019 757070.9602050781
76606987.3207968175 738395.1376953125
76749176.4941403568 753003.8134765625
81760263.1233116537 1002229.9130859375
76745374.4345753193 752808.0190429688
76616852.3767665625 742710.0080566406
76595355.3644942194 735014.9458007812
78280970.6108937263 880877.1489257812
76632998.2450283468 743173.4909667969
76687459.0005498827 744223.2209472656
81707976.1723465323 1001221.5214843750
77872834.0390649438 849419.8859863281
76932913.8265370280 777622.0739746094
77968910.4436986893 861106.9145507812
82171310.7439140230 1012238.9619140625
82117795.8030373603 1010641.1582031250
77777904.1176393181 844936.3679199219
77838929.2907195836 848183.6655273438
82271197.8179019243 1012538.8291015625
78262973.1073611081 880861.6313476562
76539860.6673349142 731187.2976074219
85595833.5224246383 1024012.6250000000
83731450.3352648765 1021500.9003906250
81963426.9343650639 1007473.0107421875
79760754.1625654995 950036.9228515625
78235520.9427893609 878818.4721679688
84398364.1398815215 1022544.2441406250
82346195.9978991896 1014473.7382812500
82311161.1154173613 1013441.1396484375
81401593.5867909342 996209.9531250000
85570896.9111505747 1024009.7695312500
84871859.9870643318 1023472.2197265625
81810757.0911515355 1004227.9238281250
84847366.8200919628 1023265.8437500000
77004681.9261263907 782987.8332519531
85052502.8767738342 1023705.9687500000
84558634.5541988164 1022945.1718750000
79224328.6384290904 928959.2583007812
80008512.0161944479 958649.9785156250
81993065.8834612966 1008956.6582031250
81934565.8172354847 1006666.6083984375
81988339.2274446338 1007682.5566406250
81937968.9879769385 1007401.9296875000
85415963.1939372122 1023967.7587890625
78210303.6341373771 875133.8420410156
79731953.6127739549 949859.2783203125
81708890.2109266520 1001827.1347656250
81647861.4336774200 1001090.8281250000
81809004.1880376488 1003549.1982421875
77846040.4886451364 848900.2768554688
77745874.4619975835 843692.5473632812
78197963.7784641832 874304.7900390625
81174048.7814453840 990765.7314453125
81525285.0153141320 999478.6894531250
81362617.9285618663 995598.5244140625
81717805.7021687329 1002057.0185546875
81439581.1094006300 996220.3740234375
81812533.2911948860 1004251.1630859375
86991800.0880508274 1024139.1035156250
78160719.3888650686 874009.9326171875
81113845.8665997684 990157.5996093750
84813540.9068746269 1023013.8261718750
80786832.5958416015 982908.2783203125
81060769.8902429640 988840.0302734375
81887986.3782315701 1006366.6533203125
80178081.6095235944 963230.3359375000
79774552.3446355611 951146.6083984375
81849016.2208775431 1005223.7734375000
80765709.0035277754 981790.4843750000
87160980.1765212417 1024341.1669921875
81163531.9537837952 990231.2734375000
81477650.4029182047 997328.7539062500
82299709.4109448940 1013090.2011718750
81662368.9545524865 1001122.0576171875
77150564.9948721826 792419.2145996094
80773311.3501259387 982885.7812500000
81205677.2827963084 992007.8837890625
80225932.3125894815 964542.2939453125
80450008.4971492141 973197.0791015625
79960010.9362045079 957259.3789062500
79936412.1776592284 957239.6220703125
81177897.2841884494 990927.6582031250
80071893.8423774540 961364.3203125000
80697602.0367045999 979055.5839843750
80638697.1126957834 978932.1435546875
80116435.9751384407 961524.7412109375
80405501.4015865922 970807.6425781250
