52007992.7946819663 441.1230210818
52097967.5155835971 457.4666840620
53302179.2733466625 602.6930060387
52220709.5453233421 475.1170732975
51927791.1060938984 421.6635021723
52254916.0620838404 484.0429263264
53365333.5095590800 614.2896342278
53330619.5620353073 604.0818705559
52165943.2179461047 468.3098269701
53409607.0404141471 615.6784987450
52268353.6979949698 488.2789534219
52168925.3135529831 468.7888332903
51513818.6097588986 346.7617113390
51258047.0317100659 271.9119335385
51976812.5169825032 430.6431629464
52795696.6824792847 557.9590415955
51344300.1602650732 313.0593948918
51526546.4462817833 347.8139415612
52415097.7329192087 501.8417468965
52032379.7091214284 445.1238885075
52124534.2709803507 464.5834074169
52026451.8927199468 443.5709316451
51080247.9766053930 200.2510371485
51901622.5411893502 417.8737047575
51198001.7377518490 267.9617996341
52081986.1342224181 450.8387297855
52136825.3906737864 464.9882873446
52460759.1031048596 516.2085076571
52439470.3387299329 509.3101422191
52611565.1253204867 539.8321623802
51560583.0689074323 350.9194905241
53478240.2401789799 618.1594824791
52261671.1254846230 484.8488631546
52586019.0856392235 527.7320650108
53596039.5380043313 623.9990291595
52086696.7931882516 454.1137748076
51579701.7358864173 359.0110992673
51134113.8541676328 246.3042689692
51355011.8517823443 316.9669493246
52501849.9469980672 520.3726434708
51451578.6774778366 335.5140303771
52044914.0911296308 445.5287684351
52312864.1071822643 494.5765922070
52761072.2428827956 551.3856695294
51588993.3072912991 359.7626137743
52470028.2556862533 516.8361325562
52024442.6960047632 443.4244382465
52238534.6807517633 477.3109225346
51604653.0071586445 365.3035696314
51716082.0868399218 384.5527064891
51095718.4632729292 225.1030727115
52216505.3392349780 473.7529589236
51871801.6055177972 415.0111353286
52813862.0223441198 559.2916812897
52823492.1093380451 561.2834205627
53092535.6880180761 581.9703259468
51083241.1423371732 220.7990858832
52776464.8247977793 557.2999420166
51856561.2000603229 412.1272513740
51541376.8958922401 347.9897198544
51727648.5692761242 388.9628190191
52063537.2246873900 449.7817693369
52367311.3614506051 497.3766136467
51620045.5890736282 367.4492387639
51851805.3683477864 411.6646470269
51781779.4926236942 395.0770343819
53616553.4261547700 633.1919145584
52572403.2880191579 522.3643827438
52373625.9497078061 498.7407280207
52911391.3247908279 565.1628327370
51182073.7080437914 263.6995566562
51710077.5493863970 383.6397037312
51602118.5624807850 362.5411350071
52152762.2545275316 466.6470379718
53666502.5486115068 633.7843427658
51306159.0329597890 295.1251482010
52173372.7819561213 469.8376968820
53157596.5341839865 588.6058301926
51990829.9769085720 433.9960722008
51500526.3094675764 344.0075060361
52343148.9105463699 495.3848743737
51933496.6024739519 423.5190739722
53537565.9477759302 621.5952863693
51896110.0989181250 417.1961789762
51086338.1809718460 220.9049528316
51475822.4336452708 338.6854406402
52437537.0722444206 508.3186106384
53425394.9901965261 616.2956299782
51985584.0960839689 431.5867702835
51393217.8908882141 321.5471763243
51082013.6060238779 200.6794579711
51860448.1858050823 414.5365532914
51314593.3471436799 297.7123414756
51863817.4348100871 414.8121010802
51833095.9068851173 407.4440884098
51046937.4310656041 198.2393606582
51831803.8278444707 403.0693030620
51360122.5107190683 317.1718603850
51273604.9046194702 292.1090359928
51043944.2653338239 177.6913119236
52092314.5954384208 455.0277567221
52439546.2689596042 509.4012613297
53346407.5118176788 604.6990017891
52303323.3347651362 489.9417424202
52586467.1581957713 535.6680265665
52535782.0362022072 521.6000299454
52121676.0710735694 462.9051620252
51743293.0272220001 390.8366704881
53211115.6313590482 598.2107191086
51541018.9800146595 347.9354188509
51241226.5590370223 270.9836927920
51902723.4035042450 419.2620031983
51763356.4013470337 393.8087472520
52101659.3297557533 458.3225620882
52023625.3267547041 442.2674507214
51427535.9745891765 324.5479871266
53319832.9190373644 602.7072625160
51619687.6731960475 367.3949377603
51994606.5756606236 438.7215221077
53464641.1881897971 617.6702380180
51571355.2963975519 356.3932930999
51333555.7553223222 312.1778848369
53398820.3974162042 614.3038907051
53650743.3928925321 633.7491531372
52457852.8585395142 514.0361111164
51582376.5128565431 359.6816012983
52115779.8886136264 461.7269696309
51466884.3107158840 336.4264682340
52478277.0896516517 518.2002469301
51122641.8922434151 240.3644717411
52246161.6797171086 481.1864885403
52094323.7921536043 455.8126971437
52196945.6393025294 472.3253442049
51886287.8101688102 416.7441650531
51716726.2718252540 385.9483665351
51681782.8094046488 379.7220711941
53172454.4729321972 594.8993921280
52724801.8859126940 543.0512881279
53137045.1513075456 586.6140909195
53159537.2450979874 594.7937917709
51452717.1190508008 335.5653165611
52237887.5498177931 475.3291583732
53321914.8428110480 602.7622828484
52159865.3329471201 467.9052126762
52248580.2189919204 483.6963534848
53543356.0717678666 622.1525249481
51442647.0954288542 327.6164780636
52053107.4045049548 445.8437030262
53233018.4127024338 598.7914657593
52346465.4863259420 497.0580075979
51668709.4385558441 374.2545754393
52402250.7382186130 499.9681144953
51039320.4818862900 159.1998384346
53574964.0091534778 623.5413894653
53236584.0125628263 600.2024583817
52695621.0027590916 541.8239016533
52872448.9486517683 562.4455137253
52948076.0974810645 570.7881136537
53221263.1201331168 598.7772703171
51786320.2117563337 395.2980691791
51040579.1864949837 176.6356686780
51759888.5653151274 391.3703736565
51898299.5047288239 417.2775426321
53684467.5686872229 635.1380176544
52956486.7380271032 573.1204765439
53000900.0735673010 578.7512001991
52449547.7575211748 512.4666317105
52964649.3922386616 576.7594609261
53017812.2528534755 580.7429394722
51477453.1178462803 339.0854768702
53195794.7389293164 596.7855310440
52430269.9069193676 505.6593853831
53179781.9483577460 596.2189798355
51034452.0530788377 158.0430291051
53207707.9396050125 596.7997264862
51637623.2551018819 367.5419820152
53100794.4699789137 584.6223516464
51828267.1390098631 398.9877488271
53162401.8045188338 594.8301153183
51969639.5858734697 428.6993158543
51221156.0738408491 269.2657836452
51988027.2256708294 431.9125152458
51406338.7295987308 323.4931045980
51757087.7847369760 391.3348426910
51498341.5149400383 343.1226220943
51554474.6706233695 348.8136192905
51710651.7509327978 383.9656260959
51422027.6037352383 323.9388890294
51402890.1777413487 321.7851465794
51926958.7704648897 420.5250781556
51385996.9510875195 319.7864765541
51660473.2870549485 371.7029197742
51386782.4746107310 319.8010351539
51175677.4848132581 246.5107248963
51651750.0109155849 371.0420638253
51559688.7128892168 350.6304370132
51499837.8723905757 343.1284018008
51638357.4060706049 370.0899559227
51283638.0876560584 293.4981539445
51310977.2814679295 296.1460225543
51238742.8053418621 270.0237788570
51407124.2531219572 323.5853493228
51517402.2865376398 346.8213491817
51650925.4521697387 370.6541731770
51666369.4695148915 372.6263974686
51850318.8397762105 408.6270413450
51260548.8763202429 288.8494826513
51315100.3529494181 300.1511793514
51270755.7502696663 289.8126713054
51486316.1030836701 341.0828549878
51429018.2016004995 325.1894337316
51705792.9503873065 379.9545331441
51306012.1411158517 293.8643263595
51601853.1304297820 360.5423738973
51798401.6186481714 397.5231821802
51790592.5410131514 395.9854072654
51827543.2083066925 398.9739372828
51816912.2518220320 398.9170875871
