136522741.8783146441 485449.9175415039
131857049.6999728978 371337.8657345176
131740649.7827419639 366667.2921421709
133630415.6881698668 425110.7785234451
133584889.3708351552 424443.9565143464
137384695.9717603028 502171.3007812500
134097167.9708837867 436503.1309257448
137927385.8432679176 509101.2440795898
132847563.2094559073 404104.0196882039
132882916.3752634525 404311.3446393758
136338665.5030738413 483119.9764404297
135818170.6408871114 473490.2387695312
131785378.9677568078 371162.2880070391
131992754.1980489194 376930.6421787920
131888249.9731965810 373314.3498560190
137959385.1125059426 509245.2500000000
138444376.1807453334 518907.5756835938
138143735.4273284376 513344.4265136719
138219297.7919124365 515541.0600585938
140759914.0680548549 540525.5756835938
137167544.2129535079 497476.3981933594
137075209.3465531766 496420.8446044922
137024364.6468734443 494845.4963378906
135711682.6893701553 470882.0506668091
136116927.6727805436 478960.8205032349
135741037.1384807229 471507.3033523560
136311292.3067550659 482719.0558471680
131565778.1721357703 361082.3463365287
131466107.4801297933 356959.2146185077
137317957.8370912373 500512.7856445312
133611155.4381324500 424892.1064538956
133732249.1152958721 427187.8800134659
134473254.3354262114 444060.8314719200
134162592.5615931153 437118.6478056908
131070686.7838948965 321898.0641192673
130943352.6492635012 317077.8768629432
130996658.4676902294 319440.4073805214
130909526.0737445652 314415.4142164589
130768663.3840249479 307597.2926358684
131649916.6757445633 363080.1721576935
131339295.8469061255 351014.7529333270
131441484.5123575032 355571.3018492943
135170681.3802083731 457730.3895921707
137599084.8440905809 503819.1286621094
131545304.3772730976 357640.0922177136
131604998.3258364201 362913.0709673646
131720022.1863163710 366465.4617588702
131708731.8817380071 365971.7171299639
132066521.5842772126 378803.8153586569
135166492.5137764513 457501.0451097488
134943489.8372835219 452632.4642992020
135033107.6603049040 456407.3996019363
132021876.8766760230 377523.1086094561
131866122.0195766091 372567.1645176592
131865649.2329430580 371547.1683628741
131926550.1251246631 376359.3298153281
131428611.9939489514 353745.0896185077
130933690.7476551086 316343.3002707213
130672124.7661501616 307067.6969749182
130629612.1420726329 296064.9816428870
130892916.2236719579 312988.3935081214
135174681.9854482710 458762.4915542603
135189907.0610021055 460401.9856948853
133193157.1105213463 416309.5379758626
133073283.4975644201 410327.8255964071
133313272.1840250194 416385.6222883016
132886328.2509419918 404616.4496198446
133344220.9025566578 417166.0492597371
133373063.5112452656 417900.6839305758
134585648.0822926760 445183.3085303307
134168272.9803883135 438273.9302763939
134684853.4975631237 447831.3461241722
134147419.1264609993 436645.7815947533
134296688.6212516725 441071.4600615501
134360025.0433416367 442414.1160674095
134436833.4338711500 443976.0471282005
134474994.1526627243 444992.6285681725
131335376.2513180524 347216.6726663113
131242057.1242407113 339777.6581094265
138737702.7506922781 522133.3034667969
138736271.3729301691 520090.8996582031
138389059.4936692417 516847.9550781250
138385226.8072764874 515973.0700683594
138115454.9836961627 512767.7236328125
138768776.4487756789 522225.7724609375
138972139.2199200392 523354.5537109375
135692999.7051366866 469017.5718994141
136063007.1583949327 478668.2838745117
132603954.3007840663 398216.8348375112
136055577.9895783365 478612.9943847656
135867990.6143701375 473859.1405639648
139258811.0377591252 527113.0925292969
132408772.8976548910 391105.2006666660
132112788.5195258409 383496.9256310463
132242319.9734196365 385391.0992565155
132045644.5071200132 377970.5850074738
132316051.3911041319 385792.5554954766
132335695.5470832139 387851.0431373566
134270361.4425748587 439223.6324481964
134241911.6381453574 438350.0266292989
130870199.7148484290 312584.1829251368
130769082.0375507176 309497.6309231836
130926974.7523041368 315404.2549466211
133572232.1740249097 423817.8641410768
133485574.6096087694 421564.8869071901
133816017.8318513632 429966.3049980104
133520718.7865105569 421792.8352037668
133583894.6066657603 424434.6720634401
134066492.7974311113 434921.7276664674
133841738.7706027627 432676.0745902956
133959530.1842289269 432962.2460685670
134095418.2172629535 435392.2613578737
140677642.5898652971 539311.0034179688
139103739.8054497242 525556.5144042969
136784834.5313973427 491912.3018188477
136538534.0372099876 486368.7929077148
138700068.7347879708 519723.6386718750
139026536.8954306245 524014.7473144531
138888574.7965424955 522897.0782470703
138459718.8063940406 519247.0585937500
138191531.4361949861 513407.7369384766
133493744.1432986259 421628.7030773340
137227893.8333556652 499395.0639648438
137283062.0603478253 499996.7022705078
133557542.4599510282 423356.5283288956
133405315.5140643567 419217.7638635635
135339478.9741669893 462598.7295227051
138632299.2237542570 519564.9125976562
135534995.9318078756 466679.1067886353
135612299.3868919313 466940.0691070557
135411221.1127395034 463971.2303237915
132177818.0590533167 383942.4154518098
132541664.3692343384 397252.1313088387
132359833.3322239220 389996.9513099641
132437393.0208897293 392900.6925792694
131767299.4772724509 367417.1936430694
131914480.9369406998 373461.1044707061
136429679.7077987492 485071.9147338867
136344538.1908408701 483328.2014770508
136567616.6932079792 488499.3927612305
133965485.9355463088 434570.3475532532
133679605.2878454179 426335.2448291481
135369854.2104227841 463553.1121597290
135414035.9237391055 464184.4415664673
135280950.3986709714 462008.9221572876
138121114.1781554222 513099.0639648438
137671534.1963731647 505691.1220703125
138019564.7305252552 511892.8693847656
137840558.3075887561 508180.8081054688
137837032.2294298112 507477.4277343750
131105134.3478927910 327413.3839813976
131210908.6394814551 333418.6146279185
131159310.0326652676 332608.6194344370
131149304.0461530685 330205.3635140269
132089301.9035809934 382383.1053747516
132433300.8585736156 391740.1735513508
133102375.2035287172 411250.1164925545
132977424.3022132665 408492.3290359527
132889206.2267682552 404722.2048688680
133083667.8908848614 410601.8473249227
139028669.7556761205 524081.9160156250
134636634.3965112865 446580.3370909691
139925401.8100858331 533323.6870117188
139519117.7348453104 528909.2160644531
139564042.0795004368 530393.2512207031
133021870.1168205738 409208.5715070516
133039815.6771184355 410221.9633527547
133172734.1948727071 413855.1531720906
133154424.8458662033 412448.9318612069
135615260.6724086404 468578.7660827637
135832629.4819898605 473550.9801940918
131094899.8099844754 322713.6416628547
134590829.6756143272 445683.7073478699
132329261.9958697110 386806.0925006154
132062913.2731228471 378522.9543475392
136391632.3320775628 484646.9557495117
136391277.6427097023 483555.1047363281
135943041.2374414802 475701.4930419922
133933864.9617206454 432721.0473686159
135588071.3432967663 466768.0214996338
132747212.9129039049 399299.5637689382
134663973.8948086202 447619.2985343933
134763412.3957048059 452561.7194766998
131255889.5778699219 341831.0341509769
132659062.8589440435 398297.4684492648
137871267.5242289007 508615.9289550781
132929088.5865495652 407141.0842631310
132950657.0581693202 407557.7645612508
132722449.9379299283 398642.0041986257
133031139.7085672319 409229.7743268758
132800798.8599615991 401921.9343610555
140045343.9469087422 534230.9874267578
133939125.2117189765 432759.5056953430
133701387.2124071717 426417.3052959619
131674694.2109597921 364372.2482756558
131678043.0563380718 364565.3352145436
132757847.4190843105 401653.6774750054
132727117.9108278751 398769.4009996206
132503017.4551594257 394084.5844266713
132820049.8180066347 402394.1142926961
134593474.6452939212 446297.9257140160
139578431.8390317261 530399.5786132812
139529278.6116282940 529218.0830078125
139448465.3885581791 528361.2221679688
139768849.0776962638 532140.4296875000
135961525.6493960321 476838.6328430176
135879985.2339988053 474647.2924194336
136268302.9476291537 482071.6538085938
139357663.1359964311 528193.4609375000
139504157.6609582603 528493.6523437500
133795179.2789472938 428903.4183402956
138681620.9724956155 519636.4614257812
131924057.3114679754 374609.1843046905
131021916.2308348715 320960.7439109534
141743452.5587256551 547744.0969238281
142270056.0941903889 548244.2944335938
135157932.1419448555 457228.7734756470
134688670.0798865855 448888.0241470337
132027480.9392524362 377889.3682589713
133430030.2343913913 419948.5709892213
135796415.1283627748 471977.1096496582
135699929.6759860814 470414.4834289551
134583419.1966356337 445085.3350615501
134953061.2331327796 454104.5306067467
133442918.9784967899 420448.8830009401
139946049.6762407422 533630.6647949219
134710188.6800184548 449380.8600630760
134595013.1205282211 446345.9207549095
136202772.7300185561 479987.8733520508
136181653.5826822519 479881.0655517578
136019062.5728895068 478260.3438720703
131881055.1034419239 372806.6277179006
136210978.4021377265 481340.4411621094
138988385.0677182376 523547.1340332031
137690908.8281236887 505898.6804199219
137141657.4988626540 497098.0749511719
131076925.8644952178 322582.9433738440
135668521.0677743256 468852.9301910400
137443020.9966950417 502835.5314941406
137567070.3064100146 503804.0784912109
137999098.0508383811 510049.5764160156
136263697.2479727268 482016.7949218750
138365703.4308239818 515956.4118652344
134637326.5320377946 447168.4562873840
138028690.1167688966 511893.2795410156
137633748.0730083883 504999.8896484375
132257098.2229185998 385565.9691278040
134941250.3170694709 452585.7794847488
134740684.9747477174 449565.7561693192
135081548.2314088941 456840.6152725220
140376214.9537893534 538512.3713378906
135461917.5028788447 465248.1814117432
135480140.8152397573 466265.6777496338
132530414.1002283096 394346.5831781179
139916636.4478860497 532698.8624267578
140740981.2915338278 539912.9018554688
137611944.2211288810 503949.4470214844
137342631.0856449306 500577.9235839844
135878235.4030148685 474224.9889831543
140272983.8916424513 537244.6618652344
137992826.0918236673 509929.7666015625
140210021.6796158254 536550.4628906250
136666555.2829411328 488533.1413574219
135451470.3139824569 464930.4471893311
135647639.9294407964 468748.3414764404
136915885.5539328754 492558.8869628906
136874375.6556884646 492289.5103149414
136459166.3413762748 485164.1430664062
136755215.1614882350 490260.4930419922
136925829.6311070919 493095.4490966797
136943929.2395347059 494503.6074218750
140132221.7554707229 535224.1784667969
138076792.0465790331 512750.9489746094
137164291.6980714798 497310.2734375000
141122124.1292942464 544015.6267089844
140762111.0069322288 540824.1057128906
137747712.7852841020 506137.2424316406
135731899.6752808392 470929.5548858643
140927744.0095074475 541646.2707519531
140797306.2928406000 541306.0488281250
137557453.5925348401 503001.7609863281
139833245.8046288490 532152.5627441406
136737556.5085365176 489339.5394287109
137218294.6326927245 497541.8767089844
140955925.4269505739 541802.8176269531
141304546.6384747326 545181.7761230469
140641450.7376069725 538997.4172363281
141064054.1738724113 543127.1367187500
141389534.7435837686 545281.6271972656
140980257.8117689192 543031.0541992188
140620250.9567398429 538815.3339843750
140974525.6048609912 542931.7946777344
142311286.5037983656 548839.3608398438
136711318.7773661017 488795.5278320312
140713874.7964423597 539518.1391601562
142202172.5474699438 548052.2363281250
142432981.7742549479 550828.3857421875
142263816.0815733075 548161.0351562500
142965251.7844746709 551039.7329101562
141451295.4134891033 546626.5058593750
