42566984.5772773772 1195171.6064453125
42522335.7598080188 1186675.9765625000
42666935.9832198620 1204788.2539062500
42781440.3713046387 1218996.0722656250
42743655.4943289086 1214394.1601562500
42925712.5687549785 1231939.6269531250
42688593.4351605326 1207656.8027343750
42789966.3501431569 1223814.4707031250
42746363.3524873629 1217434.2343750000
42626013.6347159222 1200238.6982421875
42713488.5992607176 1208650.2968750000
42740323.4653059691 1209607.2031250000
42530996.4425815344 1191602.1855468750
44307199.5839343369 1307568.2871093750
44244774.9544832632 1305559.7050781250
44803171.0901976004 1320712.9296875000
43192417.7474811822 1251721.3935546875
44270387.3963739350 1307362.6777343750
44414575.5245809406 1309419.3183593750
43530391.8580392078 1270993.2470703125
43237983.4203808755 1255930.5302734375
43506228.8902190179 1268078.5937500000
44599723.9257001355 1315430.2226562500
42586476.8602364659 1199717.6367187500
42836103.3581601009 1228642.5097656250
43259317.0721957833 1256367.3496093750
43316165.0609235987 1259777.0722656250
43432923.1685190573 1263546.7646484375
43805171.3173653781 1285097.9130859375
43347392.4673048556 1260207.0732421875
43169698.3548047319 1248128.8115234375
42996932.0438728556 1239161.9072265625
43035856.4768161997 1245159.8437500000
43210799.8113661557 1252330.5898437500
43341174.8627361730 1260026.1201171875
42478290.2510360479 1184598.3603515625
42649261.2459201440 1204330.6914062500
43881708.8656374067 1288714.1972656250
42341352.2226968482 1147347.2089843750
44578833.8365315571 1314608.6562500000
44399681.6446224749 1309025.5507812500
43153396.8671099916 1248110.2812500000
44705724.1204039976 1319293.6992187500
44063869.9186885431 1298152.3378906250
43634673.3626793995 1277400.3320312500
43776507.5542542562 1283555.1845703125
44388501.8523453325 1308963.8730468750
44477976.2386455238 1314265.1503906250
44172897.3632363304 1301726.4257812500
44099582.0317816585 1299923.4531250000
43899505.5730126798 1290115.4492187500
44023021.4885412008 1297414.5742187500
43020591.7197134122 1244156.4716796875
42473690.7841442674 1183127.9550781250
42412654.4772473723 1163781.2656250000
43059638.0189324170 1247629.0087890625
42430801.7978471816 1172819.9062500000
42524574.6088245884 1186787.3564453125
43655320.4247300923 1278226.0957031250
42631816.0174985081 1203787.2324218750
42923086.6800973192 1231461.1640625000
44185511.1030080691 1303084.2871093750
43674461.8754982054 1278246.0732421875
42957357.8080372959 1234129.9355468750
42732225.1056852788 1209303.5058593750
44456835.4012969211 1313456.4941406250
43955172.7035564780 1291361.8671875000
45214889.1423556060 1331364.1230468750
43449067.2638525963 1267977.3710937500
42989621.5420615077 1235032.9160156250
45161631.1600747108 1330475.4394531250
44865142.5156040564 1321705.8281250000
43816834.4157305360 1286838.4726562500
44800582.5861952901 1320371.8183593750
43957415.5761319324 1292334.6250000000
43856622.9285493419 1287684.2138671875
44634536.6766552776 1315597.5703125000
44926440.0325984806 1323713.0214843750
43727513.8426285461 1280943.9775390625
44498581.2304341272 1314521.7031250000
43993751.4149838090 1294983.3388671875
44694558.1239609197 1318093.6308593750
42991480.2815534994 1235609.8476562500
43689344.0564644933 1279004.0966796875
44971202.7377806157 1325867.9707031250
44920340.6382585093 1322359.9882812500
44939301.8386574015 1325320.3984375000
44650940.0911277756 1315673.9238281250
44722270.1027721018 1319537.4003906250
44733856.9735969305 1320358.9667968750
43619772.7088440135 1274490.4814453125
44672129.0171105787 1317204.9472656250
45001888.4697114900 1326209.0820312500
43348086.2066176683 1260435.2880859375
44598618.1893464103 1314862.8144531250
43405856.9536413550 1263207.1503906250
44204996.3006365150 1304713.6992187500
43992341.9459403604 1292631.7851562500
43221307.2330127954 1255908.0253906250
43295472.4047080949 1256552.8642578125
43313206.1013824865 1257946.2607421875
44169775.6638779342 1301704.7949218750
43386796.6991016939 1261081.2480468750
43703832.3821517676 1280120.6201171875
43438809.3063582107 1267367.4853515625
44419083.9751674607 1311902.4042968750
43589989.6458535418 1272436.1142578125
43572516.0858049169 1271537.3818359375
