115208913.9900720567 183568.2545988299
114439197.2815452218 150472.8481335118
114477225.4707320929 151373.7572073787
114713967.9614505172 164041.8656525426
114908485.3177602887 174503.9386198260
114529237.9067777097 155053.3872593567
117235489.1027513891 220906.2237589881
116124941.0327883661 204256.1412272379
114516179.9339223057 154974.6608691961
114558989.2777694762 155810.3290552236
116630455.2289228290 212558.4169840738
137179181.8560817838 300594.0961914062
117343250.5575831234 221087.3313829601
137680787.0623940825 305720.9065551758
137584091.9281766415 304598.3130493164
121429320.1708370447 252668.8232623637
115748612.3095268011 197729.9423785470
116186457.8840467632 204648.7957377359
139566558.0044453740 312172.6980590820
117478365.6035428345 221751.4465753734
139863294.7787325084 315317.9349365234
115088468.7943865210 179467.4456083514
115551745.3480003476 192239.7327098511
115571910.9449122548 193535.6623502634
115259695.6452289969 184014.2758230306
120707971.9364536256 248141.5888221860
114495973.3535785675 154596.1324352697
115329679.2576747239 187276.0669574402
115380140.8409145325 188134.5115985535
116236037.6959014684 207620.3465495035
115471260.0228774697 190606.4437884949
121236577.5621441752 249665.7173874974
120848249.9162809998 248956.9345253110
120999206.3717796654 249326.0632358268
120400986.2080389261 247551.9513437822
139709833.0433252752 313421.7939453125
138306048.3653710485 308721.3466796875
128293998.6705958396 269316.7894653976
119504380.9876203239 242454.1198837608
116424443.9115304500 208589.7913030088
116221665.9314523190 207574.1829752848
114434368.1764412969 147377.9138603210
116340451.8538133651 208420.7390475199
116590438.7931345999 212214.3066984937
117730848.1353399307 225202.9787218273
115093106.2685302794 179467.9124390297
115748661.5186098367 197738.3254704550
117449499.9927482307 221737.8290746212
115730297.3345890343 197710.7064776681
115776893.9903212935 198453.5979232453
128399453.2908872515 273266.6718956232
138026772.2648905516 308571.8059082031
114594719.9843655229 159067.5574679524
114885095.4537893683 171830.6329436973
115692735.7394115329 195745.4028117321
115577057.0115240365 193633.1041150168
115891912.5855040401 199787.4783427380
117723763.2900232673 225196.6560076177
115707107.5038606822 195802.5444132946
114461140.0261940360 150993.9563713074
117338577.1461711973 221072.3786661327
119047652.6117746234 242081.8639870584
114847588.0431941152 171777.4530884437
117160942.0654426068 220344.3510612920
116345125.2652252316 208435.6922526285
116105519.3181538731 203883.8415867835
126302389.4785558879 260571.0858672857
125697051.9931759834 259980.8948753476
114771603.1733415276 167656.4853119664
116563602.8223231584 212185.9363133460
114758815.1247859597 167655.0966431312
115094183.1543081850 179857.3600515462
117697053.8020868748 225186.9401895702
116119891.0826030225 203940.9831883460
114386121.1848025769 139497.0621417351
116325703.5505907387 208063.3924901038
127052430.9432110339 266760.5318373442
115108554.9187573344 179891.4198659994
115641192.1619187444 194781.4974230453
114376029.8731206506 135882.4610980339
115059754.7531659603 179465.4159147479
114524990.9823732078 155039.4683337957
115795567.8304163665 198697.3934071139
114549444.4871214032 155452.9378085285
132347477.4494690150 280028.9919868112
125166016.8304616958 256616.6388664246
132519523.0160200894 280253.5316596627
124514403.9588464946 255941.4751678705
118489260.4907812029 234121.2108389440
114576914.2687489986 158589.2805286199
116160167.5466818959 204276.4342076331
114692422.9473911524 163585.2268157676
116318834.9278603643 208063.3307225257
114396349.6639295220 143256.1833274961
138749819.1046090424 309546.6036376953
114684744.4181388319 163534.1288666539
114616438.0775385946 159464.2589172199
131904488.7306653410 277696.4852272272
114701179.9128949344 164040.4769837074
114624471.3553573042 159916.4601927139
114625195.0430423617 159919.5092072301
115850245.1965308040 199307.5531573556
114783252.4946742952 167707.5833831504
118707084.0469757318 238002.2206749618
118488266.5199783295 234045.5052950084
130328922.8780835867 274262.5523191988
114673675.0645447224 163531.8118530922
114597690.1946921051 159410.8440766148
114675752.0859954655 163531.9245209508
118526748.7892615646 234155.3209536597
117611239.7062111795 225007.0414279029
118321704.8425671011 230598.2183077037
115321336.2277469039 186870.1721065305
115192006.1368815899 183554.2119352557
117719001.1610429287 225188.1495401561
118815659.1315094233 238027.6341707408
115864616.9609799534 199364.6947589181
116087971.4736979008 203452.6241793558
115176002.4424617141 183173.2281512879
114463217.0476447791 150994.0689170957
118102948.3339438587 229096.2923112512
114522663.3264562041 155039.2826213241
114787510.4486566037 168160.7127592303
116630315.2493163198 212535.7704195902
118244136.8798821568 229942.7107682824
115271734.7712164372 185403.4169044159
114406440.9756114483 146870.7843711972
115214628.3499937207 183977.5958270691
118144488.2031275630 229941.9182878137
118234305.1792582721 229941.9253678918
114789952.8313030899 168162.8334290199
115365769.0764653832 188100.4517841004
115342034.4434061199 187656.6040861346
115443785.6027203351 189817.9523334168
115490674.1702886075 191456.0643939637
116985859.8408147842 216658.9192233011
117520803.3150458038 224047.1628498435
116188587.8108510971 206771.1233248636
115421529.7955763936 188170.2757679969
115010328.2768753618 178626.9884245135
114489398.7732571065 154582.0277972370
115724414.6914691925 196309.2963950895
114460127.5495740026 150967.4081378132
129797228.8596335500 273860.9070690870
115172802.1216036826 183053.9266662225
114741918.7483863682 164224.7902147509
114756144.7414888889 167067.1027436070
139145287.5818354785 312049.3174438477
115024700.0413245410 178684.1300260760
115121229.8321986645 179944.5812489539
115045382.9887168109 179431.3561002947
133134123.0115978420 287712.0665054321
115211428.0291356891 183858.2943420038
115933500.7898284644 201341.2478900217
114367487.0545699745 129362.4287232310
118612684.8905025572 234185.7336259484
115326478.9368166775 187156.7653503045
115155916.3180908859 182729.8271085955
115838412.6150529683 198990.0670086890
114543657.7319442183 155340.9742492512
115126169.9218825251 181895.5927335955
116621227.1919304430 212535.7173190042
117801986.3549548239 225649.8415369913
117879572.4276565015 225669.7248415872
115994568.4719116539 202687.3344502598
116958985.9839117676 216307.6709017232
114719060.8735533208 164198.4723755531
115365104.8443486840 187961.1330260858
135172358.3641285896 288247.3068923950
123471483.2723355144 255814.5965167284
115975512.1183714122 201476.3717636392
115535241.6012531668 191796.9473750852
115993312.8492584080 202588.2013554722
116010017.1221387535 203095.2883641273
116311809.6223067045 208043.7601048499
116110183.5569495261 203940.9214207679
115536709.3514344841 192081.9072842747
114667371.8230807334 162944.7462982945
114642352.3160156906 160074.4555845596
114391266.3086857051 139957.8765223809
114743356.6929333061 167065.7140747719
114401357.6203676313 143572.4775660820
115164103.4851102680 182806.5393278338
114381037.8295587450 136198.7553366199
114382621.3209776878 136783.3701719008
132674325.7422537804 282237.8571243286
135482927.0312923491 290610.8135070801
114370946.5178768188 132584.1542929187
115291959.9274857044 185674.9218910672
117527151.1629950851 224062.1833576560
118484724.6409553587 233870.6003166437
131419420.5942398459 277194.7490211725
114392712.6326596141 140397.9712156020
114370740.3133766800 129363.0494507700
136367667.9559349418 299116.2791137695
117966025.6006695479 226128.1807314679
116535654.5584820956 211577.5253021717
116965006.0023061931 216498.5046588108
115149088.0656777769 181961.9528682493
118114507.8346395046 229210.0566250086
117931092.9514593035 226112.3079028055
116416559.0729268044 208531.7015318796
116217663.2058903575 207167.2756121680
137978639.9677153230 306788.0424804688
114569085.5588437021 155849.5268340781
114552414.6974479854 155796.2244171910
115878100.3671611995 199410.2347188145
129498133.4176733941 273456.0100265741
116090097.4325786829 203513.0734028965
130661983.6564550549 275894.1151233912
114538574.3767004013 155211.6281976327
114570295.6581063718 155954.2198090367
116836103.6641101688 215150.7853285596
118131139.8582739234 229618.9218193293
118028189.0282513201 228816.6977394223
114979934.2442224920 175900.5028931312
117105946.4043730199 219124.3772053123
117738033.8271633089 225441.7883403897
118128584.2090038508 229585.4610948041
116864523.9169525504 216106.8690745309
118464545.0201436877 233742.7129580304
115295059.2096685469 186083.3155729510
117511704.3845127821 222615.4876545072
116446975.0119018108 211176.5450999215
114830677.0440071672 171188.0705200844
117994366.2913403660 228803.5761162043
116066469.9048784971 203105.5583226234
115900722.5802733749 199818.0653416663
136736829.9963635504 299336.0825500488
133122711.7718083858 282332.2227058411
116846965.6995479912 215401.4849261120
114979367.4130924195 175849.3096830584
114960984.6342428476 175815.2498686053
114895535.8897485137 172284.3966614418
115134357.0889018923 181960.9062711932
115155038.6615447849 182369.9679987170
116860414.9150329679 215418.1979660392
135579353.4852524698 293414.2862548828
135786868.2448960543 295860.9692382812
114825443.3830479831 168321.9282743670
115322417.7744670659 186929.2715055682
115432270.6538958400 189393.9982511736
116813475.8159147203 215013.0802122876
115503039.1632037312 191460.4180719592
116310104.7043775171 207947.5813367367
115476353.0261272639 191032.1101896502
114803938.8419806808 168318.7081510760
115674643.6702895164 195581.1923301481
115302530.8793280125 186492.3773004748
117033828.3474945128 218758.7077009752
114954237.2190510184 175368.6840713285
114819451.2653341144 168321.5221802406
117066956.5499513447 218761.8549177721
115332277.2755363882 187338.0103571154
115007057.3984197825 176209.5787955411
115451690.1162340939 190595.2161066271
116775344.0798794180 214990.2885550335
117983268.9418493360 228798.5087343976
114874416.7101075202 171803.7710497119
115292970.9180591106 185699.8982965685
115317188.7453871965 186520.5549477078
114864628.8759814352 171778.1464478187
115713328.6117070317 195984.0907210968
114870620.9936952889 171778.5525419451
115653041.0195282549 195561.6234214567
115481436.5124424696 191440.8491632678
114952883.8852853030 175345.5863554217
114975551.4061313421 175816.7364408709
118391492.9870881587 232302.0604922101
114908224.1837422997 172443.8786255531
114730396.3547746241 164199.8610443883
116040051.7738509923 203103.6882491373
114946891.7675714046 175345.1801392250
114806381.2246271968 168320.8288208656
114896722.7747892737 172441.0645963885
115993989.2760292441 202625.5867342018
114944449.3849249184 175343.0594694354
115104635.7198953182 179888.6055926941
114826796.7168137431 168345.0259902738
116098253.5851481110 203825.1719129086
114931379.3442180008 175342.3661100604
115645462.5478249192 194789.1618125699
115634321.8130385876 194712.9259727262
116081220.5211936682 203401.0939375311
115184432.6893492788 183276.5751268603
115471876.5511735678 190648.3701593615
115764233.7225101441 198403.0650699399
115442130.1549651772 189802.7371027209
115582037.8637805730 194362.7191984393
114659746.8650964350 160130.8070159629
115262379.6429165006 184023.2049052976
117401278.3762097061 221348.6327847838
116070434.7607899904 203322.2975515425
114643076.0037007332 160077.5045990758
114713912.3443686068 164041.1946350746
117017487.5142400116 217342.1035603881
114842606.4258098155 171220.0096647479
114999894.8087580949 176008.7916471697
114985523.0443089604 175974.7318327166
114828234.6613606662 171185.9498502947
