52195480.8173784167 138970.6345336288
51348677.6153469160 88780.2597318888
51455455.8549981862 96406.1920287609
52021117.9435117170 130563.4028425217
51475353.9306837246 96830.8020534702
51872051.1705831289 122711.7939381599
54746668.6479502395 205277.9160156250
51839076.5212456807 120397.6290547043
52687938.9149110466 156863.5466613770
52610215.1961930916 154489.1965031922
51443652.0186697245 96308.0284188986
51471969.6274732351 96663.0137610370
52832110.1732363477 162749.0582885742
54300207.1445852444 198088.0606689453
51831472.8193964511 119892.0344472155
51604209.0480015650 105864.9085213840
51549277.2044463083 100464.2939175367
51755174.5578497276 114196.0048009381
51119841.9079163149 65466.7653955817
51332929.2379022837 88552.8941854239
51919616.1428212076 123887.4687471390
52670532.6741275117 156057.7071119547
52541257.6584314406 151592.9809319973
52545379.4849499986 151604.8363099098
51868316.1349266842 121660.3785138130
53568893.7077752277 184408.8339843750
50991070.5397258997 42212.7538187709
51150916.3589965105 66799.0513833091
51889172.0260006264 123298.5970869064
51922594.1307828501 124143.8005547523
52600351.6970990747 154189.1850941181
52559142.1913800389 152611.0938203335
51980247.3060392961 127752.7866058350
52330488.7620450482 144826.6282282360
51053815.9307158515 57627.9800441861
51026474.4314116910 50146.7781181335
51062749.7050342187 57844.5553920865
54788117.3832367584 205791.1530761719
54620234.0821381435 203583.2062988281
51138160.3695507422 66414.0686075166
51129226.4707069248 65545.4917606190
51069764.6597117633 64462.2604268864
52227958.4859278053 140035.8659362793
54485430.2853953168 201210.0297851562
52154209.1288783699 137321.2035617828
51068375.5334322602 58024.0848884583
50978911.5202702656 41436.3246083260
51025761.9266694486 49845.3002535105
51041667.5769764781 56456.9934717417
52621042.1505741850 154589.2006728053
52037207.8861259148 131825.0656576157
52054430.4256571457 132203.2965393066
52071760.9475685954 133133.0586953163
51651712.4029286653 108221.9860636890
51768105.9757694453 114670.3105570972
51053209.4299127758 57412.4865747690
51576138.6603215635 102470.8589029908
53416138.9037595540 181288.0058593750
54099017.7286613658 195290.6214599609
54566549.1067700610 203251.2504882812
54889294.5326525196 208178.0458984375
51191079.6254966408 73973.4451307654
51542885.0618597046 99551.5921593038
51336203.9053028226 88778.5288088843
53084936.9538753182 172235.7631568909
52642519.4579318091 155187.0100862421
53992080.7505757362 194375.8887939453
52170272.5722993389 137391.8391661644
52556040.7291584909 152415.9180347919
52999306.9857953787 166888.3596267700
53305594.5641180724 178101.9505386353
52841088.1423489526 163758.5895080566
52295487.4485138580 142716.4937050343
51505082.4031863958 97842.2894217893
51283299.0927549303 82776.5004496574
53258585.2845532894 175341.9052734375
52787450.9259507507 160644.5479183197
52462491.0502533019 148944.4831347913
53220193.9452549145 174578.4786071777
53243407.0594738349 174620.8590698242
52392527.0716329888 146810.5664205551
52439655.0797268227 148302.9246149063
51540989.9886135012 99499.9757152898
51907061.5131233484 123784.6049327850
54003646.8338323757 194430.9365234375
52683750.6308419406 156297.4203792065
53574896.7751649916 184937.6572265625
53850361.2206478417 190010.7846679688
51593258.2648961619 105131.2890930176
51110110.4006570950 64681.9040638208
53058785.7403684407 170602.3017044067
52508729.2794220448 150425.4291076660
51389313.7235521674 90554.1613116264
51007175.5421716645 43980.4770739283
53926977.3437621593 192467.8361206055
52631036.4574233070 154858.1749067307
52685581.7279748842 156528.9888134003
52741539.3727939725 158614.6984682083
52959045.4635686278 165974.2017517090
54671371.3322521821 205204.9501953125
55080825.6282852069 210591.9570312500
53611173.6360104829 185033.6379394531
54168479.3934518099 196448.9022216797
53906142.8430048078 191648.0982666016
51992114.3150389120 129403.3850831985
51268660.1221069694 82180.9489235878
51234511.5460896492 80799.0489005446
52766276.1621274427 159668.1391658783
51855903.8369551525 121635.6273622513
52750699.6200741157 159585.9471206665
51963930.3717216626 127597.3982358202
54092907.6465343386 195017.1394042969
53970528.3996745944 193379.8258056641
51162077.6877866983 73037.7882170081
51154882.7831059545 73018.7860731483
51005875.4143158644 43316.1337108910
51227602.4820137098 74841.5486874580
51182371.0604615510 73542.2382545471
52811849.3252192363 161980.5076217651
53806118.1087754369 188493.1392211914
53823114.5991299599 189740.0455932617
54169515.5548165590 197090.1528320312
51375283.0316660106 90084.7386405393
51849474.1864211634 121276.5317992568
51902578.7617457360 123369.3533763736
51696411.9993787035 110736.2910639644
52810791.7276549265 161941.0183868408
51178254.5409192890 73510.0735347867
51178115.7217537463 73319.3776653409
51527518.6750772744 98952.8572939038
52011763.6715334952 130490.5934886932
51134850.4008697420 66232.2652544379
52658639.2465080842 155864.4491405487
51020779.8274328187 44149.8884232640
51636871.4262723848 106902.5528361499
51036226.2697542384 50667.3213265538
52298946.2358363047 143956.0344994068
51023043.4370057657 48148.3887240887
51404369.3008364290 91057.1956310272
52457275.6808895245 148419.6245542169
51098756.6179038212 64522.7871393561
52121773.9724874347 134202.2848111391
50994564.9697100818 42803.1567189898
52354844.1583933532 144853.4383943081
52855652.6259817854 164534.7479362488
52903348.7281140685 164954.9270668030
52271417.5824619532 141435.9197802991
51708061.7955778316 111901.8221658766
51318230.7621738911 83222.7382917702
51404473.1448865831 91057.3053465784
51597814.6733993962 105263.7317431457
54428712.2098303810 200404.1462402344
51960168.8064603433 125916.0285546184
51681244.1357953399 108270.3003644645
53640453.4016092122 187351.5683593750
53278798.8254685327 176520.0600585938
52366122.3255814463 145817.6290521622
53031225.6411720514 169176.6718673706
53756913.5989450812 188456.4804687500
52179842.9275801927 138317.2480574101
52798603.9306444526 160973.9384849779
53038566.6551443040 170102.2631530762
51819837.9882105067 118198.6041542888
53856306.8824389428 191061.8953857422
53482777.3674625903 183035.4974365234
53225411.1362922117 174610.5841674805
52222327.6735524982 139947.1519688964
51483982.7388828769 97424.7009167522
51790065.1922648773 115928.5466599464
51756980.3696528748 114513.6598014978
51738924.3403937370 114119.3337028958
53331925.9049971253 178871.2713623047
54312810.7156087533 198704.7500000000
54329872.3555249199 198830.4404296875
52255987.8078336418 141246.9677653760
52282318.8586849272 141443.3815307617
51382175.0475940555 90300.5095220804
51579147.1150033325 103500.9379220009
52283281.4147643000 142506.3655810803
52729438.5391250104 158546.4103279114
51275614.3741980195 82353.4019144177
51372708.9859058484 89538.2407558411
51534730.3427413404 98998.6714691669
52101169.7889768332 133200.8631983995
52115506.6277439222 133399.7535791397
52400565.1640044525 147402.4711080194
52954526.2085497528 165357.0543518066
51926161.5755243078 124618.0303144455
53192607.6747195572 174460.6586608887
55073993.5340005234 208865.1772460938
51314349.3839340732 82980.9361848831
51302161.1566734165 82842.8992342949
51586345.7958662659 104132.9540092349
52112066.3520212024 133208.8500201702
54291785.5371669903 197554.9488525391
51204570.6794250980 74326.0328320861
51995697.6705437750 130185.2707546949
51956925.8006340936 125065.1803293228
52046945.2565265670 131882.8360700607
51721759.1914053112 113696.8188972413
53155662.5618571639 173323.3177490234
51242786.1324047893 81021.4972846508
51329125.3446754068 87758.6752727628
53448979.2406321689 182023.5755004883
52011653.8348622769 130482.6971424818
53032160.3957903683 169303.9773597717
53627413.9423821047 185124.9901428223
53300225.1552508548 177552.4484100342
52574025.2325973362 152853.4026122093
51631368.7460121140 106528.7891731202
51577846.4205479473 102976.5646780729
51450608.1659393609 96345.7357450724
51446659.2326778620 96309.3953169584
53147420.6898286939 172780.5277099609
51510122.6660352498 98363.2665972710
52554618.7059414238 151762.3641931973
51467075.5248526335 96537.0751311705
51347272.3150609732 88779.5243499205
52192601.2560771629 138917.7827374935
51903793.3540409729 123747.1532009840
52185307.8862585127 138565.4445400238
51791076.1868163422 116043.8396177292
53718796.1237153858 187726.1234130859
53361498.4443545192 180256.3342895508
53011965.6873070076 167970.5199184418
51812869.5892740786 116936.1641182899
52371497.4531154409 146492.6616141498
50998506.3461350799 43288.5577738490
51768496.8797511235 115510.7981119752
51871716.0251697302 121685.7448492050
52183257.0232659727 138558.3139176816
53601359.4863608330 184998.3328857422
51224302.8890643641 74717.8432424068
51750439.5613768846 114138.2218093872
51226054.7652771994 74718.3741808534
53266936.3318928406 175551.2610168457
54334173.4430058673 199817.9433593750
51611890.0156994537 106136.7777833939
52485882.9443358481 149020.0150533080
51582930.0501121134 104060.2665399313
51591620.7993836701 104186.9288591743
51023574.9961455092 49776.6692801714
52612456.2258050814 154530.7287380716
51215287.9762036949 74559.6539681479
51166322.4903066605 73266.4442623258
52436761.6944323108 147716.0911407471
52951592.6747211516 165229.5187988281
53028282.6216246486 169147.4670619965
52461944.1744972095 148748.8925325312
51121073.6507604271 65521.3112914562
51799416.0541261211 116506.2845888138
53062588.8901676089 171647.3634338379
54546887.3940906823 202427.2846679688
51297034.5539808422 82794.6374541521
51410803.7688508630 91168.4501380920
51364313.1124555096 89107.3960292954
51742273.0618068129 114135.7406435013
51538890.3130042255 99168.2185243368
53293185.8800612018 177179.8008499146
52588961.6132020578 153176.0489888787
52443853.2106844857 148350.1494832635
54134489.0132608041 195482.1297607422
51482724.0342741832 97183.2763690799
51336836.2934464812 88779.4895622730
51250125.0976098329 81021.9387810230
53443655.0122009814 181327.1470947266
54830570.7485749722 206382.8784179688
52599949.3627224714 153467.0774376392
52358371.2665646523 145675.3131761551
53809107.0606561303 188988.8819580078
52724042.8594014198 157373.0919914246
54068492.7794028744 194962.0916748047
51299968.0878094435 82809.4353231788
51499796.5150087699 97733.8671875894
52494354.6827024072 149615.6735530347
53308387.1818278357 178415.5674438477
51407341.0536309704 91057.5124135315
53135646.4305597916 172698.4741516113
52969073.9652920365 166748.4898376465
52799008.7700474262 161636.3062343597
52848361.7581939101 163916.9705238342
53320689.8386033624 178581.0385437012
53352119.3805174902 178891.3500366211
53291738.0304582193 176581.7929458618
53178506.8732826561 173494.5776977539
53394894.7736759484 180662.6074218750
52549380.8950841576 151703.5706224442
54277154.6454483047 197426.2833251953
52535019.7151616663 150662.7614919841
52127593.2881848812 135056.4773252678
54981121.1361705661 208796.7895507812
54818408.2970249876 206311.1911621094
54509244.1385479867 201510.3872070312
51707609.8094229698 111728.2521220741
51712623.3192753717 111910.0502246171
51361381.6488503441 89073.5395131409
51355506.5260978267 89073.2512722202
51713020.2256527022 111995.1110000610
51420090.4452580959 91771.4892455665
51323736.6458114982 84013.9384643165
