94050097.6036673933 1475404.1904296875
92729807.1810682416 1473044.4628906250
92938494.9955587834 1473176.5751953125
89864900.2506547272 1369246.1694335938
89541949.4912806004 1342508.1262207031
93923051.4704731107 1475348.5107421875
93632135.4585577697 1475186.2451171875
89045052.9174281210 1305174.5878906250
92400929.7600405365 1469200.0371093750
90161412.1321513355 1381174.4501953125
92358540.2745675445 1466173.8710937500
92301714.1431400329 1465510.6562500000
92079862.7847278416 1463619.0468750000
88611026.9170918316 1258928.3181152344
88353590.4768076688 1208334.8901367188
90417870.7363433838 1394570.7402343750
90469284.9473728091 1395667.5683593750
95535394.1567928791 1476179.5195312500
92030462.8681014329 1462090.3544921875
88733764.0527637452 1271380.4118652344
93272426.8142787963 1474808.3740234375
90874345.5884471238 1417213.2382812500
95056786.2576385736 1475915.6396484375
94172899.8355575055 1475467.7392578125
88756959.3499470502 1272030.9943847656
91834301.4157229662 1458616.2910156250
88757277.9394787997 1272357.4475097656
91227333.5780825615 1433510.4033203125
88802827.1490731984 1276776.8742675781
88932475.2449536175 1292301.9611816406
95431641.5053659976 1476005.4697265625
95262624.0530495346 1475949.4804687500
90944634.0294315666 1422103.5063476562
90673749.7438568920 1414537.6337890625
89980013.1347967386 1376195.0742187500
90039022.4857049584 1376992.4643554688
92498890.0848328620 1470321.0029296875
95353481.3241469562 1475951.4736328125
88813062.4598442465 1279676.6647949219
91497853.2068592608 1443559.9658203125
91521815.3236071169 1448372.2207031250
93047339.7275802344 1474411.9599609375
89795228.0107457042 1365289.6059570312
91265534.6361561418 1436213.9531250000
89956985.0735168457 1371962.6689453125
90060280.4882495403 1378979.0605468750
90749790.2916881591 1416152.8940429688
91064250.8703455776 1423702.9243164062
91729376.3515234590 1454266.1962890625
96018367.7726184130 1476191.7705078125
91152074.3868336976 1427143.6333007812
89217175.8376427144 1316776.5976562500
90222195.7762399018 1387232.7924804688
90208678.4799839258 1384911.6606445312
90377870.2981161028 1393206.3671875000
93185125.4248501807 1474418.3134765625
88759656.1618501842 1274921.3242187500
90491353.3209609091 1396483.9082031250
88972897.0623598844 1293870.4772949219
91214836.9963441640 1431880.9316406250
91082096.4161000550 1425699.1005859375
89680626.2973085046 1354118.8618164062
89835270.2319562435 1367870.1318359375
88497728.2638106495 1239034.9497070312
88456193.1151176542 1229827.5227050781
92305090.4669561237 1465518.2031250000
93345498.1446468234 1474965.0947265625
93570133.9104605168 1475012.3437500000
89832030.9636913538 1366242.7495117188
89978205.5475370288 1371978.0078125000
90187724.1832241118 1383004.6044921875
92245536.9807265550 1465479.3964843750
92527165.5851327330 1472187.6064453125
90608014.7362064570 1405640.6655273438
89794327.6345426738 1360010.5854492188
90282960.8709559590 1388680.9677734375
90904004.6841669530 1421541.9399414062
90314785.2850637734 1391163.8564453125
90989361.4285646528 1423289.1547851562
89781213.5338803232 1359498.3535156250
89452360.7931578010 1336844.8276367188
89510614.0712463111 1342081.5063476562
91438611.1098343581 1442460.3408203125
89161323.3127078861 1311937.0708007812
94386086.9186748415 1475795.6318359375
90573224.8062263876 1400207.7929687500
91474513.4712272882 1443211.9462890625
92117406.0612397641 1465096.2958984375
96315428.1819839478 1476240.4316406250
89776972.1992340684 1358880.7680664062
89735103.1549388468 1357047.8803710938
89662142.1335545778 1348445.4145507812
88545694.8320194036 1248490.2497558594
91499057.1106961817 1446282.1655273438
90102451.3918099701 1379505.8354492188
90052475.7108485699 1377982.1826171875
88861848.6041493565 1282351.0974121094
89288090.6957959980 1322752.4965820312
89351536.8448757678 1326948.7756347656
88466011.4352359027 1230578.0402832031
88715222.8968527466 1267219.9169921875
90849149.1454073638 1417087.2290039062
92002261.0478938669 1461966.0400390625
90123480.9954231381 1380440.1704101562
89863067.8047604263 1368483.1865234375
90138846.7308775187 1380456.6142578125
91257072.8797090799 1434801.3833007812
88426082.7612943202 1216900.6108398438
91163176.0813096315 1429710.1362304688
94177572.8286110908 1475548.7939453125
89424346.2095880657 1332852.5849609375
89501913.6761020571 1338209.5964355469
89855592.6603007317 1367989.6894531250
89935905.5352292955 1371704.1572265625
89775907.1691770852 1357905.9858398438
91364634.2303707004 1439720.9267578125
92675560.4203137606 1472245.8720703125
92932432.1734483987 1473101.1416015625
88870519.5750238746 1286121.0895996094
93399917.2385338843 1474976.6210937500
88593547.2812957317 1254315.6437988281
88504649.7148641199 1240694.0434570312
93827761.6318402588 1475189.8525390625
88572448.9020960778 1253730.1894531250
89148760.2019198388 1309696.2509765625
89328407.7632530183 1325113.2871093750
89208958.3270126134 1316511.7158203125
89104092.4313328415 1305181.4611816406
89186314.3343343288 1313366.0129394531
89172487.9999284893 1312588.2961425781
88597916.8221449107 1258849.6101074219
90262940.3448400944 1387378.8754882812
90896503.6371697336 1417226.1474609375
89647618.4205664545 1345302.9174804688
90312644.8183045983 1389903.9521484375
89647327.3990600258 1345070.3100585938
93034837.0063612610 1473869.0087890625
92961752.4427300245 1473486.5195312500
89762766.9457556605 1357063.8100585938
90185801.8006136119 1382614.2773437500
89409894.0832421929 1332765.7529296875
92324411.0779590011 1465642.2910156250
88666823.9862309545 1261428.3833007812
88555897.8444458097 1248722.3276367188
90668180.5239519775 1405733.4492187500
91784219.4779968560 1456342.5117187500
88439888.0931066424 1227687.5607910156
88467905.3403702527 1236189.1650390625
91741134.1977802664 1455087.0205078125
88634392.5664189309 1261016.9863281250
88357370.6210714430 1211232.2883300781
92863300.8422790617 1473058.2792968750
89278820.6658176929 1320422.0422363281
92835242.4634507298 1473049.6972656250
88752065.6476116925 1271795.9567871094
88723684.7029739469 1267980.9455566406
88970083.3806522042 1293723.3796386719
91582572.8764158040 1448487.5498046875
91651234.2973524183 1452118.3886718750
89105320.2146566361 1308088.2163085938
89251007.8645136803 1318811.5107421875
90599469.8944860548 1400683.9863281250
90414783.2807897627 1393542.9477539062
90501053.2742127031 1400151.2519531250
91595659.0304737240 1452069.3095703125
89376519.8955301195 1329047.9450683594
91516184.8094260097 1446347.5815429688
88810727.8465441465 1277142.8168945312
91709608.2468143255 1453279.2548828125
91872153.3482538462 1459280.4394531250
92890969.0270016789 1473083.0126953125
91078862.0989897847 1425645.5268554688
88707999.9237722605 1266977.2841796875
88684373.2216610461 1264543.5700683594
88363122.7279182822 1214114.0312500000
88430823.6703471988 1224597.0952148438
88560796.6636641473 1248916.3264160156
88420732.3310555816 1216444.9384765625
96256922.4703284800 1476227.0937500000
88687703.5810001343 1266420.8049316406
88516506.9110230058 1242559.7316894531
88513137.6248252243 1240860.0563964844
92211963.4143487215 1465123.0595703125
88488154.5741708726 1238760.8869628906
91230025.4561959952 1434280.6562500000
92525614.7540327758 1470347.7509765625
91991790.1884136945 1459895.0019531250
88336124.5592643470 1205834.3034667969
88903733.5117775351 1286346.5476074219
88812900.5462814122 1279412.8303222656
92485456.2040292770 1470314.4091796875
88994025.9041502327 1297443.5002441406
92689544.1032057106 1472565.0205078125
91942004.3150534928 1459355.1816406250
92674642.9738630652 1472208.9492187500
91448490.4571075290 1442657.4238281250
91981648.7601584643 1459723.1943359375
88533147.0373703092 1245887.5646972656
90489680.5968487412 1396420.6513671875
88932070.2342204899 1291262.6286621094
88706260.0018234700 1266663.4377441406
88851072.0508641154 1281924.4982910156
88684662.8920654505 1265446.6032714844
88679763.8819765002 1263360.2263183594
