131355363.0151312053 47012.9207050651
131324452.7841537744 43360.2758548111
131675708.2735545039 61743.5951675642
131298580.7854164392 39951.3174656052
134859690.5887387395 93238.8779033422
131380716.8442233503 48843.3442448843
132203404.0948453844 71355.5609212220
133590944.8343037069 85785.3226173818
132301180.0763043910 72986.7862864286
133515577.3398875892 84575.9163673818
131294551.1462221742 38016.1868493557
131505029.9750912040 55175.2916149665
132795189.9731481671 78239.1541823447
132677215.7920282185 77682.1957472861
132395104.2870046794 73909.5287828762
131738567.9167270511 63398.8040795047
131632283.6891348958 60148.2687591780
132694134.7258743048 78034.0166010559
131342810.0049951524 46618.6457613558
149636626.0331229866 130583.2714843750
131327857.5053059161 43400.8396478742
134880911.9811869562 93482.8604295552
133496824.6327454448 84528.8731697500
132566695.7214324027 76551.4867018759
131562141.5678512603 58050.3348373640
131306540.2740696967 41559.6078851223
132597037.7183037549 76652.5135167241
132422984.3990762085 74518.4052114896
140810946.6404856741 105589.8331965953
149749495.8423964381 130602.7236938477
132435594.0855512619 75019.8455217034
134202030.8981180787 88151.1914833486
135122570.9364561737 94924.5312059224
132291882.7631950825 72986.7640313171
132194106.7817360461 71355.5386661105
132545474.3289841861 76307.5041756630
131973671.9235166013 67781.2539366931
133099444.9141295850 81434.4947603047
132337818.1040922850 73388.6201564968
131344220.3671245426 46627.3109185547
132089558.9790396988 69643.1411568881
150042790.5862041116 130758.9088745117
133722842.0291342139 86324.2749900222
131804788.6030872464 64760.4197348375
131927271.9811987877 66944.1401796211
132970313.1865906715 80338.3832948506
131300352.1054392159 39977.3730522394
131810656.0301565230 64825.2118109483
131416193.0931814760 50891.8926641196
131411448.7578710616 50688.8709148634
131298941.7433098257 39968.7078950405
132889976.8873968422 78978.2528346777
132893160.5789602101 79126.4170140941
134815261.8017135561 92890.7840745747
131429081.1263286620 51229.2024368513
134971409.3360813260 94291.1594986916
131934178.9277135432 66961.5306090564
149404846.4408466220 130240.9129638672
141576957.7404146492 109140.3223400116
131321968.4837614894 43332.5080020279
134978710.2820914984 94482.8532324433
132313011.7040524036 73344.4857271076
132962165.3420005292 80198.2368587255
131568008.9949205816 58115.1269134749
134240989.0020115077 88435.9226625115
131340494.7968775183 45245.4579557106
131507024.3341139853 55207.1902508307
131456209.5738401860 52932.8504334558
131503197.4080061316 55103.4821378738
133496715.9488230199 84170.4706148505
133748288.9805207103 86990.5820930898
134242479.5277440846 88500.7297990620
131294230.9214569628 37944.2312065363
133397549.2518645674 83148.1112772971
131295961.5083515644 38024.8520065546
132852285.0985675901 78910.5782047659
133453006.6583757550 83465.2774141133
131312578.5884029567 42953.2684738934
134274049.9688025713 88684.6326158345
133766259.1280669719 87630.3184212148
132359460.2670584023 73443.6107367338
131326447.1431765258 43392.1744906753
131383167.0865668952 48948.1974870414
131491725.8091997504 54854.2995054275
131653996.4171413481 60983.7543434817
146788353.2599860430 120416.0396423340
131432954.1943751723 51262.0958770979
133222679.5583091974 82282.6709717214
132070495.6392409801 69536.7421464641
132120291.3287672848 70344.7457570005
131334432.4940764308 45116.2851474136
133301544.3093444258 82744.5485017598
132096465.9255544543 69680.1971359835
133496823.7435944527 84263.8856094778
132230171.5722002089 71632.4044109602
132169199.2856445909 71165.2676072884
131521661.4114152342 56081.9850677717
132180865.7037769109 71176.7735887337
135229665.1642120481 95127.6480882466
131791418.5308110118 64474.4685692508
131330977.3766506761 44932.0731493086
135240896.5697995424 95274.4125535786
133065135.2480888814 80911.8179031610
131840326.4876883179 65294.9904195387
135206489.3768731356 95025.9011705220
133166872.6998140216 81789.9656668901
131436772.3844756633 51571.8389061093
131459120.3624118567 52996.8439869154
133176198.3725436926 82022.3794855475
132245525.5375791490 71811.5948610622
149331120.1610324979 129778.2230834961
131462077.0009094924 52997.6425095666
131657837.0128006637 61003.2603837419
149308460.4215120971 129767.2946166992
131743942.5173628032 63446.1191200931
131478311.4067365229 53941.9705873597
133673403.0981575400 86145.3119273782
131551377.5585965514 57208.4334606696
131406883.0122599900 50578.0923547018
134408014.1048580706 90177.2733653784
131438294.9260779023 51901.0128180236
131763180.0167083144 63796.8623617906
131342160.7519436628 46429.2365135252
131351080.2057024986 46836.2579858154
137026958.4067187011 97922.8998149633
133266812.6858312190 82482.6512039602
131539905.9597901553 56959.2508282233
134815858.3473332822 92927.6746690571
133431785.2659275532 83221.2948879004
131888720.2376141250 66527.1164552141
133528650.8877456486 84679.7524574697
133197419.7649919391 82266.3620117605
133916692.4297877252 87654.1612862051
148377852.0775545537 126613.9968414307
131336426.8530992270 45148.1837832779
134346796.6248441935 89904.0108049214
133314617.8572025001 82848.3845918477
131626416.2620655894 60083.4766830672
131337837.2152286172 45156.8489404768
131518750.6228435636 56017.9915143121
132983386.7344487458 80442.2193849385
131878717.4652082324 65915.7907304633
131918646.1119918227 66539.4516168255
131593562.3185863495 58970.1185380388
131921404.5541294664 66879.3481035102
131785551.1037417352 64409.6764931399
131691553.5744916797 62514.2886757571
134640773.1536642909 92724.1823594868
131329567.0145212859 44923.4079921097
131884584.8922775388 65980.5828065742
131605566.1522708982 59645.6612457503
133062328.1139205098 80773.1563957036
131499425.8033541143 54990.9010586310
131493558.3762847930 54926.1089825202
131663185.8641155660 61257.8080239017
131548134.5862938762 57048.1153606642
131970312.5110068023 67699.8699537981
131335842.8562058359 45124.9503046125
131528897.0869483352 56656.6133465040
134313979.3537839353 88864.4644182026
131558791.9494296610 57656.4210347999
131603091.7952032834 59236.5636633653
141218781.5541540086 106006.5242017731
131425624.1910264492 51179.9913334120
131366874.7943807095 47342.3754234239
134344959.4762234986 88954.4727914631
131348872.3077961951 46747.8185696527
131515793.9843459278 56017.1929916609
131512444.3659243137 55623.2791890968
131319438.4269808829 43178.0442650616
148811461.8470319510 129284.4439086914
133033944.7974750698 80744.2068879902
131352912.3521139622 46920.1324518770
133538008.2149928361 84802.6362465322
138327065.3378202915 101668.4502427876
149224631.6267101765 129335.3866577148
138529362.5910106599 101831.3363389671
134231086.9786515534 88175.2059896290
133018092.6932194084 80596.6297052205
133086270.2055713385 81229.7396180928
131320848.7891102731 43186.7094222605
134478510.6280052066 90707.1475084126
131391859.4922298789 49228.9540313948
141522735.9135280550 108389.3423519135
132080517.3672006279 69598.2479980309
131437645.6730263233 51707.6882378757
148772697.0124796629 128589.4700927734
131820633.5841122717 64993.5083194822
131318854.4300874919 43154.8107863963
138094883.0195697546 99886.1172960103
143676890.8877345622 114263.4554424286
131384999.6536519378 49020.0069641341
131722567.8256448507 62947.2144230008
145157718.2357216179 117677.7969188690
131306179.3161762655 41542.2174556870
148483674.2084151804 127958.0196533203
134996803.3895649910 94509.2577836812
142658522.3396397233 109534.8149767518
131480507.2636496276 54573.5919574965
147581651.4564998746 124735.7195434570
147776880.9097047150 124815.3046264648
132951247.7960091978 80143.2475984395
132895759.6366554946 79709.4298366308
131387956.2921495736 49020.8054867852
132249118.3806131035 71965.6057218015
131313988.9505323470 42961.9336310923
148787868.2598097622 128632.4630126953
131328917.7614697814 44733.9987442791
148624289.8454580307 128394.2938232422
134561115.6376534700 90917.0858114064
134953575.9956966639 94107.9358175099
131390026.9251448065 49157.1445543021
137888238.5927360356 98002.5074536204
131368707.3614657819 47364.3765806407
131647594.8821651638 60831.8900717515
132041137.5392926782 68971.9112617988
131340709.6625278741 45309.0177786201
147173797.2148221433 121408.2810363770
147026475.4017180502 120595.7724914551
131342120.0246572793 45317.6829358190
131993745.5922786295 68152.1879341621
132053028.0436325818 68977.2820253242
142822260.5311350822 111796.6373367310
142795537.6102768481 110046.8572463989
131418025.6602665484 50963.7021412123
131311405.7536248565 41752.4850404263
132424540.9740962684 74729.2521105129
134909605.4109413326 93762.2681482136
146049448.5732101798 118661.0882949829
131453252.9353425354 52932.0519108046
133023265.5374589115 80646.6380403340
131307950.6361991018 41568.2730423212
131834021.5532980859 65229.3998207767
131839888.9803673774 65294.1918968875
147916860.8299576938 124817.1579589844
131711447.3714238256 62865.0319174547
131428580.8295240998 51180.7898560632
131952455.6208487004 67411.6318589617
131688741.7973313034 61865.0333822984
147513352.9154390395 121731.2344360352
132686037.9667300135 77691.6701343060
132845436.0280226022 78625.9398308694
131360812.4915796816 47213.2026151270
131583522.4362706840 58814.0109445751
131304540.0367055982 41195.0468218941
131602759.9356162250 59164.7541862726
131394816.1307275146 49229.7525540460
131624471.7920293659 59915.6829601973
131646184.5200358182 60760.0805946589
132385027.2799395025 73597.8893509209
131888684.1529299319 66031.2848399598
138785199.2721815109 102223.5830495656
132510783.3423732221 75631.0311966240
131625882.1541587412 59987.4924372900
131846837.2378342152 65863.4749136437
131423791.6239413768 51108.1818563193
131525670.9252561182 56373.4370245654
131690156.8483730555 62020.6342829932
131952416.9802388251 67137.7389735151
131784154.3776231110 63916.0221003760
132403018.4152842909 73960.8143740827
131753016.4915456027 63684.7552450914
131779892.4275184274 63879.7041265238
132656032.7889361680 77333.2795437665
131878553.1408814192 65893.2581447596
131537462.8263142407 56949.1705097426
131774300.4709293544 63879.0448673368
134602916.0620197654 92061.3419149220
133072515.9269478768 80984.8992137015
132504527.1591767967 75625.4567337334
132498659.7321075499 75560.6646576226
131883970.4923599958 65933.1811598986
131833274.4519487023 65048.7523622382
131874421.3671148121 65868.4756898750
132483791.9184188098 75511.8895692378
131479323.3417507708 54340.2951788623
132621814.6363584399 77103.1219864190
132473964.9199281633 75445.6984681636
132494700.1606861651 75559.2656326592
132473478.7682379633 75315.2831064463
139655842.1982597411 103403.1762809702
139093977.4416168630 103389.9110498477
132449835.0623340756 75042.3671927983
131968796.5011435300 67699.0714311469
144276875.8236089945 114545.6598587036
140592109.4664807320 105239.2386405021
147148058.2731226087 120732.5675048828
140199683.0887108743 104387.2770073819
140529351.0808059573 104533.5003016293
132272182.2438351661 72517.7510242034
138639011.5435464382 101863.7880819142
133485290.0162627101 83755.2867715508
132883467.8204706162 78924.9056612998
132286639.5964093804 72692.3619179511
132278049.6709044278 72582.5431003142
140061368.6956569552 103933.3812934865
132167585.8121843934 70584.8095960338
132151304.3647533655 70399.9830694813
132279565.6807677299 72583.3416229654
131435180.3049176335 51554.4253477771
