129032780.2591206431 3621366.7070312500
130000992.7968262583 3745207.8476562500
132654223.9333398193 3907194.4726562500
130197294.4455543160 3764102.0664062500
130192182.4855716527 3763043.5585937500
130378328.2662089914 3778173.9687500000
139909872.8422723711 4056730.8085937500
129048552.9286666960 3622963.2109375000
141130066.7910956740 4063365.1093750000
134687103.9961516857 3973437.6796875000
132721858.1618552953 3911547.2578125000
131066580.1925664246 3829399.9765625000
131162718.3241649270 3835694.2773437500
135969972.8681870997 4008657.2773437500
136032083.8133074939 4009023.1640625000
132453192.2335303277 3900964.3203125000
140385798.8171541989 4058786.0156250000
130091267.7481489480 3747692.5195312500
140843357.8712379932 4061752.6289062500
137300474.1532555521 4028663.5937500000
129703655.9976930916 3708813.7382812500
130286264.8666639328 3772931.8906250000
131157998.6133972853 3834402.6875000000
144482602.4296674430 4072805.8164062500
132149827.7127989978 3888022.9921875000
131253693.0147127658 3843359.1406250000
130200242.4589469284 3764661.3671875000
131086532.1754426509 3833440.9492187500
132364500.1974275857 3897448.5390625000
137234024.1601529717 4027286.2500000000
129500097.6094696820 3684602.1875000000
131447115.6455454081 3848933.5937500000
129645506.4514120966 3701170.3437500000
135774452.2705683410 4004739.9726562500
130420575.3657752872 3780537.8945312500
128682445.7500250787 3557922.6406250000
131520078.0553809404 3850316.8906250000
129733646.9746488631 3709093.6640625000
132186653.7337743938 3888214.9375000000
133199295.5640855432 3927220.8125000000
135816184.0995051861 4005804.7773437500
131131340.4155853093 3834313.2617187500
129638277.4185323119 3701013.6992187500
132288274.2924173027 3894534.7031250000
129993750.3793591410 3737320.6484375000
134719484.2138112485 3974182.9023437500
132026176.3772155344 3883860.8398437500
129245663.7100815028 3650601.9882812500
136321781.7792768776 4016046.8281250000
139546614.9953023791 4051734.8242187500
128769814.1865116805 3570146.2382812500
132041075.1310659349 3883951.7656250000
137383610.8235117495 4029938.3085937500
133169657.5138150752 3926422.4843750000
133652667.6543807983 3943224.3046875000
137072035.2114597559 4026820.2539062500
144470680.4209193885 4072777.3476562500
128893298.1984880865 3598796.9335937500
128725369.6170937866 3569242.3125000000
131496537.0603273362 3849814.3906250000
130180440.1376121640 3759699.2226562500
136727433.9400212169 4022189.1054687500
137006673.8520656228 4025018.6406250000
133154758.7599646747 3926331.5585937500
128695990.2223022133 3566861.0000000000
140688047.0775981247 4061597.8242187500
130652484.4466919303 3802426.9960937500
130895662.2930633575 3817161.2343750000
136129365.2567610145 4009937.2148437500
128673363.7090771347 3557530.2968750000
128777011.0763704032 3572811.7031250000
130887060.7164441198 3815798.3281250000
133664431.7287521660 3943530.1289062500
129546504.2056630403 3686447.0976562500
135937676.1059654951 4007815.1601562500
136134098.0730814040 4012313.4687500000
133127896.9092610925 3924398.9218750000
144325769.0045789182 4072739.1171875000
129567365.9237788916 3689817.1914062500
131740911.7772588134 3865476.7265625000
130259644.1158147007 3769596.7617187500
131749513.3538780957 3866839.6328125000
135281328.2182159126 3992227.0000000000
135374437.0542760491 3992997.3710937500
135532050.1083323956 3998804.2539062500
130157640.2859025598 3758160.1992187500
129345671.0162178874 3663985.4414062500
128796137.2583600283 3573891.1328125000
130641821.2833369821 3801960.8125000000
134738523.5338250995 3975540.9062500000
129003200.3953260779 3613177.5117187500
129269810.1476049572 3652849.3281250000
128944453.0729355216 3609110.5234375000
129439824.6790750176 3668434.0429687500
140364717.8377476633 4058649.5820312500
132081238.1818730384 3885636.8789062500
130606803.2901096642 3796245.8906250000
128916148.2146888226 3600724.6015625000
130626522.0941348672 3798730.0820312500
131562371.0682812184 3859225.7539062500
136541853.5686761737 4018555.9218750000
132221176.7545828074 3889031.8203125000
129291615.4296340495 3661685.2382812500
131680642.4580266923 3865047.3984375000
129039150.6979461908 3622662.1679687500
129899398.8584564328 3731681.8398437500
136259887.8007605374 4014045.3125000000
129309158.7099628448 3662094.2109375000
129580402.5682139099 3694797.2773437500
128919717.9318140000 3605618.8828125000
130561123.5579676330 3794572.1484375000
129252543.1179556102 3652663.0000000000
128837158.3856806755 3590149.2304687500
129776037.6061873138 3714463.2031250000
128869895.8187443018 3590596.7734375000
129038495.6803204566 3621468.3085937500
129052381.9646675885 3626843.5781250000
135427256.0803056955 3996295.1601562500
129817782.8696654588 3719326.4296875000
128941616.1968295276 3607671.5820312500
129359028.3606530428 3665492.4453125000
128887635.0486005545 3592476.1445312500
143755529.6746301651 4071525.6132812500
129594841.2553859651 3696835.1132812500
139624064.4883335233 4051795.2968750000
129243914.2079757154 3648307.0273437500
132811235.9509876817 3913965.0234375000
128945185.9139546901 3612565.8632812500
130458937.5605974495 3783953.2109375000
129010039.4760646075 3620022.8203125000
129666252.0352002233 3703063.8476562500
129164334.3120972812 3638270.5703125000
129474016.1585519761 3679804.2578125000
129139502.9928986281 3636652.7109375000
135383179.0908189416 3993065.0625000000
129085513.4688570350 3630707.9570312500
128798622.1735171527 3581230.1621093750
129122902.7866867781 3633620.5078125000
128826342.5983137488 3583667.0625000000
128835976.2621504515 3589712.2929687500
129222708.2166125029 3645538.6718750000
130462010.3407531828 3784041.8046875000
130462524.3731986880 3788705.7148437500
131537609.5462427288 3856202.0664062500
129207774.6146756858 3644251.8046875000
132779874.2442333996 3913542.6484375000
130122006.4883766472 3752870.6054687500
131591295.8105022758 3859622.7382812500
130148756.3555506617 3754807.0468750000
131170914.9511874914 3836099.4296875000
131853049.2059933543 3872660.6132812500
130749273.0323292315 3808750.9765625000
130451825.1234308481 3783425.8398437500
130802089.1899883151 3812115.4843750000
130724670.2076265514 3807159.9804687500
139175157.4291094244 4048867.1601562500
139445316.7757863700 4051552.2773437500
139317523.0936081707 4051063.2851562500
130419513.3439833522 3778735.0312500000
129795243.4855491072 3715491.1484375000
136696595.5787674487 4020567.2070312500
135213265.6892144084 3989967.7773437500
130858543.7160192728 3815366.7500000000
130357945.9902505130 3777181.8085937500
135126427.1587165296 3986592.3867187500
139212353.8292560577 4049168.2265625000
130848121.6446662545 3813817.3593750000
136915573.3532960713 4023508.3710937500
130851811.9492927045 3814917.9804687500
130772587.5121921599 3809984.9101562500
136997035.4053003192 4024413.8359375000
129376421.1701803058 3667402.0625000000
129762694.8770766407 3713096.5820312500
129451908.1870665699 3674086.1328125000
129823424.2398727089 3721265.4570312500
129820088.2321736366 3719714.8281250000
136481035.4599781930 4017154.1562500000
134927839.3158643246 3982961.6445312500
134962651.9395763874 3983405.2460937500
136583163.2188256085 4019442.7578125000
130170199.2162140459 3758652.2187500000
135422709.9844969809 3996170.5273437500
135440421.5130465329 3996299.8828125000
130998000.7270637006 3823379.6562500000
136695234.9987538159 4020565.6289062500
130068589.0520263016 3745241.6093750000
130921926.5008973032 3819487.6250000000
135883460.8674538732 4007013.0585937500
136060133.1877893507 4009824.8671875000
129959755.1884915084 3733696.9257812500
135009490.3337846696 3986533.6445312500
135231733.5483451188 3990975.2929687500
135716870.5450519323 4002606.4960937500
141122240.8248775005 4063290.6914062500
134496025.8839643300 3971554.0156250000
134458295.6452036500 3971073.1757812500
134740376.8680844903 3977309.2304687500
135706187.6450159252 4001504.2578125000
134342731.4130678475 3967305.4882812500
134543692.5549187958 3972817.9375000000
134547190.3198517859 3972882.9687500000
134515837.9818075597 3972052.1210937500
138592685.3284073174 4042186.6875000000
138743675.1458850801 4042427.2812500000
140083807.7147245705 4057055.6093750000
132598154.5619271994 3905902.3945312500
138995577.5602827668 4046090.6328125000
139884666.8791074753 4055151.2851562500
139240178.0626130402 4049502.1054687500
135516707.1433944404 3997331.8476562500
139090518.5997781754 4047377.0234375000
135264021.0287012160 3991101.6953125000
138784509.0507245362 4043063.0742187500
138525418.6435245275 4041793.4062500000
137971456.6995609999 4035967.6015625000
137996257.3452943861 4036456.5156250000
138809970.3402326405 4045110.6289062500
137351768.0243108869 4029132.6835937500
139732660.2033840120 4054361.9335937500
140269124.9985330403 4058109.5507812500
138057170.8910798430 4037205.4921875000
140130153.7712252438 4057620.6601562500
138489074.0492448211 4041477.4453125000
137939023.9891591370 4035928.1132812500
138597784.9674984515 4042298.8203125000
140093986.4488980770 4057304.6757812500
134876675.5597408712 3981926.5117187500
139782981.2843898535 4054636.5078125000
139971005.7176839113 4056815.6835937500
143271061.7270725965 4070376.7187500000
137675361.0543065667 4032823.3320312500
138978893.3936625123 4045982.3945312500
137866967.4520189464 4034293.8945312500
133898358.5013274401 3953939.5937500000
138378237.8252083063 4039637.4140625000
134777527.5761307180 3979542.2890625000
143893895.9667197764 4071688.4062500000
132004671.7950236350 3881481.0898437500
132013916.2508760542 3881516.4765625000
131956940.7944869548 3879761.6054687500
131902204.3297695518 3874178.2187500000
137568778.7382498085 4031114.1289062500
133911581.8061953485 3954330.1914062500
138251066.2451987267 4039146.7500000000
132890971.5269384682 3917948.9570312500
132897305.3819199800 3919232.8125000000
132954583.9891300648 3920478.7421875000
143377051.0440121591 4070928.4531250000
133843966.0668453872 3952602.4414062500
138148868.6090338230 4038512.6015625000
134030980.1154996455 3959449.3437500000
142420972.2253467441 4069120.2343750000
134021918.8632668704 3956756.2382812500
131796584.4578279704 3870079.2695312500
133557790.2623533010 3942112.8515625000
133550860.3619162142 3941187.5742187500
131352408.3461949527 3846046.7851562500
133958553.2783884555 3956490.3828125000
131397275.0447652191 3846383.9257812500
133423625.4669420570 3937185.1289062500
134125543.6946437657 3960924.0664062500
133406083.8738845438 3936904.6875000000
132479272.9341171086 3901400.2890625000
133477645.8110063672 3939224.1171875000
142054878.2356271744 4067846.7304687500
133553131.8087097853 3942097.0000000000
132988885.5450598300 3922870.3945312500
132843603.5138708055 3917357.9453125000
140585027.2651701272 4059717.3203125000
132600589.4111954421 3906006.5742187500
140623457.0199575722 4060005.0273437500
132620137.4536886066 3906557.1835937500
132199062.9014451802 3888952.1093750000
132695526.3845593482 3911102.4296875000
143082676.3124695122 4070350.6054687500
132665883.1378418654 3910031.6289062500
141314130.4396442473 4064269.4375000000
132222403.9234637022 3889134.4023437500
143981511.6175271869 4072393.2617187500
133387630.7388576269 3935523.1484375000
131656027.0348760784 3863115.6289062500
131854620.4515596628 3873430.3125000000
142882464.6205379963 4069904.5742187500
143364404.2044501007 4070796.2695312500
142303508.5509075820 4068117.9687500000
139627823.7403050065 4052606.3554687500
138226289.8713808656 4038695.8007812500
142698681.4157680571 4069175.6367187500
142334225.8635223210 4068631.0703125000
142793223.0047705770 4069901.8046875000
143015187.0593755841 4070196.4765625000
141465953.5884214044 4065271.2382812500
142038916.3801008761 4066582.9257812500
141263544.4536217153 4063427.2460937500
142009148.9682568908 4066541.9726562500
141869806.2177924514 4066497.2109375000
141431688.3863728940 4064419.9101562500
140579285.6448346376 4059634.8750000000
141686264.3525539935 4066082.2031250000
137523101.0988599956 4030511.7578125000
