137329982.6115042269 1485676.5830078125
133585531.6360569745 1327390.9067382812
136009717.8916301131 1443975.6586914062
136405783.9125989079 1457939.8977050781
135645751.7402305007 1431283.5018310547
135554838.5428328514 1425971.7347412109
135798680.4442553818 1435808.2204589844
134197501.0691428483 1362057.2969970703
134152822.6945873797 1356891.9030761719
134083660.0918910205 1352757.2974853516
134156894.9794490337 1357122.6131591797
138030545.4542620480 1507475.9384765625
134000035.2015573382 1348321.7550048828
132105152.8421049863 1243940.1951293945
131868524.9701256454 1229792.3572387695
131871680.6057900041 1230173.6405639648
131958438.3171604723 1234970.1431884766
142034059.1515989006 1598901.1621093750
142259565.2616137564 1599398.5273437500
132891002.9769179374 1291711.2852783203
144024853.1563518941 1619008.3720703125
147998655.4820564687 1641010.0185546875
130964847.4339226484 1149337.3043212891
138115610.3239620328 1510425.2226562500
134350769.3864986002 1372737.9824218750
134657167.0713580251 1384992.7581787109
134761748.3123517036 1390061.9456787109
134718217.9131484330 1385065.6507568359
132476716.0517234802 1269307.9715576172
141447258.2235516608 1588004.8588867188
141576882.5855253637 1593664.2768554688
142024809.5184198320 1595748.8691406250
134016884.0508601516 1350014.8135375977
136429957.1489751935 1458533.6218261719
141373937.4982086420 1586900.8188476562
141406841.2760070562 1586991.7114257812
144589227.4337768555 1625421.4199218750
145408596.7923415303 1632428.1621093750
144826471.6651034951 1627393.8203125000
144961297.1621444821 1631246.9941406250
131572417.5489261746 1205216.2255859375
131650478.9569188952 1213000.3746337891
146237619.9269298613 1636143.8964843750
146312610.1013517380 1636583.3330078125
146003820.5215665102 1635678.7880859375
145849634.8985423446 1635551.5937500000
134115956.3849383891 1354636.5126953125
134057373.3334276378 1350670.1931152344
139300388.3798430860 1539597.1884765625
139312874.1616476774 1539785.0688476562
139108485.2360082567 1535408.1049804688
139138681.2829499841 1537835.1782226562
130794568.0535294712 1113417.2147216797
130825148.0964631438 1125520.4549560547
133587735.2897623777 1331486.7934570312
133691212.7811458558 1337273.8964843750
133830963.5240359306 1341029.4942626953
133599078.1006015241 1333237.7901611328
136401546.0821009576 1457640.5224609375
136357002.6740777791 1456987.6938476562
136093777.1863985062 1448096.5795898438
138957783.8024417758 1532614.8471679688
138927766.7680765390 1532588.5434570312
140909443.3494110703 1576642.9614257812
144826398.8639207780 1627254.1503906250
139650490.0468941927 1547975.7885742188
139601502.6131552756 1547334.8491210938
138650012.8534906209 1523824.7709960938
142991506.4197990894 1608585.2412109375
143615604.3628844619 1617693.7578125000
143563752.3442841470 1614245.4648437500
144095506.7500259578 1622023.7558593750
144880879.2470300794 1628584.5810546875
131645044.7064879239 1212091.4757080078
132422915.9955686331 1262119.6185302734
142352261.9034900367 1601066.8183593750
142287073.6561585963 1600159.2597656250
138646090.6335217059 1523582.2299804688
131663980.2192532271 1213170.1794433594
145650567.3056102991 1633061.7587890625
138133004.1175660193 1511525.9667968750
136430620.0711382031 1459028.0087890625
142995684.3792012334 1609157.4931640625
131015358.4125775397 1156715.0220947266
131970199.0865069777 1239298.1342773438
132121124.0966996402 1247197.5002441406
131783271.1880381405 1224963.2645263672
132067997.1262710840 1242192.2456665039
131831627.6983078867 1226492.0990600586
138496409.7907191813 1522064.6752929688
141506813.9615107477 1588650.3139648438
133447213.2672834694 1321657.7855224609
133534871.3932711184 1327312.7055664062
131924531.6749500185 1234039.1013183594
131863459.6401035935 1227310.2241821289
131702997.2760486454 1217366.5734252930
131883737.4477822930 1231652.8885498047
138057640.0282810628 1509069.3588867188
145429175.4669875801 1632913.9492187500
144660660.6734037101 1627224.3154296875
145177432.3260793984 1632052.1884765625
144965691.1186007559 1631431.1806640625
138593845.0638791621 1523512.8403320312
138804332.5516966879 1530832.3041992188
147925583.4184183478 1640579.4941406250
139550554.0545561016 1546465.3833007812
133466340.6458134353 1327162.0903320312
136229214.1988383532 1453182.1088867188
133359272.2245956957 1317106.7828369141
132950054.7662879974 1292979.5689697266
136032831.5662451684 1445858.8046875000
140803883.1340603232 1574451.5893554688
133440220.6633107513 1321292.0914306641
130850399.5850827694 1126069.2567138672
133808213.5060442984 1340079.9582519531
133911210.9476611316 1344516.3183593750
133250567.2640418112 1311355.7149658203
140149266.3160507083 1558722.2641601562
137966614.0930345654 1507106.3676757812
138042431.5194507837 1509054.3881835938
134645227.9935971797 1384971.2093505859
137452737.0312356055 1492494.7500000000
137542832.1268615723 1497295.3251953125
137684224.8547311723 1498228.3525390625
135970115.6944230199 1442017.5541992188
136314119.6141447127 1456092.2995605469
131390140.7410951853 1194082.2408447266
131525706.9992512763 1204960.8175048828
137524722.1366231441 1496569.6474609375
137700000.1296205521 1499874.5253906250
132459182.8452764899 1266103.3621826172
144532703.9434053302 1624987.8017578125
147642151.5553526282 1639300.6884765625
135087899.9049944580 1406744.9919433594
133115562.9982120395 1304273.3835449219
132424841.0850658715 1264632.6656494141
132611893.6206516474 1278318.0821533203
133104690.3370523751 1303313.4661865234
137671674.5057584941 1498134.8247070312
133189963.1144515872 1310166.7376708984
131741159.2517199665 1220605.1810302734
144432190.4604270458 1624449.7333984375
139068743.2758165300 1535085.5712890625
132562918.0788612962 1270206.8970947266
132587722.7429588288 1274493.4547119141
132814142.9637942761 1285891.6944580078
136731408.3692122102 1470981.6171875000
132347450.9988146424 1257148.2733154297
132890811.9907165766 1289593.9068603516
136492120.6483184993 1463134.0280761719
131164758.4047693014 1166519.3323974609
131050411.8937462270 1159919.4796142578
130922829.2289283425 1146501.4093017578
138566246.7734642923 1523397.9135742188
138687752.0159410238 1527961.4848632812
138777237.6356317103 1528311.8081054688
130878194.6214451492 1133781.2122802734
130899889.7383489609 1139725.4901123047
136835943.2419418395 1474391.2612304688
140928835.3675187230 1576699.2783203125
132975444.7231126428 1294699.3011474609
141272072.1914225817 1585760.7705078125
132576404.1461888701 1273630.4146728516
131435291.4288294762 1203249.3811035156
131643399.0406759381 1209178.6246337891
142709339.6255363524 1605243.5214843750
142523404.1786158383 1603379.0097656250
144582997.8901201189 1625383.8310546875
132263030.5562549978 1249076.4584350586
141534701.2251079381 1589238.5522460938
141793796.2792353630 1595031.5058593750
143374692.4645107388 1613472.4726562500
143468597.1054948568 1614089.9472656250
133296972.4642707109 1314420.6855468750
131061972.1575306952 1160631.6793212891
131009858.0285055339 1150991.4167480469
136728034.1726559401 1468092.4814453125
134160629.6314151436 1358781.2592773438
143214668.5406706929 1612200.7773437500
132310867.2445605248 1255213.9443359375
133071446.9321015477 1300062.2713623047
136860978.7118940055 1475243.6513671875
137219128.6105923355 1485003.7993164062
136911979.9931934476 1477708.4218750000
137486901.9989860654 1495002.4882812500
147754185.6211731136 1639368.8056640625
134482404.9563382864 1375810.1434326172
137401200.4521211088 1489871.0695800781
137093947.1469213068 1481686.6420898438
137076910.5265596211 1481398.7846679688
131390842.0013005137 1195389.7917480469
134271759.7794517875 1364668.8271484375
143129807.7120016813 1610668.5156250000
142917555.5172231197 1607690.4658203125
131392117.6254439950 1199708.6223144531
131370497.7797900140 1191844.2551269531
131336671.8005248904 1190130.6142578125
132283752.7284711748 1251099.4066772461
138350055.0092682540 1516357.0869140625
138441080.6761128008 1519416.8750000000
136869791.0681717694 1475453.5649414062
138185336.3159726262 1513052.1689453125
138363381.7098498046 1518381.8671875000
133010557.1100760251 1297828.3197021484
133115223.5878715813 1303405.4244384766
137406693.9154189527 1490430.7290039062
137429903.7079918981 1491360.0517578125
147096403.2294337153 1637459.6601562500
147373189.3612321019 1638527.7958984375
147428107.6745593548 1638767.6855468750
147766296.1377255917 1639785.2578125000
135888388.3383821249 1439478.8061523438
139391202.9166108072 1542337.0058593750
134277854.5571511388 1367007.7821044922
131251444.9255563915 1186994.5661621094
147375594.3359787464 1638597.4287109375
140850681.3980122507 1575715.6591796875
136763651.6661109030 1471285.7626953125
140972667.8672740161 1579216.9736328125
140935617.5655349791 1578038.5688476562
139519101.4842866957 1545293.4692382812
144263298.9546606839 1622754.3847656250
143438986.0118516088 1613491.0302734375
140064637.2674762309 1557675.9785156250
140380888.9280518889 1565413.3989257812
141220859.7320325077 1584927.8442382812
141073562.1406594813 1582782.4853515625
141200802.5253100693 1583903.6967773438
135209616.2501009405 1413226.4604492188
143285820.0193723738 1612448.2412109375
148444649.2804881334 1642225.6035156250
140368216.6610552073 1565082.1459960938
142809045.9227454364 1607402.1337890625
138927387.4645012915 1531923.2973632812
140313055.0505210757 1563299.2382812500
131200167.2470741868 1178930.8887329102
143081694.4279218018 1609871.7822265625
147070219.9562904537 1636665.6435546875
147557956.7583220303 1638858.6103515625
144048422.8668279350 1619949.8515625000
143027588.6364453733 1609527.9062500000
135322626.3773816526 1415604.1314697266
139548308.6044979692 1546076.9814453125
139767680.6606999338 1551277.5791015625
135333474.0981147289 1417203.6333007812
135569348.5643947124 1427374.0131835938
135334674.9040544927 1419442.6262207031
143856179.5434176922 1618034.8828125000
131160633.5096548349 1165982.7194824219
139882060.2388343811 1553347.9794921875
132879801.9519736469 1286813.2148437500
132984010.6731680930 1296690.6723632812
135804820.5279993415 1438950.2963867188
134512593.5165210068 1377012.6207275391
134433563.8983279169 1375416.3890380859
135769912.2607638538 1434771.7756347656
134852815.7102091610 1393620.2059326172
135240876.1690882146 1415361.4875488281
135469875.2969272435 1424367.7648925781
140644045.9090189040 1571040.7275390625
140393509.7823298573 1565983.8154296875
139918291.0418988168 1554176.0776367188
131174858.0827949345 1171531.8603515625
131097426.3911300600 1165019.8585205078
134736649.2087351382 1389610.7095947266
134865279.7213363349 1397669.8256835938
133431403.0967031866 1321269.1724853516
134983840.5419836342 1403251.3183593750
134605090.0334552526 1383556.9017333984
134567306.2551343739 1379657.7972412109
143932606.9670193493 1618078.8945312500
131241611.2064672261 1179055.6181640625
136423431.2061332762 1458013.6088867188
136184434.5517074168 1450576.4799804688
148495609.3648727238 1643252.9589843750
134734628.7314531803 1388389.3695068359
136295967.8062188029 1453530.5756835938
148280322.7177584171 1641476.6845703125
148432603.8577374518 1641659.2246093750
135053350.1903453469 1405532.8356933594
147370761.1753320098 1638182.1982421875
139407817.2580480278 1542404.3881835938
139344666.3931142092 1541299.8496093750
134804989.9185396731 1392548.0224609375
134945455.9758306444 1400793.6585693359
142583930.4857677519 1604908.2695312500
142716223.5838714838 1605530.2119140625
140650254.2286517322 1573163.5722656250
140199261.4777354300 1562067.5913085938
135400726.1989108324 1423527.2385253906
133804843.2811521441 1339215.5705566406
134860961.5146289468 1395002.4846191406
135921129.6222178042 1441862.6640625000
140896718.1922031641 1575966.2866210938
133930385.6588703990 1346180.9376220703
135133456.0527814627 1408861.6367187500
138684547.5683284104 1525643.0776367188
143151125.8415080309 1611764.6904296875
134063407.3236362934 1351542.4161376953
139971096.9644132853 1554188.6127929688
