51947756.5556637719 464.1180544363
52454416.8140398189 545.1879580319
52090424.4599190578 487.4522957569
51124885.2732852772 290.3021939941
51511176.1758792251 384.7933451255
51643897.9333130568 411.1967368543
52315328.2168071419 525.9465842769
51306659.5060507879 342.6517113541
52989341.5452066660 604.9291424751
51290070.3350065723 337.7327044797
52892368.0164321065 588.8383973837
52235323.3839015439 510.7329320675
51818187.5039336309 440.8661496581
52154821.5350244790 491.7402352095
51943424.0707369670 462.9815896284
52128233.7569238618 489.4102729093
51913889.3588068783 457.2378030140
51429130.8377590701 370.4980304472
51586309.0413357839 395.8498781628
51816767.9693111777 440.8244100304
53023529.1633002758 605.6601305008
51774490.1319082305 433.9035616934
51305434.1158008799 342.6485738268
51004281.7165270522 220.2073884169
53875668.6623546481 635.1380176544
51627712.5098790452 398.5300573632
52357517.3347808719 533.4957728982
51115355.5411451980 273.4293043204
51355322.4136468917 347.1629455320
52106566.6731500402 488.6956149936
51956167.1962098256 464.1586513510
52030167.4916618839 477.4289754033
51362856.0714083686 359.0602608258
53561981.2178506255 631.4697437286
51787366.5907210410 434.6788693983
51800743.8625621647 437.9993425626
52736309.2338474318 573.8740949631
51726337.3358592615 420.6268789303
52131104.9068554267 490.6762498021
51229210.1168124527 319.4097415201
51446929.5227665603 371.2315985244
51846369.6257611588 442.2670431063
51994511.4948960468 468.0061347187
51668268.5625661686 413.9303904518
52498413.2326739207 553.5101963282
53126499.1086755916 609.5015643835
52698949.9392047003 572.2352582216
51369997.1988169923 359.1525825747
51589341.5632348359 396.8278252117
52256053.0531420857 513.3087349534
53242806.8674923778 620.4028034210
51015058.4623337016 223.6560642314
51892625.4385837689 450.1614740286
51365928.5154436454 359.1092357710
51070929.8572871834 267.8807868552
52085324.2759263143 486.2622259390
52188265.3877966180 506.4299357329
51720019.9993737936 419.1017829410
51766724.5489585996 432.7777234211
52161508.9272385910 498.5730804007
52161654.6132593304 501.9985202353
51510261.2823998258 384.7857546180
51551908.3975914270 393.7629583783
52132194.2902082801 491.1410622001
52033773.4691116065 479.8308474820
51251004.3074429035 320.9071835868
52060384.2436488867 484.2622629795
52223486.3264689967 509.7518067658
52094583.1259934232 487.5841340125
51227534.1932576746 319.4081806373
51903264.1379894614 456.4617071569
51915748.5478970557 459.3917076110
52470793.4442408979 546.2508847713
51752534.5723363385 430.2053321495
52708682.8402152807 572.2524292469
52169822.3698698133 502.4522207713
52601954.5911090672 563.9228166342
51871692.3752577007 445.3736495674
51918855.9901019409 460.9280216589
52784135.3022779450 581.7539215535
52812146.0188829899 583.5573122501
52825256.6139424294 586.4817502499
51787867.4037493318 437.2240348577
51386431.7562953532 361.4008693549
51635015.2916285843 409.5258186429
52178359.1852544472 503.1650888026
52302217.9481882453 525.3327615559
51298840.7640651613 338.4300157437
51114986.6217830405 271.0288338256
51894651.3186571822 454.7322560351
51698292.2146773264 418.4509196803
53452460.3093678579 630.4621200562
52632867.5707311332 567.7566883564
52402091.6278328896 536.0347812176
51942624.2873144299 461.6297778282
52046845.4803920239 483.0956944122
52330281.5812735036 529.7105720434
51499878.1020189822 383.1618684391
52644198.6377242953 569.2843523026
51058888.0527131036 247.9550337181
52022640.8089472577 476.8999287884
52206422.8183397055 507.5428992901
52616267.7632659450 564.3945240974
51829789.5185008571 441.5652869369
52297495.0821443945 518.5823544159
51038598.1473983899 243.8431021762
51941157.3541081324 461.0435094107
51513809.0072964504 386.9271672114
51466206.8482127115 373.7543742347
51132029.3103666157 293.6163422652
53146580.0566669777 611.5635180473
52095968.1343896613 488.1931726635
51341693.8837802932 344.1579402096
52493558.7605434656 550.0847564936
51999404.1259726956 468.5821285844
51672048.0598445386 414.8548753802
52624719.9074116349 567.6626865864
51569707.0825989246 394.4965264555
52857423.2265048847 588.2150931358
51604417.8765569255 397.7990693375
51769787.2915280983 433.8292220056
51355409.3623238280 347.2043860413
52242006.7090804800 510.9192189276
53591761.4593727067 631.8476524353
51161359.3993895873 295.9699019811
51391802.9386349469 362.3986985907
52433799.6053842530 536.7657692432
51678706.5523792952 417.6756119754
52771345.5898858160 578.4789719582
51568429.5653450713 393.9588947992
52621046.5862183720 565.4709308147
51479116.6765066087 381.6927459771
51695406.0391796306 418.0355316252
52907969.9418916702 590.0658873320
52250351.3886701763 511.3299340010
52267235.2125401050 514.5980964899
51096648.8669367656 270.3262340617
51382652.2590169758 360.9889948322
51218984.8038427532 319.3162931468
51966630.0186671317 464.9645752236
51857113.9687053859 444.6718933980
51775061.7325410992 434.3169779515
51915509.0791824758 457.6520628667
52461073.2703081518 545.7125208378
51198550.1745638102 314.3976195646
51527443.9995524287 387.3995701168
51187031.0732560083 297.7190955319
52652346.3010437861 569.3783540726
51163942.5389861465 295.9827691144
51708972.0995704904 418.9328017856
51629723.9291452691 408.0376593962
53701420.3138358742 631.9325237274
51070068.4307231158 249.5477600119
51264920.2126245946 321.9219376390
52616686.6467216685 564.4280781746
52867485.6696655750 588.3047370911
51461466.9807234854 373.5759204335
51129254.2879119217 291.9117441832
51807183.7998506129 438.2718744080
52346810.2376580983 530.3928892016
52068411.8358122706 484.9602885172
52899716.7050529271 589.0045844316
52825067.6932514161 584.0363030434
51734294.8490670398 422.0394082468
52844735.3442550898 588.1034159660
53121644.6365451515 608.2944473028
52876035.0590804964 588.8344039917
53252805.7834133208 625.1161804199
53402624.4157485366 627.2168369293
51166347.1288577318 296.1266284473
51889963.3354854584 450.1490326400
52470406.7090375423 546.1773332357
52601567.8559057117 563.8492650986
51765277.6978091970 431.4067997213
51908256.4854499325 457.1634633262
51971268.6161258370 465.5606875122
51399938.2213178575 363.3686127889
53448411.2836444229 627.6006679535
53092429.9014747739 607.7607870102
51800042.6724419966 437.6394316282
51908555.4219367653 457.1983623307
53039131.0887598395 606.8876204491
51069693.5340344682 249.4640997595
53408823.3361118287 627.2748546600
52595950.0536555499 561.3831588030
52329102.6569947526 525.9809127152
51470855.0251849368 373.7718568544
52119851.0663982630 488.9694167674
53183721.0383065715 616.2124595642
52357113.1132426783 530.8777111769
51835872.9107682034 442.2264461915
51546339.3899659142 390.2136732757
52386013.6788045168 534.0541464090
52791013.2408894971 582.6251349449
51550295.4684728608 390.3088100187
52193970.1279468015 506.9850963454
51332257.3108179197 343.5666153140
52153291.3087273166 491.1428960562
51079322.6819920391 270.1893698594
52453028.8971628547 543.2464145422
51959676.3614214137 464.8589313428
52067626.3122890517 484.8174235921
51277304.3554309160 323.6706983305
52985408.9853942469 597.9838995934
52212096.0401443541 508.1516649127
52747017.5297064632 574.0545759201
51724899.9453797042 419.6562467839
51127863.0778848827 291.7154899214
52691934.2485763878 569.7107515335
51662756.7834367007 412.5656743218
51213290.3846368045 317.6076916849
51185591.7181138247 296.8659565391
53697239.9145895094 631.8930587769
52929744.3190885559 596.0254216194
52975825.3121927753 596.8081612587
52840144.6687939465 586.8427610397
52382898.6859881058 533.6628855467
52799532.0630856156 582.7786407471
51297527.4206779823 338.2094929594
53444792.2382652014 627.5492343903
51359167.0562074333 347.6900851280
53249778.1795184687 621.6595058441
52842847.6328351349 587.2127382755
52719391.1360743046 572.4329102039
51282411.0083071887 323.8847260654
51721794.8100358546 419.4603103630
51266170.1705842614 322.6703814819
51183748.9074878842 296.8656232469
51303659.3807025924 340.2401768362
52086020.1770791709 487.0266040962
51248785.1008983403 320.1252795941
52129141.6115832105 490.1738074720
51139656.3093319684 294.2603120469
52477953.2926842347 549.0466837734
51101229.1317148209 270.9252271317
52481798.7509189397 549.6199440956
52226716.1517433524 510.3608454168
52445135.5565966517 542.4717563491
51898361.1379157156 455.9968947589
52463211.8817243427 545.7860723734
52346024.7141348794 530.3193376660
52491523.9309296310 549.8004250526
51349946.9727953151 345.7862231910
52925565.3043355644 590.9774911404
51210008.2188686803 315.0030433380
51652695.5114884749 412.4921227862
52592885.2871723920 561.3102567792
51169727.3353666738 296.7933322062
52117368.6177449599 488.9624151587
52611115.6501189619 564.3140774965
52967937.5491128415 596.3076519966
53076220.4704663604 607.0297989845
53226922.4501943812 616.9161491394
51988970.0071761906 466.2841325104
53424711.2923491746 627.4596424103
51200736.5282836109 314.9411517382
51245775.9385103509 320.0893644483
51621879.0950902328 398.1104482953
51508059.0289914161 384.3209422200
51627703.4765392691 398.3554932401
52771534.5105768219 581.0034692287
51300795.4229133427 339.0734967916
51517843.0637233257 387.3330029566
52183008.2142652944 503.1833169684
51787319.1265417263 434.3848050479
53418701.0296876281 627.3874931335
51402078.8973588198 364.1476653386
53711270.6285650283 632.0962867737
52621738.7497825027 567.0257003307
51238298.2965811417 320.0056910694
53849377.8732815683 632.2507400513
51329012.5958777517 343.4531892139
51528759.3331152871 389.2329384416
51893306.1606730744 453.5307884633
51539659.6479622126 389.9339773227
51665993.6808281764 412.5664624740
51615352.3205986097 398.0850150220
51354608.3526940644 345.8706795752
51407618.8329691365 364.4790193766
51596261.7951593846 397.0655012603
51411785.0654508546 366.6004532903
51265775.8074975908 322.6110022694
51307515.1009237841 343.3407759845
51289134.5959731191 335.7283134379
52570562.4393396378 554.3848800659
52592704.6828094274 555.1158680916
52245281.2361945659 511.0516840219
