51962515.4716402590 474.9071881755
52111325.8916601837 501.2742116509
51693376.6285266653 432.0427588299
51596851.9726324826 412.5169404936
51470889.2215619460 388.1151750609
51689779.8811845556 430.7380302176
51691196.2523400784 431.5978407860
51635549.9174126387 418.1639499874
51116781.3114979193 290.1285592663
51964752.5551825911 478.5636310945
51494331.5376873091 389.6976186037
51342723.0784338415 360.7955164281
51343938.7591760829 361.4105072021
51047518.1232411042 226.1964385138
51588211.1715879515 411.7140406594
51938295.1832566336 472.9550343752
52093295.1548487544 498.2693678916
52073202.0162255690 492.4154336452
51936492.2149035856 468.6379940957
51176756.7635072172 294.2890547567
51295023.7846228182 341.8917344059
53403284.0670291111 632.2107620239
51851379.8752975166 458.4109590244
53260449.6480792314 627.2358207703
51303660.8266734630 342.1486817966
52721812.9400228411 588.7722091675
51757144.0404337868 438.9549091053
51574112.6812283769 410.0312541883
52799581.5855554044 591.0615134239
52232133.2198004425 520.1648382470
51782577.4861601442 442.7580556534
51403876.1529514343 368.6507700905
51709965.2122342363 432.7453585938
52148413.2929854020 514.5641236529
51970891.1299646571 478.7160661875
52107621.8563517258 500.2506228374
52550777.5514658093 573.4795026779
52094959.9669032246 498.4566434026
52000694.9363662899 486.6901046038
51934254.9520323277 467.2340546846
51949930.4550372660 474.8478093399
51837248.9465288222 455.9311459432
51731887.3628281429 435.8260317688
52785355.7871538997 589.5807020664
51726325.3034810871 435.1590542463
51829072.4855366945 455.2271018081
51461065.8385883570 386.1669846997
51452038.8443657830 385.9786718115
51030545.8310518414 207.8847144691
51616550.4409988001 414.3848639950
51056193.3190537095 244.2576686982
52392386.3121177107 550.3415278867
52544503.4567388743 570.3030674458
51445068.9710838720 381.8213927075
52533538.4632311165 564.1824227571
52516845.6474055871 563.2967096567
52855799.8562020585 599.8736240864
51162605.6965360120 294.1350910939
51244612.8727795631 335.1756263226
51813450.3276448548 451.5024676770
51288806.5064027309 341.8085542689
52024937.8814722374 491.9316385016
52006560.0465331525 488.9553496540
51859607.5445612520 461.0550338253
52374754.6112556309 540.1112557650
52826169.4138954282 593.2986621857
51798223.1321086064 442.9922084403
51334263.9702864066 358.4863077924
53115317.4689291418 621.7221298218
51904979.3948386088 466.1600461495
51650836.8872096911 419.4988591862
51547444.5854267776 407.4861254394
52375138.9957718104 543.3562146425
51274527.0556453019 339.5965832244
52521430.9946777970 564.1427063942
52235367.0983957201 521.5883748829
51760506.0853373408 441.4990349026
53119078.5483889207 622.5061092377
52082140.3052152768 496.2804906890
51178397.9946755171 312.9108240604
51669524.2377588451 428.0934237014
52083198.9004650488 496.8393819332
52515406.2922633812 562.8806973696
52376087.3671945632 544.7551801205
51663628.0552988946 426.8341271877
51222867.2479530051 316.3231577873
52405402.6504354179 554.1373827457
53646635.2055095285 635.1380176544
51038412.4184470475 224.4752316866
51695100.1133166701 432.5901878040
51018524.3544484675 185.2965307401
51781650.4092955142 442.1314776824
52202283.9589713365 517.6707301140
51876054.5884977207 462.2899940205
51720729.9946652055 435.1456425264
51030196.4161765948 203.2732234243
52275232.3932623565 534.1467725337
51832775.8554252982 455.3778437451
51986606.1955919862 481.0435775207
51045732.5463522449 225.8329486493
51259332.3935512528 335.8538226411
51646462.5384277701 418.8665497513
52319383.1044597253 536.7682526112
51199846.8298211470 313.1564024600
52252855.2179961652 522.1226949692
52914403.1747058630 607.7797708511
52886065.5094927698 604.9007087946
51034925.4597714990 224.4122386966
52256364.1552320570 525.2263668180
51802520.9867471009 450.0990551189
52325457.9071873128 537.1267800331
53312177.0911669657 627.4596424103
52268476.8331167623 530.8564073145
52127383.0457670316 511.5878348053
52549895.7106619999 573.3010873795
53024393.2407971174 610.9367413521
52466242.7798255756 556.5828299522
51068600.4440295175 247.8443720117
52518592.2691160217 563.3761836961
52274500.7964491248 531.5792372823
51939708.7851702198 473.5042970181
52265425.4307059273 529.6510316432
52334967.7454820201 537.8577680588
52671743.2552230135 588.5475425720
51250939.5688463971 335.2310084626
52404371.2353024930 554.0688591003
51612900.0520910472 413.1341378848
51418801.4377042726 381.1985785291
51781210.5046844035 442.1313443375
51056201.7955009863 247.4057156686
51095915.6419233531 270.1716551353
52390361.6258448437 547.6571877599
52806807.4098123088 592.7571372986
51810738.6488632113 450.1692121029
53053285.7344820723 616.9384670258
52640245.7344488800 574.5285773277
51041116.9742912576 224.5092870966
52669008.6657992303 575.6022973061
51524204.2287702560 403.6427507922
51596445.6381010339 411.8807145953
51508291.7071699128 393.0565917705
51353863.3664356768 363.5344995484
51019782.4974636659 200.9750658211
51323748.9098180681 357.1762606921
53232424.7886552289 626.4518413544
51631543.7476579100 416.3105731170
51734533.3981966078 437.6199999066
51685469.9974868596 430.2270186841
51144037.5232298002 291.6419859855
53017413.9530465752 610.0242180824
51543515.8649688214 404.2751935720
51680937.8409954011 428.1669752370
51385454.6458168477 367.1386849880
51365795.4170482978 363.6080510840
51482394.2615624964 389.0825963020
51728906.4556573480 435.2157995105
51380083.9724968672 364.7436741069
51350766.8518778160 362.0429499820
51330391.1816336066 358.3084116578
51325871.1455815434 357.8634936139
51334312.4378878027 360.7910875753
51262827.0130049512 337.4560026601
51896477.1312318966 464.2935635850
53010619.2183713466 609.1103035212
52499449.3826231509 557.3138179779
51274365.6817712188 337.7715846841
51989138.2279477865 484.4806015298
51408253.0456973538 369.3583290045
51100405.2321013585 270.8603903532
52120177.6131401286 504.8231413853
53379082.3491249830 630.6422767639
52316307.2927289605 534.6813328266
51963162.0759045556 476.7152288854
51750877.5961743072 438.3302897299
52088610.6722723320 498.1726375073
52121823.5809159130 508.4340750754
52456198.1763190851 554.2109342813
53167033.4849870652 626.3232975006
51885123.4634774029 463.4892228139
51816773.0629929379 454.0029581487
51781738.9086927995 442.2145244745
52114376.6607349664 503.9366514490
52878506.2066472247 602.8978052139
51155757.7555730790 293.1079804674
51469107.4254201725 387.2974262014
52108079.3109128922 500.5731789754
51756246.2957640067 438.6282820404
51982018.2888708636 480.5399023388
52575427.2725746259 573.5249090195
51875767.1684405580 461.6874766052
51620829.3740080446 414.9875147553
52787152.4596157968 589.6542536020
51447104.0062180459 384.0429923534
51857221.4549617693 460.8849278377
51209917.3648349345 314.3654480774
51232203.6701185033 318.2376705967
51223609.9657028094 317.5845467393
51115941.3622770011 273.5455933466
51107548.5375721455 272.9209425226
51073823.6892374009 270.1322783408
51158047.9470411837 293.3381028222
51098831.6011817306 270.7553682821
51856636.8111493886 458.6618710001
51504987.6632105857 392.4319756912
51974343.0024260581 480.3409777568
51872409.3578648791 461.6610791372
51874934.5735604763 461.6653746450
51388671.2073952556 368.4740765975
52858335.8825526685 602.5084238052
52845464.8970050067 599.3319885731
53004242.9816066772 608.0947375298
52061146.0574017465 492.1317848861
51490070.5281841010 389.4971273528
51741136.8466188908 438.3259942220
