43657444.0098876208 32885.5650196075
43094561.9108448699 30207.8323290646
43238289.5709806904 30792.1850719452
42314393.8727047741 26119.0560145676
44328528.7794537470 35546.8597259521
43306943.4584750459 31227.2080821991
43138494.3375812173 30511.9898057394
43530266.6336259022 32367.2437553406
44495895.3948588073 35844.3368854523
42757989.4590969458 28512.3925721645
43964924.2833851129 34278.9641876221
42054286.9066023380 24021.7715951279
43154787.2851559371 30513.7454692982
44618062.7734459490 36381.3177490234
43436030.2764710411 31906.7483099699
42993518.5427001268 29829.1735023111
43214429.1218528450 30773.7466989756
42940241.9090554863 29599.2726068124
42955091.8522425890 29628.2844243459
42953667.0959020555 29627.4267888479
42128235.6027077064 24936.0409319401
42397495.7765285522 26753.0080506802
42775256.6091845483 28626.3019072562
42464312.3118349463 27001.6374763101
42483165.6081987023 27084.5080838613
42411223.8104234859 26930.1675347909
42235574.9542415813 25449.7893736623
42991641.4961948767 29817.0418687277
44924213.0875637606 37016.6322631836
43022092.0461497307 29909.0490957815
42968032.3877653256 29765.5165504068
43648591.2083794102 32878.2483863831
43446188.0679882467 31918.7128125429
42584859.0918891430 27806.5797124319
43194004.8062075377 30728.7683961652
42610345.2468239367 27870.2512822561
43525856.6101554260 32366.3861198425
44346658.9231866598 35622.7128601074
42966155.3412600756 29753.3849168234
43613207.4097814336 32664.4955633879
43087137.5807801783 30172.4344738722
44818059.7619319037 36948.1779174805
43168518.6512727439 30665.1114442609
43939472.5590476468 34154.7626495361
42424648.9972700626 26958.3217168264
43112623.7357149869 30236.0914257765
42050340.8764878735 24018.3323621452
42742947.5556937978 28511.0411927700
43051753.7821822166 29967.7126266956
41977235.3521956578 23105.7411036789
42275270.8129162565 25992.1314506531
44177753.1504563466 35037.5690765381
42758033.1837919205 28513.1956117153
42457830.9380592629 26989.5058427267
42759110.1570174396 28574.6981446743
42135469.3434085175 24986.2855186462
44977662.5818233192 37040.6749572754
42032503.5607188717 24015.5162113085
42691479.4646730572 28213.6684477590
43671077.1353796795 32994.2815113068
42789820.0878476426 28841.4553513937
44082092.7103705183 34635.2968750000
44500499.7221292332 35982.8641510010
43693842.1447151452 33115.6549606323
42568479.1405431852 27662.7685792446
44759659.8985859230 36738.8004302979
43068649.0971376374 30012.2268487215
42963157.3124821931 29727.2982469015
43174583.2465154603 30678.1367887706
42786320.0982020348 28665.5928573161
45294447.7350393087 37602.3921508789
43133966.1967714727 30416.3622656912
43283083.0093471929 31208.7697092295
42410958.4059054106 26755.9588112831
45049182.0811054856 37449.3419799805
45048789.4578044787 37449.0569152832
44404838.9815998971 35746.9143981934
42258733.8603067473 25883.3201959133
44103590.8286650404 34716.2462081909
42567402.1673176736 27601.2660462856
43434605.5201305076 31905.8906744719
43451500.8350859359 31959.4358723164
43416548.7118678391 31775.9993286133
43359513.0569666103 31544.3265138865
42035648.5976293683 24017.6706691086
43401119.1031601429 31702.8164386749
44288891.8273110762 35225.1704254150
43099829.1505677924 30208.2815580368
44100222.8541034386 34692.6734695435
44135331.8293361217 34865.0191345215
45165506.0611318573 37520.1798706055
43898083.5421983600 34005.9897232056
42765688.5624600798 28623.1481086612
42801812.0769317225 28843.4067323469
44311480.8825658858 35416.0039825439
45210455.0900584981 37539.7136230469
43630102.7247368619 32718.0407612324
44153244.7908676714 34943.5654144287
45104958.3308766112 37519.2687072754
43279494.5422376618 31176.4772350788
43841718.4886873588 33622.0306568146
44552614.8027585223 36126.2604675293
43849312.9964236170 33745.8362426758
43595208.0537413880 32575.1767272949
43546419.3663478941 32455.2003021240
42707642.0659966990 28277.3253996633
42254957.2421188205 25489.1771191210
42235966.8474954218 25488.1384958737
44777790.0423188359 36814.6535644531
44386708.8378669843 35671.0612640381
45169412.9871569127 37538.7393493652
42000312.6142079085 23398.3794887066
43531248.3513806164 32433.1751899719
45009168.0557502657 37378.2732849121
44477516.1415600404 35769.1996459961
43957602.7027805522 34230.6157836914
44013435.3553616926 34321.1288146973
42175078.6756071970 25002.4829753404
44231202.6447159126 35061.6117706299
42371026.4985135645 26407.6496174596
43960783.1616052017 34272.4647827148
45030581.1684666798 37446.6733703613
45214285.5132409558 37541.7008972168
42385423.2476959080 26431.0726683401
43048841.1696316674 29943.6508614123
44314046.2458761409 35425.2250976562
42106419.5565361530 24576.2089304440
45357050.3820752129 37605.0607604980
43674491.9067754745 33016.4207630157
44581643.7643540129 36313.7057800293
42706217.3096561655 28276.4636137746
44237870.0860643461 35082.6170959473
43887393.9870322049 33934.0685806274
45286100.5120691881 37545.1337280273
42304934.9145492390 26007.3299083263
45840301.3959478065 37607.2255554199
44389274.2011772394 35680.2823791504
43845351.9155312628 33642.0501556396
43560961.0429712683 32493.1164436340
44036947.9749355614 34426.8641967773
43038092.8596799746 29942.7932259142
44521252.0148823336 36058.7172851562
44703067.3666119277 36403.8747558594
45237012.1065766364 37544.2225646973
44173612.0286764354 35031.0696716309
44970812.6269686595 37038.2781066895
43954543.8278457001 34169.1137695312
42917819.6175894290 29251.1304612570
43085712.8244396523 30171.5768383741
43156202.5809292793 30539.4692026377
44293769.4540154487 35303.7167053223
44275280.9703728929 35152.2506332397
44551343.5084107220 36059.6284484863
44875582.5120102540 37015.7210998535
44170431.5698517933 34989.2206726074
43834543.3524029106 33614.5454254150
43154600.1918897107 30513.4011183977
43067224.3407971039 30011.3692132235
43748793.4993053302 33369.0189590454
44022958.9529825673 34357.5104675293
44120315.0848173052 34789.1660003662
43076022.2639154568 30138.2285870314
44664691.9598706216 36382.2289123535
42885494.9657085985 29136.7802217267
43541993.5124632642 32451.3711414337
42860008.8107738122 29073.1232698224
42635254.8968719915 27899.0633332990
42805695.4378804490 28843.7026002668
42338653.8112189695 26372.7502329610
42914842.1950561404 29226.9105381081
43869263.8432992846 33876.6919860840
43412210.7997810394 31771.3125324249
43918352.6057679504 34070.2472534180
42331888.2398065329 26330.4875618815
42356335.1049400643 26399.8885424398
44519066.5678664967 35988.5597534180
44018817.8312026411 34351.0110626221
43971591.7247335464 34299.9695129395
44065044.8134826645 34504.4411315918
43469989.3187284768 32119.6434974670
43260937.5269117802 31050.1581524611
44184420.5918047801 35058.5744018555
43936482.7495008558 34127.6238479614
42179914.0282389969 25210.0772097409
43399694.3468196169 31701.9588031769
43582898.9926761910 32515.0239429474
44754049.9854499996 36593.1008148193
43517259.3294276223 32363.8214607239
43620151.6753090546 32686.9916305542
43865130.5780692995 33788.8568744659
43053681.4684062377 29986.8649953455
43135597.0122490972 30511.1321702413
43382905.0436721593 31622.2608375549
43530989.7576402053 32382.0174121857
43126801.2475693598 30262.5450783819
42499921.7623105645 27252.9324471597
43607289.5750436783 32633.2802925110
44609213.2998250872 36378.6491394043
43241739.7673512250 30888.3603529930
43729304.5976439640 33264.4278869629
42843879.8555664048 28971.4157011770
44337110.4919659123 35556.0808410645
43453198.2883811370 31965.2165570259
43078170.1442703009 30142.2249566317
42667045.6127850637 28105.4275239557
43669104.6248515248 32992.3127918243
43592225.0807130933 32559.0677642822
42512262.2926243544 27255.1014840249
43072704.7952401862 30037.4260685444
42518852.1756839305 27365.3958342336
44382766.7659169510 35623.6240234375
43497014.0963803306 32212.0301384926
43659566.7677288949 32972.9232978821
42889892.7145277858 29178.2907075286
42901382.0898663849 29202.3986787200
43385222.8532201201 31660.5125160217
42890633.7799146920 29201.5410432220
43126880.7417241409 30415.7548016310
44301932.4513451532 35349.3719635010
43276659.0015093237 31079.1556001902
43430433.7270838097 31798.7718391418
42691529.4282704741 28258.7522004694
44576720.1409278885 36312.2103271484
43729775.4834772423 33288.0373878479
44318980.3482329994 35480.2277069092
42080398.7396981269 24420.5639821887
44770523.7264137268 36741.4690399170
43317524.9360912591 31327.1627241373
43810119.3330430686 33547.3949127197
42663877.3895949051 28060.4137732461
43692285.6477676257 33100.2870979309
44866837.9334602654 36949.0890808105
42062571.0537565798 24295.1968837082
42853269.4626521245 29017.3570893854
42886618.5726611391 29170.6817658991
43801590.6081460118 33426.3556365967
44604512.3472302184 36314.6857299805
42667040.7524064034 28101.2050606851
44052591.1114533916 34436.8979492188
43638913.5436538234 32856.1091346741
43455386.9109966531 32093.2551002502
42073189.8681389317 24413.7455590963
42070607.2030712068 24413.6719700694
42883250.5980995446 29125.5980131887
43385963.9186070263 31683.7628517151
42679201.2261580154 28111.4250354171
42323898.3818768039 26302.3806311563
44443699.6812399253 35747.8255615234
45072384.2304168195 37451.7255249023
42210833.1847754791 25390.4510657266
43510285.2564937323 32355.6290149689
43382102.8503529802 31557.2730431557
43714928.3370915577 33242.2886352539
43804958.5827076063 33474.7040405273
42320398.3922311962 26237.5311009288
42666401.1146381423 28074.0102589950
43335116.4325578883 31483.9756450653
43823088.7264405191 33550.5571746826
42657762.0532342866 28060.3437712453
43736426.4553860724 33323.2379684448
43596947.5275481865 32615.3574752808
43328871.3539232761 31426.5592752695
43702498.0030828267 33238.0394897461
43359150.8629480600 31505.8096351624
43281601.3432241306 31182.3813120127
42084367.0721381605 24575.9821602702
42007776.2259853259 23501.7424046397
43849257.4028651118 33659.9867773056
43732202.6884652749 33307.3932189941
42211582.4545449018 25397.9060253501
44682927.6300665066 36384.0394592285
42894894.7471678704 29201.8857932985
43279045.5139958784 31098.1219755411
42484071.0339656100 27150.6386267617
42081089.0573245212 24485.9764599204
42122716.0693506598 24603.8162997030
42186408.3214331046 25325.6015354991
45578290.7319757640 37605.9719238281
42812389.3191027194 28856.4018958658
42487893.1049754471 27212.1411597207
43843245.3668431789 33636.0669517517
42559507.6815042272 27412.6486238092
42025800.8797236755 23504.6931652427
45832505.3500837833 37606.8337097168
43259958.0397892818 31026.9631235600
42387126.8744525686 26570.0727876276
43256467.1665881425 31022.7139780521
42729526.8644088209 28323.3557134122
45897493.8587634340 37609.0027465820
44569187.4191669747 36171.0841827393
42559583.8050271049 27479.8333161920
42719743.7331354991 28321.5473664850
44485541.9845291674 35816.1993408203
44751460.9546387717 36425.9991455078
44131774.7846443206 34795.5072326660
42556839.5565098599 27367.5648710988
44704170.2397024632 36425.0879821777
45864097.9125409946 37608.0227966309
45503991.9715212658 37605.1495971680
45713390.6773320064 37606.1295471191
