118220492.5646654069 17268.0408992767
118211615.4546397477 17239.7811978459
120829157.5908899158 21088.2868952751
117015315.3406220078 14563.7376411352
118727831.6118787676 18115.5690444112
118543420.5765094310 17814.6227324605
117556307.3447853327 15843.8659624986
126822634.0559311211 23288.8856353760
126463830.3763637543 23265.6050262451
126425067.6173524559 23250.5720367432
126433658.8571181148 23252.0065155029
116255143.1301008463 11898.9588131011
116248579.2847012430 11890.5489572883
128219024.4723471403 23331.5517578125
128397632.1847411096 23355.6710815430
128357913.9112459123 23346.8149414062
128558124.8742690980 23357.2676391602
120374612.7610598207 20478.6372329593
120342892.9788932800 20478.3446157051
120264220.3282881826 20353.4956319405
120394270.8347226977 20553.0736472679
120490208.4352293313 20598.4666802956
120204793.3955429494 20335.4489781929
120019405.7847722024 20058.2151544167
120180198.3303031474 20306.3021409584
120271528.4390071630 20368.6034586502
128865061.7967792451 23382.2487792969
123333418.5941574723 22893.7632141113
119367785.5885258466 19137.7225832939
117814622.3033829629 16377.4100081921
118560007.3400759250 17856.0053915679
125311765.5235116184 23172.0997619629
125241445.0694029331 23151.4808502197
118588529.0634865016 17881.6598440111
117564082.6375913471 15920.2804988258
117211646.3421826959 15101.7140506141
117144188.3651137352 14976.8785760403
118072699.0953968614 16950.4503039353
118134176.6381490678 17083.4068641894
118035146.6934205294 16943.9017105333
118254112.2562959343 17306.4448695414
118878157.1402866393 18348.2040865123
116402191.1980696321 12502.5602806211
120719094.9124481827 20911.5327057838
127972606.4135192931 23324.0006408691
127855050.1365690529 23321.5916442871
119100821.8176643252 18670.8411079049
124192689.4000528455 23027.1202850342
122325111.3595844954 22485.0778350830
125538265.1863570362 23194.5969085693
120041127.7466561645 20107.8954837620
124241783.8080666363 23076.1203460693
124238884.1448652297 23055.7656097412
118146426.0075698048 17136.7053439021
118893297.5739976466 18397.5370039940
118692376.6848777533 18099.8511921763
118485292.0514115542 17783.8699429631
118745430.7196112126 18151.2540256381
123544654.9929451942 22901.8738708496
120112522.5598716587 20255.4502172470
122247130.2353292555 22362.1406555176
116201840.6583301872 11589.0606716275
122274490.7708025128 22377.2129364014
117460592.6890660226 15727.1515816450
117344891.7876172066 15439.9590864778
117885082.6311103553 16634.6595539451
116555679.5512569696 13125.7740290996
122501645.9743940830 22605.4872436523
121684165.2003654689 21964.4438972473
116740497.3649576008 13722.3915518522
117405296.3527115732 15529.1453269951
116031369.2757817954 10860.4483886957
116021914.9932283014 10846.3694002628
116097637.3918187767 11103.2886539698
122783419.2557765990 22661.7724456787
116964231.7682891190 14458.5998936892
117948243.5986949205 16684.2244944803
121610040.8219251931 21917.3276786804
121128043.6741611809 21369.1457748413
116234195.8172576427 11645.4227286577
116266300.4124895185 11948.0478014350
117447386.1355528384 15652.8133224845
116283499.1627870947 11985.1568515897
115827334.6989656091 8156.8282366395
115863370.7375970781 8500.3934144378
115832773.4593188167 8458.2148237228
115919970.4752965569 9513.7322457433
115967320.9846063703 9848.3816584945
117221245.7849877775 15149.8571492434
117117509.0903511643 14950.3381520510
125278322.2346487343 23156.5109863281
123942118.8533795923 23004.6582183838
116172358.4976118803 11253.5052132607
116211277.1564363688 11595.7916641003
116129083.9087943286 11217.3237606287
116321160.7578898966 12010.7213253975
116179601.0555315167 11576.3504512906
119133152.2747882009 18748.3490385413
117061691.2242429405 14696.7885453649
117065804.8106338829 14726.5307707139
117107668.2969465405 14899.4000753709
119703771.4561254531 19614.1916663051
117048728.6935713738 14680.1564460397
117039293.6609015018 14650.7673521638
122907418.5288031548 22797.5300140381
121581128.9440876693 21860.9719200134
116710612.9259499907 13654.3515467644
119663908.0900483131 19508.6158633232
117509019.0436872244 15739.4826655984
116609341.8316324502 13333.1630329493
116521062.2702914327 12967.1191205385
116537672.1069624722 12999.1059955958
126142950.4364564866 23234.4154815674
121947498.4577759355 22241.5692291260
125135539.3482800722 23131.9991760254
123437183.7094271779 22896.9878387451
123035068.4695460051 22854.0675659180
123306974.3302082717 22875.5682220459
117998824.6207980216 16861.0711789131
121916177.8045095056 22122.6052093506
119668456.3563691676 19563.2899460793
119667692.3213652074 19535.0817570686
119299320.7963188440 19029.1943073869
119113512.6223011762 18713.6814521253
124052884.3957569748 23010.5384063721
123564082.2556724399 22962.4737091064
118545726.7078263760 17837.8192373514
118462314.5486184657 17783.3201357722
120408109.5779776424 20583.7581598831
125344412.7034343630 23175.4911956787
125092508.4657136202 23129.5698089600
116486978.5951902121 12895.1401558438
116461842.5433691144 12868.6467612386
118520401.8905874342 17811.8992610872
117197344.1477908492 15026.0049926639
121764683.1857295632 21993.4963798523
116617101.0789513290 13333.2056011561
116788017.8333117962 13899.6304011941
126756704.3490402997 23281.3591766357
116357452.2123142332 12218.6747414470
115904395.6448477209 9476.9286555648
115895034.1980505288 9465.4838435948
115987812.3372714370 10104.5882467628
115937199.0081269741 9733.1352438331
121476124.4782175869 21778.6552162170
116199048.1257506013 11577.2986556888
117433839.3458969742 15559.5308960883
124619741.9331893921 23111.9635467529
128631020.7154367566 23363.6953125000
115869147.3870808035 8641.1360471249
120000790.1636925787 20056.9342095925
120339137.0079107434 20411.5612297058
119960638.4951032996 20027.0174703598
119833006.4701455683 19761.2010340691
119768652.3784555346 19741.7240743637
118312805.1812086403 17339.1403015256
121798277.2245186567 21994.0166893005
116677298.0932822824 13465.2361753818
116547950.8040519655 13093.7831724521
118276408.6891171336 17324.9083874822
116881812.4029062390 14254.0122404695
116876462.7880619913 14192.2620615363
117272793.7205207944 15271.4006740086
115880125.9727397114 8651.4547834396
119095822.0430084467 18641.3085985184
117244676.7079924494 15222.1922503941
117023706.4619968832 14639.3298976421
116902763.9235857725 14285.8618407845
116798300.7004637420 13914.4088378549
117092525.4449536651 14764.8476106524
116979976.5980734229 14489.8744824529
116852457.1729453653 14074.8263977170
116982291.6026507765 14515.1193731129
117850588.3145779818 16521.5464291573
117721426.2695528418 16295.1348041892
117717857.0873572975 16140.6863827109
117619628.4194546491 16083.5093928874
117636110.7605283856 16103.3329853415
117381271.1283899546 15520.4822899765
117305318.9513128549 15389.8126313090
117323345.1568260044 15418.8693419099
118665232.2901589572 17983.8737836778
119478867.1472271681 19266.0802808702
116377812.1410076618 12319.8158031702
119547856.5356406420 19428.0157769853
123672822.9034483731 22965.9127197266
118413437.7258290052 17586.7042641342
118086283.7982802987 17024.6372065775
121437404.2315503955 21773.1255683899
121217713.7814728469 21506.2621064186
116373609.5531499982 12319.2659959793
116369117.3817217052 12263.9854800105
121713326.5940305740 21986.8846092224
116676396.1672964096 13375.9255208310
116637553.9052139968 13370.5589985189
116868067.6451673657 14115.2958076298
116812993.5972614884 13931.8352564871
121160728.0459895432 21371.4835586548
121363110.3398493379 21697.7949562073
121165067.3671718240 21473.3986930847
124045508.2788464576 23006.4232330322
122460358.7955377251 22526.1262359619
118440525.7358950824 17603.3539290428
116677235.7966354936 13462.0053965684
128647677.0469409227 23365.1826782227
128343252.3089514971 23344.6795654297
128075406.7155241072 23329.7458496094
128338770.5969057679 23331.5955505371
126134740.7233500630 23230.9080047607
126624410.4957615584 23275.3209075928
116226762.0112010390 11611.2497207522
116594117.0596235991 13174.2040874895
116689591.4983118773 13492.9694220659
124344780.5559329391 23082.1495819092
117872878.3185885996 16525.8890204363
119761828.3387323618 19739.3383359909
117898274.3867157102 16641.4925356142
125808929.7766453177 23220.8464508057
124891322.6041929424 23122.6551055908
125188259.6631259024 23134.0539703369
120634260.3575222045 20811.2852540016
127456318.2313892245 23305.2269287109
116011663.9988671839 10406.9689723253
116866653.2559674829 14099.5583342016
116738543.7410499603 13719.7382683456
116443807.8107095361 12566.1321915984
116339819.7060883492 12194.6887274981
116445002.9956863225 12681.2865470052
116409158.5184953809 12534.5471556783
121574398.2578607947 21855.9585175514
119353901.4025730342 19113.2510210872
119539667.0897326171 19417.5602517128
119254251.7484332323 18878.0295767784
122405188.4156228304 22486.1046142578
118453376.0799506754 17641.3264380097
116396531.4988183081 12445.9326708019
116758605.4276278168 13783.6373801529
121816810.3081083596 22112.7003288269
118826431.6845519990 18201.9793300033
119596046.3386822939 19502.7137278020
118918119.7955314368 18467.2541353405
122490516.4542932659 22526.8259277344
122821920.5392064899 22733.2144317627
122786447.2885501832 22706.5258941650
121031950.0299056470 21287.8069176674
120711584.6772839278 20873.8596558571
121058845.2746673226 21321.9262046814
122281830.7669969052 22387.3106384277
117826769.6871451586 16420.1099982858
121944040.8806961328 22124.2139587402
120716986.3382674605 20908.5152497292
118948688.8038416654 18467.4286238849
123502596.2005926967 22900.1290893555
120982695.3878355920 21197.8961205482
119862114.7099821717 19808.0762667060
116670363.8690875322 13375.5145497918
117769359.6315550655 16357.8907758829
121100671.0293052793 21356.1232247353
121276247.9871449471 21570.9155335426
120576827.0821948797 20678.7273888588
116380763.3692287952 12445.6883235872
116325177.7477447838 12159.4997446537
127733470.2608103752 23318.1876831055
124208305.1084497422 23036.5519561768
120918925.7918041795 21151.2313752174
127415324.3211296648 23298.3418273926
119031696.3349054307 18598.0182890892
126314093.2949828655 23238.9842376709
126009187.3655072898 23229.4279022217
120491264.5708003491 20603.6351075172
127528503.2730218768 23310.3624877930
117614851.0482532978 15991.0182320774
122668347.5852541327 22636.1184082031
117692532.4546609968 16105.6712109384
117511051.3538431376 15807.4019906223
123010020.5421389192 22818.4106445312
119309809.2372850031 19061.3304669261
119510588.3412372619 19327.4933579862
119477723.8601308018 19264.4391611516
117971531.5275366306 16727.2454347841
123890150.3943248242 22977.7689514160
119926128.1203059405 19953.7220409214
119786491.8322835118 19744.5302232439
119190670.9267611951 18825.3819814622
120699602.1312758476 20873.1818909645
121069414.8847770989 21354.0928902626
118840591.1576870531 18277.8688693047
122198956.2957471013 22332.8501281738
122197732.9185316861 22326.9447174072
118329360.2244656235 17367.2166402936
118308145.6222996563 17327.4013031125
119458112.6623050570 19218.6996342540
121261794.4182630926 21536.1582641602
121532151.3468871862 21793.1149902344
121823913.7543651611 22114.2138023376
122637835.7001010925 22609.1291046143
120748856.7733459026 20963.0926880836
118325987.4590170532 17339.9065067407
121566432.9762310535 21825.1327171326
122703478.6361404508 22643.2046966553
