90057574.9758968353 106587.6834937930
90057101.8368522674 106432.3806373477
89937284.8841340244 98094.3587257266
89884616.4805082530 90531.1257877350
89898752.1449205577 94166.1704322696
89926539.5153010786 97781.4696571231
89921808.2242268771 96642.8099891543
92270698.3557291627 190230.6966247559
89802380.7012324780 81713.1880603349
90455705.9638074338 129439.3968521357
91351292.2114702910 163574.4581651688
91667676.2484322637 173044.2807321548
91866764.7140580565 179451.0795440674
93080472.2629517317 205110.4449462891
92996347.2216805220 204480.6131591797
92899700.4725245833 202685.5596923828
92787054.5912907124 201225.3604736328
91582645.6772613972 171568.1192893982
90250237.7879942805 118847.1935607195
91064338.0099218190 153558.1406707764
90893917.7910298854 147405.4498454332
90821565.2437483519 145467.0373088121
90845799.1008402109 146532.3753215075
90832406.2929494679 145973.6092082262
90708582.2579433173 141472.2212053537
90563794.6367485672 134096.8490673304
91846010.6095334738 179317.9132843018
92654997.3963984251 198370.8093261719
92483933.5916767716 194734.9161376953
92327276.5904473811 191503.8431396484
92428777.7437217087 194057.8286132812
92410759.4318304807 193785.3820800781
92239203.4178384542 189175.8002014160
92303291.9808663428 191367.4703369141
91686167.1048297137 174732.9128074646
90538963.4464508742 133260.7834545374
91182504.5749521106 157168.8244592525
91190635.0378081799 157228.7601978183
89972027.3839641958 101292.4697057009
89989169.9998054355 102431.0433902740
90091695.6441543698 108115.0396528244
90034936.2645348161 104010.0686588287
89947596.5296339095 98643.2128629684
89961649.1206843257 100374.0848112106
89954915.8665617555 99235.4251432419
89910679.9881172180 94592.1998233795
89895144.9251319468 94085.1880130768
89887826.2015527189 92902.7852725983
89965786.5115319788 100469.7468509674
90720612.9547450840 142343.9229289293
90636379.4129105508 138221.6118937731
90610015.2150010616 137397.2606364489
90580740.8959869593 136258.6009684801
90667226.5325326324 139888.2872477770
90572263.7592522651 134793.3042665720
90512857.7157174498 132579.2909914255
90501507.4011070281 132035.7090822458
90573638.3114328086 135718.2452150583
90524643.2866398990 133039.5684953928
90463130.2961382121 129931.7774797678
90477187.8937971294 131220.3186174631
90171779.5171556622 114736.4318639040
90139202.8462638259 111995.3601932526
90407645.6950335801 127571.7503114939
90349976.0341729522 124151.6128603220
90278538.8741411269 119932.1996294260
91873615.5085510761 179522.5167846680
90676075.3955803961 140572.8224636316
91822510.6579359323 178264.3468322754
92571992.6053188294 196921.3480224609
93243291.3984698802 207461.2709960938
93316569.9300886542 207733.0640869141
92178143.0593847185 188079.5026245117
92064718.9818068147 184829.7353210449
92243523.7502143383 189482.8574218750
92514628.2138316631 196475.7403564453
92291418.7506814599 190716.5380249023
92365997.5705876797 193013.6802368164
92100600.9611262828 186056.8185424805
92103404.5936004072 186060.5510559082
92243698.0765127242 190209.3134155273
91823672.3882237524 178609.1133575439
92215723.3464328498 189087.2744140625
90599824.2135512531 136625.4400825500
93374817.7075500935 209224.2489013672
92159946.8227688968 187510.5354309082
91407898.6611148864 165190.4267234802
91710854.6916900277 175198.6543731689
92323612.5804829001 191482.3209228516
92389408.7164693922 193127.4739379883
92333006.3829003423 191904.4431152344
91806808.8501585275 177777.4187889099
91908156.2076403797 180390.5567893982
92089105.9315543324 185868.0196533203
92021828.4377449006 183987.0806884766
91958854.5930692703 182570.0598754883
91929929.4877376258 181687.4964256287
93133003.7312706709 207058.7235107422
90239929.4479350746 118101.4389836788
90230909.9196573794 117676.4076919556
90211777.5661695749 117016.1480512619
90140980.5173559785 113400.8488264084
92647134.0846156776 197576.7963867188
91435414.4996201843 165605.4069662094
91918157.0965058953 180493.6749877930
89779320.9569301307 73777.4499338185
91116008.5931014270 155347.5104333736
91253226.2090052217 159508.8260917664
93198235.0087000430 207405.1724853516
93108692.3531026244 205221.8747558594
91232175.3925238550 158952.6763648987
90083081.0756866783 107835.0921802521
90050782.2999485433 105884.1223087311
93052459.0760010183 204980.2872314453
89770891.6109241694 73774.4432623899
90685022.7105868906 140698.1765886545
91478720.0399005264 167351.1098947525
93027871.2547062039 204820.9505615234
93130149.8014680892 206204.2312011719
92944074.9478574693 203779.3459472656
92785097.8667918444 200206.6860961914
92653484.4628582001 197653.1774291992
90813291.2728265971 145140.4545694590
90980906.9323749244 150491.8189687729
92073669.9586874992 185420.3597412109
90764098.7379280478 143587.3034206629
90871482.3571776003 146666.5728555918
92659182.5994690061 199166.0986328125
92842685.4381742775 201999.8685302734
92173223.1646236479 187966.0506591797
91056232.5674184412 152996.4006793201
93331896.8747920990 209096.5823974609
93409810.4094857424 209226.7397460938
91048641.5983508676 152787.6723403931
91089738.9682695717 155228.7178268433
91496321.0109615177 167459.2883348465
91669367.3865904063 173426.5910692215
90025845.9434005469 103608.3571338654
91524020.4984553605 168780.2649312019
90745101.7322026193 142691.7034450769
90038017.3897180855 105767.7721598148
93065348.8265479356 205027.2513427734
92582957.3309682906 196977.7365722656
91636844.4700382203 172775.2263031006
90336556.6349804997 123514.3256975412
90579588.0949532539 135815.6388918161
89811853.0649781525 85464.6841137921
89838356.5798675865 86774.5926297223
89808850.5183121562 82204.1742814099
89826473.2389928848 86171.0850003278
90279038.9416957647 120834.7753257751
90295940.2233596593 120842.1780787110
91103222.5319817662 155315.1314353943
91031483.9629183412 152182.2007565498
89877675.5026561320 90431.6036903262
89891759.1955354661 92927.4013664126
91841555.0175947100 178720.0345306396
90730896.5012178868 142377.3842763901
89824307.5799731761 85796.6777297258
90077059.9312902987 107831.7778263092
92612768.6339603662 197036.2878417969
92163865.9780177921 187843.7873535156
91383974.5928185284 164644.3613739014
93101696.0284883976 205138.0272216797
91382050.4239679128 164400.8282566071
90257778.4810396284 119702.7627525330
93124905.0899860710 205876.0441894531
90117693.0986083299 111100.6806079149
92474308.3262746334 194606.3885498047
90113118.1892091483 110455.7368355989
91675791.0759922713 174317.9694566727
91363789.7803489566 163803.6375694275
92109280.2928467244 186123.5115966797
92341427.3446348757 191905.4682617188
91225798.1361313015 158890.6636161804
91650869.4424180984 172902.8873748779
91626474.3851801902 172652.7359466553
91857008.2529741973 179368.6717071533
91811320.0628770739 177932.3816375732
91734989.4035583884 175873.6258087158
91044533.5302052349 152189.0254923105
91499492.4770894796 167900.7172288895
92863227.9801657498 202512.3804931641
90196448.5569091141 115312.9757186174
90326299.1471484005 123040.7138558626
90664644.6832222790 139761.3598171473
90706866.9377084821 140946.2015252113
91264076.2739264965 160500.6567726135
92751250.3089360595 199923.6939697266
92614069.4956001639 197457.2707519531
92741429.1334389150 199798.8186035156
91345824.8902933151 163282.5333604813
92955421.7280269563 204188.2305908203
91004261.7125650495 151568.7381770313
90425411.9876089692 128640.5299087763
90444209.3668765873 129110.2822453976
90447045.0059693158 129330.1839004755
89943847.1822832972 98572.9927921295
90882742.8114310950 146729.3319851160
90784853.2998072058 144559.6863552332
90918396.7849869132 148209.0157414675
91009396.7091059089 151776.8919458389
91438794.8083573282 165749.8595323563
91318260.6010068208 162076.6989099361
91281679.9252120107 160902.0077438354
92284382.4572077841 190656.4089355469
90565320.1028766632 134635.3759216070
91138093.7479788512 156231.3874192238
90931100.9105202407 150087.7602157593
89795168.6255678535 81199.6464918172
89781591.4421755522 77883.5631497419
90093342.3985131234 108379.2095528841
90107513.5743580163 110052.0678902864
90102107.2423203140 109889.9972115755
90124389.0387014300 111752.6945133209
90072681.1206327975 107630.3834781647
90004332.2429140955 103010.5988712311
89970181.4454663098 101146.8409366608
90010048.8992778063 103297.9756803513
91201848.7774759680 158656.9380456783
91221206.8774509132 158844.5449485779
90982594.7281375676 151157.7741877735
91071280.4460546523 154560.8286056519
91161890.6772622019 156709.3522796631
91238722.7795777321 159437.4424705505
91172269.9706082344 156776.7112634182
91254577.0103618801 160233.0615577698
91322458.9043504447 163002.0646629333
91281618.3638290614 160678.7330980301
91708785.7851260453 174948.7302703857
91776604.6665092558 177301.6208238602
91513203.6939113587 168725.3767442703
91756988.2356614023 176385.0203399658
91558352.6957859844 170586.3513231277
91553928.2514943928 170442.9397020340
91441442.6040535867 166238.4700889587
91472424.1892725378 167227.0020494461
91875481.6946759075 179710.8500061035
91887725.0683662891 180153.4192504883
92008832.4528253227 183679.6575927734
91999029.9228295386 183443.1343994141
90377329.1787147820 125130.3822566271
90423986.3247252256 128505.8326431513
90552411.1267941594 133808.6658245325
92203851.8410904855 188163.8932495117
90976885.7085781693 150291.1998087168
90923940.2548223734 148573.7262674570
90806091.8290330619 144646.5770059824
90898828.2892580777 148066.7144571543
91922241.9633266777 180647.3727416992
93003408.8959435225 204483.3050537109
92780549.9594433904 199977.8817138672
92692128.2710982263 199224.6499023438
90091568.7047363371 107835.5049991608
90511987.9911665022 132075.8360611200
90390349.0509429276 127064.7385011911
90237573.7094487399 117676.8727054596
90131937.5465980470 111968.8960676193
90023691.5663686991 103357.7361783981
90370514.8299233615 124669.7278639078
93291015.1842453480 207463.7537841797
89853763.7301921248 88086.5092070103
91767392.9570667595 176556.4550218582
90350424.6200703382 124381.6378980875
90486903.4356342703 131693.3278566599
90561320.4137078971 133956.0188659430
92399797.3371095806 193507.2731933594
92437216.4981683642 194287.3782958984
89863640.4633675516 89736.5917350650
89844674.0437796861 86801.0559552228
89868197.5514155030 89918.9887648821
89850670.6783403307 87014.7016995465
90656250.7984673232 138816.1390142441
91907493.2500042468 180207.8523569107
92116026.5893816948 186492.2791748047
90372214.7461188436 124736.7553406954
90326335.2524375618 123482.7083574533
92829225.7645945549 201590.9838867188
90773530.6252568215 144038.9737087488
90759625.3951324821 143360.7410879135
92787662.2377831042 201354.4606933594
92731562.4094647467 199510.4458007812
91159197.6187654436 156374.5036060214
90205250.0055614710 115585.0125894547
91155587.8214953691 156245.4033862948
90646157.3411276340 138255.0732412338
93310581.1592924148 207671.8492431641
92713161.0980125219 199422.0892333984
90194341.2993870527 115113.3029900789
90340891.9386362135 123951.8594475985
92984452.7443758100 204264.7547607422
91803103.3205963224 177660.2600708008
92565891.8573118448 196741.2133789062
91306876.4291124940 161072.4087677598
90341640.7632121742 124101.8534742594
90350590.8949522376 124417.6303850412
90318250.7309520841 122889.1594268084
90302164.1105357260 120889.2417436838
90274351.5804041177 119846.2396303415
