40668501.5109751225 2325.2159793380
40839517.8955215663 2743.1390639842
48523604.6462413222 7891.2891235352
48126777.9492159039 7850.2311096191
48817051.8928820193 7982.9767608643
48551431.9907927662 7916.2743225098
48905664.0834009349 8072.9957580566
40655344.7261336446 2319.6661974490
40921179.5325912312 3104.5303523785
40564104.4774190784 1628.2125470042
40726083.3837198019 2691.1192003787
40853266.9104156122 2750.2963358462
45298053.2585325167 5735.6454199851
46625844.3314309940 6231.7906717062
40761023.7009034604 2701.1105021834
46942201.9287905395 6602.3008872271
40555815.9383868426 1626.3865302205
40594986.8771299422 1961.5595192313
41156445.4881447628 3441.7410783172
40875561.2377544343 3061.9774109423
40982230.6769570261 3129.4619571269
40815265.6071270332 2739.2788763344
47417139.9190061316 6734.6881761551
40878183.6323128268 3092.5137108266
40673793.8752626255 2325.2240876559
41342933.4830437079 3514.9873131216
40593223.2386308685 1948.7788830698
40775832.4605726600 2727.5266312063
41564265.4314439893 3694.1884775042
41090408.6872114912 3438.0541869700
40570651.4250857532 1633.4223614931
40731860.3717052490 2694.1489168704
40659065.5136512965 2320.2318859994
47755833.2389762774 6959.4568929672
41077657.7773017436 3130.0203102529
48098999.0748913661 6967.2899312973
40549503.6858203560 1625.7485190630
47056493.2918321416 6716.3441705704
40668071.9698106349 2322.6959139407
41161159.2636291385 3492.4204085767
40771293.5182596073 2707.9894431531
40765516.5302741677 2704.9597266614
40645765.9555899873 2004.5680166483
44932746.0282118395 5698.2357302513
47724102.6608987451 6807.0268416405
40583644.4680872113 1639.5809370279
40558812.1131315678 1628.2044386864
40565925.2548888475 1631.7664226890
40624654.3881519958 1999.6574416161
40649486.7431076393 2011.0339399576
47684586.8056230843 6741.8847934604
46217732.7399865910 5985.1382613182
40677071.4666217864 2362.1804932952
40544211.3215328529 1625.7404107451
40610053.5965532809 1997.1934136748
40606332.8090356290 1990.7274903655
40716504.6131761447 2376.0210195780
42132518.5739997253 3918.1244543083
41849509.4241440892 3902.3091504569
42768058.5393300429 4745.4621532410
42853272.4371829107 4950.9390036268
42165980.1262073889 4010.0193288252
42615178.1532511413 4374.0091503114
42357081.8765778914 4303.2011833015
42702688.7443042174 4374.3594317261
43729329.9139479920 5525.6281057596
43509859.6019260660 5181.6303257942
43662766.2983029485 5468.5581337214
43430874.2946879715 5164.3825126886
44572968.7542598099 5665.1460961103
44504807.2643793151 5594.5680607557
44931228.8573085591 5676.2698097229
45572718.6910538971 5934.5872192383
45523136.5447722897 5777.9524726868
46345460.7944193929 6087.1172142029
46173217.6235768422 5951.7418575287
