83334466.6140458882 440247.3548660278
83544828.3487327993 450563.3158645630
85472307.0356922150 555843.2106933594
85963902.3105214834 578696.4597167969
85734283.1010863334 566358.1442871094
86340071.7493736446 589771.6640625000
86330299.4958361089 589698.5439453125
86201438.7029871941 587194.9685058594
83903976.0583625436 480515.5740051270
83086817.6076411009 415293.7976150513
83071767.0046207905 414448.6412420273
83044428.7759169042 410559.0303106308
83719180.0515615344 466446.2069702148
82263152.4761680812 288021.3160842061
85474148.5515845418 555908.4016113281
87026584.5232286304 611588.1967773438
82865900.7063307166 390777.3502812386
90823345.5181533843 633722.2714843750
87609462.2740686834 622847.2602539062
87551417.7589722574 622818.6186523438
87259699.1011274606 617825.9609375000
88919035.5178180188 630616.5781250000
83406752.0525250137 444136.2558593750
83437275.0492868721 445980.8628234863
84745079.1724678576 526706.7280273438
82396728.8156222254 316916.9115295410
91437174.9943285286 634378.0576171875
91198009.3521584421 634184.7773437500
83708290.0736891776 466155.2961730957
86950393.0836744756 611267.7846679688
87001080.9370669723 611509.4409179688
87519929.5132916272 622614.5087890625
85888123.2666434944 576278.6203613281
85815938.2027706653 573676.1530761719
86310148.6445884258 589047.2060546875
82995142.6805112958 406973.4547233582
82977653.4104836881 406356.1917304993
82826732.6463295221 385920.7478885651
82581562.4798764735 357428.4064686298
85216322.5038599670 546305.5981445312
88097600.7309089303 628369.5615234375
87471392.4539929926 621241.9648437500
82887367.1640377939 394757.1892080307
86007371.1202945858 581024.0405273438
83847783.8753485084 474770.7853698730
87412608.8265871704 620611.0810546875
89627644.1961561590 632671.8964843750
87055409.8818906546 612809.8017578125
87082985.9035089165 612969.1318359375
86597290.6108373106 600919.9916992188
83445582.4640443027 446405.1410026550
83379502.3884480596 441701.7308654785
84367825.5440379679 506802.2540283203
84684964.4208409488 524102.3885498047
84704552.5082058012 524517.7211914062
84428881.5941576660 509740.1712646484
84435691.5663735867 510657.4955444336
84088013.5418891907 490494.1599121094
88762947.4307249337 630497.7988281250
84949201.7739381194 534112.3740234375
82813896.3215174675 384560.4269218445
84867885.4421010315 533233.6757812500
88261044.5043276846 629500.4326171875
86927014.4523274899 611119.9702148438
86912100.9720765501 610081.9521484375
82876344.5106988847 393521.8802413940
83208626.5374148488 426856.6200218201
83361885.7780751288 441329.5007743835
83352503.3444435000 440330.1900100708
84454443.9807971418 513898.4644775391
90240177.1475825608 632915.7177734375
87477693.2037394941 622266.7211914062
85996840.6934088171 579163.1540527344
85931045.9083855450 576291.6618652344
85492384.5902905464 557100.0224609375
87721259.6171028912 625242.7548828125
87270631.8934537768 618578.1958007812
82374275.1981592923 316357.6832841337
82351043.2014753073 312320.6781252436
82490267.7012442499 340496.2857952118
82526446.1289455444 348804.6436595917
84540897.6329122186 516425.0989990234
85079309.6476854682 540007.1599121094
83639429.1563035250 460541.9666442871
82352126.8586877137 312535.4552858882
90743697.3672516793 633563.0820312500
90847804.5571785122 633876.5546875000
86168081.9108165205 584992.2905273438
85137898.5530877113 543936.0832519531
85162522.2196405530 544037.5281982422
83680091.0122255683 464101.5436401367
83293600.1333522648 435095.4733123779
91564171.2408911288 634384.4257812500
84780039.2111862302 527695.4062500000
83569940.2745902240 456006.3208007812
83725938.2711669058 467278.8203735352
83782632.3495570570 470560.7415771484
89255887.1419543475 631585.8935546875
83215101.5953442156 428573.3103904724
84218548.0808369219 496339.1643066406
89561227.9408763796 632174.9033203125
82236255.4316684157 282081.2649463415
82260475.1320578009 286062.9973857403
82270905.0404104441 295025.2901103497
90789437.5312040448 633677.2197265625
84100013.0217610300 491892.4440307617
91418760.7449001670 634308.3583984375
89200080.5568793118 631099.9833984375
90428010.3463170379 633102.6259765625
85188041.7362056673 545685.2529296875
88521341.7494739294 629505.4873046875
82841277.0229671001 389452.6604995728
85529480.0827240050 558833.1660156250
84311699.0198338330 505071.2410888672
85188433.9644044936 546160.7363281250
84026807.5506326854 487211.0336914062
85684688.0622327030 565774.2358398438
86833117.5028693378 606777.2871093750
84600458.8808812201 518708.2335205078
85767238.6753550470 569713.5314941406
88656389.4015775025 629936.1103515625
84288375.5797614455 503296.7977294922
82398765.8481067270 322229.5508249812
82425734.7072315067 326838.0221565776
84679542.2332494259 522970.6406250000
88155894.6990209818 629061.2412109375
87613850.9559880197 623493.9511718750
88147837.0157536864 628399.3935546875
87118738.5007343888 613805.0903320312
86822263.7941651642 606740.8750000000
87493638.5729008913 622453.7309570312
82313057.5470976681 300907.0476608276
82352025.7796025425 312326.2297558784
83733335.4088471681 468773.8120117188
83721544.9293892533 467034.5119628906
86424468.7539513111 593912.9848632812
83715646.9818184525 466432.1525878906
82772007.6123687178 380554.5421123505
84531763.6337065399 515743.2352294922
84573040.0403048992 518540.9442138672
83436344.9205650985 445787.8400268555
83121881.1866742074 418811.7466888428
82486033.4908612818 338312.0316194892
84123278.8759739995 492483.3740234375
82428627.2113404125 328000.8642824702
83654524.7480139732 461448.5048217773
85475151.0237678289 556684.8605957031
84950137.2416421473 534714.3674316406
87584321.3020649552 622837.7817382812
82642766.5798671097 364252.0317502022
82451593.0537596792 335660.2093684673
82460971.8943896443 335835.3191721439
82518167.3076002747 347600.1803171635
82530346.4086701423 349991.5376343727
83628523.7358397990 458273.9667053223
86673738.1090233475 602967.8540039062
86733395.5281653255 605404.8291015625
86627072.1496492028 601898.9467773438
86192658.5234953761 586064.4873046875
86149509.7005449533 584958.3935546875
86192178.9118143618 585702.7460937500
85734466.0388507843 568288.2482910156
86567450.8146131933 597954.5292968750
86504620.4993380308 597085.1704101562
86464531.9680273235 597031.9580078125
86341199.2854619026 591365.0839843750
87730140.3033188879 628301.5312500000
87693878.3110919595 623981.2968750000
87183586.4748640656 616896.6840820312
87131329.2991473675 616040.9370117188
87356254.6687289774 619413.0888671875
87166455.0404537022 616713.6401367188
87674645.9289275110 623681.7744140625
86844390.8413627148 608542.7705078125
84497168.8141131401 514031.6209716797
82920325.4669654667 397604.7265052795
82737749.8096013218 377347.3567233523
82717574.9082222730 375210.0884389123
82340803.7488230914 309603.8188123703
82941668.8109258711 400905.2054481506
82956762.7621453404 401491.3459053040
82829615.5042600036 388568.7814335823
83187515.1506986320 424313.9393615723
91186608.1696175486 634059.9960937500
84952935.7207503319 535056.7622070312
84775878.9513786733 526773.1101074219
89051531.6567005515 631014.1533203125
89062318.4808957875 631094.4335937500
89212708.7071142793 631342.2617187500
90372205.1807301790 633027.0410156250
89910906.8829249144 632787.0048828125
82346396.9115125388 310905.5976498027
90666025.9419604242 633459.2636718750
82407557.6767159253 324292.1485842280
82702772.9243209809 369262.7210898399
83099656.9190249145 417146.1007194519
88928870.7412448823 630747.6386718750
88536483.7215934992 629842.1904296875
90548201.8345665485 633276.1523437500
84172114.7221237719 495678.2160034180
82800989.6692881137 383091.8726940155
83303011.1229273975 435215.6526184082
82711725.7989034504 373835.8272999963
89312514.0800289661 632089.8046875000
89240635.7195865065 631574.6152343750
84033510.9183490872 488336.2292480469
82637196.2817847878 363341.5494842529
83759859.5688685477 470207.0939331055
85108916.3884852827 542006.2231445312
83131709.9514393508 420100.2082061768
83127094.3704377711 419777.8347687721
82306287.5815968961 300759.4968552589
82407232.7615144104 323599.2469179080
82240484.8853971809 285014.5372340679
83935639.7820306122 483388.8720092773
84513588.3174442053 515624.7741699219
85417577.2424387932 555662.8439941406
85218948.9761874378 547228.9084472656
84988167.0572404861 536954.6862792969
85607719.9969067276 562603.9138183594
83636109.7847918570 460233.1174621582
84499807.7895568907 515288.6772460938
84002723.0402361155 485859.7379760742
83852483.3061950207 475695.2474975586
83126090.9479951859 419562.9686050415
85359411.5098923743 552910.7551269531
85403507.1127960980 554190.8662109375
82676310.9422305077 366370.8842430115
83117264.9778738618 418108.6852798462
85558966.8640225232 560453.3554687500
82478969.4964738041 336912.8815204278
82516787.9372506589 344764.5161029473
83679591.9746032953 463643.5632934570
83168752.3076724559 423476.2540740967
82649505.4364812821 365168.1262323856
82486385.8058726341 338557.1101073399
83397768.9789224714 443043.3047790527
82442710.7846808583 329718.6614780426
82250654.7116306573 285321.7519023418
82967661.6942394972 403816.7842826843
83087830.2518008947 416430.9700431824
88968538.3451113105 630821.1455078125
85163104.4479931295 544530.8251953125
90349441.9987259209 632988.8330078125
83243497.9411077946 431093.6167144775
82547306.8508547395 352236.2851929665
83253054.8650948554 431516.6381988525
82882232.9684960544 393714.3404035568
82755552.2770620435 377952.9540996552
85501943.3257454336 557931.3532714844
83986070.4813329875 484476.8756103516
83926384.8564280868 482317.4730834961
83980691.2956261933 483981.2704467773
83417024.7205070853 445119.7508850098
83477587.7825776339 449611.5259552002
82477338.5836387128 336096.1730701104
82568748.1970040053 353704.5251007080
82554449.5502369255 352374.0858364105
82544471.2042570263 352019.5105743408
84797325.7227687240 528434.5366210938
84927319.6907430589 533976.4650878906
84641819.7886147499 521055.6396484375
84627092.2352444828 520397.3535156250
84740854.2570574284 525989.4936523438
84972724.6047950089 536117.5119628906
82319734.6215938181 301792.3859362602
82318703.3399953097 301206.5332551003
82310829.1225427836 300854.1335968971
82989628.4468493462 406405.2299919128
82399332.0391582400 323381.0240419917
83838138.2873506844 474482.0269470215
83921335.6908974349 482137.1576538086
84080556.0354506075 490382.5246582031
84235954.9227991104 501498.0109252930
83984792.0356905162 484428.7850341797
83835404.2209746242 473300.8507080078
83044340.9657149911 410193.3529653549
82868731.5833331347 391643.1235847473
84274677.5596874356 502960.5570068359
84149748.9714648724 494757.5379638672
83395901.6742746830 442789.2409362793
82513439.0638329536 344729.8424731866
82270088.7426421791 289201.9482025504
82342124.6107956320 309830.9718651772
83562974.8682406694 455081.0831832886
88721545.2579527646 630288.7207031250
83500215.6742859632 450183.5798530579
84385461.5941949487 507617.7302246094
82286215.0421987325 297943.2287011147
83465123.9372930229 447350.1575927734
85636667.5873362124 562847.8251953125
85384253.4860904217 553563.5842285156
83655640.9836764634 461727.9581298828
84184985.4548662901 495817.6624755859
82694072.2548452765 369026.4100762308
85178871.5588380992 544913.3813476562
82708123.7315859050 371412.4350814819
85417249.6709335446 554979.3288574219
83597009.0634383708 457712.8707580566
85083925.3957889080 540250.8676757812
