133105875.4493772686 1234451.4531250000
132590673.8517048061 1175780.4487304688
133400175.1064198166 1261984.4497070312
134232774.9660741985 1323304.9746093750
132951595.9170588702 1220795.6582031250
132903620.7534539402 1212670.3828125000
132600970.8258189261 1180621.7280273438
136196989.1574170589 1410327.6474609375
132757658.1019090414 1199723.8334960938
133853433.9485273808 1297856.8583984375
133891170.7348765135 1301196.0478515625
132948789.2673110962 1219088.8369140625
132815724.1568609625 1205692.5698242188
133463739.3344765455 1266414.4404296875
133750286.8569017798 1291202.6054687500
133400175.1064198166 1261739.3491210938
133911909.2310723960 1304167.3896484375
132366621.6332781613 1100909.2377929688
132696608.0753721595 1191224.7075195312
133356241.4844191074 1257421.8930664062
135001724.5835843980 1362780.5292968750
132491636.0072487146 1159259.6030273438
135056909.5767349303 1366477.1279296875
132306981.4135915488 1093653.9584960938
132472742.4875748008 1149561.5620117188
133525244.3220779449 1270122.1962890625
133261623.4544788897 1247585.8051757812
133354322.6365012825 1255763.9194335938
132400822.4762181044 1134075.8266601562
132894246.2809838206 1210326.9775390625
132967323.7974363416 1222342.2392578125
133025389.8523882478 1228156.1162109375
135210043.3511859775 1375072.3935546875
132948789.2673110962 1218232.4277343750
132577773.4478076249 1169420.8862304688
135112242.3177759051 1368386.7783203125
132967323.7974363416 1221215.8369140625
134822911.2811083496 1355751.4062500000
135125352.1492433548 1370155.8886718750
132491636.0072487146 1158479.1479492188
135248622.5001036227 1375717.4726562500
133400175.1064198166 1260828.7973632812
135566361.7949608266 1391792.0371093750
134327999.2260566354 1329308.0087890625
132896209.7538499534 1212040.7895507812
132916570.7450135946 1217557.9902343750
133583310.3770298660 1276871.3876953125
132638542.0204202533 1185255.9711914062
135044156.9600661397 1366223.7958984375
133244326.7593313754 1246060.1132812500
133024196.5627829134 1224707.3417968750
136070617.9418116212 1404741.1621093750
133844384.5657868385 1296896.3183593750
134125645.8675357252 1317982.9335937500
133935104.3568771631 1305758.6044921875
132453784.7684230953 1143222.5571289062
134603048.3665727079 1345132.9208984375
132296267.8671171367 1092289.6010742188
136070617.9418116510 1405643.0039062500
133025389.8523882329 1227965.0283203125
134081101.3095374405 1315221.0517578125
132397573.6704310626 1107969.0190429688
134668102.3034280539 1347433.3642578125
132638542.0204202533 1184475.5161132812
133025389.8523882478 1229091.4306640625
132397573.6704310626 1108205.1489257812
133992394.8280614018 1309657.2246093750
133025389.8523882478 1228503.9208984375
135248500.1053177714 1375664.6435546875
135538211.8037938476 1390419.7060546875
134856608.8394640386 1356524.4804687500
132549702.0622006357 1165456.5639648438
133452168.5893019736 1264516.0253906250
136506218.7308041751 1417322.9648437500
134034130.8950331062 1312789.2197265625
132844618.3376467824 1205924.2890625000
133911909.2310723960 1303149.5410156250
132757533.8139015436 1198367.6176757812
133565599.9660801888 1273235.5097656250
134380911.8055674434 1332455.2949218750
134060046.0705656409 1313927.8437500000
132453784.7684231102 1144270.0043945312
134163861.0239495337 1320830.2900390625
135428327.4081791639 1384509.5185546875
133437636.4872896224 1262580.2949218750
132549702.0622006208 1165228.3393554688
133537674.1784768254 1272404.1279296875
137731091.1341449916 1431344.8984375000
133268290.4000024348 1248174.3085937500
135355751.5986421108 1382493.7490234375
133992394.8280614018 1310812.8769531250
135566361.7949608266 1390525.0546875000
134664895.9160953462 1347295.3125000000
132424546.8180880994 1142215.4995117188
134140531.6675546467 1318968.5839843750
137014082.9744802117 1425722.5527343750
133906471.3517551571 1302802.4716796875
134387429.5840738416 1334323.8339843750
134099947.1119679958 1315372.0869140625
136783572.6733720899 1420798.2910156250
133568778.2750175595 1276062.0595703125
134123911.4186636657 1317860.8183593750
135538211.8037938178 1388933.0927734375
137434707.3002113104 1429756.0976562500
136912432.8375453651 1423311.4042968750
132894246.2809838206 1211298.5205078125
133935104.3568771631 1304602.9521484375
132549702.0622006357 1166008.7944335938
133250169.8594160080 1246112.3339843750
136070617.9418116510 1405143.7832031250
135315054.4120981991 1380158.1103515625
133649263.8720065653 1282585.1103515625
135167427.3109263778 1373181.5693359375
136070617.9418116808 1406370.9296875000
133663795.9740188718 1284520.8408203125
134920529.3944071829 1359094.6123046875
135330990.2431281209 1380881.7734375000
132394076.2124286294 1106970.1967773438
133583310.3770298660 1277889.2363281250
133509846.8410668224 1268386.7666015625
133711273.8558204025 1288544.4511718750
132754503.4209994525 1193410.0122070312
132573931.2793390453 1166627.6250000000
133583310.3770298660 1277997.7900390625
138040023.9215202034 1432808.8906250000
133791759.4528094232 1295176.0556640625
133777227.3507971168 1293240.3251953125
134140531.6675546467 1318987.5058593750
135538211.8037938178 1388870.0947265625
136640386.6207099557 1418101.7578125000
133854618.7598881721 1299127.0000000000
134920529.3944072127 1359593.8330078125
135566361.7949608564 1392300.1093750000
133514089.1901618540 1269204.3144531250
136999739.3877580762 1423373.3925781250
135030787.6357990801 1365718.5458984375
135342428.3538659811 1381189.4287109375
134494558.6826123297 1339372.1953125000
133652640.8421028107 1282609.2089843750
134627809.7220866978 1346770.4765625000
135030787.6357990801 1365738.4658203125
132869144.0755303353 1209858.9091796875
134349648.6350686550 1330309.2041015625
134140531.6675546318 1318813.7695312500
133895021.1188635081 1302111.9892578125
134356150.4500534534 1330843.3193359375
134603048.3665726483 1344930.2763671875
135222500.5591678023 1375235.4130859375
140644459.9395033121 1441275.5136718750
138557349.3899010420 1435393.9394531250
134243975.4861044884 1325185.5771484375
134243975.4861044884 1325413.7705078125
136654139.9370231330 1418597.7636718750
134490873.4026236832 1339272.5341796875
134681182.0055267215 1349545.2216796875
135819668.7950419486 1397800.8457031250
140436989.1265773773 1440830.7539062500
134553703.1457428932 1341666.4384765625
135167427.3109263778 1372969.8896484375
134564031.9071730375 1342637.4257812500
134923658.5372605920 1360430.0458984375
133685713.8852820247 1285250.4931640625
133711273.8558204025 1287526.6025390625
135486954.4021643400 1384632.3173828125
137434707.3002113104 1429462.0195312500
135302245.1716020703 1377602.4482421875
135113088.8100210726 1368500.1689453125
134700671.5823003650 1349793.2578125000
136213140.6712110639 1410394.4873046875
134206324.3955560178 1321720.9248046875
139795514.6913932264 1439466.0947265625
136630893.4911293983 1417348.3271484375
134910850.9361953735 1358283.3300781250
135167427.3109263778 1373229.9091796875
133700976.8817062825 1285496.1904296875
133700976.8817062825 1286514.0390625000
134453222.3120751977 1335807.8818359375
134140531.6675546467 1320236.8769531250
136213140.6712110639 1410782.9521484375
134809378.2104894817 1355527.9619140625
136072426.9256232977 1408259.8691406250
135006795.6326426268 1363833.0039062500
134712393.5469169021 1350454.3310546875
135359140.2342951596 1384248.7900390625
139822310.1653858721 1439528.5371093750
135838706.6962797046 1399090.5996093750
132381951.6126108915 1106426.9262695312
136072426.9256232977 1407971.4277343750
136253240.2324466109 1410904.0654296875
132381951.6126108915 1106663.0561523438
136174210.9300283194 1410099.0107421875
133838578.0105687082 1295996.4960937500
133181672.8706147522 1241507.0439453125
134176652.5950686485 1321295.7519531250
135230103.7497284114 1375632.9599609375
139625656.4765333831 1439290.7539062500
133312814.6583426744 1254880.2548828125
136174210.9300282896 1409633.3916015625
133145074.7027662694 1235895.2573242188
135510355.1681221128 1386300.0429687500
133149584.3845840842 1236726.8046875000
137188067.2358224690 1426865.6152343750
133318558.4335480034 1254962.4980468750
133187416.6458201259 1241589.2871093750
133191181.7731096447 1241651.2578125000
133191181.7731096745 1241919.6318359375
135717576.7287878096 1394351.3623046875
133093737.5437374413 1229855.4169921875
133277056.1983181238 1249174.3457031250
133093737.5437374413 1230375.8134765625
133277056.1983181238 1250641.8183593750
133500685.5850018114 1266974.9130859375
135324796.2132757008 1380486.4667968750
135930027.6144934297 1401954.8955078125
133163095.3319051117 1238424.2021484375
135057613.0232826769 1368258.0693359375
136773753.1281478107 1420539.6113281250
136788115.9607257545 1420852.8320312500
136838449.6938607395 1421848.6816406250
135122983.5586237013 1369295.8046875000
140342556.9793856144 1440591.6621093750
134305468.8895636797 1328256.1328125000
135906269.4352598190 1400509.9990234375
133213664.8380221575 1242393.3154296875
134869374.9964994788 1357272.3369140625
134758857.2623080313 1352484.8564453125
137565124.3069044650 1430842.2021484375
135282132.6843936443 1377492.6572265625
136665148.8849761784 1420137.3525390625
136752332.7459383607 1420178.0546875000
135536132.2376353741 1387667.9687500000
134448013.9485963285 1335596.9960937500
138267214.7104150653 1434175.8466796875
138267214.7104150653 1434153.7431640625
135508628.9532316923 1386138.7460937500
137391598.1466361284 1429072.1621093750
135724905.2048295736 1396231.2714843750
137391598.1466361284 1428784.6074218750
137266645.4436674416 1427749.8417968750
135756488.1085780859 1396401.4638671875
137794820.2362581789 1431776.5351562500
136318785.8151063025 1412639.5263671875
136318785.8151062727 1412469.4267578125
139620997.4485232532 1439103.2734375000
135768981.0552753806 1396943.4609375000
137919810.7539661527 1432170.6806640625
140097880.2375361025 1439963.4140625000
135929389.2091189027 1401724.9199218750
135989933.2381712496 1404116.5507812500
135847761.8531596363 1399324.5605468750
135937429.5041705072 1402143.9648437500
136454062.6070313156 1416265.2333984375
136413050.8993735015 1414321.2236328125
136413050.8993735015 1414268.7294921875
135989933.2381712496 1404278.6992187500
139933083.4537731707 1439750.8632812500
136456786.3313274086 1416805.8759765625
140145100.6734238565 1440156.9160156250
134216287.9603752047 1322195.3955078125
137927519.6718391478 1432382.6093750000
134974818.0164179206 1362524.0097656250
137531125.4758222997 1430446.8789062500
134974818.0164179206 1362735.6894531250
134463185.8768943846 1336282.3525390625
139468186.5067092478 1438549.2558593750
134854170.1753410399 1356169.9599609375
138352635.4151524603 1435078.0234375000
139103079.5711116493 1438080.0585937500
137796165.0684465170 1431790.5683593750
134733325.4750224352 1350839.2724609375
139784571.5526763201 1439316.1171875000
137833953.9636202455 1431885.3437500000
137620080.6783481836 1431238.5468750000
135005704.8766285777 1363459.8818359375
134877302.6724942327 1358181.0185546875
137309087.5979745090 1428360.8125000000
135680245.5522331893 1393079.3984375000
135885894.6184095442 1400420.2617187500
137391598.1466361582 1429302.8164062500
138746083.7833868265 1436423.9335937500
138071500.6150379479 1434150.2148437500
138638864.3836142719 1435687.5664062500
137930084.3877244294 1432443.5781250000
138290333.2315590978 1434253.5371093750
138754452.6869602203 1437092.9628906250
138558004.0916181207 1435464.4687500000
138790587.0995110273 1437424.5566406250
138638864.3836142719 1435908.0957031250
138956961.0713630319 1437847.4980468750
137250498.3322894275 1427714.0156250000
138431759.6341784894 1435195.7187500000
138467750.8825266957 1435382.0117187500
139259714.0641076863 1438172.3994140625
139287568.9436782002 1438393.9130859375
140297025.7455582917 1440194.3349609375
139530301.3019849956 1438877.5390625000
138315468.4472092092 1434491.8798828125
138674238.4424052536 1436318.9238281250
139503611.8179961145 1438557.8222656250
