81322816.8560688645 921523.4589843750
81094256.2504415810 917517.1748046875
81367901.2889950126 923651.6103515625
79245311.4408112764 845600.6748046875
79414502.4282239228 854706.8500976562
79642030.1900747865 865630.7172851562
78165105.4858044684 786406.8369140625
77253867.0603099912 719602.7279052734
80589657.6729869097 897645.7573242188
76060510.3055313081 590488.8249511719
76227284.8542933911 612475.5172119141
76049016.5333671421 589040.3123779297
80610582.7760646939 898500.4321289062
76919423.9024037570 690938.5764160156
79581145.8778191209 862405.4863281250
79519423.0187671930 861530.5415039062
76310758.0829913169 624672.0355224609
77182699.3482279778 714512.8381347656
85552380.5112992823 948947.7578125000
76365727.5669848323 630735.5295410156
76494896.3498924673 644012.2988281250
81857432.5220701993 936199.1865234375
80261387.8359320015 887918.8559570312
81735576.4590217471 933404.4443359375
76675560.2177485079 666545.7735595703
79930652.5429173112 876780.2978515625
78431799.2330494374 803645.5888671875
80260299.1216368079 887311.6552734375
80074546.4261019379 881585.4282226562
78422287.1654627770 802692.3627929688
76304945.1264094412 624269.8995361328
81724807.4346405715 932586.7812500000
82092002.8705120981 940128.8535156250
77548076.2676811665 742309.1848144531
77294768.6909652650 722147.9108886719
76119540.2485473454 601029.1740722656
76082537.4907300621 594905.7258300781
76082785.2292271852 596125.2868652344
81520838.7482430339 927676.3828125000
81543356.7798984796 929784.1738281250
77366980.8452238142 731447.1256103516
82062935.7898679525 939597.5595703125
83121517.6086388230 946371.0410156250
79650274.1112450808 866409.5400390625
80461810.3448684067 896106.1064453125
80884580.4160675406 910611.7851562500
80615926.7015813142 903540.6083984375
78500759.6869568825 807451.6259765625
76042243.7732851803 586456.0748291016
76474871.2703239024 643710.3437500000
76378151.2434702814 638014.7979736328
77530956.9482987076 741802.4604492188
76885215.4717500657 688658.8078613281
82972398.1020492464 946328.7490234375
81272553.8995073587 921075.5341796875
81076010.8569528461 916072.4580078125
80870979.8610333055 909619.8027343750
81017973.1518415660 915916.4531250000
80950226.4390280396 913657.9863281250
80723197.4639391005 907142.6142578125
76848021.9973077774 685107.8405761719
79801241.6933145672 869978.7465820312
79855577.0645089895 874003.2265625000
76456356.9437655658 642837.7359619141
84588034.7656879276 948206.7470703125
77444145.6942913830 733950.6684570312
78364726.2337999195 800380.2734375000
83250293.9659672230 947329.0683593750
80813763.7336369604 907529.2832031250
76069234.3604162931 594485.2677001953
84375092.0463395268 948183.1152343750
77703049.8689624518 755005.3149414062
76819884.2882502377 683908.5490722656
76443671.4677470028 639631.6541748047
81797669.5046695322 933757.8876953125
76142911.1901998073 601781.1431884766
76517429.6960047185 646560.0766601562
81878384.4728342295 937233.5166015625
81913216.3455603868 937877.8447265625
81624579.1978611499 931110.7744140625
76128752.4243590385 601530.8094482422
76594524.9804642797 655970.8548583984
76201287.0977890491 611632.9696044922
80222701.0638114065 886241.3520507812
76558993.8566070348 652253.1798095703
79655755.2512765676 866760.8886718750
79495225.4041224122 859590.5507812500
78909332.8969458193 831216.7773437500
77024360.4355811924 700345.3471679688
80844892.0405161679 909579.4833984375
78313226.6144478768 797898.6228027344
78581003.9339086264 814487.8662109375
78646407.8057799935 816777.2607421875
78720728.6815190315 821967.3608398438
79122254.8262537867 843203.4848632812
76555822.2030313015 651725.7635498047
82469876.2420848012 944841.3369140625
76376738.6847009659 632300.5358886719
77482414.4370093197 737366.3380126953
80091808.8301116228 881851.8891601562
76919838.9885964245 693754.1459960938
83132252.5307308882 946996.4560546875
79605900.4899427295 863818.9746093750
76007644.4665000141 583840.7639770508
80000165.9083829820 878599.7080078125
76178766.6389518678 610545.5782470703
78376552.4382847100 801768.1513671875
76750168.2634277493 674304.0587158203
76803189.2745145708 679076.7672119141
77803954.9289468676 761147.6398925781
81835131.4123568535 934710.3115234375
79015108.1043583304 836780.6787109375
78518746.0065162927 810769.7099609375
78674867.2333205342 820074.8916015625
76519826.8669683337 648170.0986328125
76247280.6169198602 619785.3935546875
85750945.6155523807 948979.3906250000
79346018.0629369318 853039.6147460938
80285179.4815748185 889241.4931640625
78109430.2988804877 783753.2351074219
80250427.4394603521 886560.5776367188
80274560.7581685036 888398.9472656250
76226110.3668410629 612428.8956298828
79387092.5636356771 854466.4350585938
76503465.1838733256 646226.5610351562
76488142.9269769192 643727.4956054688
84952007.4547767788 948578.9580078125
85357114.1894064695 948840.9960937500
80167207.6427458227 885800.6958007812
80099462.1368670464 882041.8325195312
77987321.5952541828 775668.9875488281
76643422.1989937276 661717.6898193359
79187027.8393178582 844897.9282226562
85039704.3086024523 948598.5283203125
84647302.5987621695 948355.7382812500
82677124.4271740466 946026.7802734375
78286457.3313776404 794485.1733398438
78764525.7319551259 824486.1899414062
78980691.4385726601 834728.9277343750
78917884.9274791479 833329.1694335938
79348233.3240156919 853364.8491210938
81937531.5950566828 938258.3134765625
81801368.9515191615 934269.5722656250
77498227.1839353591 737907.9353027344
76900912.6039700657 689929.1855468750
76176279.9165869206 607836.8443603516
77714796.8399949372 755652.8845214844
76592892.0146032423 655518.5633544922
77208758.8871970475 715090.2043457031
76750920.1511408389 677251.3717041016
78099104.6994668394 782815.5998535156
78120079.3353273720 785342.8259277344
76786377.7374592423 678897.1480712891
81392401.0436292440 924370.5185546875
80331297.1379979551 890285.0952148438
80910270.7820776403 912489.7851562500
78745376.3710199147 823595.1401367188
75934122.3014108092 574998.5385131836
85231622.4808660001 948664.9394531250
85431387.0291161984 948903.6650390625
77178972.1710703075 714304.8005371094
77278341.2276132852 721150.3955078125
77460950.3778868914 735967.2431640625
81252197.4452970773 920878.7441406250
76328207.3016322553 628454.4199218750
77064053.8139142394 705423.3332519531
77057600.8143405914 704696.2006835938
77358729.7284862101 728472.3807373047
76247139.7946455181 614216.0137939453
79025740.5307300091 837037.8608398438
76287229.2177315056 623820.1429443359
81472590.4432261884 927043.3369140625
81821326.6323984116 934580.9667968750
77142301.2388903499 709801.8625488281
79286237.9372938126 849222.3154296875
82517825.3437174559 945844.9111328125
82901117.8155176193 946117.4453125000
77352163.4138409942 727628.3337402344
78432343.9427213520 805649.9501953125
78344499.9532823712 799329.2451171875
76544031.7559826672 651107.8393554688
80500068.3331468701 896469.5078125000
78516401.1398359984 810414.3540039062
76145355.2885639369 602677.1607666016
82114609.2091344446 940512.2851562500
81170865.6894606054 918072.1669921875
76693513.2825586945 670151.3409423828
80551789.3285274357 897550.8159179688
84168687.1444412619 948079.5791015625
83590916.5026157647 947734.2773437500
83623211.3878626078 947827.0644531250
83543015.2815487087 947618.1328125000
75937452.8796870410 575561.1920776367
76208153.3115722537 612377.9791259766
78704633.1701013446 820915.7773437500
83228811.7890189588 947078.2021484375
83122637.3427567780 946526.6503906250
82912760.2159241438 946220.6718750000
78103365.0649353117 783058.4687500000
77316624.9818073660 725090.6206054688
81230737.9406259358 919174.0703125000
85812045.4176856130 948984.8652343750
77616923.4771694541 746102.7773437500
77239327.5433132797 718322.4050292969
77097035.9079854935 706445.1971435547
76980263.5719155222 698592.6097412109
78217741.2481710464 791093.2136230469
78468818.7389917970 807439.0117187500
77505190.4867667556 740616.2927246094
77348691.9506972879 727172.2277832031
79096349.7209784240 840972.4184570312
78865317.9085039347 829706.1591796875
80875651.2683970481 909945.9453125000
76033903.4226047844 584922.8367919922
82251253.7026597857 943990.0439453125
82200043.2198202461 942411.1337890625
77739312.8975676447 756781.3889160156
76551139.7198383510 651665.9824218750
78301519.3440749943 797267.2790527344
76033373.2849223316 584443.6968383789
79817097.0151652396 872205.1396484375
77816127.3470977992 764381.5429687500
76227850.4759968072 613922.9141845703
76866499.4852029085 687324.1126708984
76821930.2237344682 684910.8366699219
76661056.1162705272 663627.5729980469
82483812.1533252448 945172.6777343750
77785505.3001819253 760939.3073730469
81249836.1298243105 920595.0249023438
77874043.2961735725 766373.9250488281
77639256.9641845226 749669.2587890625
82124229.5181310028 941436.7685546875
76978945.0862495899 696899.4516601562
76575404.5111852735 653183.3577880859
76604082.4989906847 657123.6041259766
76151780.1670598239 604446.9080810547
78580922.6625965387 813375.3515625000
80455328.2397162616 895353.3579101562
80407818.8096950799 895133.1967773438
79960650.2232114673 877619.2861328125
76957888.4010600150 696066.4570312500
77852774.0598392636 765622.4252929688
80814727.1314419508 907752.1171875000
76632978.1226910800 660284.8583984375
76710861.4310806096 672038.4880371094
80297950.2303216010 889260.1738281250
79439938.5031225085 857459.6464843750
79680997.6758472472 867863.7626953125
78278730.9327840954 793568.6069335938
81843193.4778685570 936187.8925781250
76617922.4305752367 658398.2896728516
77207866.3433106542 714958.3530273438
77162076.3118797988 712577.7258300781
77221985.0738837570 716477.9047851562
77055748.2680487931 703879.4411621094
77023106.3928418010 700261.7429199219
76862417.6518927068 686373.7441406250
77589515.5074845552 744243.6799316406
77648166.6294025332 751750.4438476562
77800270.2647831142 761024.3872070312
77844129.8701415360 764864.5703125000
77754727.0239042640 759655.2355957031
79972331.3407046348 878142.9204101562
78843509.7219478786 826734.4125976562
79062179.5295935720 839152.1611328125
79648824.4999650419 865812.5288085938
76524866.7291797698 650648.0292968750
78457686.7811209112 806517.9672851562
78235216.9445341676 793138.3547363281
76584755.2379049063 654457.4898681641
78323360.9792879969 798917.9272460938
78106076.4275212735 783609.0161132812
78082653.5204569250 782449.4606933594
79381575.7110320181 854260.9633789062
81990434.6729827225 938887.2138671875
79491705.6017351598 858700.9458007812
79326396.7405880988 851676.1201171875
78944581.9554324448 834543.3398437500
77925921.2720606476 771051.6501464844
78172607.5400346518 788388.5388183594
79767684.9782430232 869824.3056640625
79011245.1202705652 835929.5610351562
78995212.4880179167 835751.1293945312
79374639.3074970543 854216.4873046875
79157462.0599191934 844801.5786132812
79130281.3135811538 843917.4033203125
79264171.0828770697 848235.6303710938
79068695.3503242880 839247.2509765625
79052799.4148264676 838568.4580078125
82215850.8813246042 942816.1669921875
78204774.8137038499 789832.7502441406
84894501.3169845343 948504.3681640625
80542038.8344504237 897525.9907226562
82083777.0786446631 940124.5107421875
82307111.0452333391 944581.8613281250
78063306.3448750973 780263.1809082031
78074684.7100654989 780628.1916503906
78079185.2423774302 780817.2946777344
78034610.8489130586 779163.3942871094
77908710.5940814167 770637.2595214844
