77665478.8361192495 747339.9697265625
77918846.4307613969 765550.7832031250
78092476.5728567988 778867.2294921875
77210290.4549473673 707409.0761718750
83012526.2392190099 945417.9404296875
84836125.1169731915 947964.4306640625
84741906.0676935166 947947.2490234375
79168958.0338586718 837184.4868164062
76889206.8468121439 678879.8850097656
77287485.6465806812 713954.6308593750
76477146.7727386206 638341.6217041016
76633519.0061929375 650751.3505859375
76739217.3911730647 664494.6381835938
79131523.3171278983 836686.8740234375
80285832.6153080463 886061.9326171875
83040131.9119733721 945982.9541015625
79358251.1282592863 848467.1455078125
77961491.1729502380 768973.5991210938
78218356.7735648453 788676.2885742188
77982544.1270295084 771022.6093750000
76631475.0582857281 650475.0261230469
76506342.9355696291 640548.5729980469
80550139.7142596096 896671.5180664062
77935616.4262286127 766232.8645019531
80263830.4592293948 883991.0341796875
79960751.1666661948 875083.8686523438
79921355.9122588933 872953.4760742188
79741057.5885078758 864685.7783203125
80193933.8962591290 880478.2124023438
80198755.4748742431 882601.4501953125
82182460.4746876955 938865.3447265625
81526960.3646560162 926016.1718750000
81785897.6980438828 932145.2783203125
81705960.4846327007 928563.8320312500
81736891.4524225295 931365.2861328125
76641981.3708563596 655980.6973876953
78557238.1399071217 806410.3974609375
84997306.9436153024 948201.9091796875
85488904.1127684861 948733.3623046875
82340728.4420647025 941992.3554687500
79528871.9556794167 854567.5346679688
76367230.2243770063 626241.0958251953
76281408.0738732219 608413.4371337891
76205145.3843984902 602661.7105712891
76454642.6901621073 633405.4547119141
76738393.0268871784 663625.2159423828
81867995.4463775605 933190.3935546875
80443134.3506110013 892623.3720703125
80487322.6392110139 893745.9946289062
80736975.4698528349 901074.8715820312
80409500.8817161024 889949.3408203125
83108968.2038771957 945990.0966796875
78725316.5760644376 814468.3544921875
78740342.4516182989 816529.4106445312
76817095.9615609050 671711.6525878906
79650856.4231638461 861013.7832031250
82734720.9358317107 945202.7773437500
76519284.6368725300 643345.6967773438
76592416.4788897187 649914.8575439453
76892690.9031656832 682103.7650146484
76971297.1921050251 688049.8127441406
76895211.7244881690 682270.1018066406
78176231.9612149000 783362.8574218750
78633269.1922536492 809294.2221679688
85239511.1908761710 948582.8623046875
82001410.5125262737 935080.2011718750
82093362.6457497925 936699.3564453125
78806619.0264326334 821172.3154296875
77448097.0421372354 727163.7985839844
80298788.2217593640 886413.0952148438
84437275.4372366071 947547.9365234375
84733103.4266077429 947813.3134765625
77009316.2668506354 692282.0010986328
83330800.7827171385 946070.7050781250
83378403.4963859022 946802.3759765625
76442122.9617127776 631135.3446044922
77692471.5851842314 748871.3310546875
76848573.7179876566 675700.6137695312
82512029.7978240550 943454.4287109375
85341476.8620541394 948587.9414062500
77243919.7212709934 711694.6635742188
79091601.2857602388 835970.1796875000
76930432.5224243701 686193.1325683594
77180540.8536624908 705885.1384277344
85438849.3172440529 948689.0175781250
77726411.7915008515 751196.5185546875
80962305.1643516272 909025.8183593750
77728312.8348504901 752434.9052734375
81120233.9257557541 912550.3173828125
81058328.3880051076 912166.1337890625
76424901.9446470290 629894.4311523438
76208761.8827417046 608065.3131103516
76410459.5842978656 628294.3555908203
76407237.3188359141 627222.9085693359
80673487.7890566140 899966.4604492188
78934442.7862198055 826619.1938476562
80427002.0459140837 892216.5205078125
80777172.5228062123 902952.0375976562
79073623.7752075940 835197.3735351562
81307932.7274361998 918212.0234375000
81624586.8866756111 928063.6826171875
82667764.7358868420 944221.4433593750
77877970.7015156895 762257.5012207031
77885729.2948176116 763887.5627441406
76866103.9309165478 678061.2802734375
76796755.4065427780 670844.6914062500
77755859.3961012065 752843.4575195312
85039033.5067353100 948445.3867187500
83307067.6788808256 946034.6894531250
81196947.2967242450 915724.7685546875
77954626.5284216702 766386.2939453125
84402823.8373783231 947539.1240234375
79753784.8897033483 864711.0483398438
79724365.6355635524 863661.9716796875
80900532.4489053190 907245.0390625000
84225533.9792753458 947407.7861328125
79615253.1553473920 860091.3515625000
79686811.3415115774 862647.7431640625
76820256.2951236814 672158.3735351562
80894303.1909909099 906074.0634765625
78307484.8401739001 791786.1652832031
78265876.8266806006 790174.7048339844
77787553.0989525467 760118.3598632812
81836192.6050513089 932162.4589843750
81970772.8232935220 934626.6943359375
82258856.7180078626 939733.0429687500
82002497.1509251297 935530.0781250000
82107490.3065232486 937367.9335937500
78200709.3974835873 783799.6767578125
80377011.2648012638 889294.1762695312
77304231.1257284582 717242.7651367188
78202048.7733103335 784216.4729003906
77019304.6098111719 692370.1140136719
77144840.3758209050 702998.4016113281
77037891.0026629120 697037.1726074219
85149827.9946897477 948488.8085937500
84896001.6174787134 947964.9921875000
84979994.4319570661 948049.7587890625
77318585.0468311608 720832.8149414062
77314888.1774038225 717938.5651855469
77574318.1228509843 737982.9724121094
77410592.0127358437 727154.7209472656
77385935.9391091764 725436.1574707031
77379612.8768546879 724181.8634033203
77521505.3415555507 732836.0109863281
77514720.9256843328 732834.0975341797
80310534.3887185603 887877.1694335938
80536745.7058557272 894569.5209960938
76358645.9631000459 624293.9749755859
76994570.5051885843 689337.8312988281
76713888.4388448447 662418.1588134766
80231527.9306134433 883944.2050781250
80078797.2540512681 877711.2939453125
76567747.9948970079 649786.0501708984
80058703.0934204906 876933.1118164062
80036820.3595142514 876773.3984375000
79387019.6448300928 851009.5893554688
81618201.8992022276 926949.2021484375
81523598.6427404881 925266.2968750000
81661219.1820884794 928555.3789062500
78468331.6902287006 801357.0576171875
78350127.6874256730 794189.7937011719
78524805.8745445311 804297.7666015625
81446135.0396856964 922939.0732421875
81440762.1020343900 921104.4667968750
81259197.3756821901 916425.8144531250
82152481.3695302308 938286.1748046875
81923207.8057176024 933419.2558593750
79540213.9719046354 855153.8012695312
76744519.4061919153 664803.8908691406
76765914.2431674600 666735.5056152344
78449557.5159161091 800995.2863769531
82620217.4496292621 943947.1269531250
76607984.8071198612 650010.0439453125
80288993.0524833798 886084.1591796875
78217428.5594181865 786309.4577636719
78505379.3179405928 803053.4736328125
78353611.5109793842 798915.1254882812
76841546.9931386411 674964.4487304688
78903081.2546578050 825483.8833007812
79176925.6970329732 838667.6000976562
79414730.6285356879 851171.7832031250
79431344.3367277980 853494.3574218750
76710087.6086922139 660081.1951904297
77300932.1350942403 714489.5668945312
77146085.9939319491 703341.4927978516
77175417.8924465328 704627.8946533203
77273345.3642807305 712752.8928222656
82207531.9847626984 939658.2519531250
80954099.1278932393 907512.4907226562
79826362.0520535111 867741.6601562500
85677701.8811806142 948756.5302734375
76968739.8710213602 686852.2916259766
79024510.3298684210 834251.1005859375
82282368.7482172549 940331.3945312500
76153283.6495815217 594780.8229980469
76308696.5920905471 621105.9083251953
76456659.1667177230 633806.1402587891
77918963.7807537317 765716.0239257812
77654605.6429042220 745798.3901367188
78751177.8787806481 817623.3945312500
77979817.8862474859 769158.1291503906
77989913.7507861853 773613.2082519531
84217641.9392502010 947407.3164062500
79785000.9323974997 865929.9326171875
80131218.4065940082 880305.9746093750
78063883.6167288572 774702.3535156250
78082916.1828051060 777798.4941406250
78117201.4756491929 779338.9895019531
77957657.0603803396 767039.6430664062
78157298.9840497226 781446.0136718750
77982511.5982846171 769327.2270507812
82439897.8655174077 943043.0234375000
82200430.4711628854 938870.0839843750
78306538.6366338283 791579.5974121094
78439556.0770093650 799982.6220703125
78284228.5791043043 790404.1953125000
77531371.0203066766 734339.1856689453
79383414.4771861583 848543.9311523438
79125854.0359747708 836172.8217773438
79172747.5353358239 838515.4809570312
79240869.6819259226 844260.1801757812
77504141.8322086632 732185.1770019531
77685286.4820822030 747694.2060546875
76833849.3878102452 673947.7983398438
80859153.3430481106 904588.3051757812
80635639.8826799542 898635.4970703125
79006532.8193157762 831881.5419921875
78843843.9655943364 821262.8554687500
81599389.9855447710 926830.5146484375
78847955.6145863980 821359.7041015625
77098404.7232506424 698010.4843750000
77109750.2486278117 700295.3255615234
76912229.8808074892 683934.6427001953
78206969.5447278470 785070.6896972656
77838555.5007441640 761716.6806640625
78315002.8732698709 793239.3745117188
78534703.0956750661 804342.6665039062
83962388.4090214223 947120.1220703125
84181674.4609091133 947385.5341796875
77086522.1318054050 697878.1999511719
76738014.8581281155 663252.1550292969
76502448.5066696256 639727.7176513672
80561736.8906666785 896821.4897460938
84939113.1026805639 948037.5156250000
77597144.9975194335 741884.3164062500
77773178.4906079024 755956.4643554688
76493828.0151360035 638972.0867919922
76816604.7068064213 671023.0092773438
78648597.5061328858 810535.9846191406
81139975.8651501089 914046.3818359375
76348041.7089917809 622227.5323486328
78785776.4994661957 818634.8403320312
77577037.8014101833 741584.6201171875
80869675.3658032268 906034.3881835938
78790989.1420912445 821048.6484375000
78942383.2641790807 829510.8964843750
76515625.6650473028 640894.7230224609
80745461.4850679785 901527.9941406250
85394926.5645262003 948645.8818359375
80013059.2349563986 876088.0854492188
80515134.0106340200 893811.2333984375
80797914.0137702823 903416.2290039062
80548799.9869369715 895343.4824218750
79887275.8781003207 869292.0478515625
79149921.1248879582 837164.8437500000
79849300.2381515056 868441.4169921875
77232186.0241686255 708216.3250732422
81223613.9882670641 915736.4218750000
81038331.9316949695 910321.1738281250
84353151.1310576946 947502.1298828125
79906742.8273900449 872477.5185546875
79685351.2911638319 862163.8867187500
80826730.3800929636 903856.4506835938
77549942.3999338448 737382.5236816406
84591524.5981146246 947783.8193359375
76771522.1018658578 667442.2230224609
78640817.1144041568 809943.6440429688
78908762.6306590438 825653.0429687500
76675220.3418833315 657436.7979736328
77921724.4894954115 765749.8295898438
77687288.6447625011 748295.6269531250
77696033.5789242536 751099.7827148438
77597937.4988796860 742814.0549316406
77907871.9596135914 764326.3603515625
82672084.3537867963 945138.9296875000
82893494.2250054032 945280.4023437500
81229627.9859154820 915743.5878906250
81025613.7726753056 909995.0214843750
84514960.7323532701 947607.9238281250
78860306.4450978786 823133.2944335938
78710116.1317071319 813565.2792968750
79820833.3403237313 866942.9785156250
79609626.2386440784 858388.4223632812
77540477.8292812854 735690.1030273438
77619555.7208001614 745681.9252929688
79488781.4413616806 853593.9506835938
79593947.6412487179 857406.0092773438
79215934.7750442028 842257.9038085938
