64289560.7948782146 4456.4706737435
64476621.8502885625 4564.2066149004
63692815.6760536805 4116.6940664891
65245125.5436836481 4906.0819396973
65942411.1182304695 5086.2482261658
65238584.7059570327 4897.4617195129
63319770.1456133500 3789.9281095117
64522892.4964856356 4565.6587521171
63388768.9421427399 3892.5532086939
64806612.7514403760 4706.2898633480
64987170.8146218136 4798.8664052486
63521124.9968606979 3992.0981480664
64909869.5352576971 4775.6958568692
64813153.5891669691 4713.8294789791
63021370.6997903734 3478.1781137884
62904275.1935583726 3271.1494272649
65106905.7638325170 4861.7077064514
63540458.9090213180 3999.7352860341
63086896.4569032714 3579.1479893625
66141026.5455536768 5093.0832710266
66505227.7235352919 5101.1317481995
64765890.2871376276 4698.7564094663
64488059.7223166004 4565.6345211601
64658627.2135543376 4661.8724509426
64580597.0405759364 4589.7726262757
65203292.1013157740 4885.4717769623
64022216.7231569439 4337.7653315848
63527665.8345873058 3999.5528828686
63743852.4663305953 4122.4678244236
64119486.2529984266 4354.6182635611
65466886.0301138088 4983.0834045410
65384142.6807043031 4976.5193328857
64875133.2532519102 4725.7126911283
63854920.0176716447 4167.0657591465
65618072.8605049029 5060.7615242004
64119486.2529984415 4356.2915194815
65614946.6454684734 5059.9551048279
65672524.2734719962 5075.6405677795
63607359.1714130938 4015.0866341889
63686274.8383270726 4109.2393316868
63197367.6688688770 3713.5586331934
65377601.8429777026 4968.1849822998
64901215.3325154036 4755.1282302090
63093437.2946298793 3586.6027241647
64430482.0943130776 4552.4060284233
64878391.9343465194 4754.4489928433
64418556.0062597021 4532.9165421313
62980531.8939581662 3371.9784413278
64968466.3239672855 4790.5555446744
62995504.1654669642 3380.6095713079
65373856.6895301118 4954.2842483521
63935644.6748094633 4236.5520350188
63429900.8055854738 3896.0476713365
64303507.5825907886 4461.8257405050
66035939.0909222960 5091.3874931335
64708312.6591340974 4685.5279167295
64656787.6528318599 4652.4373051262
64934618.2176528797 4785.5591934323
64904484.2849309370 4755.2854475267
65136175.0937764645 4876.6067493558
64437022.9320396855 4559.8607632255
65624613.6982315108 5069.0958747864
65141554.5617432594 4883.4645423889
66160455.4055856988 5097.0379371643
63162255.2478153557 3673.0132306665
64238524.0046013072 4450.6969158089
63703932.2874566913 4117.3860553065
64113018.2131848410 4351.7515793627
65129634.2560498714 4868.2723987699
63738027.1266208738 4122.2674829399
63288831.6723482609 3788.8668225855
65216433.9108951092 4890.4681282043
64906594.8004821837 4762.4331548214
64800723.0613066703 4698.7806404233
65164377.9599121511 4883.9427909851
64528657.5537097231 4575.6923075318
65710483.2626774535 5075.6599464417
63557225.2742499113 4004.7297186106
63188068.7869284302 3684.4809244722
64256368.9134710655 4453.5684929675
63053245.1129982248 3482.9163380563
63270986.7634785026 3785.9952454269
63144474.0849068016 3592.3764820993
64205332.1231941506 4447.7947350329
64714853.4968607202 4692.9826515317
63348862.4334123731 3827.6022962183
65837323.6635990962 5084.5524482727
64433477.2424354106 4557.2542192191
65329998.8437497765 4933.1731567383
65486552.2928848714 4995.0464935303
63002208.3227213100 3477.1425801218
64916410.3729843050 4784.0302074552
64665168.0512809455 4669.3271857449
64967447.1632612199 4786.8473995328
64535198.3914363161 4583.1470423341
65374475.6279412583 4967.3785629272
65578962.6950574219 5010.8437728882
62995667.4849947020 3469.6878453195
63614802.9022534341 4017.9582113475
63884607.8845325485 4230.7782770842
64025677.0177697614 4337.9591258353
65432053.2559447810 4983.0640258789
62930141.7278818041 3368.7179697454
65096831.5611723661 4834.8561618924
63755872.0354906470 4125.1390600985
63168796.0855419785 3680.4679654688
63467108.1684806868 3903.6909017747
65055691.3164333478 4818.2892330289
65381016.4656678662 4975.9517364502
63715456.0788551122 4119.6625204867
63378864.0153085589 3890.2739134019
65493093.1306114793 5003.6667137146
65544129.9208883941 5010.7783584595
64058868.8991769105 4340.8613066113
66836213.5454137027 5105.2023963928
64106477.3754582331 4344.2449942416
63563766.1119765192 4012.1844534129
63766492.8691320270 4125.4362784213
65303658.9033611864 4918.2018165588
65748327.8841167390 5077.4207801819
64426936.4047088027 4549.7994844168
65126508.0410134196 4867.4659793973
65072064.0499028340 4818.5136299133
65133048.8787400275 4876.0391529202
64646701.1255009845 4642.3760263175
63412055.8967157006 3893.1760941779
65252622.1130842716 4911.0901718140
63625423.7358948141 4018.2554296702
64650246.8151052520 4644.9825703239
63372323.1775819510 3882.8191785997
63260618.2802402526 3783.5713132471
64347081.6465036497 4485.2997209281
63529838.0753799528 3999.7340574449
64076713.8080466762 4343.7328837698
64397838.0654265210 4510.0520663261
63078301.7035933211 3488.9278431833
63231254.0443447381 3775.6383298486
64198791.2854675427 4440.3400002306
62987072.7316847518 3379.4676991403
63574386.9456178844 4012.4816717356
64998113.6884298250 4802.5573680997
63523297.2376533449 3992.2793226427
64824096.4629749954 4718.6010463834
64425096.8439863101 4540.3712769335
63704835.2452137321 4119.3653021639
63165728.2872318402 3674.6684542745
63237794.8820713460 3783.0930646509
65004654.5261564329 4811.1775882840
65961839.9782625064 5090.2028923035
65802490.8894300684 5080.8055686951
66023504.1132318154 5090.2874717712
63473909.8912623376 3927.2435293382
64019136.1800431535 4330.5043910330
63451665.7136979401 3902.6349615306
63878067.0468059406 4223.3235422820
64544544.7937764451 4584.8798486441
63509554.3693680912 3935.3634193987
64186878.4016306624 4388.7062836474
64853612.3332874626 4719.0358000943
64595677.5394405425 4604.3762732693
64363986.7305950075 4492.3033067435
64644752.8302907944 4634.1646539420
63876657.4627160132 4170.9355781859
63347959.4756553471 3825.3279652647
64882984.4768629372 4754.8107939907
63597210.3437867910 4012.9599203318
65751454.0991531536 5077.9883766174
65834861.3944778591 5084.5330696106
64876443.6391363293 4746.2376204678
63907431.2827014551 4231.2565256804
63858812.5538462251 4167.9752978718
64048500.4159386680 4338.4373744315
64904629.9552055746 4761.8143798062
63636887.4919360727 4044.2035383824
63322935.8311909437 3817.7833852952
64687991.4494498521 4669.8054343411
63976289.6713787541 4273.0082133597
63362668.5503246933 3828.2251817023
63329476.6689175516 3825.3230009263
63510652.2969337329 3937.3890291190
63217064.8520013317 3718.1421521753
64169033.4927608892 4385.7460033333
63799425.3218840435 4151.8232376164
63144998.2571618259 3609.6715823263
64632047.1690199897 4618.9666892239
64641714.2217830271 4627.0268546292
63969748.8336521462 4265.4685977286
64410023.4129374921 4514.9538881034
64406897.1979010403 4514.3862916678
64638588.0067465752 4626.4592581936
63307823.3358588442 3789.8387616724
63552661.4735488594 4000.2123060411
66617512.9719619527 5102.3765830994
63727658.6433826387 4119.8435507601
66666216.4302438498 5105.1178169250
63792884.4841574356 4144.2836219853
63932084.1066935658 4231.7194530815
66253311.7939803228 5098.3915824890
63825620.6724390835 4165.0731170958
64367532.4201992825 4494.9098507499
64654839.3576216772 4645.3443714714
64129300.7736271396 4375.3042069262
64416607.7110495344 4524.7051697558
64423148.5487761423 4533.2783432787
64360991.5824726745 4487.3702351188
63480450.7289889455 3934.7831449693
63633461.8312373310 4034.4281354135
64135841.6113537475 4382.8438225573
64548090.4833807200 4587.4863926506
63808459.0010711104 4154.0594091872
65370730.4744936675 4953.4778289795
63814999.8387977183 4161.5990248183
63665702.2417573631 4054.7116080111
64309858.8368085772 4467.8807488268
63498933.5357267261 3934.7869022936
65055498.1114384457 4811.6164817810
63479547.7712318972 3932.5088140157
64853721.4886123613 4725.6046321988
64228155.5213630572 4448.2729836291
65585600.7708532512 5012.5592155457
64459846.3302085921 4560.3390118217
64393776.4052006677 4497.5033493823
63994772.4781165347 4275.6629738063
64316399.6745351851 4475.4203644579
63411592.3403116465 3893.0314572901
63684551.5392018706 4057.8922683448
63654544.9410656765 4052.4351428310
63473006.9335052893 3924.9691983846
64578993.6306478977 4588.7524672695
64585534.4683745056 4597.3726874539
64823674.5949416459 4715.9325046539
63586589.5101454258 4012.6627020091
65859217.3130653426 5084.6022071838
64615311.9784251377 4610.8970132917
65088970.7880878523 4822.4097805023
63648004.1033390686 4044.8955271999
63961372.3749200106 4241.9294503516
63648907.0610961169 4046.8747740572
66802668.3087091744 5105.2019996643
63655447.8988227248 4054.4143896883
63517109.4796850681 3937.4146300143
66841820.1122544259 5109.2116279602
