102637681.3896728754 767617.4555664062
102916363.7168749571 777085.7290039062
102843693.0987355560 776158.1240234375
98983389.7665109485 475344.4174804688
101816468.4268622398 732524.1308593750
103166811.6551295221 785239.2553710938
102204975.6780867726 749166.8398437500
101776090.6316418350 729526.8325195312
101632943.6272672117 724920.0673828125
102844479.7884641141 776701.0820312500
102349018.2118317634 755460.3183593750
104021237.5596879721 807984.7734375000
98962667.5542100519 470724.0729980469
104037335.5995034724 808401.6025390625
103863475.3460853398 803995.7294921875
98970941.3674246520 474139.3911132812
99058206.1057384461 487722.0146484375
99018424.7311190814 479479.8596191406
98930238.8901704401 467681.2443847656
98906624.9347306341 460423.9943847656
98882640.3643366545 451353.4033203125
103909707.1748593301 807299.5253906250
99001991.5993820578 476525.7290039062
98968885.7058019489 471741.5466308594
103456908.3862130046 793712.9624023438
99242395.3474514335 515794.0493164062
99072878.5861660689 494047.1175537109
99164375.0714720041 500926.8817138672
98959368.6044026166 469077.0089111328
99001797.7510088831 476419.2487792969
99283305.1642915756 521613.1416015625
99244657.6665817201 516008.2016601562
103433901.9887456000 791712.8168945312
104466166.3382521868 817965.8115234375
99172856.8085243404 501859.5827636719
99197972.0143379569 511753.6849365234
104358655.5651013851 816035.6669921875
104043483.1647927761 808607.1162109375
99044717.7222916633 483406.4487304688
103281033.6157714128 789268.9340820312
98899296.4320500493 457950.3836669922
103390255.8722000718 790054.1386718750
99019217.6286265403 481750.9938964844
104224663.5650552809 811743.5537109375
103677812.2250560969 800454.7138671875
99458743.2000051290 541192.4291992188
99260607.3197163492 520321.3637695312
99224540.5322315097 515027.4572753906
99286220.3461273015 521974.1044921875
103485502.6607401520 794736.8466796875
103725203.4439243376 802384.8583984375
103506487.9849429280 796363.6132812500
99460763.5303904861 542157.2971191406
103822740.6341825426 802893.6523437500
99333615.9304107130 526578.8149414062
103869829.6694819629 805551.1494140625
99567760.5066147298 554281.5231933594
99313031.7393603623 524881.5209960938
99469183.5821016431 543230.6511230469
103390793.5910788476 790620.7187500000
103149557.6885781586 784762.1391601562
99877084.5132126361 592666.7800292969
103074089.3355751038 783998.1357421875
103246648.2264919728 788442.1640625000
103133100.5367026776 784452.9091796875
103625575.5122324377 797261.0317382812
98894158.3415312171 452665.4936523438
99802691.7785289288 585286.5522460938
99837606.9016859531 591609.5590820312
102613182.0276558548 766013.9814453125
102425508.9334842563 756757.7651367188
99397721.4324728996 539427.3271484375
99396168.8118095696 537785.8347167969
98816924.4605259597 448794.3369140625
99480744.6798520088 547744.5939941406
98870148.3832374215 451162.2905273438
98813228.0714136213 442108.6689453125
99534940.5751701891 551942.4804687500
99515504.5322339237 549954.1049804688
99572626.7075757235 560461.7553710938
99469854.2810261995 546684.5009765625
103356728.7075260282 789795.5209960938
99760012.1511018723 584224.5788574219
103212615.9173626602 785605.0039062500
103575900.0361652821 796556.1323242188
102827331.5038770139 775094.2138671875
103166888.2643548399 785351.4926757812
102784245.2684942335 773907.8486328125
102813907.4023633003 774218.7958984375
102971595.4005113542 779367.0830078125
99316476.6107137352 524999.0803222656
99643003.5089384466 562481.2507324219
99396015.0380956978 533291.3464355469
102957769.4025387019 777388.9423828125
99439340.9337202609 539651.4860839844
99720894.7350355685 574612.3786621094
100120776.4228405356 617962.5842285156
103217865.4172750860 786481.9360351562
99340246.6547467560 530235.9177246094
99353829.5933696926 530652.9907226562
103042755.9691116214 782220.4453125000
102740380.2630892396 772257.0537109375
102686897.3971010447 768284.9570312500
102979941.7592915297 780835.7475585938
101994585.0341158956 737408.1796875000
100015806.3838728517 607993.3239746094
99740697.9247687310 577330.6013183594
101912783.6348707229 736066.3002929688
105877740.0235592276 834846.4130859375
105805282.6838115156 833722.9580078125
102230388.6413985789 749735.1215820312
105485981.8414907306 832958.8916015625
105480687.6016373187 830887.9140625000
105342694.4695705771 829959.4785156250
101871896.2227653861 733153.2949218750
102611742.1778597385 766011.8579101562
101774412.6899678111 726280.5908203125
99645242.5487949550 570015.1242675781
99645047.1664903909 564279.1354980469
99707728.3808446974 571707.2482910156
99607281.9207996279 560887.5844726562
102712983.6697499156 771568.1474609375
102542777.2946521640 764558.5927734375
102657967.6520227194 767950.2509765625
102330395.6822320372 755009.3891601562
102678342.3836425990 768221.7729492188
101939839.8006281853 736756.1376953125
102014914.0950385928 739278.7114257812
102068509.4376611710 745967.5249023438
102164947.8227443695 747013.6425781250
102302257.7206935436 753350.9946289062
100101369.4146153331 613962.5690917969
102247223.3178074807 750055.4443359375
102536213.5702735782 762087.8496093750
102455701.7515932918 758492.6337890625
102068097.9728495777 744340.7583007812
102304573.8300004900 753536.2490234375
100417731.1314414144 639789.0224609375
99716661.3870826364 572126.2321777344
99681882.3477722853 571679.4792480469
98786184.5023889393 434953.3883056641
100322067.4058262408 634319.3310546875
102465589.0048563033 761808.9487304688
99541425.4080565721 552705.6018066406
98760551.7219626009 423432.2980957031
98762702.1656905562 424593.0899658203
104437026.5160191804 817054.4218750000
101895543.1669406742 735398.7319335938
101773628.2283692658 726216.0947265625
104816262.6145275831 825717.1425781250
105424746.8462032080 830485.9599609375
102165716.1637061238 748733.4350585938
102360001.5389418900 756744.2578125000
102259447.6746129543 752631.2475585938
102053970.4983609915 744219.1489257812
102102277.8774033785 746985.0590820312
104269810.5838832408 814890.1689453125
99546223.3504160345 552991.5134277344
104182647.4887875766 811456.9931640625
104264300.2414984852 813220.6054687500
104470826.6431992799 818888.2402343750
102007686.7492964566 737417.4707031250
101566722.5880086124 716595.0917968750
99520643.6567718536 551281.4870605469
101357305.1129072160 704369.1437988281
100126960.1626566350 621031.4892578125
99872255.9554406703 592384.5197753906
99984714.7546209395 606379.9265136719
100546062.7143469155 649869.2805175781
101861751.0925224572 732692.5019531250
101185872.7834633291 696597.0437011719
98684090.9936069250 400352.6047363281
104063214.5345171392 810084.8750000000
104127598.4388985932 810733.9492187500
98763851.7476598471 424973.8229980469
98670103.9789210260 398987.3010253906
101502677.2593770474 715892.2583007812
100933262.0652267337 678839.7888183594
105208381.5927878767 829900.5498046875
101610538.9787754416 720375.0952148438
101409249.3869690746 706087.5576171875
105016471.8594393432 828734.5156250000
99507872.3570193201 549544.0632324219
98726300.4197293222 413656.2707519531
102020302.9730673730 742455.3989257812
98704189.4978011847 406219.7081298828
101022844.8785929531 684268.5407714844
98736399.2355690002 414893.6412353516
101425191.2106989324 712315.8320312500
100421939.7563059181 641873.5400390625
101480382.3893921375 712514.2832031250
104683186.8672344983 822057.6015625000
100767004.6815093905 667986.1936035156
100248933.4653735310 627591.6989746094
106126149.2425081432 836241.1337890625
100434494.0255523622 642733.3342285156
100315593.6974096596 634018.6115722656
101581517.6632542759 716612.7026367188
99959695.3325374722 603593.3737792969
100561553.2181366980 651030.5361328125
100458532.1114698946 645861.2148437500
100301414.0626162142 630710.6101074219
100250930.7278280109 628812.8098144531
101765377.4389877617 725835.3173828125
100576271.5388862193 652957.9934082031
99946666.4160709381 603276.2438964844
104399830.0490087122 816821.8300781250
107910308.5631319135 837791.3330078125
101028311.9342226684 685528.6022949219
106448938.4713738561 836949.2656250000
100242400.0942645073 627096.7270507812
101337440.0256391764 701355.8862304688
100805169.1487536281 668695.1247558594
99816595.5850550085 586701.9257812500
100497524.4973627329 648934.8298339844
99926113.7300764322 601334.2683105469
100304032.6962721348 632062.8032226562
100842483.7043887973 670891.7509765625
99613109.2488550246 562088.2009277344
101418785.4477417171 708042.2109375000
99690400.6240027547 571695.6765136719
100644498.0969377905 660654.3791503906
99138747.9972041994 495967.8016357422
100457078.8235436082 644003.5605468750
101226291.7342162430 697976.8837890625
104575073.3199245781 821087.2265625000
101590769.2427103072 718351.3618164062
100967214.6927886754 683160.0178222656
100966973.2056949884 679338.3435058594
101346532.3863465637 702074.7792968750
100186609.9432112724 624461.3334960938
99988900.9755262434 606706.0881347656
99979059.8027013987 605258.5563964844
104070876.8834009618 810252.9238281250
100847486.2921109200 675770.3874511719
100514957.6983507127 649492.0515136719
101113607.6327145398 692133.7512207031
101042460.2509254515 685560.1069335938
101062832.4028870463 685866.5605468750
101096888.0651153326 690224.3120117188
100879095.2745863348 677340.7312011719
100828813.4001735002 669972.6667480469
100571074.3079802543 651039.6650390625
100473911.5154256076 646320.0759277344
100327954.8394683599 634841.8564453125
100233172.8362942636 626434.9770507812
100349560.6052720845 639504.3093261719
100060828.5204363316 612234.6416015625
100196022.4623276293 625321.0537109375
100228204.4788015485 625526.4707031250
100747426.0998439342 667544.1086425781
100689179.1978768259 664610.9206542969
100592261.8029106706 656180.8649902344
100170553.8463664651 622093.1345214844
100441768.5445785522 643503.4162597656
100244911.8138864040 627200.2102050781
100072131.9703442901 613181.2626953125
100346502.7994853258 635327.5036621094
100174754.1920392513 623467.8479003906
100636658.9251708239 657308.4650878906
100022360.7388416529 609389.2067871094
100086793.1735698134 613938.3417968750
100106471.6125086993 615695.7478027344
99887448.2758671492 599309.2163085938
104762958.8679559082 825604.5039062500
104872526.4027428031 826929.6542968750
103334056.0221388787 789645.3344726562
104251253.8804777116 812599.1992187500
99826938.3196365088 588980.9882812500
103441205.3599185795 792436.9375000000
103637885.0379157066 798200.4443359375
103401336.3959329277 791308.7753906250
103433564.4986421466 791374.6367187500
101069481.6061359644 686855.9228515625
101075867.5391231477 688914.6250000000
103020681.0662259907 781112.5395507812
101400926.1869153827 705212.1904296875
101162597.4721866995 694696.3076171875
101269451.5226597190 701345.3525390625
101084131.6903195679 689848.8312988281
100059063.7617016584 610074.6665039062
108272976.3850658387 838949.8261718750
108109005.6078948081 837968.3164062500
106803481.7174647450 837777.1425781250
106414741.2708271742 836618.6494140625
105437597.2666647881 830685.3872070312
106468160.2054741979 836952.5527343750
106492753.2811896503 837600.1591796875
106799123.7302566320 837606.8085937500
