130129734.4837810844 1289842.9033813477
136389092.3242872655 1589592.4887695312
131385296.4543478489 1402473.3701171875
133627108.1181103587 1526817.4460449219
129537715.5058287978 1215475.8809204102
137141585.7384283245 1608933.8417968750
130207778.9779143482 1300709.1104125977
130094107.6903535128 1284605.7037963867
133181671.4187850356 1509246.0174560547
130365514.0111513585 1312819.5378417969
133511487.4601807296 1524088.4890136719
139234035.3164865673 1622761.7133789062
138709000.9258554876 1617561.2514648438
133182180.3891730458 1510188.0487060547
130910816.9994378239 1361221.5550537109
132347868.2892296910 1461901.6473388672
130008776.0911142081 1278646.2649536133
129340289.3880320191 1173660.1450195312
139384998.1704619825 1629051.6235351562
135575855.0027373135 1586546.4274902344
130103170.4741194993 1286568.6261596680
129651562.7115008682 1229542.4509277344
130043742.0745668709 1281580.4561157227
130774145.9926303178 1348815.7171630859
132306797.8674351424 1461193.9805908203
129363856.4179313183 1178235.1799926758
130386646.9721131176 1317050.8060913086
130347503.9068195820 1312493.9014282227
129706257.5021688640 1241442.0467529297
130019255.1125413179 1280566.4274291992
153807758.0588517189 1730910.9580078125
153912397.0131251216 1732629.0527343750
129367475.9960864633 1179155.7111816406
131178103.8106615692 1386933.0948486328
133474097.9739230424 1521421.3229980469
129610067.4165301621 1226391.3713378906
130098331.8648096472 1285474.5827026367
134741778.6277181804 1565870.5046386719
129546329.7664709091 1216560.7668457031
131002644.4923224449 1368606.9779052734
132013644.2335537523 1442705.9940185547
129896667.2466180921 1265785.4960327148
130438687.2721490413 1319026.7777099609
130437989.2609437108 1317399.1954956055
133486809.7644302845 1522776.2526855469
155249049.2683215141 1744446.4472656250
129403742.2202867270 1187877.9685668945
131708315.1286376864 1419503.2609863281
130158859.0202110708 1296361.3875122070
130328513.4419724047 1309951.7413940430
131353504.1708682328 1401042.0125732422
132389784.2885983586 1465768.9029541016
129686641.5361622572 1241058.5863037109
129877051.2806114852 1265402.0355834961
129568551.2890068144 1217722.7805786133
132475196.8674841225 1473336.4105224609
134401907.8032256365 1555160.7871093750
134030258.6178990752 1545420.4528808594
130465873.6190218478 1324506.1641845703
132459413.2764566094 1469488.7889404297
133987924.0936738700 1538565.6867675781
131291415.8107513487 1389849.8883056641
130057127.0329024494 1281753.1134643555
132447559.3051949739 1469337.2264404297
130262588.8586725146 1304004.5374145508
132630079.6250519603 1479537.8145751953
132876607.0966064632 1495807.4188232422
129730291.7559899241 1242539.6795654297
133970625.5197043121 1538548.9713134766
132469641.9944088757 1471391.5679931641
130231867.7419054061 1302976.1642456055
131596011.7258780301 1412601.1151123047
134987655.3483578265 1576062.5466308594
129398079.3847444654 1184351.2575683594
140235923.1099371910 1645866.8203125000
130301731.9239660501 1308561.4420776367
131475844.8992826790 1405508.6954345703
131622949.8622262627 1417231.9172363281
131726937.8595228940 1424121.7174072266
137103739.8277443051 1607873.3242187500
129781584.9833624959 1251962.8018798828
130196123.5487452447 1299997.0382690430
131634803.8334878981 1418352.0939941406
132206378.5543205440 1456308.9185791016
129527719.5939244479 1214733.5069580078
134504776.9170056283 1556543.8439941406
134675046.6575383246 1557809.1909179688
129867729.0034323037 1264124.5885620117
129348692.7173607349 1175840.0766601562
131498260.5768454075 1407347.2355957031
133873460.6707244217 1537970.6584472656
129485133.6816305965 1206178.6326293945
129398580.2424712926 1186523.0761718750
129573658.2530653924 1225118.6694946289
129471562.5636356026 1202514.4663085938
131893063.4501567781 1438459.8338623047
129669848.3387041390 1240326.9837646484
131259433.5678136647 1389278.6726074219
131845692.0346764475 1432980.4165039062
132175884.5566241890 1453811.9277343750
132495219.8277245313 1474373.6284179688
131789741.4625698030 1424814.8211669922
131823631.0701649040 1432155.1317138672
132728430.4937222004 1487069.6285400391
129407361.7984418571 1188798.4997558594
130024126.1085602492 1281278.4995727539
130514793.5767251402 1328773.2601928711
134917298.8386626542 1572942.7497558594
130261460.2686453015 1303504.4630737305
129398179.1133162677 1184663.8953247070
129798378.1808206588 1252969.7132568359
129595879.7756012976 1226277.6549072266
129713498.5585317612 1241808.0770263672
139812540.5989568532 1637527.9155273438
130105295.0354155898 1288524.7579956055
130288947.9047696888 1307349.2955932617
132025498.2048153877 1443834.0081787109
130965381.8358628005 1367746.9349365234
131574624.2420454323 1411480.2409667969
130714461.2404230833 1346840.5318603516
132275005.5839554816 1460207.2930908203
136251065.0428241491 1586989.2407226562
129817994.1468272656 1253353.1737060547
130441153.2056368887 1319454.4515991211
131318121.5244080871 1394686.9478759766
131503719.9959692359 1408818.6368408203
130825994.8840470761 1355812.3125000000
130593563.8937371522 1334617.9664306641
139266618.4567071795 1623767.5297851562
131293324.5794256628 1393920.9821777344
132150098.2291865498 1450563.5843505859
130551293.4258821905 1329568.3787841797
136568068.1335426271 1599870.5541992188
129752330.7051579058 1248891.3875732422
136417253.2273999751 1589640.9482421875
130659860.9546372443 1343084.4371337891
129844138.6131542772 1257071.6937866211
130591636.9826625735 1333757.4791259766
134321251.9544870555 1552759.4558105469
129827345.4156961292 1256105.3917846680
134694692.6436883807 1565335.5817871094
139369876.3657933176 1627303.2705078125
132416207.8538012356 1466833.9971923828
154731100.7721694410 1742964.6445312500
133260598.5529203117 1512641.5679931641
129656140.6195192039 1233683.0733032227
139895998.1405339837 1644554.6123046875
131056000.0566620827 1370713.3931884766
139867464.6606535316 1639625.7221679688
153029747.4396666884 1724893.9238281250
129768718.7681174576 1250621.1041870117
132943800.8753621578 1496031.8739013672
130300603.3339388371 1308061.3677368164
133096365.5940093994 1506633.5362548828
129985284.3325182796 1274349.8998413086
131014498.4635840803 1369670.7620849609
130116950.4645847380 1289236.8301391602
138622335.5300537050 1615493.3354492188
136761841.5927728117 1601308.9238281250
130188582.6009593308 1296539.2526245117
134748254.8876747191 1567683.7980957031
132574496.1199443340 1479212.4324951172
130712837.7931052595 1343725.1864013672
137021785.4163210392 1606801.0878906250
130058516.4776348323 1283708.6298217773
130154214.9931188822 1292790.9769897461
133293094.5861253291 1516050.1861572266
129858326.2540831864 1257185.4102172852
130139662.6432560533 1292273.0336303711
129948875.1690535098 1272688.9923706055
130865137.9493405968 1360369.2171630859
135327478.6237813532 1579731.4072265625
133079904.2770324200 1503679.5916748047
133743473.5841610432 1532648.8817138672
130605062.8859346360 1334846.4195556641
150846015.8723935187 1714558.3496093750
140402424.9125622213 1649634.2192382812
130841890.5908130556 1355880.6978759766
130855786.0367080867 1356664.6503906250
131190434.7574067563 1387356.1661376953
132794440.3611186594 1493264.1942138672
135392436.7929039299 1583367.1625976562
132973289.1400273144 1497257.0467529297
131200018.7179246545 1388710.4619140625
133026285.1539409310 1502744.5018310547
135242741.2331525087 1577292.5432128906
139670293.4950982630 1637195.2739257812
136914814.5835064054 1605025.6816406250
131468384.6095623523 1403530.0402832031
130800674.6203284413 1350940.0804443359
142694492.3018200696 1655606.2583007812
142500073.7195187211 1650285.2631835938
137073175.5833323002 1606804.2802734375
132635635.1488443762 1481117.3629150391
140355202.4858185053 1646465.3837890625
129863754.5791608840 1257455.1542358398
130576667.7143475264 1332900.1163330078
129923783.5659840107 1268544.2379760742
130776528.3099372685 1350184.8963623047
130855371.5848261565 1356011.6812744141
138396932.3730637133 1611991.0200195312
131131717.7347377390 1383852.8839111328
154524027.5443942845 1738988.9384765625
130614539.3675963283 1338012.4022216797
134489330.1532004476 1555565.1857910156
129943399.5319906175 1268927.6984252930
136538770.3816217780 1596435.0361328125
134177746.0477780104 1548674.7226562500
129965668.3665116727 1273966.4393920898
129517645.1392529011 1211452.9672851562
139872895.0249479413 1640879.8198242188
153995527.6208848655 1733499.3515625000
130004929.7316052318 1277108.6417846680
152636097.0394726098 1724490.9003906250
134255291.8106066883 1551411.9709472656
129495271.4720749557 1210152.9213256836
133466677.5510089546 1519000.6754150391
130711920.2704861611 1343363.2055664062
129431070.7068811953 1196436.9547729492
134020116.5482715666 1540990.0139160156
139870480.6214599013 1639975.5366210938
131437059.2275442779 1403508.2111816406
132362112.7043758631 1462866.1328125000
148331278.8276392817 1702727.6831054688
139657581.7045909166 1635538.1752929688
133727689.9931335598 1528812.7298583984
152307974.1628835499 1720221.5126953125
132072811.5649766177 1448818.6527099609
133998725.2151605040 1540761.1413574219
139819796.0320050418 1637562.1166992188
129614542.8944070190 1226599.7627563477
132573916.1814286709 1476629.9017333984
133800983.5459565222 1532862.6574707031
132912659.1481516212 1495940.8404541016
133600292.3290932626 1524376.8521728516
131879994.2813923955 1433996.5114746094
131125842.3498602808 1375979.6069335938
133405207.6847758442 1516671.4517822266
134248447.2343916893 1550234.6625976562
133134677.2712920457 1509049.2039794922
129498891.0502300858 1211069.3406372070
129460979.1377928704 1197590.3331909180
133697020.4557355940 1527391.7698974609
139884217.4422416687 1641337.2465820312
129489608.6365327090 1207843.0171508789
130957608.2027184963 1361588.4722900391
129425407.8713389486 1194127.0505981445
130488131.7832204849 1324710.3656005859
129376021.2039551884 1183697.0169067383
129434690.2850363404 1197353.3740844727
129745113.0432803184 1245318.8914184570
134435140.1823952198 1555509.1450195312
134516114.7661719024 1557022.1013183594
140218394.8756565452 1645278.8227539062
132264658.7729854882 1458693.6590576172
131218605.6026384532 1388871.0378417969
148732933.1247763634 1704613.1181640625
153750213.1235789359 1730114.2587890625
131799138.4982996881 1427471.2279052734
132254521.0912680924 1458308.7371826172
131750135.8732738048 1424505.6826171875
130343415.5364298970 1310710.6944580078
132723713.4575862586 1481604.4119873047
132245810.2165742517 1456361.9398193359
131057300.2198997140 1373024.8647460938
129822453.9744914770 1254698.6137084961
139579317.9866868258 1633604.2939453125
131068675.1789392084 1375690.5393066406
130859387.3131763041 1357347.5319824219
132071841.4894012660 1444069.8565673828
139848986.0653578937 1639009.4731445312
154185986.8325037360 1733813.5292968750
144046412.6306376755 1660386.3837890625
143441789.5244819224 1658541.1474609375
129632602.0616289973 1226930.6802368164
131568531.4744589627 1410107.2192382812
145726159.3401620984 1687407.9868164062
131565953.2821973413 1409206.2194824219
132146794.6964291930 1450320.3162841797
129516549.5939897895 1211402.7029418945
139154127.4206420183 1618831.2216796875
151866452.2091374993 1719597.5029296875
139555215.0670739114 1633369.5288085938
132173972.5642618835 1450828.8641357422
145346364.5296473801 1675907.3081054688
139639821.1236572564 1633649.8613281250
136443808.9121952653 1592981.6230468750
131566738.1874046773 1409487.0871582031
154213335.9368199110 1734966.4169921875
154506880.1398892105 1736018.3935546875
153885637.4613638520 1731022.9453125000
150241648.4408682883 1706094.7109375000
147109702.5131730437 1698061.9257812500
153459062.9003087282 1726518.9248046875
154275277.1149188578 1735430.1699218750
132009974.1741975099 1439141.7105712891
143500302.7199323177 1659101.5126953125
131723305.7287098467 1419575.0970458984
