51198476.0453118533 803311.2866210938
51303181.1159945354 820117.2177734375
51541381.1842942238 848931.5981445312
53462261.0009697005 954114.0429687500
51499004.7829231396 845191.7734375000
53369356.4114546403 953363.3574218750
54822478.9739391580 981888.2080078125
51553138.7905884311 852039.0537109375
51617912.5014232025 857003.8510742188
51479129.1858729869 844487.3857421875
51252610.0529771522 810158.5668945312
53224926.4022824913 947116.3984375000
51424995.1782076955 837640.1054687500
51446739.2786545753 838821.3745117188
51357315.1236598417 826964.4980468750
52753226.0481001213 930028.6093750000
51044395.0897927657 776033.5129394531
51264154.6533765867 811799.1538085938
51500873.2863198891 845668.6547851562
51150378.1686940342 792126.8037109375
51477478.1055894718 842070.1206054688
52831424.7628935724 934151.7871093750
50839285.2339350805 724540.7014160156
50882720.1727110967 733793.1730957031
50861029.3343819678 726627.5646972656
51791326.1887867153 870902.5581054688
51041403.8130806461 775093.8681640625
51129783.8071457148 790478.6801757812
50828329.9510787427 723819.6206054688
57454300.1044843569 996462.1367187500
54803738.7161592543 981491.9101562500
51137771.8055541813 791273.4438476562
51714226.0466132313 865474.1025390625
56637670.9085019007 992122.2392578125
51150456.8428129926 798464.6591796875
54722001.9916443527 980341.8759765625
51080614.8657482862 786641.5869140625
53056997.4931891933 944157.9335937500
52275592.7116835713 904302.8115234375
52099932.8874987289 894248.0815429688
52093934.5942702219 893706.2329101562
54597897.0319484919 978424.6416015625
51128220.3125736862 789632.5214843750
51102358.9661951736 788728.4501953125
51256166.6549681127 810527.9584960938
50977307.4994011447 759966.1577148438
54999420.8505506888 983834.7685546875
51647745.7799069285 857335.5419921875
53164106.4638658315 946630.6279296875
51163063.2059528381 800766.2929687500
58094189.7563709915 997953.6660156250
51697264.2919035181 861721.3076171875
53709840.3333546519 963224.7783203125
50866312.7788913846 729630.0722656250
51295164.5113785937 817512.4208984375
51337625.2365842909 823347.9736328125
51287176.5129701272 816717.6035156250
54627752.6478128657 979892.6064453125
54986652.4556991532 983481.1826171875
54609012.3900329620 979496.3085937500
55924562.0032198578 989770.3740234375
52252199.3639992476 904262.0371093750
56693907.6378352419 992804.3876953125
50866915.0054279342 731677.3137207031
51225322.5343138948 805689.3486328125
55279522.0520580634 985768.2470703125
54740742.2494242564 980738.1738281250
51264456.8660566136 813224.2075195312
50930165.1632310227 748587.6967773438
52872312.5669898167 937310.6533203125
51062681.3066054061 778668.7092285156
54980680.5927707851 983438.4707031250
51296622.2469034791 819331.7766113281
51264263.5212979764 811987.0581054688
51601196.0515743420 852994.0795898438
53683534.2099432349 961447.9384765625
51033744.8781579435 774299.1044921875
56257902.8014279455 990615.9453125000
51321333.6317982152 821344.9570312500
51390025.8699643537 834177.5634765625
53227046.2789942771 950059.6259765625
52216457.4611544535 901717.0434570312
53090525.1884317249 944653.0224609375
51939872.9766247198 884470.2915039062
53245786.5367741734 950455.9238281250
52869193.0528263673 936372.9794921875
51810962.1024671048 874579.4243164062
55625524.2449017689 987607.5742187500
53973638.3177049682 970027.1210937500
54149088.2540279403 972327.2294921875
53936616.2777182534 969910.8759765625
51329321.6302066892 822139.7207031250
53048333.2157232463 943255.0576171875
54546446.9554462209 977723.8378906250
53671775.5525567979 961051.6406250000
50886714.5839936733 734424.0629882812
54093325.9562613294 971814.6865234375
50963546.6940014735 756506.1499023438
53000969.4964819849 940861.1201171875
51581867.9788720310 852091.6118164062
59159207.4830228016 999402.3876953125
51286200.9665035009 814405.4765625000
54394686.8512457833 976562.0263671875
54240605.8540564328 975458.9824218750
53044639.6609305665 942274.6718750000
51019988.7761195302 773007.0048828125
50984098.0636497885 762398.9309082031
50916681.4097723961 746374.5231933594
50889820.5669906065 737880.1997070312
50819025.4658996314 719097.3781738281
58188430.6657696292 998416.0976562500
50928259.6488962695 747174.7104492188
53336508.4790126607 952781.1191406250
55684091.3841115460 988303.5878906250
53312898.7051218152 951502.4521484375
55076225.5084489286 984622.4912109375
55131987.8062155470 985135.0341796875
53100822.5312515646 946397.6464843750
50810155.2178150415 703062.5778808594
50996065.5320321321 765518.9416503906
51053700.3449487612 778213.8789062500
51729403.2538512796 866458.3457031250
51176181.4518813640 802644.1572265625
53776632.1346996874 964102.7236328125
53095738.3312444761 945558.0478515625
54490684.6576796174 977211.2949218750
50792198.0644881800 700427.3815917969
58109228.3917451054 997995.5996093750
51411769.9704112485 835358.8325195312
55784016.0457543209 988732.3330078125
53336030.0530477762 952631.4531250000
54795108.8428788185 980854.4189453125
57313754.1470188275 995424.0957031250
51818950.1008755788 875850.6196289062
57216445.1850611567 994790.8828125000
53565443.6237506941 958201.0312500000
53913006.5038274452 968632.2089843750
51033300.3668066934 774007.9858398438
53578212.0186022520 958554.6171875000
56503339.9065575302 991372.7812500000
54253374.2489079684 975812.5683593750
51282841.3208701164 813827.6640625000
54023986.3013125435 970078.7412109375
57166654.7502229139 994321.0517578125
50965336.2849840224 758194.0676269531
57300985.7521672919 995068.5000000000
50901083.2625736520 741852.9680175781
52823320.1390400380 933319.5190429688
50920490.4235432670 747003.1210937500
55771247.6509027854 988376.7373046875
52638817.4814997092 925501.7475585938
52878284.4299181700 937353.3652343750
51212273.3022057191 803603.5678710938
55636916.6489584148 987629.2890625000
51774112.3586445451 869691.6450195312
57179423.1450744495 994674.6376953125
52548241.5499557406 920662.5136718750
52582557.9036227986 921706.1640625000
50907981.3424797356 743825.8698730469
54509424.9154595137 977607.5927734375
55479533.0692874491 986631.0507812500
52650326.4237805307 925795.8618164062
51352683.2979348302 825650.7363281250
51008129.3493059054 771169.8933105469
55509646.0176068246 986984.6367187500
52331312.8831228837 908028.2812500000
51790658.6304012313 870819.2114257812
54096428.9448255375 972233.8193359375
52707616.2854408547 929030.9199218750
52127551.5934259892 895540.8120117188
54738336.8076471239 980384.5878906250
52619446.1595798284 922589.3613281250
51364173.3947530985 827156.7321777344
53677747.4154851511 961094.3525390625
55649685.0438099504 987982.8750000000
50976291.5678403452 758915.1484375000
52925369.1784367785 939138.3095703125
51685683.3286108449 860944.0991210938
50818715.9906426892 707498.7053222656
55835137.1508409083 989705.9267578125
50943872.0549494699 754433.9438476562
52855310.9219249189 935161.9575195312
51988923.0864004940 887730.3959960938
51520065.9177859724 847029.7666015625
52470999.6809345484 914602.1704101562
52327743.0826735795 906406.7094726562
51995586.0573525429 888569.7534179688
54496656.5206079781 977254.0068359375
51368601.0716535747 832300.3867187500
51406590.3930040523 834625.0976562500
57119857.4970704839 994298.4013671875
51243884.3533688709 807810.6494140625
52343998.7628598139 909686.1723632812
54175211.9204691052 972422.5126953125
52374438.1043543816 910673.1269531250
52412027.6279293075 911654.9453125000
51662341.8482267410 859864.2802734375
51344695.2995263487 824855.9189453125
52035263.7169423178 890502.2958984375
52350977.0391463488 909756.4946289062
52472821.9875211790 916184.9775390625
52542880.2440330461 919773.6215820312
58331957.3504360095 998505.1298828125
52383676.4224495813 911618.7148437500
52651585.8763512447 925855.3334960938
51760888.2638397142 868601.2871093750
51867215.8076598346 879453.3105468750
58553344.8841836080 998762.6689453125
55528801.3438063264 987482.0908203125
55212297.4812675044 985476.7841796875
51365289.6610746682 827952.3701171875
56785198.4663609117 993160.2802734375
51767449.3876924962 868852.2875976562
52454881.0320736766 913545.5625000000
52417992.7761166394 912130.1484375000
53820501.9910501689 966160.8115234375
52474081.4400918931 916244.4492187500
53708799.5932718962 962730.5166015625
57433172.0287536904 996159.0039062500
52912600.7835852429 938784.7236328125
52131538.4481013492 896544.6000976562
52051809.9886989892 891629.8623046875
53844111.7649409920 967439.4785156250
52842542.5270733833 934808.3715820312
52108329.2053926289 894577.6762695312
54192809.8935273737 973694.7568359375
52332016.3923539519 908346.8920898438
51614361.1279323772 854622.9638671875
53509127.7444417924 956773.7958984375
52330375.9240756631 907124.8701171875
53075737.7509690970 944554.2314453125
52651296.3900891244 925823.7680664062
53062969.3561175615 944200.6455078125
52482117.4451143667 916735.7543945312
54012626.8798389733 970034.4062500000
58561332.8825920820 998776.4863281250
53432242.5508691072 953411.8388671875
52949489.0395422801 939280.2128906250
53622081.8749527186 960612.7050781250
52962257.4343938157 939633.7988281250
56920533.9678475559 993606.6054687500
57567503.0306980535 996908.4619140625
52167280.3509461358 899089.5937500000
54881025.6889257506 981932.5097656250
57653234.8427948356 997094.1748046875
54928997.3963411003 982623.6943359375
54941765.7911926359 982977.2802734375
52636713.2035121769 923126.3085937500
51970566.9887435511 885324.6093750000
58720317.4496820644 999063.3505859375
51921366.2366083264 882895.1640625000
51749501.3811845034 867746.4921875000
52075179.9671143442 892432.3422851562
51850184.7374592945 877479.3618164062
52158021.7867325544 897925.1909179688
57730270.0147639737 997211.5947265625
52115321.2398304716 895417.0336914062
51977712.6720425487 885355.0029296875
57988659.9169464782 997711.4863281250
51986851.3006489947 887216.3774414062
52189429.9635103270 899170.7890625000
51842196.7390508205 876208.1665039062
57722282.0163554996 997197.8750000000
51978709.7175617218 886051.8940429688
57430700.2792173848 996108.5507812500
54383203.3768768385 976313.8574218750
52071660.2288927361 892054.9101562500
56611506.6561333537 991711.0976562500
53545877.7373453602 956809.5302734375
56378715.2174220830 991234.1894531250
52192042.4801769704 899900.1577148438
53877961.0500168353 968096.1201171875
56365946.8225705549 990880.6035156250
54213561.7202659324 973997.8125000000
57366652.2603010312 995998.8662109375
52130751.6761917174 895605.3808593750
55380443.4905604497 986299.4335937500
56994613.4676086605 994197.1835937500
56521340.7150895298 991666.2666015625
57690991.0514765233 997136.9873046875
52434580.4041030183 912950.9653320312
55367675.0957089141 985945.8476562500
54031968.0765112191 970132.2226562500
56865435.0819137022 993453.7656250000
55515815.0077324063 987048.8916015625
57214473.6416616216 994745.1562500000
56625974.0469843447 991983.6474609375
58133467.1018004939 998392.6728515625
54079544.2965629250 971331.3759765625
56951439.4207086265 993756.8212890625
56159142.6855658665 989796.0166015625
56162938.9793103039 990445.9257812500
54359004.3882514462 976103.9726562500
54035294.7977308482 970977.7900390625
55457970.0858214200 986369.9521484375
57749910.1708813161 997297.1250000000
56456131.3647876456 991280.3828125000
57813919.8612544686 997344.3779296875
58897625.3487604633 999115.8007812500
57767955.4712558463 997313.6708984375
