124493639.7369084060 354367.0267945146
123822480.1130710244 338224.9753998518
123934570.7932590097 341828.6161226705
124222471.3914108425 350039.8906417489
124107998.3055131733 346715.2249772027
124008319.9429308623 344267.8006901816
123966281.5982866585 343000.3922157288
123859237.4883561581 341687.7652449682
123710710.0025209337 336819.2466059923
123829529.3778330237 338978.9187880754
123267107.3353069276 324515.9004775286
123772886.7075533718 338014.0738822222
123752052.9664286673 337976.5133404788
123494398.0777618140 331497.4626113176
127736420.9331627786 426929.1235625744
128024170.3953304887 432022.8500665324
127562948.1171453148 423378.2265279293
127457236.0716981739 421373.5066746697
127047102.3536362797 413550.2541711554
127504560.6906491667 422682.4328889847
127938521.9253288656 430597.8729524612
127395821.6076500565 419455.1336245947
127129504.0061176270 415495.8117148876
125093005.7400526553 370067.7996627763
124782549.3685260862 360173.9311438096
124599328.7712601721 358555.2236372104
126094991.2992976308 392643.5782200252
126501201.0518273711 400437.8464690750
125905026.0130422711 387809.3578627706
127281496.3851532489 417185.7451941967
127212063.0484310836 416329.1304481030
127332190.7507255226 418382.6747790575
126911996.3259999454 409186.2596314029
126604731.8108879477 403731.7574830055
126997968.6838492900 411470.9702662230
126552279.9211819619 403301.4911288023
126726722.0998443216 406566.0613707304
127074013.7676073462 413761.8506733179
127103469.1808883697 414542.4924524054
126808961.5752453357 408426.4739598036
126203779.7067677975 393839.2786173697
126457926.2811436951 400437.8027836238
126034687.6667027473 391132.6831823741
125979211.1594645232 390925.6779028331
125745349.8260935992 384216.3038793956
125937507.3865465224 388109.2625919734
126243775.9251011014 395474.1795180440
125602029.5532930493 380899.8223299857
125824746.6705807745 386222.7638773795
125872526.4873099625 387732.6533732291
125232030.6891576648 372057.5191888686
125417165.5129172802 376925.1197094794
125502725.2126021683 379796.1872172232
124637127.5160466582 358965.4274392617
125159576.3737900853 371855.5344462271
125617603.1340941638 382747.9582297122
125822841.7221558243 385786.4442050969
125464065.6972263902 378294.3300807467
124062400.3935218602 344283.5772147095
124784483.5921026319 360987.9330554968
124865476.0488594621 364029.5485651484
125082953.8236110359 368615.0812599650
124896000.5130641609 364637.7272150507
124894947.2018705755 364089.8713190546
124535184.0946269184 356675.7371637812
124308504.3938203007 351819.0674047461
124301438.6846634001 350105.8699762812
124007207.3523546606 343784.1398444092
123381861.3323373646 326231.8363343095
123366157.9190824479 326158.3079523956
134397330.6739169061 544839.5091247559
134485940.9908805788 545504.6870604157
134346473.1454966962 544253.3221464753
135192297.4224612117 557061.8695422411
134644928.3077532351 549282.0126610994
135725063.7230791450 567505.9261523485
135250982.8513967693 559951.9461413622
135379727.6818425953 560720.0644779205
135462363.7413564622 562702.3586568285
135384442.0488567650 561668.2479186058
134608623.8790704310 547400.9871459007
135250443.8239893913 558237.4743590355
134729137.4345660508 550740.3557279706
135017131.3869179487 555178.7619261742
134630833.0401019752 547689.8536009789
134486021.5627871454 547163.1185545921
134953621.7135241628 554473.5802855492
134826127.6771783531 552156.1871824861
134256198.6189207733 542788.6533479691
147182122.5453098118 692509.6228027344
129744452.1454625428 463095.0203418322
129776964.4246722758 464338.1446843098
131553861.2401058227 496051.5605726242
131399270.5530986935 492208.7502698898
131164943.5317453146 490065.1850843430
131319119.2608389258 492196.4932327271
131650742.4808983356 498001.5950903147
131220383.2835305035 490997.9682592601
131585331.8954464495 497586.3720960617
130409669.8860909492 474645.9619488716
130751214.5071585178 481827.2001820505
131052096.8819667399 486862.9138661325
131039729.6807749122 486524.9529286325
130548549.6980031878 478149.8705006540
130501427.6133708358 477988.0939407349
130633052.9423702359 479615.6795911789
130773682.5800761878 482409.1555636227
130927752.9705021977 484408.1360566616
130787850.8878254443 483495.1494601071
130317395.3170641959 474494.2824223340
130674384.9594606608 481638.1296847165
130445524.0615446270 476846.1068575680
129913005.4059126526 466463.9456640664
129693753.2328462154 462271.4677040130
128933155.2123271674 449606.9562897682
128915601.7574205995 448954.9807038307
129599804.7357962728 461886.8674907635
129694360.2821524143 462502.3278723052
129645677.9526357651 462221.7878208112
128969663.7550616860 450277.6522542420
129491867.7632219642 458455.6465143147
129396875.3014611751 457713.9767113514
129099086.4680655748 452844.3366552773
129096368.4705873579 452489.0019384804
128696351.5145563483 445264.4012050766
128818468.1145095974 448010.5441748085
128304528.7700290531 437129.9326688233
128479266.2283344418 440291.4199236813
128284883.3947431147 436470.8666845742
128543094.3193687499 442074.7401957512
128239869.4017341733 436202.0664896965
128220995.3078169525 435959.4826669693
128043308.5424973220 432097.5990948472
127953344.2670438886 431373.8224663530
128147014.2420349270 433426.7887797356
128152493.7913217545 434041.2907328606
127801236.7721085548 428483.0920023918
127439497.9965316206 420106.9134389609
136106856.3235161006 573308.8242682952
143738545.7782390118 669879.5871582031
144684558.7747274339 677673.2077636719
144165990.2009478807 674223.4494628906
143518755.5614094436 667340.5910644531
144125239.3367867172 672416.0793457031
133668041.6848720312 532270.1589718759
133800002.5814437866 536847.6177121103
133526822.3384732157 531227.9341031015
133734204.0697086304 533649.9591428638
133065094.4632872641 522289.5094237030
132978966.0958864093 521394.8222048879
131313505.3797909617 491988.4584454298
131400207.8347106278 494142.9781586591
140998208.0588218272 639786.2264404297
141685379.5944301188 647242.8185424805
142079927.2389517426 651486.6497802734
141311816.4478185773 642854.4038696289
142052051.3502518237 650487.2799682617
141703019.1400626302 647777.6868286133
123240065.4130351394 316062.0159606934
123267013.8750465810 319725.5367978513
130221515.0737899542 473261.5367892087
130004271.2054890841 468364.1134843826
129963013.0672977865 468257.9704179764
129821102.2434737533 465825.8617763519
132283303.4204878211 509529.7781460497
143577372.9906404316 669057.2111816406
146745375.7411731482 691317.1508789062
146197614.0828238130 688784.1875000000
140647834.6572611928 634212.7949314117
140625607.6927913129 633582.3746643066
140565952.5367755890 633479.7546482086
140757613.8294224739 635603.0055332184
140325346.3214950860 631947.6232089996
139815507.8511134982 623525.0157318115
139857325.3598048091 624191.4625034332
139684198.1759472489 621380.4736099243
139926487.1367895007 625148.9342346191
139374284.1227021813 619274.9896335602
139494551.3888495862 619675.2372989655
139687532.4229152203 623022.5699939728
133754961.5821477175 533767.6029976420
133798805.8595322222 534699.4524849467
133958966.9449838251 537934.4421042018
133723383.5707294047 533261.8586506890
133277913.4003965706 525350.7532550776
133979867.3235161602 537966.7898785025
133052904.2507498562 521922.4265585865
132538544.2822742015 514473.3122772190
132454581.9655688405 510996.4982575835
132419830.3664641529 510873.8079837773
131487550.9883630276 495882.8313812229
131678599.5805808604 498944.7628223896
132207602.1513957083 508243.4423476185
137563851.5700093508 594157.1506786346
137441303.4777699709 592896.8549737334
137222805.4348476529 590432.0966996849
138829120.3190626204 611815.4173077941
138871013.8987199664 612895.7728099823
137609937.9660814703 597101.1225509644
137368323.8273661137 591656.2454766631
144517535.4094811082 675811.7194824219
144699869.1586873233 678280.6154785156
142088640.6850335896 654359.8952026367
141582953.4007826746 646183.3764038086
144997259.8216059506 680334.3264160156
145097642.0121103227 680723.4895019531
144811183.4103696346 678580.2380371094
144569196.7532081604 677553.6110839844
145054243.5050723255 680619.6699218750
144471344.7886743844 675268.6010742188
143996794.5033375621 672210.5468750000
144287201.1209428608 674577.2241210938
143441669.0780085027 666976.1538696289
143431468.6497244537 666830.1113891602
143537904.8985055983 668754.1184082031
142829282.1386303306 661052.0191040039
143119209.1621319652 663991.2368774414
143069696.1234853864 663832.7344360352
142471568.0246583521 657097.6649780273
143266640.9536496997 664932.7366943359
142936789.9175840914 661678.4425048828
142473148.0007759035 657185.6239624023
141858608.7327716351 648996.4198608398
142512575.8153027892 657415.9578247070
141478479.9592233896 645106.5833740234
141157614.5334343910 642551.3152465820
142735706.9795477092 658974.3325805664
145186616.3341809213 682004.9855957031
138217379.9423855543 604638.9067211151
138047155.0418192744 602771.6450634003
138180427.0003471076 603780.2819325328
137356026.2225419879 591185.3753662109
137980352.1202415824 599711.3406829834
137453022.6595409513 593936.6588318348
137596854.4277932942 595065.5611755848
148183404.2476595938 697541.5908203125
147848770.4372079372 695177.0961914062
147576295.3157449961 695124.4125976562
145980676.0511400700 686172.9440917969
145785406.0684001744 685973.2536621094
146059350.1586873829 688066.8679199219
146317388.4912775457 690882.1340332031
145355274.2658348978 682631.9382324219
145594054.3973219991 685319.4279785156
145513965.3126938343 685100.8342285156
148317160.5519760549 698028.9663085938
147535400.2672750056 694688.3657226562
147038572.7877469659 692002.0385742188
146942217.2276155353 691322.9252929688
144563484.0150494277 676428.5473632812
143426229.2571934760 665868.2065429688
138766487.0561515987 611236.1008398086
139589555.5962555110 619910.5897979736
139128563.0303444266 616323.2163238525
138045891.4199439287 600565.6934663802
138957644.6180515289 614064.7683660537
138686908.9721052945 608628.4848155975
138716391.8264141679 610811.3232467175
138689657.8834533393 608676.6034016311
138438126.1283605397 607438.8483221084
135701780.1734841168 565725.4253425139
135900046.5446940064 569138.9598502654
135819875.4853566587 569061.9515494842
135571052.7011264861 563861.8753337401
135962147.5238717198 571405.7171916503
136613658.9888698161 581517.0607742667
137886840.6820595264 598667.4251031280
137164558.5711041689 589911.3112725616
137050929.1131113172 588791.1542901397
136964910.0377258062 586161.2853807807
138612260.3285978436 608382.5951948166
137970589.2247543037 599450.8363165855
139113038.3232193589 614349.9954223633
137744806.6425391436 597292.9854106444
136353828.9119589031 576567.2619681086
136832852.3759999573 584759.7124084830
136091243.0847448707 571919.9213141936
136129626.1495393515 573626.6995124358
136924134.6136411726 585179.3049793839
136420599.8375659585 577055.9394034881
135722931.0151387751 566615.8362864989
136287839.8354116082 575639.4398130912
136700119.2778755724 583410.1681632537
136582740.1713976860 579812.3912543792
136162042.7658887208 574078.8413581389
136408118.0502512753 576689.6124467850
131887219.2205587327 502490.4223964873
132418495.3071990311 510100.6121304247
132406694.4370607138 509738.8204102516
131934316.0964062363 502549.6309292528
131484715.7325696796 494362.7787106037
148810380.1446453333 699997.3112792969
148928190.5889790654 701744.3156738281
149327642.8913087249 701791.6120605469
149327985.7485812306 702186.9064941406
148766952.7391868234 699246.1760253906
148896881.5946201682 701391.8996582031
148429211.6466170549 698289.9470214844
147967212.0726547241 696288.3737792969
148094635.5991802216 696547.4914550781
