127851491.5114089400 76169.4147338867
127167007.1873471588 75321.0747222900
127167867.5481858701 75546.4527740479
126680034.5256876200 74664.2608718872
127080689.8743139952 75312.9848175049
127006502.8297060579 75280.3363189697
126914547.8681450933 75262.1427764893
127800688.8656065315 76162.7219238281
128055743.9064826518 76226.2964477539
127552322.4931071550 76032.2578125000
127841621.5984531492 76164.6638183594
127623143.4985783249 76045.1456909180
127545748.5096851736 76015.7725830078
127442610.0311319083 75668.8659973145
127680106.5231340080 76118.9769897461
127720487.9885865003 76150.7737426758
127790412.8633707911 76151.3013916016
127502024.0356595665 75833.5554199219
127429794.7024282664 75666.6697998047
127329326.7894784659 75633.5346984863
126867248.4198279232 74782.6763381958
127481626.7564532608 75814.5645141602
127641102.0544682592 76114.0998535156
127303091.0351406783 75554.5954589844
126880270.9886385649 74954.0919570923
127379256.4426646382 75641.7730712891
127459086.5062513202 75739.5281982422
127518410.1736182123 75909.3746337891
127537485.3295109123 75911.3097534180
123642718.7099492401 69051.4629769325
123898891.0995972008 69582.6137585640
123624199.8302986324 68971.0955326557
124251924.9485014975 70002.0807690620
124157905.3196416348 69987.5352978706
123517952.3272769898 68746.3675968647
123731940.5074559152 69223.7514901161
123559734.3906991184 68820.3152279854
123231170.7351186424 68006.3592655659
123542234.4556069672 68760.4569218159
123297850.9693403393 68385.1348087788
124093831.2214595675 69872.2907757759
124348756.2487920821 70455.5067112446
123445564.6418977231 68730.5887577534
123604914.6511424482 68842.4813358784
123208606.6989734918 67995.6842014790
124057127.9520140588 69853.7642338276
123853900.8545887470 69490.8970227242
124153633.3058869541 69921.0785598755
123592655.2933730036 68841.6524784565
124005869.9563927650 69778.7069287300
123861151.0912842900 69527.4871106148
123948991.6477832496 69625.8228039742
124149710.3129630983 69877.5272870269
124131020.1234482378 69874.6069379058
123698066.6229597330 69179.1062748432
124019262.9138035476 69794.1544995308
123383057.7613444477 68665.9947025776
123714892.4526985735 69184.7564282417
130153004.5431027859 77154.9217529297
123328631.6597793698 68498.4863407612
124235520.7498462796 69999.8836371899
123798320.2997537553 69280.8769352436
130224389.6654823124 77156.1546630859
129908765.2240186632 77131.3652954102
129921482.2730779946 77139.6756591797
125830954.5698561370 73507.1488571167
129881572.2039608955 77122.0479736328
129781618.0912681371 77110.9766235352
129164115.2075193375 77038.8420410156
123048355.1409986317 67793.4515736103
125130482.6522121131 72232.2849573195
126067136.2466913462 73734.2175750732
126345575.3790613413 74231.4114532471
126726193.5079228282 74727.3602447510
129389411.2385128140 77061.0034790039
129430276.0497514457 77102.9165039062
125225546.9678957760 72236.0849933028
123245146.1289208382 68051.9642422199
125623299.3812544048 72926.0343394279
125805986.4820379019 73211.7016427517
125561253.3559345305 72858.8964633346
125817909.6545695662 73268.3370895386
126042536.8779299557 73729.4092254639
125751063.4560844898 73035.1879267693
123171628.4086535871 67818.4322597980
129847848.2437790185 77118.5305786133
129104715.3155544847 76993.5233459473
129141044.5990610272 77029.7608337402
125438621.5174909830 72813.8012484908
123267192.2733017057 68155.2791836262
129265457.1251395494 77056.8326416016
126057208.5222087204 73732.3726043701
126648182.4157017171 74417.2970962524
123195935.0636889189 67875.5828335285
126861189.2173897475 74732.2195053101
126291589.9437541366 74222.0345611572
124997889.5110858083 71927.4801272750
125764836.5237880945 73163.9287948608
125930541.4442937076 73584.4311752319
126538272.4999974370 74340.5436019897
126550738.9779024571 74349.5926055908
126253620.4175003767 74135.0390167236
126132223.9792644978 73913.7240142822
125939113.1130158305 73691.0792083740
126167567.2032429576 74117.1554718018
124772022.0702184439 71300.9691104293
124855083.9380172789 71525.6764163375
123290289.2516355515 68178.8642055988
125844946.1916461289 73514.4951400757
125261352.4906466007 72372.1437777877
125305372.6908171475 72677.9503573775
129094080.7980047762 76990.4387512207
129520745.9504982382 77107.8878784180
128935339.5815528482 76862.6998596191
129123405.5050693452 76993.8415832520
129352870.0755552202 77058.0035400391
124935193.6058753133 71876.2427615523
129067091.5344790965 76977.3670349121
128929295.3086968958 76852.9504089355
128974701.1556782424 76970.2851257324
129084409.2909356058 76980.7035217285
122888331.7293517888 67156.6913747787
122593032.5163602382 66424.3338745236
122574147.4564099908 66258.1642273068
122979939.5168032795 67234.4380066395
124873181.8780526668 71537.2614383101
124859190.2562626749 71529.9151553512
124755499.5705026239 71255.4152504802
122881085.1702946723 67117.9432861805
124799416.5104576647 71481.8611046672
122804918.1773690283 66977.1744220536
124697108.2997782081 71195.7590615153
124551308.5817936063 70976.0763069987
124780477.4202400595 71419.2841469646
122789530.6880581379 66889.2575924397
123039967.6698687822 67293.3280148506
122962744.2246676236 67196.2283508778
122831217.7887817472 67089.0555908680
122588418.3100824058 66356.1136596799
122980391.8156396747 67284.2174313068
122746826.2538827509 66766.2980225086
122670990.9145548046 66529.6296875477
122469859.6319383234 65993.7496674061
122933674.4221949577 67169.6480286121
125048446.7767346501 71976.5592629313
124801916.2131023258 71484.5426918864
122672021.8789209425 66755.8654053211
120169085.3831337094 58359.5773189515
119765319.9298904389 57206.4798318744
122254774.2550521940 65311.5256147385
119834238.0738150030 57650.8019143939
124475333.6893056929 70882.5643465966
124468919.3873813599 70485.3749850243
124256193.5290666521 70350.9862673730
124277632.3219289184 70416.2448122948
122572000.8398076892 66196.2840986252
119873576.4869645536 57652.8926126361
121781519.7714470327 63629.7379483134
122417435.8370277882 65916.1135856025
122600954.1892434806 66509.0393134467
119257868.6119719893 55157.8370312024
119617039.6911225915 56624.0940875411
118970782.9418536127 53104.4420995365
128473862.3226466775 76299.9062423706
119093939.0107809156 53807.3654354382
119097497.6521833837 54707.2558544446
118570651.8912224174 50362.4603772927
118593910.8278930485 50518.8841338921
119649253.4472654462 56794.3859598041
128771044.8277432323 76736.5295410156
119430118.6383730322 55882.9913634658
118683041.4200266600 51306.5121932793
119077502.9738048911 53767.7569607068
128713215.5737632513 76620.0148620605
120090739.9116023481 58088.3367604017
120126429.0908502042 58262.4387501478
128543960.9020402282 76490.5651245117
119574547.1323508322 56186.3446567822
119253992.7714924514 54782.4839449376
128619444.6037835330 76573.8351440430
128919276.9607780874 76852.7456665039
119394249.1729156375 55462.5408771802
121965768.6844849437 64343.7193240076
119974032.5375230014 57885.0330494642
122351866.5194993764 65818.9831611030
121740149.4386454076 63556.9494961649
121931513.0992161483 64267.3574923426
122003199.9731903076 64351.8191775233
120085262.5741879940 57936.4817597419
119736691.8831065893 57089.9704140425
120086775.4976543486 57995.8524302989
120020428.8838950247 57933.6751286238
128508435.6924314648 76314.2046432495
128281143.7109429985 76294.4973449707
128517792.3993370384 76476.6155700684
122506616.1050847620 66113.8428315073
121917521.4774261564 64260.0112093836
121871954.6792765260 64241.7232149988
121817197.1290469319 64040.8195284754
128279100.0305978656 76228.4034652710
119014345.5719663799 53460.6055627633
119048179.7193536162 53662.8363977242
118776895.3580729514 52379.6588645745
119069892.7105523944 53663.5470147897
119493801.4356045723 55890.0644788891
119672532.1498399526 57024.5521943122
119520280.6743825376 56111.7030350715
122318259.0623534024 65516.6762225907
122119533.7642748952 64886.1649665833
119096992.2261530608 54207.3470054436
128806875.3826861233 76755.7076721191
119368214.5909153372 55440.8255491406
118879824.2422865480 52759.9559236336
121683417.6250584126 63321.1600088030
118917800.1532863081 53006.2079263497
123848973.2642585933 69333.1796840280
122189504.8727549165 64981.9435662180
122217849.2085771263 64987.8940667063
118669405.0372175872 50571.8084530234
122075723.8900455534 64869.4528435618
122247152.3498439640 65200.3700798899
119095172.1920670718 53918.1374917794
122082035.1218789369 64873.6207512766
128681294.4935934842 76582.4267883301
118415619.9575140476 48577.1412778578
118511693.9817407280 49313.9051467776
121217220.9203800559 62162.7930165082
121192833.8405377865 61995.9935609400
118363498.4386334866 48468.9322934828
121698186.6494376659 63498.4185236841
118565508.2427349389 49526.2587663531
118543561.1357410550 49451.9698030353
121567930.2042023391 63213.6121837571
121398908.8638978750 62868.3064021021
120987696.3039000332 61107.1229424390
118509358.1158061177 49163.8155443072
118486099.1791354865 48740.6190368533
121459252.2892448157 62950.8447321802
121494848.3082366735 63006.4658259302
118475517.9485944062 48638.5933437739
121363563.2922099382 62448.8371984437
121769584.6875223219 63573.2571694329
122010590.5040092319 64455.1432875544
121636334.6408687234 63255.3679482415
121660937.9420437217 63262.4136408716
121398721.3577504307 62859.8598078638
120868384.9853846729 60806.1079277906
120751176.9181024581 60380.2944512281
121240679.9770516008 62327.4278925806
121235466.3726291955 62182.2557850629
121185695.7008213699 61991.6344471723
121002452.7172072977 61621.9145069867
121716147.1301598996 63543.3047768548
131277271.6900489777 77228.5738525391
120702409.9649508893 60369.8892388257
121059741.5284094512 61667.6680416018
121167860.1620712727 61882.8217281252
121786968.1356310695 63714.1809365228
121380068.8413485140 62551.2752684504
121327455.3157557398 62446.2350331098
121146318.4917423725 61877.7528858930
120995503.6908383816 61148.2152729779
120385589.3300359249 59224.2636336299
120884544.5804267377 60840.7212496623
121171924.2551915646 61950.0488758832
120649504.3265379369 60091.3320397946
120827163.4386854172 60738.3412041577
120668095.4126846492 60150.9282186578
120611299.0444037318 60058.3727578732
121093441.3628447801 61732.5125599653
120560035.5563077927 59783.6330794307
120359577.6328009069 59068.6823348018
120524315.5813303143 59756.1188844058
130990207.7574978918 77178.1741638184
120818237.2271100730 60627.0378255695
131082583.3448040336 77184.9126281738
120943138.0333681554 60942.6789083332
120697363.9181503057 60295.4742116779
120753517.8863388151 60555.7852315754
131442682.5444365591 77312.1864013672
120232643.2089559734 59054.5601729366
120440654.7960639000 59538.1234969112
120962075.4627193958 61093.4556568104
120958733.3361674398 60994.6578052479
120477010.7304161936 59652.5382002803
120940446.6577486843 60927.1723642263
