93941853.7313500792 121387.2958707809
103205711.5908224732 297124.2209565965
110172562.2318329215 344546.7698669434
94184527.9148610383 131060.8762972951
111247418.7400140911 359758.8491821289
93514139.4154895842 83422.6951358914
118889469.4195905030 405199.0878906250
100542960.9988563061 275102.7811939865
99840950.9608058780 259976.3483433723
93434656.0761258900 67601.7760248184
94801895.1766053289 154945.8965879679
93941025.2032689750 121138.0536859632
103646506.1396193802 301417.1295019714
104138313.9133641422 309277.8639752772
93487478.4245252758 81693.1299875975
93713824.7294331342 105890.9946402311
95026959.2538504153 162112.9536949396
95686962.8284186274 182024.8219989538
94615075.4816861004 148509.1817791518
95291757.6828071326 169900.1810451746
93862489.7215522677 115521.4412640333
93550075.0281493813 90368.5301882625
93469845.9329530597 75359.3268060684
93774385.0143124610 108610.3240164518
95702526.6038947999 182034.4050513506
93524819.6204257309 84622.9418969750
103142524.4833991528 295348.9658363964
93462719.0510440767 74483.5363001823
93570111.0972216129 91637.3593429923
94163106.5204997361 130622.2046524286
93654508.8955687433 98719.1734672189
113859626.2098790258 372025.5717773438
93825432.0507338047 113589.4210690260
93524708.9558088779 83728.5291967392
93643389.9049396068 98126.0809695125
95646009.3159460723 181857.6772145033
94503989.8711974621 144837.4678500295
94014589.9341537207 123157.3796677589
93703950.1898189336 100845.4103457332
97827698.5524888039 227905.7921078209
99772340.1429018229 259714.0790455490
97018842.7801641673 212139.7310044505
96926938.6440014541 212069.7878176574
94710724.3880297989 150893.4536784887
93445086.5594718754 68149.7331186533
97686060.7778261751 226755.0557422638
102426589.6136640757 282891.0370540104
98821441.6879890561 244989.0523396470
94590797.0851140618 147193.5003486872
93661225.7718146145 99500.7866300941
93884705.0072055608 116055.5811375380
98509604.4054140449 242969.6840090752
93591799.4624215513 92343.4973921180
97434538.9358223081 219897.2817857005
93744873.4283912778 106844.1728504896
96522585.5877956897 203810.2868307233
93781148.8309870958 113273.1804617643
98564657.8834191859 243229.2401447296
100673303.7973316312 275115.1440937668
99124480.2946844101 251473.8388395309
97704594.0393019915 226927.4205718040
93548564.3336292505 84931.7926824689
97516421.9731551111 220119.8547664881
99833848.6889539808 259969.8298390061
95421349.0808342695 173593.9764710069
100385001.3740804791 267969.4844351560
93624050.5961572528 92476.6858401895
99012775.8030284941 251186.2554684617
95403956.5235970914 173320.3687340021
95434622.9062025249 174276.8542701006
95724143.2985960096 182164.4795199633
100293421.3845378458 267517.1775360331
96698387.6361152232 205093.4773254618
96535797.0482370555 204122.8405123949
96658121.3430517614 204367.0382442474
100093012.5839181840 265446.8083851486
93689356.6667115688 100138.8399428129
93432135.7483756989 67596.2350950241
94644526.3260348737 149182.0994304419
100186744.0399276912 267475.6377155930
96123279.5896296799 195930.3448312879
99567491.1353236586 253224.0507571921
95343852.6234360039 171581.8587242365
98601920.4977404177 243322.8585520722
97614635.4659496397 226441.2243549824
97775213.9260929972 227783.7829978205
96382651.2485213429 197927.2292696788
97553133.3155011088 223457.2365871076
98146563.5331277549 235541.8040421940
97525366.3512621522 220337.9870159034
94187384.9170717895 131888.9277040362
93856347.5655079782 114433.9258469343
107569407.8013896793 319419.5363636017
100443148.1807548106 268461.6053854904
94080340.3407322317 128332.5866669416
96499903.5410153866 203751.9256479796
96671566.5962449610 204439.0744934306
93478742.0417110771 76278.1577029973
102631393.9030045718 287146.3336216211
97586526.7520642430 226099.2386028175
93452288.5676980913 73935.5792063475
97475670.8120790273 219963.7185847759
97733402.9457168430 227670.2974215746
98104752.5527516305 235428.3184659481
93502263.2236033082 83348.5718124509
96370071.9048647434 197831.6153385043
100435431.9264962375 268127.2187884531
103524046.7787399292 300660.8810803797
103782826.4689397961 305935.3101727869
100874965.0272317231 275286.2587054453
93520178.0005069822 83563.4040287137
97957884.9646763504 232145.4351360206
96010056.5463266820 192222.6913889050
115505130.8638211042 379853.4672851562
114951989.2227736562 377615.8859863281
93903483.0149152428 121030.7312430143
94322981.6259672940 138206.1506426930
93504783.5513534993 83354.1127422452
93922612.7608924806 121130.1797208786
97443135.9564189762 219946.0108036473
96126866.8931575865 195935.1560123563
96843208.0673515946 211849.7844600677
93467211.1001340449 74507.4524573088
93979735.0876794606 123027.0304373503
95771936.4201884270 185225.8402578533
94057930.3198471963 124429.5590899587
93758475.7010229528 107088.4272608813
95397896.4156897962 173268.8084271550
109111272.8855264336 333864.7995986938
108426201.9983754903 333133.8489151001
95179964.5297619551 166408.5552409887
97136684.3336083442 213614.8442692757
95407683.9073792547 173350.0453029871
98726475.4356841147 244152.6248916760
97568598.2710064203 226096.9298617248
95876913.8638388366 188933.4937002361
104018034.2659709305 308512.4063225891
97962715.7420759797 233856.7893840675
94353686.5801161081 138565.9405878782
96241991.5594992787 197748.6638488993
94299957.3391952664 136805.5563054681
93894202.9077423364 120475.5874078274
106221291.4780554324 309840.1477429774
116119675.7483262718 385215.9389648438
95931960.7299016714 189916.1152408719
93865464.0367480069 115798.4649876356
96715669.9345076531 205872.1760334969
96236130.3777623177 197539.9235614538
93734992.4030655771 106814.8877152205
95841208.7959985435 187222.1394521892
96825704.0068656653 211508.4647925124
102734298.1525036842 288589.6353794336
107838327.0231602341 320965.6914911270
107325753.0975305140 316302.1027464867
97316703.4936166555 219882.1398067474
96945102.6195490211 212124.5890254974
111192244.2534345239 354660.6576385498
110641653.0487648994 350088.7360687256
93654396.0491140038 98133.4438589811
97008911.4867768735 212125.5740056038
108343966.3697335422 329726.0906143188
112703277.2643714249 360783.5239830017
99479940.8220602870 252407.8375982270
97392097.6295321286 219883.1247868538
97442902.2477240562 219898.2151790857
111772165.2127009630 359896.7556152344
103192242.0810857117 296562.3150550034
104050709.9968439043 308668.9340520948
95331698.3536948413 171557.4541791081
95251560.6004252881 167685.5288305283
96173712.0828811228 196748.7850104272
99472261.7922836542 252301.0650138855
110074448.1529088318 342525.4643096924
96707011.4115689546 205256.9748840556
110859693.2073610872 352724.4872436523
108045521.5733791888 327595.1934578419
93979935.7400127649 123126.4789152145
98033251.3558173180 234440.9820652008
96106669.6477498859 194950.2257306278
95575229.8966774940 178150.0237721205
95747517.0410539955 184169.0645436049
94597276.9382887930 147695.5261871871
96430676.1251944900 198345.8228199482
95190132.2388800383 166606.2026292086
117486120.4291979074 400357.0361328125
93703227.2735300511 100385.8801039457
96817821.6930190772 210602.4018878341
99425512.9324366301 252170.6142562851
97002316.5994415134 212125.4555940628
96805104.6622296423 209813.9011535868
97893141.2494428605 228233.6710216407
94593787.3196889758 147665.8496182021
96505371.0111889094 203767.7046203837
94682667.8682372272 150077.3929592371
94784096.6332080364 154132.2409960032
94236110.1223256737 132804.6323601007
94057004.0057434738 124155.1983266473
102535165.4539474547 283290.1082102248
94382485.0289912671 139908.2988369521
118793574.2008882016 405005.6787109375
95734973.9456263632 182238.7944473028
113900323.7321186811 373055.7534790039
113550625.2836886197 370684.9443969727
109541856.0535899103 339443.0539093018
94899663.9854024202 157805.2671715021
94391990.2964866161 139974.3372214437
97220777.3188009262 214475.0813350677
95151262.4105512351 165592.4945217371
102871888.2691788077 291845.5341845658
100033826.2515990436 260310.5162416181
94467875.9589397162 142290.1656090021
97247141.5686875284 219240.1180867553
117262476.3950425237 395051.2719726562
117365758.2118404806 400170.4921875000
94928785.0020671189 158044.6723157167
101277154.1576445401 278568.9796514511
94206625.8875293136 132187.1098712087
99578569.6224528402 253794.3269336261
112256092.8053663075 360164.0016441345
95998466.8770763278 190327.6804851294
95377515.9654794335 171855.4664612412
98427587.2804943174 241956.3259174824
94232815.6125950217 132253.4486477431
95075784.2413834184 163799.9033978581
94401446.3546347469 140193.7770611048
95861392.5347493887 187876.7179859877
94924475.2550565898 157868.0704498291
94486837.2845831811 142563.7733460069
103338395.2323492169 299984.7459638026
93633861.7839832604 97819.2984034419
94853750.4335340858 156156.7162017822
118316617.5500662625 404617.3310546875
94826899.1803356707 155229.7732502278
118419054.4790078998 404819.1347656250
94266808.3006287366 133862.1023037490
94148376.5943053365 130174.2390981317
94899781.6086239666 157834.9437404871
94126278.6216370463 129048.0055242181
93624505.9198471904 97750.7160097957
95507709.0993151516 174404.2007752657
106366114.4786108732 311143.1791477203
94737221.0849817991 152364.0544172525
94833583.5466290563 156123.5894924402
95085064.3485563248 163881.1402736902
95380604.7926373482 172652.3991624117
94457386.4402343929 141905.1313091516
94296259.1449775398 134532.6148277521
94679178.2496373951 150047.7163902521
113515479.6870969683 369564.4839477539
95112100.4677438438 164894.8483811617
116018759.8337798864 381705.3238525391
98919956.0969946235 247578.0719783306
93756796.8261130452 106936.2450789213
100480366.1404759288 271566.4294741831
95447310.2391488105 174363.7534104586
99580069.5715607405 258914.8823182583
118058442.0668686330 403802.3852539062
97930965.1037478894 228481.9127718811
94499422.0973321497 143135.9028972387
102165366.0653952509 281931.5563689768
94428835.2953874916 140852.4190979600
93675342.7372420132 99808.8718003929
98476498.2206795514 242934.5684103966
94481623.5539348423 142319.8421779871
98953632.0815657526 251058.8709113598
94135634.4857731164 129252.8249822259
94423621.5647391528 140608.4879299402
95238555.0287827253 166799.2205406427
98540181.2974103987 243209.3729758263
94238257.1557818502 132821.2605797052
113204013.4766846895 361913.8239097595
94116140.8634254783 128770.0721310824
95024422.2225808054 162030.2993881106
94988153.7488943934 160116.6545006037
94974102.5232342631 159041.6697593927
98950417.0011453629 249049.8784101009
95637047.4948134571 179754.3834449053
94376746.0165129304 138840.3013511896
94879870.8103560358 156939.6502116919
98410275.7410299778 236139.0990500450
94411935.8733400851 140578.8113609552
116748687.0027823001 392412.5968017578
94180007.8625578731 130808.3898066282
116702020.2187516093 387455.2900390625
94557719.1121182740 146597.8521324396
107296774.8791851997 311794.8272686005
96450187.0939567536 202133.7501311302
96453352.4489159435 203015.1439951658
96825271.2884705365 210835.4980547428
95316182.6238501966 170513.5525718927
94612980.1876424849 148336.3621422052
93694586.5543930382 100276.0005356669
95067624.5060352981 162958.6909831762
95032951.9537013620 162142.6302639246
94408947.6556403190 140304.4505976439
94800455.5933979750 154385.0794826746
95378998.5571930259 171996.8326636553
94786707.9984028339 154355.4029136896
95824673.8409016579 185692.2525923848
95632796.0326872170 179104.5444625020
