78038697.3846566677 631998.2028808594
78300675.9975860566 701033.1213378906
78113308.6405592859 661687.4730224609
78189864.6149987429 678371.3825683594
78294285.0515146852 698887.7590332031
78316214.7465379536 704499.3500976562
78589928.8679232001 751966.8652343750
78476965.7335320413 733546.6257324219
88230747.6999766976 1009207.3847656250
78219364.7083578557 685774.5629882812
79285269.5610324442 841742.8476562500
88717583.3662675172 1010051.9990234375
79221263.7365228534 835544.3334960938
80308827.6033824086 927892.4663085938
78324948.5922025293 706092.4951171875
81975124.1716580838 980406.4750976562
87715144.4700218290 1005918.0683593750
89686815.1408537179 1010943.0302734375
80189199.4883126169 921047.0239257812
79376302.6545903534 848409.7399902344
86584283.1480026394 1005068.4472656250
78148042.6219368726 671129.9644775391
89176185.8047579080 1010818.9951171875
78713852.9895085841 771171.4450683594
92362607.8557221442 1013121.6425781250
78512884.0569570363 740301.7111816406
79290550.0559073091 844845.5405273438
89786551.3669820875 1011424.2509765625
78164562.7087019533 674778.3186035156
78867058.7468058616 793878.5175781250
78175331.5590302497 676595.5114746094
78279446.5509227961 697947.4829101562
78404903.1492668241 720575.2304687500
78027775.0646269023 617514.8876953125
78735655.6738147885 776683.9458007812
78936343.8978284746 801432.3295898438
78483939.2354100347 736490.6618652344
78499972.2869721949 738101.2724609375
78393808.0467505306 720174.5527343750
78773639.9142523706 780910.4040527344
80295448.0540721864 927373.4213867188
78399121.9550120831 720176.4736328125
78412424.5462165624 720749.8066406250
80015067.3202586323 905754.1303710938
78230157.9475381672 687549.3276367188
78212415.5953318626 681649.9317626953
78669705.9653649181 765113.0485839844
79798116.4936421514 887030.1899414062
78656126.9159716517 764538.5339355469
81466766.6923054457 968720.2978515625
78515140.5787033886 740521.5236816406
78031039.9790908396 625621.2445068359
80053397.7406840771 908612.6396484375
79996112.0491851270 904741.1538085938
78570097.5319787413 746410.6933593750
78564991.4387105703 746316.0903320312
79994737.3566185385 904085.8149414062
78916275.8982785642 800612.3908691406
79011042.1374752820 813861.8972167969
80240024.3356303126 922333.1870117188
87074422.5439634472 1005087.2753906250
79875638.5874564946 895606.2983398438
78462460.4259739518 731672.3098144531
78049104.2189902961 637617.9364013672
78043475.1396131814 633665.5161132812
78789858.3212675303 782508.7202148438
78774202.9124547243 781437.3713378906
78622566.1513069272 757907.6953125000
79133288.1103504002 826566.4855957031
79150937.2293200791 829526.6096191406
80288693.8148786873 924315.5771484375
79125734.9326542765 823799.0019531250
79711355.8653641343 882167.9023437500
79932924.2789554596 899477.7841796875
78275706.7341346294 697946.3764648438
78602301.9600390792 755969.4907226562
78264802.3129857779 696123.3347167969
89000743.4387048334 1010088.8876953125
79625710.6324900389 874088.1870117188
90408599.9932343662 1011548.2861328125
80209028.9711973369 921603.0795898438
78670644.5009590387 767400.0629882812
79854712.7694400698 891657.8984375000
79505237.1707614213 864953.3315429688
80211161.1816597879 921958.6782226562
78346878.2872257829 711704.0861816406
79236136.2631994486 835607.4448242188
78418080.6413670182 725233.9265136719
78701625.4993533194 770548.0981445312
79376480.9669511020 851967.7119140625
78844533.7234631330 790134.1572265625
78156698.1756498516 673278.8227539062
78856586.8412991166 793041.7856445312
78060611.7585861534 641553.7449951172
81050480.0219704360 960918.0214843750
78423394.5496285558 725235.8474121094
79338965.8451142311 848352.1735839844
81827316.5916811675 975512.0317382812
78883277.1538210660 794960.2236328125
78140621.9665046185 667110.5917968750
78824465.7239132375 789314.2185058594
78235254.8376995474 689066.3737792969
79128412.2059773505 825782.2492675781
79254959.2658222467 840636.3874511719
79268025.0325645506 841101.1801757812
78281345.9453707337 698276.8466796875
78306457.1918407977 701183.9992675781
78794467.1037225723 782846.5610351562
78100588.8550562859 652766.1400146484
78123127.0621501058 662031.1872558594
78257073.3507542461 694629.6877441406
78948397.0156644285 804339.9580078125
78034819.5859001726 630484.6646728516
78810288.0044554174 787024.0937500000
78634897.1714332402 758094.4853515625
79007654.2744138986 810450.7141113281
78224461.5985192508 687291.6091308594
80592740.0180094689 942789.6743164062
78598132.8549807072 755439.5202636719
78613413.6521912217 757440.1127929688
81006253.1215089560 959634.3613281250
79098170.9967006594 823096.2429199219
78213692.7481909096 685474.4162597656
78639220.6588679552 760831.2971191406
78629583.2631717175 758092.5644531250
78254144.6446259916 693600.4299316406
79031110.1370251477 814681.8359375000
78588744.4690339714 751735.8684082031
80488074.4676343650 934709.0395507812
78186013.6162420213 678321.9990234375
80730695.6539543867 947757.9614257812
79832555.7602549642 888231.7626953125
78718386.1544964314 771182.4772949219
78939070.7527565956 801435.8842773438
81022908.6796368361 959876.1542968750
80489967.2294778824 934947.8325195312
78091749.5044147670 650867.5869140625
78675177.6659468561 767411.0952148438
78103093.2746046335 654239.1727294922
78800757.3811653107 783827.0314941406
79450860.7447767854 859816.1787109375
80365055.2598296255 930577.4921875000
79076143.8448257744 821004.9829101562
79742809.5939106792 883654.9389648438
79173445.9137779772 832105.3962402344
79402171.8040882796 855793.4838867188
80045466.8565068245 905918.7070312500
78695441.8572147042 769349.2998046875
79050165.4876686633 817381.2509765625
81830883.9704299867 975572.1040039062
79313058.7403651923 847424.3271484375
78755723.6733646840 777503.8845214844
78497983.6939514279 736619.3298339844
79036503.2427483797 814690.2934570312
79424882.3876196593 856192.4467773438
79498602.8650237620 862177.8549804688
79761248.6211412996 883973.6489257812
78536352.2515891790 744398.5935058594
79438541.3891255111 856673.6674804688
78492669.7856898755 736617.4089355469
78530571.0573344380 743999.8366699219
78591115.7431159019 755254.6511230469
78800681.7636981010 783500.1535644531
78242983.7999310941 690560.0207519531
81204035.8246055841 963061.7890625000
80111966.1480526477 912431.7221679688
78027846.0840221643 620353.0574951172
79205567.0311638266 835269.6040039062
79249639.6951254904 835855.1508789062
79500315.4944353998 864347.2592773438
81772808.9348732680 973026.1616210938
78982844.7590798587 807766.4394531250
78578742.6510000378 751558.4465332031
78523979.1594733149 740702.3889160156
78889567.4312637746 796457.3041992188
78981377.6056291014 807755.4765625000
78295799.5234810412 700827.2983398438
78336115.8490955532 709701.4521484375
78052805.6284854114 638646.4572753906
78330334.6548408121 709550.5742187500
78362111.7145415545 712007.7314453125
78071715.7168693095 643075.5723876953
79189966.0005430281 834976.2365722656
78044150.0747723877 635465.6058349609
78290909.3604003340 698477.8911132812
79800837.8160455376 887746.9931640625
80050659.1174615026 907600.6035156250
79173152.6123337448 831795.9260253906
78129518.0082214922 664918.0441894531
78243119.3707516044 690565.8696289062
80383293.4173610061 931434.6860351562
78470897.5051704645 732421.0778808594
79542474.7487016320 865484.3950195312
78999849.2474272847 808492.7094726562
78051956.2048731595 638372.8935546875
80533169.6666414738 936722.8071289062
80076637.4746186286 911224.3354492188
79383680.5722326040 852484.4492187500
81433051.0614478290 967463.0478515625
80169629.8962748200 918188.0488281250
79395537.4983506203 853018.0073242188
81960668.3967448324 978988.7866210938
81682083.4585415125 969559.8745117188
79072192.6395435631 819472.5109863281
79397229.4905475676 853648.0522460938
79287080.3832080960 843800.5952148438
80254993.6191632897 922802.4658203125
78055195.6301042438 639427.2182617188
78208385.3893740177 681123.3781738281
79768202.9020729810 884230.4389648438
79567864.9941490591 868609.6723632812
78561341.8352270424 745762.1071777344
81990992.9840130359 984428.5063476562
78200957.8615364879 679623.8823242188
79771217.2536084801 885019.1591796875
80475062.7791443616 934184.4467773438
79655020.9650303274 875414.3471679688
80913195.0653330684 952495.8408203125
78453210.5047930479 728722.9523925781
78167491.4148301780 675053.5874023438
78186124.7982105613 678370.2761230469
78381575.0809901059 715602.8869628906
78525257.1490729004 743997.9157714844
79047770.5471984148 815828.9641113281
79147467.5566208661 828481.6643066406
79644665.9035635740 875101.1635742188
81798202.2430355400 974968.6948242188
78052943.5927868187 639310.9890136719
79968520.4375773966 903336.7045898438
79884722.1899327785 897403.2348632812
78106606.9753850400 658382.8331298828
80926857.8946926743 953779.5009765625
78124101.8797395676 663462.2376708984
79748863.3486437500 883886.1772460938
78447988.6601517946 726746.9777832031
78372451.5477444381 713277.7255859375
78132757.4334525615 665611.0959472656
90992281.8643181324 1011823.0156250000
78474848.6054981649 732853.8259277344
78457491.7753930092 731165.3715820312
79273418.1382878125 841109.6376953125
80769047.6632384211 947818.7001953125
78439418.0621375591 725782.1940917969
80824075.1180683970 947848.2602539062
91814943.3390045017 1012695.5146484375
78095228.7415525764 652739.6768798828
79520074.3612827063 865245.0366210938
78102177.8545786142 653712.6116943359
79842359.5135195851 889949.0131835938
79672473.2056700438 878859.1469726562
78465583.5969089270 732419.1569824219
92145370.0427018255 1012757.3164062500
78370199.5104269683 712713.0441894531
78086573.1878395826 650590.8186035156
78729171.1254190505 772511.8735351562
79283550.5307637751 841142.8105468750
78082511.3948951215 648498.9073486328
78122544.5063434541 661811.3659667969
78376257.7574471384 715098.4787597656
78555948.3550997823 745387.6721191406
87998183.5506030917 1009054.0644531250
81742576.6160719544 970015.9399414062
80106290.6035241336 912121.5737304688
78084542.7069637626 649116.8485107422
85959487.5579955876 995608.6357421875
78075229.4176497161 647219.2327880859
80138930.6374409199 914952.8735351562
78761116.7790879160 777512.3420410156
79535826.5010709912 865360.3598632812
79550229.0270525962 866736.5366210938
80596977.8494643122 942819.4604492188
79659942.6413563639 876020.4194335938
78147388.0463095754 667696.6889648438
81746146.5454308987 972662.3349609375
79450587.9066306651 857994.8447265625
80725454.1008766741 946506.7382812500
79143268.0987432897 826752.2297363281
80459272.8395097107 931608.8222656250
78908039.0730619431 796545.1171875000
80519506.8372818530 935439.1469726562
78969524.3947668076 805282.3427734375
78941737.0035517067 801440.7871093750
81864075.7480800003 978720.1059570312
84993226.3578574508 992825.7656250000
78510731.5982473642 739360.3115234375
79150325.3984656334 828661.5471191406
78849926.8291863799 790142.6147460938
78450186.9124658704 728353.3759765625
80992018.9804958105 954529.5468750000
79000418.1507477015 808826.3344726562
80904178.5846649110 950626.4868164062
81182427.5117595792 961366.5234375000
87314097.0699400455 1005837.3212890625
80962904.6318501681 953986.2099609375
87829160.4795527905 1006461.4052734375
80906901.1886497587 950823.7939453125
84585889.5816171169 989144.7001953125
80861234.9478556663 950311.7431640625
90738940.6738657653 1011701.9775390625
85479429.0910844952 992847.4169921875
