140689704.5094434619 2983764.9667968750
140702038.9995972514 2984010.8906250000
140677758.0372735858 2982449.2343750000
140644770.5080939531 2981581.7304687500
142439784.1475465000 3029965.9257812500
140665357.2999349833 2982404.0996093750
146863789.7123551667 3066514.8261718750
140102019.5256624818 2963923.4941406250
138082613.2486905456 2857525.7460937500
138364264.0913645923 2877088.1542968750
139099990.6152806878 2922433.8574218750
143783375.6378796697 3049649.8515625000
143839418.8311441243 3050243.1386718750
143852044.6400545537 3051158.1855468750
141944596.7717451751 3016381.9199218750
139930223.1679786444 2958515.2265625000
140126113.4190544784 2965293.2324218750
144265352.1213852167 3054353.6992187500
136328541.1977518201 2544645.3466796875
136252498.8935352266 2508844.7753906250
136271410.5857040286 2524131.2177734375
136274380.8833222091 2528659.8583984375
136324078.5242836177 2540059.6425781250
136103522.1637378633 2406060.1171875000
136113113.6618111730 2422035.8583984375
143151290.9447802603 3043502.7480468750
142459148.6849150360 3030877.1816406250
142361335.2293825746 3029834.3046875000
144765589.6040566862 3057475.0253906250
145167192.9021527171 3060078.9746093750
136405489.1217123568 2572904.9794921875
136427891.2335451841 2580461.1376953125
136365323.5659396648 2559667.4101562500
136379820.4262984395 2568915.4111328125
136377311.8054125011 2562994.7119140625
136645426.4865927100 2649211.2949218750
136534514.1067225635 2610736.9414062500
136455965.3189476430 2596619.3203125000
136505703.1159205437 2608508.0917968750
141482292.4943516850 3007290.6699218750
141425237.4502617419 3007240.9023437500
139666508.5241489112 2949671.3359375000
136379837.3482184708 2570804.0283203125
139117052.1358751953 2922719.3476562500
146254422.7024323940 3065854.7343750000
146279823.2800001800 3066018.9707031250
136860916.6334956586 2695592.3300781250
140128309.0618934035 2965479.9804687500
136596676.4562199414 2629023.3027343750
139542036.2736750543 2941477.0527343750
142311211.2610600591 3028311.0390625000
146753002.0090083182 3066367.0800781250
140899262.7010565102 2991203.3105468750
143523600.2710371017 3046392.6308593750
136894976.8843656480 2705179.1923828125
140596413.8134450316 2981213.7285156250
141173810.2783821225 2998643.1796875000
142231936.3247729540 3025290.9003906250
143782914.0944505930 3049221.2597656250
137351323.9311822653 2790654.3769531250
136140093.8047104180 2451384.6416015625
136128165.1090578735 2448184.2773437500
137070616.6247412264 2741934.7861328125
141182986.3549978137 2999099.5058593750
138591848.8820804954 2895481.6835937500
136992334.8361321688 2724526.2910156250
136978116.6357207298 2719263.1308593750
136919659.5864922106 2712886.4531250000
141230326.0603206754 3000372.9609375000
145706592.3022327125 3064488.7050781250
142947641.1518955529 3041183.6972656250
143111367.9555544555 3042487.9824218750
138143795.0621315837 2865168.7382812500
140770034.7175071836 2985667.3085937500
144267227.6978081465 3054446.4414062500
144077528.1309859157 3052904.2128906250
144473506.1440563500 3055592.1171875000
144305416.3850794733 3055058.6210937500
138600658.1983024776 2896291.5039062500
144937261.9884781837 3058218.2070312500
137360148.6774367988 2793043.9824218750
137334158.8366197944 2787708.0292968750
137312661.1541424096 2778600.2050781250
138747386.8075199723 2902832.9062500000
138731364.5866639912 2901402.0878906250
138787465.6435548067 2909791.4335937500
137289025.2743324637 2777829.6484375000
136119585.9268416464 2443742.9052734375
137233001.7545526624 2761114.7246093750
137764114.2346556485 2832546.9550781250
145820352.2201900184 3064882.0136718750
143690676.5116351843 3048159.9218750000
137827505.4615244269 2840709.7363281250
137656652.1800007820 2823600.7207031250
136428583.8368369639 2582827.0468750000
145603822.7272474170 3064259.1777343750
136597843.0630167723 2636696.1289062500
145218350.9140795469 3060755.6777343750
136209455.2703705728 2493027.2861328125
143766337.2684798241 3048312.1171875000
136267680.0609540939 2517964.7841796875
144601537.1154396534 3056975.6425781250
144537802.3129682243 3056350.2636718750
136621122.0733125210 2643626.1796875000
136653720.0175923407 2651161.5019531250
136688272.9925817847 2662361.0410156250
136795801.2534292042 2684634.9414062500
146728857.4379553795 3066291.8691406250
136252989.2095115781 2512170.3701171875
140168872.1317168474 2967269.7695312500
140736342.6242015362 2984860.3574218750
137274117.1483521461 2776125.9882812500
137490944.7977000475 2800382.2089843750
136317775.1860740483 2537807.6474609375
136110651.2429712415 2421144.0595703125
137431352.2652429044 2797589.6875000000
137492151.1047587693 2803037.8476562500
137523022.9266641140 2809296.9316406250
137121662.2350378931 2748698.8632812500
137176862.4923481047 2753767.4648437500
145044405.8560476601 3059931.2324218750
137501917.7336061597 2804931.3847656250
143370214.3596732318 3045404.6445312500
143359367.3961559534 3045253.7597656250
143210416.0424246490 3044204.5390625000
136445510.9389638603 2589194.2412109375
141553202.0574584603 3011575.1308593750
141762991.1177105010 3014987.2656250000
136505224.2860162556 2602666.0068359375
139135460.4520426095 2927220.7617187500
146049800.1427763700 3065348.2695312500
137245382.4561082721 2771433.4921875000
141326004.3115733862 3002932.3730468750
136950301.4784049392 2718906.2597656250
142970599.1096061170 3041529.1152343750
144154370.3623335063 3053675.1855468750
143561043.5486439168 3047320.4238281250
140313052.7247488201 2970760.4082031250
142730419.7413579226 3036669.7226562500
138028955.6401873529 2854918.3496093750
136116348.8174035549 2439347.9570312500
138867587.6183774471 2912780.5078125000
144038135.4174838960 3052818.4238281250
141271012.5786340237 3002348.1953125000
141243773.4806298018 3000510.8242187500
137868608.7207216620 2844737.6289062500
140472498.1996315122 2977431.9628906250
140422474.2467396557 2976445.0917968750
140083055.5772744715 2963880.6972656250
139195129.2805853486 2928853.0742187500
138397350.9473152757 2884436.7656250000
142854438.6561661661 3039911.4082031250
137595417.1394026875 2814235.3671875000
145891404.3431245983 3065210.7265625000
145788874.7066718340 3064507.5878906250
145546488.9197382331 3063058.1875000000
144975613.8560427725 3059012.4648437500
145326411.7576579154 3062057.5078125000
145405399.6909821033 3062941.8632812500
145290981.4730763733 3061867.8593750000
144919006.1289495826 3058140.3222656250
145258774.9462687075 3061022.2382812500
145008426.5203041136 3059899.6894531250
145354091.7047533393 3062364.2812500000
142793062.9451481700 3037865.7617187500
142858788.2935266793 3040453.9628906250
142648417.8346760571 3035558.2011718750
144836014.4928483665 3058009.3886718750
142219335.2441473603 3025164.1074218750
136343271.6239673197 2548960.1113281250
136351951.4747343361 2554385.8818359375
142137911.6202460229 3024453.7832031250
143474139.7454176843 3046370.4765625000
143432511.9208761752 3045414.0722656250
143338837.6586367190 3044380.2753906250
139544466.1092321873 2941811.0273437500
136900599.7416495085 2707542.1660156250
136799015.9449238181 2684746.4492187500
136614987.0251115859 2637963.1503906250
136666305.6590128541 2654608.5429687500
136707305.9630539715 2663769.5234375000
136755055.0384439230 2673443.9619140625
136654212.2683258355 2654521.1601562500
136717838.1677916050 2666753.5351562500
136785924.4968574643 2683295.4628906250
136822651.9584649801 2691332.1484375000
136950300.7985470891 2715798.8593750000
140804197.7496875226 2986118.9296875000
142530942.6991531551 3033319.1972656250
142104998.9890262187 3022599.9218750000
142033720.6070719659 3020231.3320312500
141977326.9312917888 3019893.6132812500
141506861.2282910347 3007499.3203125000
141788742.5423508584 3016318.5761718750
141639464.1688768864 3012759.9082031250
141384013.2791106999 3004711.1250000000
142237909.0642983615 3026323.6542968750
141574049.1586488187 3011679.9140625000
142696366.3874753118 3035714.7246093750
142075052.7385812104 3022190.6484375000
140824942.6398029625 2987230.0625000000
140806299.5531305671 2986119.2265625000
140845385.8981612325 2989539.1425781250
141034491.4793761075 2995174.9843750000
141102492.1267056465 2996508.4316406250
140971988.3551866412 2992697.0761718750
139732333.3748577833 2951349.9375000000
139761636.9175748229 2951666.3437500000
136565611.1567482650 2626459.3886718750
136572648.6120980978 2627751.2607421875
136562283.9644823670 2621645.5224609375
136467089.8670790493 2598540.5019531250
144804616.3828489780 3057522.0781250000
137742232.1401928663 2832517.8281250000
137792196.9900732338 2836270.2460937500
137778663.0748542249 2833586.0273437500
137798510.1032435000 2836327.6015625000
139503123.1212338209 2940218.4042968750
139454617.2821226716 2940089.4667968750
144195142.4269250631 3053788.8417968750
144255657.5456476808 3053926.6113281250
143953308.6762631834 3051778.5468750000
136160291.0525954962 2471649.3515625000
136155956.5594954491 2463898.9511718750
136154342.0682628453 2463671.0449218750
136263813.8659146130 2517588.2197265625
136227315.0791153014 2495988.3564453125
136235755.0660105646 2502552.6533203125
136232394.7012684941 2499459.5810546875
139821372.4971743226 2955222.2246093750
140150854.8692882657 2966441.3691406250
139968065.9445849657 2960984.2949218750
140574423.9874710441 2979740.6445312500
144729989.3558164239 3057210.4960937500
138598857.0340989530 2895966.9785156250
139946000.5919229984 2959961.5058593750
136876172.1859891117 2699480.4873046875
136748358.1647224128 2671569.5019531250
136772758.8536770940 2678848.4492187500
136805751.5707482696 2686690.9707031250
136776143.3709693253 2679135.0468750000
136808736.7377191186 2687828.7382812500
138472858.7341478765 2888064.9609375000
138480938.4257998168 2888847.6464843750
137198000.0846029222 2758359.9355468750
137115740.4381980896 2746639.0625000000
136424946.4940358400 2580333.5234375000
139878106.8005421460 2957603.6914062500
136121078.9725701809 2447382.6191406250
136150794.3557901084 2462589.0771484375
136188041.9564651549 2479861.0449218750
139251148.4854954183 2930305.7636718750
137091550.9606804550 2742686.7558593750
137104865.8232239187 2742920.5820312500
137004344.5580475330 2727664.8730468750
138919194.3030869961 2914929.4902343750
139367460.5342834890 2934457.0527343750
139360294.9673111141 2934246.5488281250
139575448.3258160353 2943982.3105468750
137238905.1340984106 2764909.2695312500
137632290.2110485435 2817103.4375000000
137730959.7347822785 2830969.8476562500
139129449.5098794699 2924464.1250000000
139731324.4539622962 2949918.9335937500
140019235.5109960735 2962115.4277343750
138665715.8140403330 2900287.9238281250
138750625.3704191148 2906052.2011718750
138971410.8351404071 2918816.1289062500
138936354.7951426804 2916289.6152343750
137412364.8020072579 2795752.2812500000
140697717.2717477083 2983910.8066406250
140444246.2157818675 2977179.0527343750
136181828.4947902858 2478362.1806640625
136591082.5672396123 2628493.0937500000
137020660.1666924953 2735565.9365234375
137623400.8734716177 2816839.4355468750
138197857.7089717686 2867265.8808593750
138276417.0938986838 2873177.6933593750
146651477.7449732125 3066061.6523437500
138116368.5257233083 2861595.9316406250
138113990.2020154893 2859269.4453125000
136210615.6647330821 2494520.5302734375
136202441.0349587798 2485698.4091796875
136254361.9116155803 2512286.7099609375
136543203.0159450173 2615253.8027343750
136351230.5577636659 2551578.4306640625
137155891.5992255807 2750910.8984375000
137977804.5701400042 2848398.7441406250
137196118.4699318707 2757649.9482421875
137235995.7764485776 2763023.3945312500
136291741.6256349981 2531172.3935546875
136488830.6068117023 2602312.7470703125
136434105.3663214445 2583474.1953125000
136444880.1694019139 2584293.3339843750
136455360.1864207089 2590871.8750000000
136326187.7480257154 2541470.5556640625
136206519.3191666603 2487751.5751953125
140223481.5144199133 2969194.5292968750
138307003.3992305696 2874419.3242187500
138181614.7155053914 2865686.8242187500
