80217579.9247967005 18972.2711007763
80050225.8567437530 18678.3404974788
81368239.5329707861 20597.0902402401
77198891.0017508417 13754.1613863111
80992258.2555459589 20157.0545857698
80610116.3941145837 19542.2465109900
81136184.5227105319 20285.1318715364
77818832.8525804281 14963.0140265948
77133129.2394427061 13577.6553354640
77107991.4391262531 13577.1397763224
81648625.8701594621 20961.0317728519
82403484.9993366450 21876.7001037598
82116868.8674347103 21554.4787330627
77497185.0688247681 14408.1036149216
76388294.0233495235 11440.5592093766
76499010.6888601482 11812.0122123063
76345661.9599945843 11421.3328230679
76378991.1374393106 11433.4309885502
76363372.4680331051 11432.5706980526
81000795.4869867861 20158.0445504487
81625523.0886969566 20939.8449859619
80375742.9868091643 19156.1210871190
82311870.4181033373 21808.7447814941
82391136.1472275853 21857.4880676270
77630979.9199687690 14728.5593584180
78307823.9649827033 15926.2052678466
78012627.1979058832 15326.3676822782
79039639.8526680321 17125.9676999748
77749730.4709876776 14793.7507388484
79809229.6557285041 18263.2588806748
79732292.5753621757 18220.4162521958
81391939.0945635438 20635.0769996643
80411832.3035460263 19162.3094451282
80228894.3410412967 18981.0524676815
80856521.3720840812 19913.6788686067
79811565.2596555650 18364.9501313601
79943157.3421522677 18535.2540543188
79488225.0445589572 17795.5611991320
79659857.9901923090 18164.7228875269
79683496.5301173478 18167.0142020617
80792038.2677117586 19780.3558703183
80696166.5429455936 19661.7418108700
78861018.3819978535 16889.8686380982
79115152.2520957440 17261.3216410279
77066101.5034223795 13429.2898882031
77000646.5378726125 13283.7680986524
77174566.9821769744 13589.6833079457
78039322.2683176994 15339.9663459784
76536703.5998112708 11881.1459243298
76576063.6686075181 12198.6169707775
76529184.1662036777 11880.8788297772
76559099.6912558526 12029.7084839642
76420326.3047775030 11658.2554810345
76484407.9830013812 11806.0139234662
80171285.0268580914 18961.2189227194
80455029.7085777819 19331.4671978801
80498003.3669993877 19351.2874741554
81673903.6997957975 21002.6347451210
78352014.0296075791 16045.9156509638
82683189.8541362435 22082.2966308594
80282327.2211891860 19045.7229565680
78144935.7989035547 15585.4740503430
78087306.5128758401 15553.5294321179
76336373.7709322423 11157.9260869920
76519524.1094824374 11880.4516150951
83141084.5714618415 22298.1098785400
78675394.0568724871 16557.9560604692
78816872.4282669723 16711.7932253480
79908592.6287259609 18487.0741387341
79862356.1418329179 18434.6944024428
79898619.1776210666 18438.3402201980
81583124.9740705788 20883.2144664004
82908328.2647858560 22214.0903167725
76975331.4049349129 13242.4598346893
76811572.1657345295 12871.0068317596
76780044.5852517933 12617.0638527274
76881436.3287901133 12952.3888805509
76639924.4069497734 12207.3369811773
79817926.5063055307 18391.4403157309
78468020.2906738222 16203.3053346314
78289354.4921284914 15905.0766469925
78482184.6533830166 16204.5281674303
78249555.4221766740 15883.7076852918
82551181.1700678021 22000.8921661377
78164169.4263155609 15674.0533390790
79037713.7294766605 17041.9931505337
79482071.7929084748 17786.2047769576
84252975.5718753636 22478.4079132080
83118672.5034924299 22290.7091827393
82949945.4807365984 22215.0301971436
81897743.7631899416 21298.3331661224
76075019.2269448191 10376.8572839200
76137106.8652619720 10378.1544453800
82495857.7732271105 21942.4922790527
76734401.2787917852 12573.7884233594
80695706.9422422200 19652.8642841056
83088159.8903628737 22224.6124420166
77432481.9075817317 14147.0794113278
77490604.5502360910 14329.1256968379
77607008.1595679373 14564.1868616939
80324152.6335893422 19099.0355204344
78572766.0146047175 16287.4746399968
79216415.8667607903 17414.7517740279
77286500.4204469621 13937.5932970122
79784781.6739655882 18228.3134742174
76809170.4333795905 12690.7418264747
76898528.2657747418 12985.5344637036
76786445.0208550096 12681.6000588536
80531602.0628551990 19416.9875191525
80286748.9940649420 19095.9053373188
78903284.9246353209 16894.1185275029
78503524.9564305842 16254.5483094304
82647285.5409861356 22062.1447601318
80867997.3491582870 19914.3699543476
77191378.5595055670 13742.0753606856
77333715.3050867319 14051.0422205817
77484435.9410542399 14303.5819245139
77830754.2542444021 15124.5693383850
81736761.9824615121 21060.6529483795
81448296.1482586563 20742.3168010712
80823420.2007854432 19856.8174794912
81602048.1281120181 20924.2238807678
80244151.0900784731 19045.5345162228
76966430.0370142162 13214.3183124661
81377491.1190838814 20614.4405035973
80655869.4682142735 19571.1158754826
80887786.6045280099 19930.4251768589
80647607.0423889011 19556.1873648912
80431269.9720240086 19194.4280770363
79783193.8696411103 18222.7309822692
76401218.9144451171 11508.9986121655
76314334.8618332148 11142.3204130046
76282689.8376050889 11115.9520089626
76304289.4383178651 11120.0111672878
79406755.2467403561 17711.9771683216
77364278.5931232870 14084.9207243677
81201979.5315733552 20338.8501674235
81387118.9163782001 20626.4695395231
81913625.7989840657 21317.8539581299
78819250.9804631621 16760.5904256701
79263531.4477553815 17421.4632741809
80488012.2479961514 19346.7920903862
77927605.6592350006 15149.1019095904
76771892.1106322855 12607.7979816739
76841230.7079937905 12941.5130433980
80449407.3240892738 19274.3120603412
80425206.1753769368 19191.8936338276
80004434.4175155759 18611.3651647419
79624566.2827601135 18051.4169381126
80902553.1812734306 19960.6954456568
80752440.1565881819 19775.3252158879
79729937.9372694343 18191.8589295779
78544496.4657354653 16262.3983585456
81429146.3274640888 20678.0244140625
78449131.1448477805 16089.6352745295
78071997.8702141345 15504.5834954418
78183334.4531184584 15718.1822715998
78119747.6694258898 15562.4337434065
77956160.0967544168 15190.8773217690
78146372.0999135226 15633.7797335980
78051138.7863918096 15504.1189523377
80598482.4131141454 19524.1425671428
83364162.3501301855 22304.9082489014
77326489.3892074823 14033.0840150071
77000138.0163276792 13276.6990265194
79323334.0484539121 17522.8469320644
80334013.6779784262 19132.2168333605
77007848.2967080027 13333.7542420911
83883846.3865342885 22450.3584136963
83454561.0912661403 22313.4457855225
83499427.6701699346 22388.9278106689
76670723.1490656883 12265.5572838187
76676940.6334069818 12540.8620927930
82499494.0012178868 21985.5653533936
76176460.1757564545 10685.7719116622
76240938.3064977974 10728.6834958494
76159606.2522515804 10678.8228851259
82080770.5142637491 21533.2506561279
84275775.4771991074 22510.0143890381
77033763.3911114186 13343.2452313853
83835978.4108427763 22448.5837860107
83738850.6008823067 22392.6442108154
79510045.8998838514 17830.1471567154
79655229.5150390714 18082.1701767445
79624901.0695273131 18054.2769067660
79449098.5875663310 17759.9345527645
82841315.0067979097 22198.7635040283
76652235.1637895554 12236.3449787442
77318214.6174598783 13948.5927792520
81263715.5709657371 20448.1204127073
77695814.4636612982 14774.5230090618
77564349.3317060769 14451.0814256668
77355497.7507857531 14079.8259103298
77178500.4009732902 13708.3729074001
77309233.1842672974 13944.1297437125
81313276.5594364554 20569.5623898208
78330915.3179128915 15984.4817764163
81131913.0413891226 20263.9533917904
78649146.0176201612 16456.9748969078
79422630.0699527711 17722.6425342154
79848011.7448081076 18396.0085523352
79434920.7081042379 17723.1359457835
79572761.9675058126 18017.2011826038
79382783.0753810704 17710.7174296244
79358302.4972733110 17594.1322398051
79160507.9348823130 17340.1305907234
80002599.4735930562 18602.2329245806
77402409.4960609376 14124.0103239603
80750363.6165702045 19710.7340574116
78003683.5691403002 15271.6967222427
77779818.2338078618 14900.2437193130
77895196.8345496505 15139.3763334487
77410217.0262502432 14134.6838941947
82206425.0408453643 21661.3279418945
82455441.6099103689 21934.0674743652
80346052.0228555948 19155.3188564628
77473089.8012980521 14297.0210895473
82128815.7160098702 21556.1371345520
76266683.2362135649 11030.7001995146
81048371.9532768428 20161.9859141111
80598099.9635769576 19470.2046366232
78637927.0478383154 16456.3281586170
78435101.4449062049 16083.9478109479
78393095.2467794716 16073.7198196650
78214806.1314671040 15831.8523317017
78042441.5810952187 15496.0223413147
77774534.7050236762 14885.4367242493
80467651.0347271115 19339.2810544819
83374471.4052630514 22312.2109222412
83474618.1745082289 22315.5350494385
79959862.0146893859 18539.7478653822
77807233.7595121861 14922.9504991174
81165802.7130322009 20330.3203089237
81100223.4854766130 20251.1838898659
81226567.0229516625 20410.9784005880
83227475.2110541165 22301.1918487549
78947144.0911706090 16968.8635318875
79112008.7205471545 17215.7515228987
76235247.2285505980 10713.9338681698
81229561.7208143920 20420.7432434559
80032351.3373983949 18676.3341588825
80161429.3989197910 18902.8590574116
80933800.8732368797 20024.3177023648
81057958.1265760809 20167.2831664756
78704200.5812331885 16589.6539583802
77991103.2948241234 15246.7748209960
80843910.3731758147 19857.1103819019
82277975.8337165415 21679.7239074707
82651495.9766985327 22065.8611602783
80088232.8986766338 18790.6178235859
80449171.1334025711 19202.3741788510
80158914.5171970725 18830.7889307083
80182674.2537508458 18967.8280515522
76268838.6227929890 11050.2758880556
80066672.6673142612 18760.7638304308
77956254.3657816052 15215.4353298713
82616968.6705663651 22050.5343475342
78739551.3419765383 16667.1174210906
78916939.5776901394 16966.4377869368
78857850.4349231124 16844.2985199690
84114898.0331043303 22454.0748138428
77589582.9646107852 14515.3903260864
79066767.5631476790 17148.7184499502
79190494.1992638111 17375.2105160356
78959934.2787636220 17003.7575162162
77964326.2580195069 15215.7855841643
77755390.2093479335 14863.9401781089
79160307.4245520979 17292.6125070602
81978503.2370660007 21385.2178268433
79291938.9509056509 17459.8615171603
81665595.4256943613 20962.7573289871
80126223.5723701864 18809.7932231277
80808200.7549905926 19855.7385787852
82027035.8614545912 21443.7203674316
81753909.7503159493 21117.4057006836
82726050.2496106774 22133.7945098877
82269330.4906574041 21672.5926055908
79920117.8249195814 18493.0274171267
80685322.7607578635 19572.9336731434
81071963.3797810078 20243.4961541891
80989406.4157539159 20142.9317618130
82177103.4439276904 21635.4588413239
81921192.7806965262 21320.2488327026
81801285.6133092195 21201.6347732544
81563502.8466084749 20863.2014904022
81753469.8793555200 21070.4027633667
81502036.9031803608 20830.5235271454
78669133.5026558042 16516.4348462089
82278358.4038410634 21743.7757873535
81688614.6623916179 21007.5667610168
76949024.6706099659 13196.1062023044
77451998.7552994937 14285.5928214788
77456737.0337456316 14293.5910882354
77256764.7863156796 13914.1398185492
84232338.4584309310 22456.7295074463
76857452.4920478910 12948.1192562860
77380500.3771773875 14121.6503017507
81959139.1465688497 21366.5883941650
81347647.2411377132 20572.7838306427
77274645.9997918457 13915.5082253218
