143495352.3523313105 143546.6596956253
143139266.1089064777 139532.0812959671
142777284.1302684546 135929.1855795756
142881106.5723357499 136395.4407576565
142743267.8998275399 135493.8514864817
142844113.5985575914 136192.8277809992
144435193.3887495399 150451.5893449783
144500000.8569180965 150671.1565179825
144998311.7970588207 154530.5498857498
144572755.5085455179 151392.9573259354
145037416.3968141377 154723.3363847733
144955368.9882133901 154325.1687822342
144512309.3384952843 151184.5857210159
145264609.5198045075 156659.7092142105
145571931.0683487058 158779.1546487808
141719618.6946661472 123535.2694142163
141657793.2498871684 122769.1987008750
141722857.2554873824 124275.3649954274
141869397.9172917008 125323.6845666841
142971406.2680983841 137303.5867645368
146317738.2323290706 163371.8772888184
142780184.3513093293 136036.1280568019
142768796.5904760361 135738.0415323749
144397963.7824155390 149679.2285423279
144244320.5608216822 148862.3710594177
145487257.3196103573 157846.9626817703
145542818.9936475158 158164.8950471878
143215972.6136136353 140225.5352191180
142050388.6879664958 127394.7658988982
142206037.3688551784 129612.7626767084
142101719.1190723181 128046.1080746576
144405861.8742334545 149721.8996734619
143047353.3576577902 137993.7843121514
145897211.6747226417 160834.9654321671
145812393.2590413094 159835.0480432510
145805714.2196186781 159638.3651819229
145802653.6312079728 159569.9112253189
141412068.8988700211 119060.8697008789
141682711.6743758023 122912.0592744052
141484627.5845532715 121173.5103792846
141648420.2311305404 122540.8794083297
141587011.7670441866 122272.9578423202
141575712.1053811312 122113.7672792971
143030270.4379743040 137696.9602720365
144766011.7682965696 152827.1962633133
145637092.5591489375 158810.6856164932
145689343.4432037771 159301.1421594620
140941586.2504200339 111120.6050183587
141007552.4153744578 111443.6191164218
141046160.4485823810 113220.1369186454
146864607.1361453533 166152.2831420898
146840324.7913676202 165940.3413696289
146197002.2937084436 162504.1761169434
146346690.3989429772 163374.3007507324
146235147.6064028442 162873.9611511230
146372517.8371247351 163732.3007202148
146147681.2707751989 162482.4469909668
146202940.9945330918 162530.9721374512
146123977.7260962129 162452.6707458496
143396545.9374843836 141623.8391513079
141185925.9516120255 115182.3534814753
141163031.8313457668 114990.2975257449
141241650.9065674841 116851.2771400027
141168412.5640682578 115151.1659339480
142147408.0104814470 128721.8581850901
146896083.3522137702 166325.8063354492
142978096.9078321457 137310.4250213727
143060227.2497503757 138378.5916702375
141722682.3811120987 124003.7222326696
141933916.8123638034 125866.1237693429
141900599.4587918222 125816.9085997045
141642372.3604244590 122449.6635749638
141943296.5844181478 125939.6450804174
145992874.1643271446 161170.7165527344
146051582.6090583503 161463.1477966309
143105050.0307319164 138963.1609541029
143230366.3664582074 140957.9208306521
142527143.8410942256 134119.1125643626
142696016.2907124460 134905.3304942027
142604794.4208544493 134411.3243258372
143511908.6675733328 143826.3735475540
143583713.5305210948 144434.3317995071
143286534.7725875378 141515.7394227982
143573289.0490152538 144317.7349977493
142178795.6966996491 129211.4569864646
147918727.9719397128 169802.1534423828
147479376.5354701579 168972.4106445312
145516269.5297918320 158030.8586015701
145218786.7453418672 155836.1646509171
144996105.1432042718 154523.7972154617
140885917.0655329227 106996.5825523511
150068158.5974711478 171961.8056640625
149658214.4480352104 171096.4100341797
150099659.3458289206 172097.3984375000
141378229.0426794887 119009.1459563216
146090319.4574738443 161473.4995727539
144639406.8994619846 152458.7521181107
145236584.5138373077 156044.7392892838
145138987.8797061145 155611.7775774002
144600116.2713898718 151939.9679231644
145043925.4120748043 154772.9433336258
141442869.8292177916 119475.7690547546
141243752.6644338667 117124.8383543929
141297891.1735104322 117396.0347655257
141200081.7347356677 116590.9261059156
149618230.6414717734 171027.4416503906
141705169.6515798867 123226.6102563813
141825436.2201581597 125157.0086087361
141809521.6877318323 125072.6894494966
141970664.0844968259 126390.6445438340
141915231.1222128868 125830.4489709809
141899238.7466230690 125575.8182947114
141695945.6038880944 122952.2119315341
145568335.0872112513 158582.7251672745
145644818.1980691254 158957.8803596497
145361288.8993204534 156872.5269556046
146803974.9078001082 165306.5844726562
146610503.7742601633 165185.6812438965
146426797.2963065505 164223.3756103516
146298800.2322897315 163019.0338134766
146457873.5207821429 164344.1347656250
142252070.7550273240 131175.6895091012
142097238.8338561356 128025.8519671336
142232948.6417473555 130126.1909487620
142495157.8350661695 133452.7240107432
142422228.4466388524 133376.5804922953
142422174.2425049841 133006.2646944895
142310976.1493448019 132312.3891451731
149979016.7735047936 171745.9918212891
150016664.2423967421 171763.4219970703
141742652.7853950858 124346.7236291841
143397545.4241849482 142841.3995379657
143443151.1956356466 143205.7333498001
143258786.4181708992 141008.1838463992
146226401.7993638217 162697.1541442871
142526247.6070328057 133684.4571917430
142617076.2008325756 134755.6451132670
147273760.2117769718 168236.8535156250
147368403.2221321166 168272.1447753906
143383343.7178083062 141556.4279650897
145405374.5829777420 157093.9323549271
145529016.0692923069 158163.6384019852
145256714.5850695372 156509.5151872635
145493260.0734142661 157957.0390977859
142280190.1792171299 131469.6167147532
146409561.1450196803 163825.6082763672
141237991.8765847385 116675.9229149213
141123091.2293206453 114902.5080970339
141467052.0090250075 120454.5238934010
141641090.1849722266 122354.2687347233
141488548.4328500628 121233.5781130493
141539480.9625145197 121646.4460458457
141432653.5012934804 119072.2444162071
143656781.0424499512 145600.1330813617
143799949.9349581301 146346.2386874408
143754332.9978779554 145934.1953677386
143829936.0837067068 146671.1081561297
150215212.3173991740 172210.9658203125
149600264.9538848996 170749.3488769531
142881362.4459144175 136485.3238794431
143954204.5874643624 147784.9651354998
143943175.9061599970 147087.1485461444
144136029.9907097816 148715.4188861102
144033733.1440790892 147890.3331774920
143916493.6316518188 146799.1053332537
144133956.6879383624 147954.0045336932
143436331.8884665966 142965.0921649188
141552214.3181343973 122061.4102182090
141992660.7453994453 126451.3552825004
147091015.9768700898 167769.7288818359
141366705.6777562201 118382.2254078463
145694514.8828789890 159357.8773050308
147111522.0439588130 167826.2374267578
147249919.3775711656 168230.6369628906
141449308.1210812032 120085.4305848852
150649033.0375891924 172340.9516601562
150712186.0365550220 172349.4785156250
150840585.2450328767 172358.9279785156
150616166.3542411625 172326.1785888672
143171788.8689723015 139878.6952964887
143025800.3479799628 137548.0982544050
144826663.1631941795 153876.4771471024
144614660.9016794264 151954.5147447586
144931450.5753833950 154261.2913217545
144719084.0675727129 152752.9379320145
142948111.0872738957 137258.8220169172
142933511.4851809740 136507.4454605207
143012759.6480076015 137469.4693634138
143943634.3920018375 147325.2541293353
143131925.7666000724 139112.6547119245
147413737.7285125554 168400.8199462891
143765622.7904958427 146151.4379748553
143877706.2265197635 146785.4518908709
147168076.5201606452 168075.2424316406
146944458.2070615292 167229.6047363281
147209454.6283334792 168203.8281250000
143032081.1298056245 137829.0125610456
143393065.1757846773 141605.6424903125
144378245.5145098567 149441.3715972900
144725546.3344627917 152771.3967943192
145202325.9785640538 155693.6406373978
143655076.8175319433 145044.6488436908
149874088.5672546327 171744.2078857422
150042310.1624465585 171895.2413330078
150094741.5292612910 172013.8126220703
142190787.7863725424 129457.3089413568
147593377.3523215950 169140.7806396484
147442284.2449761331 168785.4235839844
141378198.5089108050 118818.4703181824
141303943.3021083474 118118.0203345828
143564104.6432523727 143831.9147586077
143555326.1665777564 143826.8444842547
142736854.7621670365 135044.9703790769
150028588.6676066518 171890.8968505859
142947619.0827328265 136649.0158811286
142161947.8560429811 129153.7357790843
142037692.5803309977 127063.2376982719
147850548.6521856189 169621.7321777344
150559755.8501137793 172238.4349365234
145850749.9165818989 160327.4808511734
150490935.2020825446 172233.6678466797
150582493.4498966336 172299.1418457031
147157709.6994641721 167984.1400146484
147639127.8171017170 169231.6793212891
147652354.1564428508 169549.5637207031
142938583.7079564035 136575.3824982569
145452090.6939693689 157613.0848169327
145378752.7772177458 156970.6081705093
145071776.2970952392 155457.3148508072
145382278.0953183770 157014.8680582047
142012040.7429881990 126617.7554289848
145345682.0252970755 156718.8344011307
142138785.9145222008 128423.1154446527
148008111.5339249671 169830.4210205078
148194852.7374011576 170011.0872802734
145198539.3438988328 155618.8608255386
144709818.6437289417 152675.7779436111
148257813.6643645465 170124.3192138672
148088839.3313278556 169967.0855712891
144310015.3514430523 149306.9700822830
141367276.1943902969 118467.1393245300
148255217.5411055684 170046.6802978516
148322279.7820065916 170734.4597167969
148154455.1962099671 169977.7077636719
