33081544.5754494891 33425.3086547852
30620051.2859490886 23564.0915989280
30855315.7435506731 27192.6278251708
30800771.9957536981 27128.8983616233
30330294.0594566390 15745.3244285583
30794435.5791825466 26890.0667324066
31027938.2546565086 29172.5955257416
30807921.1641303599 27161.5090793967
30971867.1608458310 29161.4769964218
30907210.3618467152 28913.5077061057
33338624.9799413010 34359.1088867188
32746872.4256541580 33187.1549377441
30474257.9119217843 19929.6865633056
30272347.3606642708 11686.1002001762
31056034.6907305345 30305.4739990234
30507012.9885993786 21767.7182539701
30682644.5075370967 25347.2303013206
30741681.3191466816 26407.8403782248
31136401.9219732061 30960.4836425781
30869282.4380121715 28173.8379063010
30520697.4324959740 21841.7410759032
30382995.7065477334 17767.9883480072
30562641.5435687974 23323.7893276215
30572592.0507920124 23562.6209568381
30416117.7347091176 18939.5515689850
30552838.7074247971 22521.7163295746
30481696.7969017550 20737.1069850922
32660047.0791433975 32277.3082885742
30393165.4941755310 17896.8621727750
32366163.3856544532 32264.1087646484
30338887.0676436648 15934.3166899681
30639457.7410782352 24626.1723179221
30554808.0461046025 22541.5326137543
30418087.0733889230 18959.4674625397
30483666.1355815604 20756.9232692719
35057570.6877971813 34479.3120117188
30345978.9711686932 15937.7351531982
30422363.2936257459 19743.5377750397
30449510.0022181049 19815.6586932242
30333371.9435594231 15870.7797900960
30678052.5599304959 25105.4573879242
30337673.8039446026 15928.7454558820
30420312.2027678899 19513.0976004601
30398680.6182597801 17960.3990726471
30349474.7827682793 15983.3790035248
30388971.7526926398 17838.9961581230
30276770.3741699792 13700.2392269582
30298563.6382919028 13757.8316456289
30277392.9758444577 13710.7171532125
30312619.2086087763 15743.8537864685
30305527.3050837517 15733.3810726614
30365320.8556998670 17766.5177059174
30354733.1405752525 17717.4553923607
30302031.4934841655 15694.7914729118
30295067.8266923167 13719.2420458794
30361825.0441002809 17720.8738555908
35263478.2652864307 34939.1535644531
30254672.5098164082 11677.5753075094
30456601.9057431333 19865.0785408020
30397467.3545607179 17954.8278385610
30487942.3558183834 21539.1799831390
30273274.5625703894 13661.6496272087
30301408.8918096870 15684.3135466576
30348261.5190692171 15973.7292248220
