125189720.9560086876 2967192.7050781250
124821842.7420260161 2937634.8457031250
124867568.6557255238 2940420.2363281250
125092545.6947289854 2962454.5644531250
124053387.1917094439 2858431.1074218750
124079262.0851137191 2860786.2910156250
136356800.4351599514 3437708.6699218750
136390758.7831300497 3439797.6484375000
137039616.5424977243 3450472.4648437500
137157232.9323494732 3452340.9746093750
124550592.0678226203 2908925.8535156250
136686827.4713797569 3444669.4492187500
133304505.4747931063 3363307.5742187500
133825870.2455656677 3376239.4238281250
133976103.4961369336 3380847.0761718750
133760767.1960643083 3374249.4042968750
133823853.0624655336 3374809.2949218750
130799965.8479589671 3291616.2734375000
133639573.7192151546 3372104.7207031250
123950708.7154047936 2846787.2695312500
142384358.2964683771 3520024.3652343750
147129789.7243819535 3549586.0761718750
135463010.5333994925 3412616.5742187500
134456161.0483029187 3397530.4824218750
142986010.6607444882 3526529.0175781250
133865744.5298710614 3378228.2246093750
134366249.5711038709 3390707.3730468750
141292354.8553721011 3508259.6855468750
130033317.8726114035 3258872.2226562500
143410354.9310277700 3529155.6621093750
136101892.9040261805 3431597.7539062500
125796366.4136929959 3020951.2011718750
138816818.3030246496 3473707.3417968750
139528448.5678986311 3487259.0644531250
128145804.5958202779 3181151.4511718750
128271535.9608865678 3183259.5644531250
128244219.4555617422 3182039.9101562500
128358757.9452206939 3187862.5390625000
146043746.7171035707 3545883.5625000000
125817130.8700660616 3022192.9003906250
125837373.1425217688 3025153.0371093750
139884186.8361324370 3492930.5351562500
128759042.2005340457 3203013.9941406250
128780236.4042291343 3206965.3085937500
128069593.6071640849 3170784.6640625000
128519589.8601351380 3192408.6757812500
145106915.2930620313 3540321.9941406250
145690105.9081186950 3543706.7675781250
131418851.4941638857 3313440.0703125000
125694782.0910794884 3014239.9609375000
128362752.6081337333 3191139.4335937500
128817229.5932328105 3207304.5156250000
129014516.5768058300 3218355.5605468750
128861963.5202452242 3211050.9550781250
124477422.5404953957 2901534.9394531250
124812423.3786309361 2936514.5097656250
125636763.3784968406 3011492.3417968750
125708050.8375059217 3014489.7285156250
126108746.1517610699 3043391.4882812500
125781682.2815863043 3020795.6562500000
126917948.4367830008 3103170.6210937500
126678535.3875961453 3082596.4062500000
126725022.6278277785 3095616.7792968750
127274911.5562389344 3118450.8378906250
126938063.9934913516 3108068.3203125000
126684283.5463767052 3084171.0527343750
126875885.0547277033 3100560.8378906250
132809997.3748300225 3348992.9042968750
144753565.3984319270 3536980.4257812500
136797030.3589999378 3447209.5644531250
136984252.4225866199 3449481.2050781250
137301647.7096917033 3456678.8398437500
137254255.3705800772 3453290.5839843750
141414765.1733732224 3510900.2792968750
132034689.3807746917 3327996.3671875000
140593989.3815347552 3500428.4765625000
124133478.0049998760 2866296.6699218750
138283666.6729411185 3469343.2636718750
138566516.2379926145 3473249.6953125000
151543691.6369203031 3553738.2363281250
151746410.1882797778 3554307.4960937500
132754892.0574498624 3347780.7011718750
133412998.7686209828 3367705.6660156250
139365562.3346638978 3484713.2246093750
146409586.8587760627 3547328.0390625000
145606814.7066547275 3542957.7265625000
151148943.6762539148 3551844.6464843750
151523236.8924501240 3553729.0292968750
130157029.0885545313 3268262.7968750000
130054909.1179977506 3263392.8222656250
134171221.2356041223 3387562.0234375000
134329277.3485043347 3390075.1132812500
134058072.1294130832 3385099.0839843750
132325861.4258355945 3340943.4785156250
139005330.8700496256 3480828.1855468750
139124905.1158436239 3481583.2597656250
130911478.0775762647 3294986.8476562500
130970784.9737780243 3296471.5195312500
129190800.2118647099 3224920.2578125000
132821137.2135142237 3353223.5859375000
132622126.6921354681 3346823.3027343750
132956081.9549779743 3355543.8125000000
132916464.2203961760 3354426.9960937500
141724959.0727659762 3516107.3808593750
142529524.1433970630 3522237.0195312500
141402463.6292780340 3510819.5566406250
142511591.8674935997 3521598.1582031250
132045740.9012890756 3328254.5917968750
126862360.9213060737 3097454.0585937500
131493088.8938043267 3315462.4765625000
131759258.9291357249 3320989.1328125000
131900634.9981635064 3327452.2636718750
131654820.3359356970 3317388.9453125000
123999579.9500301182 2850982.6523437500
135636276.3961297870 3421247.1425781250
131225915.0693528503 3306198.1503906250
138337666.4123998284 3470540.6582031250
143886334.0568389893 3534015.1074218750
143777130.8811229467 3531559.0078125000
127093200.1778650135 3113423.2636718750
127123319.1709473282 3116628.3203125000
133805198.2658095509 3374402.4433593750
125130733.6593526751 2966496.0097656250
127048037.9697501212 3112351.8847656250
127465140.3208390325 3134746.9316406250
124624916.5081769973 2916277.5976562500
143791119.4198802114 3531933.8203125000
125653012.4195520431 3012866.9843750000
125825354.9213486761 3023593.3847656250
126150623.7070839852 3047827.1953125000
130604918.9874472469 3284755.6992187500
130671812.2074653059 3287238.6992187500
130373677.0226511508 3277156.8085937500
151372496.0776891708 3553174.9707031250
126191452.0137537867 3049056.9375000000
126372906.9619685262 3061810.1074218750
126406356.9820637256 3067394.6718750000
126587728.5435461700 3077008.8203125000
135679067.4313504100 3421964.5214843750
135692764.3570964038 3422762.0312500000
145997958.0311717689 3543918.4218750000
124281145.8146562725 2878360.9882812500
124311450.0590760410 2884397.8222656250
124302039.5049007684 2879261.9335937500
124048611.5974175781 2856148.5078125000
124207210.5015303046 2874368.4550781250
124155909.4507445693 2870180.3007812500
146460281.7756123245 3548027.5507812500
124681854.5089877397 2921175.1406250000
125007713.9924692363 2958521.1816406250
143299658.9772700965 3527244.6113281250
124542061.4818655401 2905973.6953125000
133088654.2753270119 3356173.6269531250
131598668.1373274475 3315874.4296875000
138113800.5301132500 3467154.5117187500
126362878.2039520741 3060047.1757812500
131667401.3319635242 3319581.8906250000
132126462.0253568739 3333206.5703125000
145379323.5241862833 3542295.2207031250
124602656.4971628636 2914316.0878906250
131809335.1624252051 3322644.4921875000
126332789.4200588316 3059159.1406250000
139346615.6426337957 3483247.4824218750
131043758.6308491379 3299726.1054687500
125192357.2134487480 2970180.8769531250
136580213.6285557747 3442844.1933593750
147862167.5660800040 3551291.3574218750
136075158.8736415505 3430818.5996093750
135654734.4085050225 3421574.3027343750
144599775.8297258914 3536894.9687500000
144391816.7394246459 3535171.9746093750
145004860.0935164392 3539707.3652343750
144436910.6326134205 3535488.6171875000
144888041.0503233969 3539093.5917968750
144297287.6299571097 3534997.1015625000
125231264.1030959338 2975024.7597656250
140182352.8656976819 3498347.1269531250
140098002.9372672141 3496125.8261718750
139873626.4184610844 3491245.8710937500
141924473.8851203024 3516955.1015625000
125946776.4339711070 3032749.5078125000
125485521.2455013990 2994509.9667968750
130539382.1713984460 3282926.2187500000
135715869.5889417529 3424428.5917968750
135608777.4217993021 3419987.0390625000
124740513.6758915484 2928908.4980468750
124846099.7603868693 2938280.0429687500
126064758.5494476855 3043017.7910156250
131262008.3576604277 3307643.7890625000
140121831.8087672293 3497019.9453125000
125193460.1343797892 2972361.9355468750
142230506.2513824999 3519531.7617187500
135958564.9257765114 3428530.7792968750
136510763.3203887045 3440919.3281250000
136182178.7426265180 3435372.8671875000
131070260.8348661214 3300729.3730468750
131152923.2969976515 3303755.0019531250
127419629.9001413435 3133280.3554687500
125871215.1442964226 3029186.7968750000
132089272.5050628036 3331883.5371093750
143540531.4541434348 3529432.2578125000
129941741.3683119267 3258408.8437500000
140831399.7331684828 3504655.6367187500
139651352.1531335711 3488718.3945312500
125457196.3909492195 2991941.1093750000
127660568.1345692277 3147512.3554687500
125859217.5065795630 3027197.3027343750
132491223.6693308800 3344726.7988281250
132427162.0737624615 3341281.6640625000
128559842.4322790802 3195937.9453125000
126246224.7810971737 3054230.2949218750
126586103.6427074224 3074449.2246093750
124905803.8333917111 2948942.9199218750
124919718.3770752996 2953084.7050781250
127498705.0098298341 3139739.9511718750
138131443.1160967946 3467171.1992187500
137126160.6668178439 3450575.3750000000
136944304.9501272142 3448923.1367187500
127319843.3042237610 3126370.6796875000
142371645.9835238755 3519652.0195312500
151137207.6021966636 3551784.1953125000
146686405.4288669527 3548077.8593750000
124151529.4815859348 2870158.2890625000
124370317.4628118873 2894254.2109375000
124598052.3931995779 2911042.6894531250
141665678.1578901708 3514445.8691406250
135817387.6831178367 3426110.0761718750
138379572.5186509192 3472179.9609375000
137868685.3512916267 3465100.8359375000
129428861.6536229104 3237308.6855468750
129448845.5803331435 3240199.8457031250
129613243.4936797768 3244745.8261718750
146011088.4497180283 3545479.2089843750
132324349.5682219416 3337553.2109375000
130234118.7931968570 3269989.5937500000
130034943.3904246241 3259047.6894531250
128090162.3685782999 3170794.9492187500
132179431.7080045491 3334553.2070312500
147056172.1452216804 3548541.8574218750
127908835.6185164750 3162921.2421875000
128117094.2731104195 3176687.3613281250
134054709.6106169373 3383449.9843750000
134589954.1328791678 3397732.7128906250
144189958.9494141340 3534300.9960937500
124809326.3007030934 2935205.7460937500
127371045.4815215021 3129219.2148437500
127773379.1318477094 3154421.0839843750
125457597.7604377568 2993376.3378906250
125851038.9139240384 3025513.0839843750
148005955.2994746268 3551732.5605468750
147912936.7076629102 3551673.1230468750
126571276.4637350440 3074129.7871093750
145611656.2283840179 3543377.6328125000
133150368.3203481287 3359499.0507812500
143656536.7361896336 3530739.7148437500
133390344.4024597555 3363797.6015625000
129828630.5027851611 3255859.6875000000
125275562.4477123171 2980626.7773437500
140913769.0349812210 3504885.5546875000
127555512.5877587050 3145120.3183593750
124220005.3953897059 2876562.2382812500
124770794.3748222739 2931066.7714843750
141592466.2697018683 3512899.5917968750
130828315.9138961285 3292732.2324218750
129360673.5490219891 3235955.6328125000
127540978.0381897092 3141873.1171875000
135136916.9791143537 3412409.8671875000
135044756.8684621751 3409835.4707031250
135086914.8908804953 3411925.0390625000
134840197.1537706554 3403629.9980468750
134859470.2706064582 3404516.5117187500
125611141.5116720051 3009248.9550781250
125725179.1426016986 3015825.1835937500
125480337.4175401628 2994307.3710937500
141197010.5980199575 3507760.3925781250
141149771.6757502854 3507493.4335937500
147781520.7594520748 3550285.7148437500
147613341.3076181114 3550133.4316406250
127676928.0682259649 3150481.8906250000
127932736.3667887002 3163185.3144531250
134752064.5505656898 3402175.4824218750
135493126.2870141864 3417623.7675781250
125525302.5972210020 2999867.9199218750
129086955.8398269117 3220052.7949218750
128495590.2120362520 3191735.6992187500
146905949.9998341799 3548459.9316406250
133392672.1618658602 3364720.6367187500
133714777.6386780143 3374246.0781250000
134692377.4828051329 3402102.1953125000
130666420.1945486218 3284809.3789062500
129508792.4060438424 3240920.4140625000
140524144.0071684122 3499372.5371093750
125370965.7575654536 2987477.8808593750
134383962.2576005459 3391917.4960937500
127999237.1159306914 3166402.5722656250
151221490.9566216469 3552329.9531250000
129325149.2547816485 3231666.4726562500
129627382.0658332258 3246461.8437500000
133619487.1375492662 3370018.9882812500
128948079.8726652861 3213515.1738281250
