98231298.1151084304 7491.1088486480
105496435.4774974287 13721.6075628845
115324540.6259725094 18444.7146759033
98172520.6636561006 7034.0924262272
98710996.7941832244 9355.7118950486
99090255.7092401236 10283.4655419290
110745756.1659246981 17230.5024347305
98916304.3590927273 9886.2403789461
98144558.4762663543 6534.5282304585
110685755.3624664545 16794.4045708179
98450796.2001121789 8855.7830468416
98505744.2398847789 8950.7671326697
113749076.0873530507 18348.6509246826
98657474.7398264110 9268.9377259314
98122688.7512063682 6165.6731407344
98103379.8773745000 5763.3217878044
98125022.3731869012 6482.6701162159
98305551.3110304624 7985.6545045376
98790604.1110663563 9509.6141866744
98734472.6707023233 9431.1482536793
107672433.3959132135 15449.3703250885
98398073.4646704346 8578.7763024569
98138479.6304056197 6509.9917378724
98666194.1942041665 9271.7693604529
110568423.0366313905 16636.8401482105
98428018.7529789507 8660.9757110178
98544306.2976287007 9032.4287139475
98862138.5683620721 9804.0913536251
98588916.1235743016 9233.3669556677
107669185.5213453323 15414.6682376862
98279645.0713991523 7863.5853959322
98375694.6646208465 8298.4762162434
98825365.7589461952 9722.4297723472
98565964.4837902188 9037.5413017869
111949764.2905151695 18203.9004960060
100449127.1739207655 10417.3203902841
98317117.9474980384 8206.9516480267
98495367.2627390176 8940.3499556780
99014669.4185691029 10096.8654584587
98697198.0367110521 9329.5700394809
98273048.3494968265 7863.2137444317
98701584.0908065289 9350.0672906339
98800909.3397092223 9719.9033688605
98492819.8469247669 8916.2659142315
98102006.7217020094 5556.6775689721
98323714.6694003493 8207.3232995272
107592677.8141288459 15392.9371190071
101741228.3885280043 11255.7423551679
103359688.6593885124 11786.5872333646
98381962.5717450529 8578.4046509564
106303268.5769549161 14180.7082944214
98294739.1474484354 7926.6515618133
109482628.7121233046 16526.5110333562
103796758.1666225940 12109.7194184363
98408461.6633672118 8581.3774363272
99074322.9496784657 10166.4939019382
102967100.3780159950 11625.6043775231
98340837.2921979129 8234.0148545073
98270472.7391803712 7862.5615634620
98309353.0695427209 8010.4732481407
98301335.8693507314 7927.0232133137
98090863.4833224565 5239.1717645228
109324551.0569889545 16088.9728677273
107448728.1472081393 15350.4848880768
98117369.0259687006 6134.7966169119
106684506.3989975303 14521.1460366249
107215135.7965254784 14616.5323903727
108051294.1284080744 15712.8874363899
107438938.6082265228 15341.4344334602
98359583.7716954499 8298.1045647429
106673622.2776022106 14416.5225322412
98765700.7147600204 9476.4986542463
98104438.1821365207 6107.4531690776
98090924.3608188778 5439.7638964951
107306543.7207100093 14887.2270755768
98303070.8749463558 7945.4131529927
98156447.1420725286 6652.5762329698
98741377.0258872509 9432.2666991949
98166834.7895790040 6875.1047095656
98182004.5801667422 7040.0826321410
98755698.6704846323 9432.6383506954
98348387.9334588647 8289.1510565877
107214020.2977086157 14607.5788822174
107337879.3361426443 14974.9721457958
104681659.9387566745 13181.4200347960
105068838.0642761141 13505.9156669676
98263713.8659421206 7776.9984320866
98239473.7112106383 7573.9601500630
98290140.0311141610 7918.0697051585
98257117.1440398097 7776.6267805861
106709519.3611500710 14564.7568349838
98283543.3092118502 7917.6980536580
98184165.9734786451 7061.6654031592
98213047.5460385978 7432.8888769912
98158608.5353844315 6674.1590039879
98137953.2170190513 6503.8812357336
98797310.3988148421 9520.4811041057
104503105.6830800772 12993.5161648989
103979223.7379682660 12622.0631619692
98264171.8748730868 7825.8932440877
98245921.3058032542 7593.6997740865
98191220.7043119222 7110.9318666607
107413497.4452471882 15227.3321428299
98220102.2768718749 7482.1553404927
98201851.7078020424 7249.9618704915
98197817.4262142330 7111.3035181612
98189059.3110000193 7089.3490956426
98199690.3144901395 7222.2467711568
98237312.3178987354 7546.2450507283
98217940.8835599720 7454.4402411580
98208448.4297043532 7250.3335219920
103262312.1247759312 11786.3872092664
98164673.3962671161 6847.3896102309
98226698.9987741858 7482.5269919932
98252518.0277055651 7594.0714255869
109193784.7595282048 15850.3057721257
98148611.2885480970 6627.8551839292
