107111387.2303676009 18685.5562286377
107353541.4623346031 18763.5755157471
101384405.4593000412 14056.7509578466
102414894.0498935580 15595.0778934506
101899453.1702576578 14916.2439489365
102313570.4610222280 15581.4275683907
102077331.2404676378 15219.8850688485
102202321.9250110239 15412.7811970711
101339401.7770541161 13911.7858096653
104975556.6349917352 18073.8286285400
104741552.9158391356 17905.4079589844
105327275.2017401010 18328.1352844238
101556686.1524951905 14362.4463900742
101495241.7326841950 14202.2522830185
103160967.7637343407 16315.9103274345
103084673.5744271874 16304.4069705009
102878696.5865589380 16251.2791628838
103162812.3986032307 16344.4759707451
103200516.4335672706 16398.2557864189
100837364.1461662501 13160.3463048035
100882060.9284812659 13170.3836556673
104583996.5434758663 17708.8857154846
104440336.4463696331 17613.5927314758
101961027.0177351832 15118.7700569180
101834541.8822351396 14864.4058573095
101714593.1168574691 14842.8627474157
107892860.1016357541 18790.1889648438
102612516.7766667604 15872.2881786972
102773279.2574461997 16150.3148189783
103046074.5242958367 16255.6660517603
105940441.0933644772 18584.2498626709
105839632.7986393273 18444.5090179443
106024857.3771632612 18607.5253143311
105775963.6588537246 18425.9182281494
107608716.7603957057 18766.4285583496
108147898.1238274872 18851.8099975586
107958656.7778716385 18798.5275878906
102477715.4508176297 15610.9135136995
102550523.2453327626 15645.8754792605
103766579.6176206768 16899.2935438752
103959206.6100287139 17078.2140431404
104071035.2464759350 17284.1283459663
104137249.0304793417 17502.0907897949
104318487.2776617259 17576.5713391304
100268678.9126825482 11211.7709148228
100429006.7787647694 12003.7774226964
102132461.8289719969 15224.0657634286
101892234.4692988694 14872.6591875402
102238800.3898152560 15456.9433391392
102137479.0256956071 15351.7514140904
101670909.8205919117 14651.3003927109
101502178.1345195323 14289.5179979023
102764040.4489202201 15912.8821247816
103194668.8154431432 16375.3257607222
100177040.1182723045 10693.3942781314
101205207.4987645894 13853.3594196284
101225067.8432049602 13909.2123096430
101224748.9232857525 13883.2578564131
101147313.7889537960 13821.8334644282
101121614.7146218419 13565.0690719181
101138002.9722352475 13572.8389557153
102580771.6419233829 15819.1162861586
100029271.8504352272 10658.9598534927
99984736.7146518081 10330.0182383880
99901339.4381665438 10275.6369151399
100141938.9759622961 10660.6843944415
100549315.8838643283 12185.6673600674
100366812.1731778830 11754.2616670132
103387087.3101822436 16564.1847394705
102547792.8898514062 15619.0017101914
102716088.5476686358 15892.5252827406
101947587.2492976189 15072.9542238561
104492987.0946293920 17687.5606746674
104648045.1095884144 17897.7382717133
103419654.8285468817 16653.2900819890
103382009.8778169453 16466.8378523700
103597199.6274856925 16717.4430518262
103249833.3742204905 16455.0381697528
103671681.0140819848 16755.9482188225
99988277.0302860141 10367.4289432392
99866700.3315093964 10042.7955776080
99844430.4288308173 10017.8255818710
99958071.5425340831 10289.2313915119
103964658.8938038945 17214.4506115913
103969044.4716211259 17240.5345921516
103718109.0899731666 16897.0158238411
103812576.5477612764 17012.8476719856
105582565.9643175602 18413.6299285889
105369422.6398281008 18411.4310302734
105860284.0165190399 18446.1857147217
100953996.0789646059 13258.2105595165
104039583.5106729269 17248.6723499298
101573559.3208424300 14470.3009582781
105120036.7768607736 18225.4595031738
105105443.4085743278 18157.5074768066
100992765.7959275097 13520.2614557892
100904225.8250722140 13192.8464084864
101414010.2932565659 14128.8285231164
100833100.0032628626 13150.1392803341
100967953.0638747513 13442.8839394003
100813844.7080568075 13120.4088376009
100959685.3464662731 13264.2931302035
100796972.1512211412 13088.0833901459
100712122.7040788233 13057.7800922835
100943203.0121091157 13247.8143726879
100525580.2143085450 12075.0757974088
100531796.9863931835 12120.7841485441
100611561.8891027123 12405.9011949003
100494520.9480909109 12012.7319734097
100629805.4057740569 12659.3974755704
100195462.1936367601 11196.6135872430
100220829.9726765603 11200.8001822061
100406653.8701363057 11815.0868385858
100744071.7427749187 13071.4150326693
101437342.4775464684 14131.4940303564
99778521.9372173101 8818.8496970441
101541359.5622693151 14351.9495164570
101405585.6166226119 14072.3015529331
101382691.2170977145 13980.4050754332
101534053.5039465278 14351.1782085118
106693937.3625857234 18609.6367645264
101615924.4634198993 14507.5365003639
101438977.4370069057 14150.1746954018
101047634.3511554301 13552.9168231928
104632853.7260487825 17836.7697448730
104628840.3967043906 17731.5571594238
100286779.4685921818 11443.6338356561
100328297.4416985214 11632.3244197667
100428848.7594888508 11920.5617320836
104827162.1102946997 17966.0145568848
104870460.7208423764 17977.1919860840
104761154.3740346432 17907.1558837891
100573223.6119222790 12367.8043969572
99832768.4573805332 8830.2464583218
99842264.6663819999 9021.3453554213
