85266777.8203744888 996296.7021484375
82722952.6840212494 822146.2065429688
82379516.5378647298 741546.7778320312
82376337.4133208245 739652.0532226562
82786710.3157220781 833345.6840820312
84296638.0405590385 954831.8476562500
84461104.1112165153 965184.1777343750
86682502.7791798115 1037435.9863281250
85763355.1866925657 1015122.0019531250
83252226.1975789070 884751.4042968750
86220704.7919913083 1026283.2353515625
85380552.0326279402 1001895.9902343750
82593375.0226607621 799580.1054687500
85200729.7462067902 995993.7480468750
86665936.6694232672 1036743.4150390625
82216384.0107637495 673474.9858398438
83543474.7642265260 905461.6337890625
83459080.2540657818 903301.3310546875
84640587.9604366422 972480.0224609375
84470356.6134555191 965692.2929687500
84049244.7929633409 943694.3271484375
87616389.6315962970 1053170.7148437500
87328183.2604180723 1049055.4765625000
82503104.3749549985 775714.6894531250
82519598.8883082718 786150.5810546875
82403255.6299754530 747705.0996093750
83054169.9542965144 867975.9960937500
82225192.2106037885 679073.8793945312
82405695.8535969406 749976.8139648438
82417375.3159922510 754951.4384765625
82630760.4691466391 811483.2216796875
84993972.6753907502 988892.5117187500
87447623.9686003327 1050112.3789062500
86908249.8279854059 1041880.0576171875
86777634.3146423250 1039835.1162109375
83556522.4708259404 911867.0927734375
82374471.6769455075 737971.4492187500
82356160.7490104288 736718.5190429688
84699041.2360154539 977306.3417968750
82724008.3520651758 827273.6503906250
85055767.8470952064 991429.3623046875
82882337.1442629248 845072.2949218750
82243843.2999562770 691512.5026855469
82356095.7006426603 732432.8588867188
82302215.3888055235 718411.1699218750
86968469.7681323886 1042265.1025390625
86714209.6758598238 1038523.3281250000
83454452.7941582948 902785.8701171875
82265752.5542905033 708900.3854980469
87319656.8625721931 1048757.0468750000
88132764.8853733838 1060848.5888671875
87941725.9005832374 1058443.7685546875
86760136.2464800924 1038907.2871093750
83042885.2773972899 867113.1582031250
87988353.9070841521 1059161.3388671875
88222533.3781601936 1061843.7705078125
87711724.0797009617 1054455.0722656250
82285541.0255335569 713325.5346679688
88471954.5585898310 1063411.7060546875
82523149.2978734374 788104.4570312500
82493871.8130125701 775442.1850585938
84436855.2819159329 963624.5791015625
86501803.7743217498 1033461.3789062500
86816081.2570936084 1041164.3769531250
86515714.1807937175 1034034.5214843750
83734156.7900522500 923268.0019531250
85878700.8264369369 1017312.4375000000
83034026.0954883099 866122.7294921875
82614631.0262022465 806810.7299804688
84952543.0224055648 987189.8896484375
83137908.7607098520 875188.8574218750
83436418.6373452693 902482.0517578125
86158000.1932526380 1026228.3925781250
83093678.1983165890 870843.5595703125
82927199.0008333027 851946.0253906250
85715125.6399507672 1013286.4902343750
85445144.2174482644 1004427.4462890625
83211196.4633820206 882296.7050781250
84975796.1361348033 987986.4462890625
87641715.6438671350 1053714.4160156250
88657290.1609788388 1064324.5068359375
86728756.6452753544 1038528.7421875000
86793198.7817468345 1039881.0361328125
86779205.9700046182 1039870.5605468750
86569037.8756665140 1036656.5585937500
84007604.1555552334 941253.8300781250
83981525.0972073972 940093.3916015625
84492082.3952771723 966425.2246093750
83481024.7725762576 905172.9238281250
83257347.3936140835 886156.6240234375
83264899.3862913698 887024.4736328125
83263892.4953953475 886683.9755859375
83013468.2470644861 862346.6406250000
83013194.3465451747 861443.3046875000
82978931.8419985622 860444.0625000000
82987039.6076520383 861414.1464843750
83272925.5487259030 889142.1093750000
84783526.0852392316 980921.2919921875
82433191.8537944108 757706.9882812500
82445251.6574489921 757863.1791992188
82435129.5222614259 757777.7622070312
82455853.8468478620 761663.3593750000
82421241.7499889582 757636.6284179688
82464140.0861719251 769685.8496093750
82456603.8050532639 769184.6381835938
82511351.3156237304 779411.0693359375
84218732.3878304511 952860.2617187500
84071994.8053766489 945189.6650390625
85293651.0637861341 999994.9814453125
82691190.9937599599 821354.7885742188
88364731.1111497730 1063211.5195312500
87909848.5188509375 1058434.8232421875
83677730.7919186652 921745.7246093750
82251007.0888343900 695194.0505371094
82258866.8700766861 698269.7736816406
82215139.2124111950 671864.9902343750
82259501.4958906919 698788.3732910156
82233455.1620115042 687093.5119628906
83880862.7589940429 933785.1337890625
83944013.9317938983 937420.2548828125
85611646.6547238231 1009967.3867187500
83779244.4307829887 926929.6513671875
83842467.5096288174 930685.7031250000
82474045.6554752886 771132.8769531250
88338330.4235613495 1062895.9843750000
87839173.2877352685 1057131.1972656250
84849604.3411809653 983790.5908203125
83873426.9469391555 933188.4277343750
83826344.0149114281 930382.6904296875
85698610.3417026103 1012539.4941406250
88925649.9888214320 1064740.7890625000
82548679.4842747748 793073.3623046875
82805962.1510293782 838248.4843750000
84396834.3068574071 961935.6220703125
88335580.6546292603 1062834.8251953125
83596830.2296596020 914385.0341796875
87296466.9505139291 1047911.8154296875
84931682.9666049778 986328.3867187500
85067446.6221966594 992168.7832031250
88854415.3328086287 1064731.7607421875
85050884.2982825041 991391.0429687500
85518002.9875323325 1006668.9238281250
86886111.4012567401 1041573.5712890625
82337672.0490400195 725765.6235351562
83811086.7381528020 929191.9804687500
82600310.8394947350 799935.4736328125
87524844.3236834109 1051340.2958984375
87496193.9085500836 1051130.5058593750
87332850.8136998713 1049147.7207031250
87542034.3401995301 1052157.2167968750
82682671.0081140846 819653.2807617188
87234639.6576233804 1046823.3007812500
82672436.9579101503 815424.5854492188
82386625.8996862471 746722.2651367188
82737877.5459288806 828695.6464843750
82196268.6621509939 664943.2612304688
87208043.7049006522 1046159.4257812500
83168294.9333356023 879415.9394531250
82808775.3043417931 839747.3447265625
87676963.9930136353 1054162.5458984375
86978948.5678786784 1042496.4453125000
86074275.8681963682 1023293.4677734375
87893431.6340127140 1057880.9423828125
86002207.3164538145 1021978.0068359375
84251241.6310328692 954692.8300781250
82570368.6220078170 794852.2988281250
88542121.9480404407 1063949.9843750000
84536824.5280720443 968653.4121093750
83192152.3897357285 881180.8847656250
85384063.8456070125 1002400.1748046875
85340288.3699454218 1001040.4492187500
85138792.4633072466 994275.9179687500
87468631.3078754246 1050900.2548828125
82506186.2055624723 779244.6972656250
82517457.1220825315 780475.7353515625
83405693.1925641298 899407.2460937500
83408626.7029096782 900552.9521484375
83435247.0794511139 901802.8447265625
88277045.3756564856 1062447.9589843750
86301219.8193530887 1029262.3085937500
84748466.8093906343 979190.3427734375
84123930.2446344942 947730.6054687500
88473433.6481976658 1063808.3056640625
85174657.3511723280 995092.3750000000
84649616.6631559581 974393.1347656250
87705078.1794058681 1054201.3476562500
87655787.1968125403 1053783.0585937500
82345088.8807105422 731780.2778320312
87565543.8170819283 1052284.9570312500
83089465.5964489579 870137.1142578125
83231964.8734347969 884679.1894531250
83296218.7830440998 890442.5712890625
87070210.4659843296 1044741.6523437500
82479028.4058417380 774246.5971679688
82846430.7445615530 842472.3037109375
84973823.2661948651 987369.1132812500
86147942.6713267416 1024296.1591796875
82965580.8962427676 856139.6787109375
84123989.7593298107 948668.3105468750
82840883.9512635469 841027.0859375000
82219494.7661379874 676695.2346191406
85550600.2712773234 1007320.9648437500
86111858.2411570251 1024249.3681640625
84356705.6007749289 961498.7705078125
86485899.3061521053 1033433.2011718750
87006893.2927380353 1043328.9550781250
87277584.3930861205 1047724.3876953125
88564096.3991527706 1064053.7294921875
82401636.2910497636 746810.8642578125
85376636.0962457359 1001645.3183593750
85480953.4778684825 1006143.2646484375
88814357.3480423391 1064659.9052734375
85317449.9614147842 1000367.1640625000
83919595.9842982888 935590.4550781250
87749787.2166382372 1055362.0800781250
85028160.3186239302 990748.5712890625
87816011.3317880780 1056225.1220703125
84218477.2047296762 952700.9033203125
83155841.1715364456 878171.1826171875
85727285.2597153485 1014030.7314453125
88309824.3925312907 1062677.9482421875
82261444.1333519667 700869.2189941406
85067378.3845261037 991508.1201171875
84916738.8950380087 985904.4287109375
84812673.3535487503 981548.7900390625
84776314.1831284910 980004.7382812500
84113312.6692392528 947144.8701171875
84090492.3765959591 945559.0761718750
83650219.3539531678 918611.0546875000
83798827.2641406208 928162.0244140625
84249803.2190172374 954671.8417968750
88099363.9267911315 1060262.2636718750
88775176.3495601565 1064658.9521484375
82226398.7975973040 679713.6877441406
83633777.6677522510 918023.4355468750
86372569.4326072484 1031427.6503906250
84532934.5578947365 967408.3818359375
84608992.8620316535 971264.7060546875
88036033.8983572274 1059742.5009765625
82624032.2189271301 807109.0229492188
83082702.3942423910 869211.0615234375
82871223.1060937047 844540.4892578125
85819447.8414994478 1016422.2675781250
82754035.6576050967 829784.6240234375
83667256.4032065272 920117.6777343750
83661661.4103360921 919656.1845703125
87586465.8137981892 1052586.8369140625
82947542.1394114643 853006.0898437500
88146606.1491642445 1061825.6201171875
88233178.3754976541 1062362.3623046875
84020294.2078837901 942794.2802734375
86938950.7894244641 1042163.0361328125
85738230.1647708416 1014790.9746093750
88014534.3133936971 1059201.6767578125
82278248.0884068012 709633.9660644531
82858684.9068235904 843855.6416015625
82774364.6485609859 831732.6123046875
85916587.9729189575 1018708.9501953125
83749397.5046701580 925164.8125000000
87039314.8615246862 1044259.3281250000
83157574.3101490736 878357.5156250000
86425522.3306748271 1031997.4082031250
86471273.1647466868 1032531.3652343750
82335192.9002375603 724491.1967773438
85276626.5025563240 997829.2324218750
85666211.3364846557 1011052.9160156250
83965643.3559771478 940019.8046875000
82341341.6547586173 726117.8095703125
84415106.4548548311 963594.1093750000
82323408.9552686512 722503.3686523438
84599558.2062946409 971028.8183593750
83609917.6280109286 916894.3671875000
85959596.2009544075 1019818.0390625000
83936643.0494650602 935783.3779296875
84152343.4435599595 950174.0117187500
85806662.2501458824 1015847.5146484375
83651481.0815662593 918776.2890625000
82668932.0256819427 812256.4711914062
85537355.4140161723 1006978.2949218750
84237436.6541946381 953932.5869140625
88729484.1760699302 1064396.0195312500
86694529.0844253600 1037909.5703125000
87455133.9033592939 1050206.0937500000
87148511.9181923270 1046080.6083984375
87122257.2549094856 1045540.8183593750
83546075.4998917282 910562.7919921875
82313874.0870798230 720435.3232421875
83387934.4975058883 897052.2119140625
84407855.2996757627 962827.7373046875
86233815.8926034272 1027293.7714843750
86264446.6272570789 1027717.7294921875
86236355.5082706958 1027453.6699218750
83939208.1596254259 936309.2695312500
85945594.8341841698 1019243.2861328125
86021935.1206413507 1022992.0556640625
83863029.6113652140 932717.9277343750
83895260.8114914447 934277.0449218750
83713541.5784765631 922832.9345703125
84206703.8185640424 952107.5810546875
83725669.3562926650 923250.0107421875
