127179947.0776563287 16573.3162998706
127076306.7780472040 15515.4997576475
127051672.7614108771 15405.4723370075
127051168.6101162434 15373.5795000792
129230096.4656873047 27686.6585100815
127014216.7902423739 14422.6057707667
127537648.7397195846 20915.3260528892
127054363.4687478691 15408.0696270466
126985150.5651315898 12739.4989169287
127062810.7676411718 15410.7693431079
126982934.2748792320 12703.7885058569
128677978.2036756873 26522.1993673816
130092766.9798582047 32241.0882521532
127590838.1368564218 21463.4096546359
126995109.0076313764 13537.6165531278
127033964.7773825675 14555.7157332897
127442254.5479908884 19898.6367898621
127833827.4111599773 22881.4906708470
127008897.4547556639 14413.8357074857
128309762.8433181643 25603.1895468682
128134244.4414314777 24691.2599814385
127390063.5071647912 19205.3250621110
127725274.7668748051 22522.0558853878
127049044.1332611591 15373.2357714176
127751642.5109710544 22535.0904785553
129802460.9453946054 30698.6751137413
128115111.9492714107 24688.5282532424
127074094.2507344633 15480.2256720662
127145346.7064372152 16355.8072802939
127175497.5147608072 16562.5286476531
127225024.0798974484 17380.9165601730
128495199.0090710223 25843.6759606544
127020045.5527450591 14446.4239127822
137335127.0458869934 42903.6454866379
127044170.1423654258 15271.3287108541
127081626.1135339141 15550.3336132765
149262569.6190021336 60236.9391784668
127089576.2776885927 15650.5978497267
137651547.8575730920 43375.1675192863
127127166.5427386612 16320.3429211378
127037760.6501678675 15244.5772664547
144366925.7723869085 52877.1475844048
128002816.6701602489 23878.4006403163
128329362.5402883291 25642.2207422704
127610670.7155812532 21591.5733120628
142311767.8054618537 50976.1873009764
127594183.1524318308 21494.1767889448
128806556.5678525418 27051.0935669690
130011147.3075343072 31617.3849197291
149549170.4036257565 60624.7230224609
131043330.7400653809 32451.7946205772
128903060.3994723111 27081.6476881057
128165886.6815809757 24820.7158644088
128039350.8355477005 24347.2813246138
147776580.6284446418 56777.9658470154
148079944.8535583317 57531.7342796326
149280424.8652999699 60487.0440673828
127277273.9102342129 18146.7158114351
127418314.0469647199 19755.9441289445
128436361.9877738059 25781.0384795256
143963289.4850607812 52505.5997938775
127143804.9703159183 16322.6989085376
127213700.4905599356 17263.0408574343
137230860.6037242413 42801.1801230460
128312949.9466535449 25611.5940391868
127724400.1679742187 22405.7626257129
128103143.8310631663 24599.6840725633
127222813.8141793609 17350.5696581602
127774903.7224726081 22775.7205874790
148773574.7756832540 60156.4454040527
128263188.5008226782 25403.3737921211
128084011.3389030844 24596.9523443672
128030965.5291622430 23883.6331462795
127360810.7869803905 18987.2597832717
129970135.5451176167 31610.6046791710
127138589.3462921828 16320.3441536345
127225601.2150706798 17385.4035137892
127434099.6470527351 19880.7658651620
127643618.6717740893 21827.7108123787
131081149.1561054140 32706.4669028558
127274512.3575931489 18059.1870107092
128080488.8078522384 24595.9212232716
127188693.0466020703 17143.2190197706
127679966.4343154877 21951.7303171316
127554902.6028015167 20919.0965124555
128263650.3080663383 25600.1140900105
128659088.1530586779 26461.2711661712
127035598.5388882905 14562.0464030206
127363596.3032191247 19093.4792324938
127392595.4417601526 19211.0207937509
127148418.6506559253 16390.5989067554
128918793.6134512573 27103.7388993055
127488559.7431076020 20676.9120184369
145915798.1330787838 55509.3344306946
127379468.6696681827 19104.2681172080
127447055.5378150195 20007.1669470258
128677519.6076272130 26463.2945285961
127326688.1347505152 18851.2947384752
127020753.7863978446 14494.2169052772
127041591.9302488714 15262.5586475730
128828015.9537951052 27066.8477376848
127353975.9866530597 18979.0974214114
145058024.0933571756 54201.3256158829
145539993.2766532898 54692.0807733536
127299515.8905982077 18182.9512681365
128052541.9754389375 24440.6610486694
139494226.4225380421 48786.9924924038
127242483.5908520371 17474.4569805861
128174666.2250463963 24843.2034828188
128048080.9849715680 24359.7734754272
128571259.3483426720 25959.9518608958
127031789.9028129876 14500.9776752591
127411727.9339202791 19213.7525219470
127351695.5787083805 18971.1165761389
127298578.8729836047 18182.4891589321
127249504.9136352837 17939.3651730455
127486965.0040481538 20162.3176118881
127625482.2731418759 21591.9170407243
127207090.8872240335 17232.2724865675
127306350.6909255385 18191.1136299968
127842463.3980333805 22955.9231838705
127315895.2499939054 18334.6085570604
127201771.5517373383 17197.4386309385
127071949.3446084708 15478.6693413258
127282593.2457209229 18181.5496670641
127148041.0979918092 16373.7690221071
142625253.6158048213 51570.7940287255
127821990.3432695270 22874.2077735774
127721605.9132829159 22046.5930149108
127638783.8497106582 21707.5228430761
129179026.4365455061 27626.1716834026
127162995.9981944561 16562.5274151564
130015053.9447597563 31633.0818867646
127483146.1350779831 20119.1798996143
127802649.4496404529 22863.3161538998
127081079.4744946957 15527.8914647102
126992892.7173789442 13501.9061420560
127004527.2580268681 13655.1957538724
127345820.6269105971 18854.0264666714
127765738.7714591771 22614.3325265804
128801834.1978507489 26915.0112759422
128802695.9289641976 26927.9719525730
127857496.8491951227 22955.9244163672
128607990.4523880780 26073.1255041286
127861595.8901934475 22958.6549120666
127694999.8854772300 21951.7315496283
145042990.2513991892 53578.5660572909
142295543.9251651466 50672.2222436033
127507692.2352676839 20679.6437466331
127412505.8776053190 19246.1943938285
127341721.5859122574 18851.2959709719
127097658.9226926565 15677.0272448063
128712734.1209207922 26806.7842861961
127807568.0440780967 22866.3916107574
129594306.3167862296 29642.7237975397
127556030.8166254461 20953.3690579124
127048582.6616657823 15342.5961167030
127462088.9889767617 20007.1681795225
127503593.1942693442 20676.9132509336
127039467.4533937722 15262.2149189115
127206367.2747961134 17231.9287579060
127297775.8084155172 18182.3054247499
131881328.3365417272 34229.6697405018
127267277.1321444660 18055.1485852003
127065635.7952217311 15416.2303639352
127840036.4624662995 22884.2223990432
127961055.1874422729 23870.5844774963
138283595.8263448179 46665.9946040325
137856863.2982536554 46015.1932608522
129617103.1689772457 30246.6202737093
127301725.7378810048 18184.2813952602
127466188.0299751014 20009.8986752219
129128285.0674356818 27278.3714865912
127414972.9375668317 19550.7880097665
127699098.9264755696 21954.4620453278
127584816.6297041029 21042.4001481719
127411748.4563313872 19242.4239342622
128730307.5412008762 26859.8475687373
127889433.7649383992 23767.7792115398
139008867.9430419207 47729.9146603607
127384371.6226042658 19122.8367987733
127676023.3393835127 21923.9686575122
127569911.4316672832 21039.3246913143
127795841.3278001100 22775.9442056576
127307620.7423236519 18297.3330792189
138889525.5349235237 47320.1856373809
138828125.0558602512 47311.6472767852
127608018.6216270030 21588.8415838666
135293841.8159104288 41722.4890950359
128203203.0571399480 25363.6051928534
134294325.3664968610 39255.4982678331
127241391.5494885892 17439.2793962955
129305459.7883918881 28536.5148435272
129641966.1333441585 30503.6716207284
128728190.8067582697 26824.5179099310
128543494.0258556008 25882.8432555385
129559003.4280222207 29579.5850574076
135742569.8771481514 42399.0335744061
129378619.5524368137 29504.1105101854
127423684.7042434067 19773.6694599576
129822051.0372430831 30702.9004469775
128075704.6296946555 24460.1166545032
133222318.5347056240 35988.1123349108
129290904.8134266138 28533.4393866695
129699830.9966019839 30550.5870836414
129714736.1946388483 30553.6625404991
127150584.5910890251 16467.5884716511
129841517.5038220882 31465.5921059288
127161903.9568309933 16527.3498308659
127125003.2962306887 16220.0610548109
127216991.7269009352 17267.0392411351
127476756.6428671479 20072.0260506310
129825227.0541879684 31162.6792022623
127221723.6574684978 17270.6779740453
129695419.5554626137 30529.9508084431
148587666.9524657130 58266.0991821289
127264303.0816574842 17940.4230454564
148307829.6754340827 57988.5005187988
127305356.1744893491 18185.2281532884
127188188.4101577550 17139.2365581989
127313287.7437898517 18298.7474996597
127350060.0185148567 18964.8538381606
127213195.8541156352 17259.0583958626
127187601.0052386373 17108.0414354801
127241053.7671531588 17412.9963792562
148683282.7833356857 58461.9085388184
127313875.1487089843 18330.6260954887
127155330.0756752640 16473.1302196980
127112176.9235166907 16190.5701220036
127126453.9681624472 16225.4039776325
127468967.2155472338 20042.3405471034
127120257.8116444647 16214.5193067640
127120271.3656631112 16216.4223219007
127222311.0623876452 17275.2016029954
127178892.1129581034 16568.9762737751
127216978.1728822738 17265.1362259984
127188174.8561390936 17137.3335430622
127307564.5555548370 18286.9606488943
127182869.0746710598 17104.4027025700
127026071.2372319549 14497.3728259616
127150598.1451076865 16469.4914867878
134591892.9348338842 39462.6630043425
134759220.6928784549 40439.3041312136
127313861.5946903080 18328.7230803519
132808826.3546657860 34600.3904702105
127267085.3136234432 18044.7761548758
127222297.5083689839 17273.2985878587
127178739.2418622226 16563.0574570298
127350046.4644961804 18962.9508230239
133916225.9637756348 37885.7188488878
127241040.2131344974 17411.0933641195
127240955.3910567611 17390.3069217950
127182855.5206523985 17102.4996874332
127224505.8894344717 17375.0310834646
132723659.0530596823 34381.2079556622
127105277.5763510019 16083.2987812161
127099872.6742978245 16081.4522846341
133421456.0601789057 36347.5303655043
128610917.8296965361 26266.6975820221
