123738465.4939297289 1950571.5273437500
123859049.1549607962 1953622.9833984375
124291823.7937984467 1965510.4921875000
124077280.1379471868 1960081.7851562500
123924257.7611364573 1953847.1816406250
117074057.8566640764 1629737.2180175781
121998547.4725397974 1902742.5107421875
121321228.6113370210 1877223.5844726562
121959452.9360907227 1901867.1416015625
121653854.3170973212 1890469.3896484375
121955927.1413525939 1901284.4667968750
127423445.0602927357 2034361.4892578125
127380302.1043705791 2033156.2333984375
128755689.3699390441 2054268.5322265625
129123539.4538960904 2058035.9990234375
120669329.9430679679 1847566.3549804688
116934080.3715503514 1605793.5100097656
116962720.5612907857 1618676.3425292969
116952164.8038027138 1616302.0568847656
118544907.9222261757 1736586.7226562500
118569533.2111033350 1738912.6298828125
121610353.6870687157 1889982.1264648438
121466877.7369358987 1886333.9550781250
122066771.1261600852 1903729.5244140625
122061812.4100527018 1903182.3632812500
121836453.4759838730 1897839.2617187500
121808064.1476197392 1895674.0351562500
120630884.5875571817 1845950.3564453125
119740126.5228752345 1807514.3100585938
126627808.3529320508 2022637.4941406250
127120896.7973868251 2028586.6679687500
122817777.2412131131 1924042.5537109375
123046836.2249761224 1930260.6865234375
123062047.3427211493 1932081.7421875000
118564729.2817180753 1737831.7875976562
117422582.0623321831 1657741.1289062500
122415437.9674292654 1911169.0585937500
122603941.6457263380 1918886.3662109375
122884907.0301452130 1927369.3349609375
122543453.5757662505 1916847.6210937500
123004272.4750640839 1927755.5859375000
123005772.9857947677 1929732.9560546875
130981936.7924311012 2080436.0771484375
131037804.6338066310 2080995.6132812500
119608872.4628661424 1800745.7802734375
119200579.0755412728 1780503.6235351562
119580827.3398482651 1799995.6577148438
117165500.9732614458 1638766.4445800781
119235451.1735280752 1780780.5195312500
119175097.3031061739 1775051.7998046875
120707496.7133947760 1850396.4907226562
117328888.8980550766 1650562.8735351562
122315434.4564685374 1911007.1669921875
122143617.6348413080 1907457.3623046875
122247694.2979245633 1909320.9980468750
123143352.4802188426 1936452.5498046875
123799619.1738595515 1950907.2988281250
119330443.8659230769 1782783.0429687500
123326775.6221873611 1939276.5908203125
117276310.8181935847 1639296.3139648438
123533276.0350003093 1946270.6347656250
121706541.4753640145 1894955.1533203125
126458364.3598895669 2015584.6298828125
126353343.4657071978 2013609.2119140625
126209929.5483109504 2010685.7109375000
129162100.2699664086 2058538.3310546875
117938324.1164184660 1698824.8808593750
131252572.0053415447 2083705.8652343750
131443225.5549207777 2086144.5800781250
118089059.6794995815 1705461.1826171875
117522984.8606323600 1664714.9355468750
117295067.9222015142 1640268.2963867188
117357432.1009433866 1655338.1962890625
120495836.5170282423 1843010.7739257812
120417096.7358763814 1838495.3676757812
120392280.3579828441 1837691.4545898438
117613910.9004788399 1670113.1953125000
117543633.7118816376 1665911.5483398438
117481985.8328232467 1662167.5322265625
118498433.9115835279 1731401.5146484375
119984654.8379267901 1816204.1064453125
117746890.6487554163 1679177.2958984375
117478313.4787135720 1658051.9121093750
117653821.6988345385 1676346.2548828125
119269776.4257608056 1780918.3940429688
117878304.9797434062 1690254.8579101562
117776213.4320795089 1681996.7680664062
128486035.0114814937 2049868.3984375000
122865435.1741212010 1925089.7919921875
118754544.5140276551 1748341.2065429688
118625765.5883678794 1741589.7163085938
125192932.1431548595 1988099.7734375000
128002975.9879881442 2044167.1982421875
128166886.8770821989 2045621.5185546875
132537690.4812417626 2094101.2089843750
117556016.7065462768 1668822.8613281250
117798036.9156399220 1684902.4497070312
117728747.1758122295 1678690.2153320312
118171209.3676197678 1708182.2451171875
118029970.0149857849 1701876.9633789062
122108735.7699129134 1904385.3427734375
122695303.1617907435 1922036.0556640625
118125900.7559050620 1707725.6894531250
118124076.1656332910 1707590.9423828125
118178209.1088873595 1708307.6318359375
130735968.7205464691 2078353.4335937500
125501985.7468269765 1995395.3857421875
120162754.5268325657 1826445.4604492188
118364986.6200551540 1729387.8139648438
123936414.3608530313 1955530.2402343750
124261107.0979010016 1964452.5322265625
124363558.8792486042 1969144.4326171875
131696401.7392502576 2088418.9414062500
119142497.7257253975 1773851.8242187500
118934628.2985827476 1764106.7094726562
119317044.2004925460 1781504.4707031250
131604745.1752004474 2086692.3222656250
120222497.3093566746 1830212.7612304688
120357390.6701947749 1836097.0766601562
120310038.2902748436 1834086.8623046875
118830980.4496309608 1756562.1445312500
122529346.8817172050 1916691.8164062500
127507530.7140864134 2035936.1806640625
127599786.2932544500 2037079.1621093750
121200074.1440057307 1870428.1821289062
126432544.6976756155 2015152.8583984375
126381627.9728738368 2013775.4423828125
126389191.4742660075 2013872.1289062500
120104210.0330194384 1824657.6186523438
127068399.3866226524 2028313.8144531250
127264821.7783493549 2032765.1552734375
123393973.5561501235 1942903.2539062500
123561984.5053952187 1947233.8583984375
123442471.4733841568 1943561.8251953125
124113141.9945799857 1963874.4990234375
123806944.9714855999 1953155.3183593750
120595105.9715540409 1844942.4604492188
121049583.7044743598 1864571.4492187500
130008747.2852430344 2069927.7285156250
122778558.2856980115 1922420.9033203125
121397170.4758716375 1880466.3203125000
131870482.5929449946 2089614.8701171875
117757238.9294806570 1681088.1860351562
120700063.1049927920 1849518.1826171875
125396434.9498067796 1993460.7021484375
119907016.9481617212 1814629.6933593750
134106826.8740879297 2103953.4003906250
131523213.5069386214 2086322.9394531250
126585149.1988469064 2019983.6181640625
127285843.9323071688 2032796.1162109375
126949583.1484487057 2026777.3789062500
127063764.1582532674 2027626.1464843750
127121077.4249338806 2030546.6738281250
126486262.1346023977 2015943.3896484375
117851956.9425209016 1690041.9804687500
120960495.4228950888 1859327.9990234375
121103931.7480649799 1866479.0478515625
121018294.3104826957 1864308.3476562500
121161433.3826679140 1870191.3955078125
120919084.8043317646 1858610.9135742188
124887281.3952981383 1979352.9082031250
120034249.4467667341 1820976.9897460938
119828111.6276813745 1811419.7397460938
121286387.0143644065 1876232.1098632812
124348006.7836891115 1967808.1186523438
133548067.4002059847 2102096.6777343750
133384290.1086604148 2101131.7636718750
134113682.6831618100 2104203.1601562500
128963625.4495750815 2056019.8847656250
118314449.0866740197 1723505.1118164062
118250451.1973259598 1718937.1274414062
118183676.3636211753 1712701.3916015625
121157722.4804289788 1869744.9555664062
133187920.1753737926 2099738.0332031250
133587573.3014889956 2102320.3515625000
128389647.8489589989 2048979.0117187500
128990679.2154085338 2057059.6552734375
128750583.1872837394 2053924.6113281250
119333227.7803147882 1789995.8535156250
119462214.1877244413 1794127.8115234375
119497493.1042582840 1795282.7841796875
121554386.7534184009 1886994.3500976562
119512735.9912406206 1796046.4970703125
126038511.4467510581 2008611.4531250000
126000369.2500252277 2008291.4003906250
119922516.8057561666 1814637.2954101562
131061855.2489727587 2081946.0556640625
130590229.7245359421 2076799.2070312500
132068161.6607723385 2090795.9628906250
120481375.0980945379 1840309.9877929688
122425516.0219227225 1914077.7421875000
119744349.1607001275 1807597.8037109375
119791760.7601370662 1809586.6713867188
119984964.5693483502 1820245.3183593750
131873257.4653269202 2089630.6816406250
132157888.0190463811 2091211.0390625000
132175187.5604999512 2091235.1191406250
122483499.9675016701 1914440.2607421875
133199559.9215998203 2099894.9492187500
119544709.3276832402 1796509.3920898438
119545373.1846930236 1797046.0546875000
119637465.1851335019 1804825.4824218750
119668863.1496219337 1806177.0546875000
120753037.1921071857 1852031.2294921875
122821560.3683365583 1924100.7187500000
119090009.5152302384 1771526.1362304688
133786317.8805001080 2102807.4589843750
133415069.0687795430 2101160.2089843750
133994201.6603889912 2102914.3808593750
122600618.6624459177 1917261.8193359375
132744065.7360600680 2096656.8789062500
128541488.3244747221 2051206.0878906250
119037947.4548383057 1769583.8032226562
118264479.9144861549 1722568.8828125000
131708447.6067237109 2089607.7089843750
128158078.5449764132 2044791.8476562500
128100053.1094976366 2044323.7919921875
127708988.6180862486 2040280.8789062500
128286319.8998677284 2047659.5087890625
129381148.9156695902 2061205.2148437500
118879225.8030675799 1756924.0615234375
121424158.4939384907 1882421.0781250000
129194487.6270208061 2059013.0458984375
120204612.7886593491 1828630.5756835938
126829115.6415227354 2026014.6113281250
125844774.6093994081 2002402.1982421875
118511426.6487613320 1736007.5180664062
118479800.6976568550 1730820.4990234375
118726370.8096101284 1747692.4501953125
118589614.7027527392 1739561.4765625000
118749804.0009859800 1747940.7729492188
125536878.9193974435 1995417.3935546875
131994310.4129482657 2089920.3212890625
123603670.4807039052 1949680.9326171875
129703722.9072666466 2065860.3457031250
130258474.8666170537 2072935.0253906250
130507230.4986643195 2076509.0312500000
119035536.1962240934 1766882.3388671875
128338359.5981713831 2047750.7958984375
127798688.4404495656 2041917.4316406250
132060757.3923732638 2090365.8925781250
129267736.6788059920 2059319.7695312500
128699503.6473249942 2052370.1318359375
118898778.8950199485 1757280.2885742188
128452981.7319625020 2049315.2363281250
121262221.1548961252 1871575.5126953125
125593309.1149339974 1997822.0888671875
125614997.3852131516 1999544.7246093750
126820959.5433860123 2023053.6992187500
127676784.7583482116 2038017.7480468750
129333355.6007697731 2059592.3251953125
124095102.6110914201 1960965.6425781250
125858840.8813831359 2002785.9335937500
125255210.9089880884 1991558.3115234375
131377949.0915862918 2085150.5253906250
132930133.2158782035 2097420.7656250000
118715210.4352512360 1747338.8007812500
121222963.0709157586 1871321.8730468750
123774204.9888170362 1950691.5341796875
131266425.5015164912 2083789.2695312500
131352362.7502303869 2084537.3925781250
126742277.9891975969 2022851.4765625000
129766643.8200185150 2066737.5976562500
132569551.2392654121 2094734.5546875000
133014441.1583632827 2099340.1250000000
132943136.8186601102 2099220.9707031250
125052446.8036361188 1985142.8447265625
124968895.0518202037 1984376.0107421875
132604125.0873097330 2095062.2636718750
132289851.0050464123 2092296.7460937500
132307337.2638845891 2093711.5361328125
130654029.9032478929 2077277.4013671875
129433746.2174892873 2062015.4736328125
129526106.5796657056 2063806.8320312500
129858657.8261356354 2067172.4736328125
133776607.3006039709 2102774.1250000000
124776349.3481830508 1979325.5820312500
124717397.0681519955 1977439.0927734375
124722865.5627752542 1978247.1044921875
130193221.6584218442 2071753.3515625000
130432033.5296942145 2075067.8544921875
124765575.0823000073 1978623.6308593750
124536749.9053581953 1974538.6210937500
124678831.3636761606 1976515.0976562500
130218013.8385871053 2072266.8085937500
127452598.0214699805 2034699.0224609375
129698103.3544574529 2064331.7343750000
129642476.3100213408 2064008.6074218750
123630658.4987707585 1949911.0468750000
129943442.6085428298 2067920.6582031250
124279816.7273130566 1965164.5908203125
124484560.5352978706 1972053.2900390625
130212930.0495994091 2072000.3027343750
130492245.6852724254 2075877.9736328125
130333696.8272946179 2074712.6816406250
124094089.7781966329 1960779.1113281250
133255427.2258513719 2100791.8847656250
130878572.1096049398 2080071.8701171875
123987672.6174951196 1959202.6953125000
130636397.3151519746 2077233.7519531250
