42782622.8362365216 260537.9753527641
42670419.6859782413 258166.2646789551
42244341.9809360653 238599.1760520935
42251350.9391689897 238627.9234530926
41881953.7955553830 206702.2704775333
42216769.8182587847 236040.3869173527
42184684.1006302685 234928.8549349308
42254487.9256079793 238679.9925243855
43038568.7915556803 270983.5805873871
41914115.2919165269 214308.5529749393
42031640.5614841133 224710.4509582520
44129724.6843299344 302838.2106437683
42303692.8382866234 241263.3685159683
42077660.4873075709 226705.1335754395
43167168.7399457470 275011.2626800537
42259034.2597945631 239938.4277200699
41998307.0321438983 223332.9637269676
43996218.1943890154 300544.6127095222
42650547.9281973839 257248.1382141113
42196385.2740335763 235515.9841384888
43523004.0732273832 286423.0379880928
43302777.9653939977 279902.6113600731
42125617.5597646460 232426.9770045280
43191126.7745413855 276002.7558803558
41912415.5252278000 214009.6298561096
42975162.3169953674 268727.9166107178
42252049.2965506911 238648.1974179745
42602999.7791947797 254474.5546648502
42840036.6358700767 263792.1906356812
42694870.8155655935 258891.4764709473
42913092.4784742892 267253.7118988037
42906978.7356228083 266633.8730316162
42535357.4811771363 251950.9930725098
42790509.4204766825 260629.2929800749
41876460.1137457788 206282.7198071480
41889358.8446552530 207286.5652257204
42584416.0797363147 252798.6966831684
41851112.9195592627 199182.6193577051
42685189.7190155387 258552.4881896973
42159425.7912438884 234147.8840491772
42620103.5037413314 255410.9717102051
42885457.1114018932 266314.9946136475
42791745.7890656516 262229.8052062988
42817071.1555691212 263168.5224914551
42176338.9799992144 234737.3134925365
43091068.9285252690 272605.5279197693
42402991.4457176775 246425.1804935932
42710515.0855189934 259491.2054748535
44588593.9272837192 315070.6256713867
44692164.7254762575 316659.6281738281
42851420.7950582802 265011.7949461937
43243544.1072083637 278479.4735116959
42317694.5441987365 241592.8664357662
43254862.7331967726 279711.0254149437
42633766.8863582984 256283.8804168701
43562250.4675129205 287564.5035341829
42761769.1259357408 259910.9649901390
47975983.2376287878 334212.3796386719
43014675.9872209430 269994.4650378227
42840732.9997100681 264985.0981750488
43976587.9682048857 298566.3214052767
42090483.1868239641 227501.8652503490
42314535.8525232822 241546.4045104980
42596107.1088303775 254472.2544250488
41851783.5531997383 199337.3400363922
42476873.3490449637 250408.7138977051
41917746.8545041010 214616.6980059147
41830156.2981963605 191566.8739794586
42644454.6817065179 256301.2675991058
42201597.2893855944 235518.2843782902
43884313.4816334695 296210.2340029329
44080775.4776261598 302812.8256998062
42427087.4583937675 247403.7549440861
41977025.2147613317 217576.8216180801
43447790.2017542645 284291.3089523315
41932971.8520341888 215657.0302009583
43992519.3952766880 298731.6592959017
41954039.5073259696 216955.2004168034
43018016.9490678608 270399.8650651947
42020798.4353010133 223725.1440315247
41827436.2075204998 185688.8792154882
41939726.0256729722 215967.5932502747
42868462.6985025331 265013.4756170511
44742494.4192174226 316991.3007202148
41976554.3692335859 217574.5213782787
42609089.4562862515 255109.1636199951
42014044.2616622373 223414.5809822083
42155537.4707721025 233505.8177347183
43473120.6824448109 286132.5816955566
43486976.5781145617 286287.1535034180
43001411.8791138157 269489.4929948822
42272294.0694563463 239998.1851563454
43628045.7394193485 288622.7646425813
43775730.7318984270 293641.1280459017
41894661.6762278825 213317.9291038513
42118863.3861258477 232180.8769388199
41839471.9103146717 198402.5167633295
42143896.4615275115 233089.6229407787
42969014.7608932927 267972.3969203010
42645094.3194747791 257227.5473937988
46689747.2997362539 328749.6009521484
41836751.8196388185 192502.7654669378
42875351.7511648461 265950.5122313499
41839509.9837873429 198426.1602016687
42300781.3554434255 241003.4369924068
42571234.8099680096 252780.4245715141
41836789.8931114748 192526.4089052770
42300427.6301114783 240587.2421984673
43524142.6152454168 287152.7308291048
42391930.7294467688 245961.5910754204
42595165.7660745829 253719.1418566704
42468662.7185097784 249734.8147430420
43782534.5351899490 295055.3746279329
42413470.1582519636 247279.7837073803
42300133.2191865370 240405.0542728901
41993440.5652299374 221265.8619336706
43165683.7108083740 274523.3598842621
42321383.6188291013 242684.1054763794
44473660.0086747333 311616.9518432617
41966087.8444981053 217037.6214847676
43428558.4085539952 284226.8226242065
42318345.9001691639 241904.7960423231
44390813.2334536687 309260.4553833008
42353469.3364575952 243795.6374588013
43210839.7225007191 276395.4006720781
41866273.6663790047 205987.7963236570
42760381.7694770321 259813.4808602333
43372893.9245763794 282607.9526430145
43672501.0863075480 291039.5018157959
42047160.2541261613 224795.1722660176
43106759.9987173527 274127.5018621683
44546472.7533288151 311853.5497436523
42213298.4627888948 236038.0866775513
43731736.9705350623 293323.8347606659
42595342.4872892946 253939.6870043278
42107222.3768812567 231764.6821448803
41890425.7160831615 213050.5148582458
43709005.2109467462 291958.2694015503
43414511.2867639735 284200.7186203003
42084857.2819812894 226979.7627112865
41857754.0715496019 205280.0644168854
43206197.9058085456 276136.6896205917
48609133.6576159745 336758.6584472656
43315919.4005396217 280293.8369383812
43177052.1174843311 275646.8501186371
43239765.2409505621 277741.4031906128
41902222.2109299824 213507.6723556519
41932433.2047679126 215410.1455802917
41911771.9181106836 213907.1603924036
42373376.5600224957 243976.1039123535
41944540.2359028608 216565.3137631416
42336556.1477022842 243273.5349197388
42193889.9737709835 235213.2657227516
41858868.6172791421 205403.5015754700
42920010.3296568915 267275.4530272484
43264389.5532274470 279712.7060858011
42630653.4149893671 255413.2719500065
42217886.8298066258 236251.4954910278
42904693.1146970093 266479.6494350433
43047635.5587709025 271250.4028167725
41947285.3336871862 216647.0165801048
42719808.4704703167 259517.9022459984
43222591.9676478952 277337.7302619219
43236666.6247049347 277693.6360236406
44270681.1408028826 304008.5934600830
42114627.4259811267 232159.8179028034
42232638.5677358583 236478.4490823746
43031511.9622190222 270644.5923061371
41989833.9040407240 218639.3989574909
42374852.1183256581 244009.0462722778
41844076.2375851050 198564.0282917023
43249431.2876767516 278758.0488491058
42104171.1072673500 230841.6252708435
42023905.5292005017 224007.1313636303
42234800.0185619444 236840.9249343872
42168809.6232640073 234173.2507567406
42068161.2158844471 226315.2469217777
42059286.2202350348 225645.5051004887
42017905.3299162909 223519.7798156738
47304922.6385257468 329869.6035156250
41991381.7472500205 220957.0781059265
43227709.8852466568 277676.7185431719
42896079.3735503182 266336.7357420921
42513547.4336912036 251733.6546936035
44026809.6460809037 301450.7607584000
42564808.5280461237 252055.9300789833
43069145.7908153906 272536.2861571312
43074109.4318947792 272537.9668279886
41987713.0820300803 218277.8409729004
42901043.0146297067 266338.4164129496
42736293.3996697813 259518.5001440048
42966798.4426286370 267563.8065792322
42925410.4983717203 267277.1336981058
42122334.7415957525 232183.1771786213
44361459.9108170792 306933.2592773438
42272651.5599363595 240303.2038118839
43560784.2269066945 287511.6332337819
42988621.3436298370 269451.3518816009
42181212.7451603860 234926.5546951294
42502220.0005747378 250789.9877166748
42937361.3542170599 267376.7301551104
42171066.8004884794 234564.0788431168
43652136.1123124510 290366.0089117065
42480344.7045148537 250411.0141375065
43367006.7051008642 280466.2383050919
43942230.5967268571 296973.0657463074
42506903.0908809602 251038.5613542572
42531127.8994038254 251760.3514647484
42453133.3887934014 248676.5536346436
41834417.2654495463 192301.1203882787
43066775.0971572027 271600.2270717621
43047525.5310139656 271000.4980678558
43057818.3576989099 271583.3095912933
42070906.3136687800 226396.9497387409
42431571.6688616350 247985.4035418034
48360453.5905034840 335004.0700683594
44413932.6156673655 309584.9158325195
42398939.6876796931 246015.6036918163
41870509.6265237257 206252.0790748596
42058097.6243893951 225334.3723993301
42075142.2738134935 226418.0087747574
41888920.1980271339 207201.1607109308
43008432.7833271921 269583.9939714447
44768672.9189594984 317704.0573730469
42807480.5668293238 262642.3142839447
42419930.6596170440 247353.9130785465
41851582.2728055194 199328.0983218048
42187979.9892437980 235153.5082864761
48244396.1948047504 334476.8508300781
44242299.2623670697 303107.3649902344
42054626.2689194828 225332.0721595287
42588846.2608637661 252864.5386428833
42143767.9701802880 232545.6530306339
42427940.1062740386 247475.0165331364
44459612.8868846893 310558.6907348633
42066267.2781640664 225748.2669534683
41850281.7622145042 198604.4040454626
42774853.7550101876 259927.0030477047
41929688.1069835797 215328.7367134094
44635522.1247633547 316423.8356323242
42024886.3878453374 224402.2671215534
42406623.0083052740 246444.6924552917
42631602.3213602826 255685.0743103027
42462124.6010339782 249465.0469207764
42442998.5031150356 248068.2302464023
42594685.0193921030 253354.1986999512
41878070.1612258404 206441.8223266602
42806403.5936038196 262269.1004167572
41980488.0628635436 217969.6571362019
41926056.5443959907 215212.0056263208
41855717.2468296960 199412.6057910919
42061560.4724915922 225727.2079174519
42833786.9623092264 263581.0315691009
44357715.3847106472 304912.4990844727
41973507.0049344972 217087.1698303223
42028357.7433152422 224404.5673613548
44226110.6077554822 302916.7056884766
44202990.0502328277 302847.1138916016
44452531.7443148717 309800.7410278320
42780999.2196629047 260015.4302444458
41929378.4581535682 215252.7364116907
41974749.9649829492 217223.5259399414
41977742.9650792256 217887.9543192387
45269359.3698279038 322699.3738403320
45158388.7364215404 319343.2190551758
42311807.7826933637 241422.9226810932
41936832.9202882424 215762.2290344238
41925990.7941051424 214718.0623121262
47544413.1772922426 332891.0827636719
42431314.5087000653 247573.8437194824
48502751.5437560603 335032.1208496094
