64039291.7148855105 405259.3319230080
64435653.6866226643 435544.2741652617
64011532.7356242687 397639.2287888527
64641697.9312269762 451095.3176207291
64465599.2212918177 441946.5068326826
74682807.6717880517 536142.8911132812
64454710.0624209121 441051.2595524536
64170607.9424814880 413547.7258518824
64722682.6382830217 455762.2168073654
65018844.6411430538 468477.4463476883
64016316.7988301292 404213.9774994850
64093003.2285781130 411288.9220108986
64720133.0903662816 455539.2135596275
64708632.7035248727 455295.1122984635
75237752.0160377026 539268.4775390625
63891784.0603659377 375846.3693424910
64121784.4859562665 411616.8022305965
64985935.7839150950 465117.3819280501
63868993.2328161374 368957.3636149000
64542234.9491080642 444238.9934049483
63936267.5516356602 382764.3917133063
64125983.0037208125 412223.1719193459
64088931.8550189659 405705.5826725960
64597187.5893200338 449049.9685535431
64576562.5902521312 449046.9323096275
65112638.6707492471 473505.2641988631
67948211.6808828115 517827.3844604492
64653198.3180683851 451339.4188818932
66729942.3449225351 510212.7463989258
63941047.0375178158 382822.9278573543
63907875.6587436795 375955.7327737361
64300774.1267210171 427817.6942690500
64441593.6305754185 440779.7678867216
64558621.9761001691 447781.6627783775
64379379.9555165768 435176.5907626982
65978094.6574517190 498902.4681310654
64288752.0340946913 427144.9543703684
64869389.6321330369 459617.3511690842
64628581.4993814826 450823.8259549971
68570922.5928231776 525624.9127197266
64210692.4864858314 413888.5119576454
64909622.0109553784 461216.9074407454
64771059.0262806043 458825.4779944420
65510609.8795664310 488943.9212393509
64695516.2716793716 455023.6206327315
64784175.4581260979 459094.0266218185
63965903.6077062488 396289.1046176851
65297214.7356564999 481992.9879232283
66554729.6348110735 508018.3605651855
66478558.3645212576 505389.5551910400
64614349.6417468265 449053.6771283150
65471027.2543274239 484883.9246001244
64220967.8284934238 418572.7909469604
65556981.2081233636 489953.5829992294
64008766.0194068849 396793.3973580301
63996019.7701783404 396510.1886658669
64154210.6082737371 412535.9129407406
66622132.9797898307 509424.2262573242
66114553.0996179804 504269.1800932884
64072240.4739034399 405554.4574353695
65091207.4137922823 472384.5479407059
64163868.8203659132 412771.6688342094
64268671.0797767788 421136.2179545054
64206682.1995586976 413882.3619494438
64919381.6590241417 461615.8862920637
64528780.2871944383 442625.2260166045
65028225.7474031970 468702.5358901024
64682321.7251637578 452283.3154769774
65052099.5378544852 469218.5594801903
66850841.3585179225 516619.9102172852
65497493.4477209449 488672.4295736189
64260953.2868160307 421130.2386692652
64730582.0950869992 456288.8901639815
64213881.3172804266 414625.8349827417
64327448.3330233395 428180.2196355696
64272975.3794423640 421802.9785679468
64934238.8296422660 461732.5003676414
64878104.6865106896 460439.8460710283
64851915.2157314941 459172.8891695376
64966527.2237410024 465061.7225982547
65334659.9721499979 483256.6644988060
65630771.6958568394 491779.8567290306
64339470.4256496727 428852.9595342512
64516758.1945681050 441952.4861179228
65636079.2360208854 494022.5909061432
65940260.6851478443 497850.4972953796
65484692.9230043739 485919.9535002708
64763844.8671399876 456510.3708167076
65188581.1992975324 477121.4334654808
63965800.2134511918 389708.5864754617
64678647.4994427636 452134.3120160103
64203046.6997439265 413797.8411860466
65054477.9031990394 469907.8915114403
65258346.1991902664 479032.0386443138
64174775.4441212639 413737.2636364588
65278701.8570575789 480754.5955739851
64335166.1259840876 428186.1989208098
64536169.9725436345 444132.6599765654
64658242.6100714579 452089.0954862471
64347188.2186104208 428858.9388194914
64682859.4287583604 452604.6884131432
63957449.1119191870 388804.7711189985
64009130.0620108843 397337.9272904396
63956446.3468159959 383040.9993945658
64280693.1724031121 421808.9578531870
64951605.7383293733 462395.9691549178
65030345.0279844627 468721.5476088524
64535289.6782578230 443105.0448270674
65163964.3806106299 476605.8405385847
64222267.3330302313 420730.8487223276
74921599.5647395849 538102.5786132812
65005728.2092975602 468205.9546819563
63997924.9357513189 396565.7901494801
66342911.6598209813 505283.6456832886
64417278.9282948971 435210.0751694330
65931399.5968092009 497468.1188139915
64945905.6534085870 462042.1059584618
64355247.0803020000 434194.9353366728
65310527.0969354212 482070.3205962181
65606638.8206422627 490593.5128264427
66060685.0412353873 499047.4269194603
65843083.7831458896 496994.2135405540
65582022.0019553602 490077.9198995467
66299454.8124472797 505007.0862212181
65437931.3282177523 484319.1490560408
65790068.0967438966 496359.7930545807
64895656.0734820068 460982.4743828773
66085346.1116631478 503033.5023589134
75055811.8957192898 538288.4453125000
64952920.1384694874 463583.8831741214
65285910.2782485187 481554.7276693220
66351259.9725895301 505374.5829253197
65972369.2275720686 498573.5216460228
65791467.3393115103 496821.1466460228
65270951.1416641474 479313.1569096446
63931524.4109713957 382028.2839875221
64433456.2061359063 435253.7980924483
65187841.9954187647 476833.0899434920
64220439.8230227157 414666.2553794384
65495355.6156046689 488297.9544157982
65274200.3950039521 480585.0119414330
65004256.6165537685 466423.7405266762
68546636.1953567713 517868.9915771484
70041741.2010430694 527378.3592529297
64966258.9233878925 463853.7252986665
70523419.8424743563 528959.9040222168
74579495.7763934731 535130.7084960938
71393792.1436217725 532356.7962646484
74441312.2079231143 534134.7138671875
