92652820.3296853751 63005.1497650146
92162180.2005694509 62117.8038444519
92603917.5541702807 62796.1038665771
92309301.5406257808 62720.1013641357
92306875.2393787205 62647.6215057373
92191649.1602818966 62347.3934478760
91696231.8806031793 61656.0338439941
91871904.4710256457 61956.2619018555
91590530.9204677343 61200.9205322266
91612716.3281500936 61262.7607727051
91412643.2824009806 61192.1791305542
92256620.8680758923 62380.8638763428
91893424.3122889698 62012.9743652344
91370728.5483517647 60077.0780467987
92580745.4096995294 62751.0226287842
91242782.9037587494 59855.8086972237
89619637.9085551053 52299.7959512994
89844407.1441524178 53217.5191138838
89858289.7941489220 54007.7257723138
89649457.1859489530 52348.0522063826
89798906.1335692257 53179.1646751021
89548486.3821329474 52204.0295752808
89521184.2871772349 52121.8154715821
89823880.9656418264 53181.3581812009
89410378.0145987868 51219.5397600457
89922415.0546715558 54116.7005569562
89858134.8566640615 53255.9618191347
89729567.1251443326 53135.2940200423
89706638.0156994611 52446.6107561216
89923824.0004557371 54164.7907974347
89893310.9871788025 54065.7309496030
89935890.5307627767 54171.3089296445
91313316.1960974485 59866.8832073212
91354340.4960583150 60011.4894738197
91170136.8664537966 59806.7492465973
91385488.6200444847 60599.3014492989
89962888.6994167119 54182.8218347654
90263342.2809674293 55865.6264264211
91097062.3538471907 59710.6736779213
89664578.1097466052 52397.3702616021
91338361.9590667635 59899.3246045113
90919679.7804338634 58944.1454644203
90351703.2984574586 56074.4935283661
90001575.0639509708 55073.7662202939
90097246.8775474280 55192.7459413633
90357848.0146307200 56717.3285944089
90370830.0258583426 56735.0933339223
90897110.3456019461 58598.6739258766
90539203.7969312221 57711.7256960571
90132511.9911882579 55826.1422426328
90224054.9344252795 55859.0472752675
90293128.2261215001 55927.7462112904
90385771.8911470026 56836.6973025799
90296445.5737473220 55960.6512439251
90591565.6318463981 57753.7131602764
89724335.7648878396 52990.1647281647
91014726.6209049970 59366.1203179359
90672717.3098478764 58038.1161601543
90865986.0037875175 58558.0552372932
90426106.3554026634 56922.0106265545
90338647.1715029925 55971.4099533558
89715341.7030217350 52878.6394290552
90725581.0662007779 58551.2433879375
90457992.0417084992 57681.7764804363
89511389.1205988526 52099.5887422189
89377836.0363505930 51190.6376509294
89470246.4551504999 51798.4632539377
89673719.3430598378 52446.5723721609
89183520.2313465476 49597.5694815516
89147217.2119548023 49555.1068236232
89192766.5810940415 50467.0363890529
89186907.6382868588 49934.6747942567
89255543.1195099205 50482.0700079799
89047596.3305818886 47903.2228656113
89437406.8650051653 51302.0585145578
88919710.9131845981 47427.7996592820
88991509.6180445701 47803.2258067429
88980030.1954813451 47616.5547709763
88845547.7112955749 46991.2933001816
88802040.9394755512 46891.2962413132
89286736.9424660951 50499.8529631495
89328236.9681070149 50552.1793014407
89081276.0333482623 48549.6585504413
89169705.8207845837 49575.8191916347
89054518.0535956770 48528.0533797145
89111466.2776625752 49299.8965641856
89133236.5581693798 49363.3482734561
88642925.0518182367 44985.6556821167
88712125.8994347751 46082.7536317408
89041952.6094623655 47831.2215878069
88992091.1028853953 47829.8783589154
88984977.6328898370 47695.4358331263
88704193.5322169363 45896.0825959742
88760512.8278459907 46808.0121614039
88986156.4098998457 47719.9417268336
88820829.5923598707 46919.2920223773
89098380.1236046553 49284.8382155299
88616612.2412473112 42570.1220648773
88568864.1347810328 41679.7442505844
88555930.9506957382 41219.5122952946
88547775.1960697174 40456.6547167785
88615598.7676374614 41682.9345019348
