123545379.0234755129 8.6677979010
123234663.8623756915 8.5802261473
124676395.8269999325 9.0079240326
124438052.3447352797 8.9015169330
124355645.7916250378 8.8977684921
124314275.4588233978 8.8962005174
124794700.6170610785 9.0231264040
124674620.5994239599 9.0020643987
123600097.6905811727 8.6807816650
123148865.8360714763 8.5611704518
123786889.0773167759 8.7366167291
123651867.4388407469 8.7001704073
123668059.2854943722 8.7015637367
123687817.2277324796 8.7017919032
123709133.0430482328 8.7022316738
122969315.8787370473 8.4790367594
122986153.3482050747 8.4818711334
123048408.0138235092 8.5024763232
122714535.5360527784 8.3298132091
123075173.2077741772 8.5071984322
124536370.9280525744 8.9389149254
124821456.6467415988 9.0468716819
124623925.4967339188 8.9910817028
124147459.5800609142 8.8667778748
124215077.7637694031 8.8866817208
124072765.0778630227 8.8318310755
123869367.7049277574 8.8197158019
123844386.9028232098 8.8009617722
124125196.4155510217 8.8458655330
123352679.9438726753 8.5919981056
123577436.5465216190 8.6753850052
123817335.7594536394 8.7481670363
123445879.3451455235 8.6456176455
123365032.9594996870 8.5929946804
123785292.3599186391 8.7160575374
123500514.7010721266 8.6592247992
123504482.8471908420 8.6652673429
123143096.4692817330 8.5290300542
130455939.1992413700 10.1777571123
130882919.1870534718 10.1910152268
130624604.6277041435 10.1850270014
126868147.1941716224 9.6911440091
126840042.3924985677 9.6904765805
126432335.3001869321 9.5746999034
127832610.4631627947 9.9509760421
122610393.3184609711 8.3114899073
122551163.3193009943 8.2814059027
119231131.8044075668 6.4611888135
119569968.4681413174 6.7997635201
129375177.4307106435 10.1182155889
126701021.6354923546 9.6346649146
127368655.1079991609 9.8363179816
127133528.9681651741 9.7861044230
127331834.7800329626 9.8337630173
127104272.9454763234 9.7840020126
127249752.0406695604 9.8008968616
127018469.2852731347 9.7432092642
120408791.4715086520 7.3219125132
120415522.5387258232 7.3301921031
121164997.8019770831 7.7178543220
120456916.1033638269 7.3818359422
120089061.9130111188 7.1419059209
121277934.5856870115 7.7530651380
120723041.5685297996 7.5415132819
121426496.4286520630 7.8081522763
121113946.6118512303 7.6982560797
121101289.3246200085 7.6975841119
121065108.6292610765 7.6552872238
120983135.0463470966 7.6492073132
120737127.6286959946 7.5463813684
120933524.9017391205 7.6227383638
120787528.6993791908 7.5589053004
120704783.3092698306 7.5173876608
120680747.5158626288 7.4473672758
118789581.9818225056 6.1213778438
118562230.8505096138 5.9941338778
120566687.6208494753 7.4449913117
120807450.9596346766 7.5877213913
128491481.7820820212 10.0357687175
128758423.3930707425 10.0565830078
128200776.0600471795 10.0053739641
118450922.3462201357 5.6107795464
118498028.1235202253 5.7600947364
121575798.7590315491 7.9077679909
118059649.3809531480 4.8585791186
120314138.5930203348 7.3108984040
119949645.4521634132 7.0666621992
120143100.2618313879 7.2020877501
120961353.2161657214 7.6459492928
121472340.5025301278 7.8260420215
122897667.9635944366 8.4270807153
122660691.0935662538 8.3198216179
120665671.2773263603 7.4453976848
118935373.9256096631 6.2252559417
119087836.4967009723 6.3634873794
118910092.3428651541 6.2186378358
119886940.6261068434 7.0374386810
124497283.8183773011 8.9317339878
121284450.9332397431 7.7632539076
118567680.2291445136 5.9968910546
118560572.4938380271 5.9377794096
121647480.1166304499 7.9268266929
121823586.5300423354 8.0107163421
118482085.1609886140 5.7206120106
118320175.1000295430 5.5372603821
118628914.9496025592 6.0440888212
118539256.6785222590 5.9376472940
118456685.3034486771 5.7015595414
118684891.7281071842 6.0497808449
126340801.3399125785 9.5066321159
119726666.9640884548 6.9408630286
125830998.3339578211 9.3265240993
125861783.7479590774 9.3402255896
124622241.5813405812 8.9420033251
124812849.1362555623 9.0265174708
124989770.3144291639 9.0750148715
125111466.9376433790 9.1226133928
124916805.5070477575 9.0530699780
123607399.3770400435 8.6821660433
129358841.9753462970 10.1169301644
121948544.3854687214 8.0686300609
122149503.7731741816 8.1718091655
122235382.7755646110 8.1991401099
122299570.2182171792 8.2273418147
119143076.3154102266 6.4491165089
125085636.4444843531 9.0962332863
124791537.4315802008 9.0206407786
126962119.8811062276 9.7222888013
128713983.5747368783 10.0493180528
128466811.8016108274 10.0348825902
130141729.1551668197 10.1764243823
128351735.9111347347 10.0296020024
127994682.7203288227 9.9797074404
118359568.2685856372 5.5876832935
118281388.9500970393 5.4245330143
118293289.2306063026 5.4979212261
118213185.3033529520 5.4022605442
120686634.9543047547 7.4773892360
126876201.7223277092 9.7068508370
121473561.2076013982 7.8500809760
126797001.8693298548 9.6779171079
126744917.9766404927 9.6501837140
128894919.8915097117 10.0663421396
128989382.7690802217 10.0919783656
119004614.4290439487 6.2989937042
119050515.6583044976 6.3290731485
118824332.2645080388 6.1667086537
118708842.6309792697 6.0736103467
126224849.8383598477 9.4872461623
125930118.9626536071 9.3577418597
126313406.4654485583 9.4979157397
126176319.8021612167 9.4611048168
126417254.5286698639 9.5248838132
126075077.8752884865 9.4576268876
126370296.3380678147 9.5141232060
118186368.3859749734 4.9320070936
129018951.8060013652 10.0930985529
119190061.9787239283 6.4506454401
122293222.5905214399 8.2217772063
130582760.5858788937 10.1833896805
129945379.1426877081 10.1619253680
121391084.6913993210 7.8014204899
127475937.8708967268 9.8642915450
120091157.5986978859 7.1735822106
127519917.5167437196 9.8762569875
122792379.5977456272 8.3557910662
122870324.4780677408 8.4205127418
119261854.3167032748 6.4748857501
130105158.3820929080 10.1627057195
126028159.3856045455 9.3905507630
126510142.8882046044 9.5923577351
122399409.4031888396 8.2351425626
118505259.0589917898 5.8307423766
118538559.9351447672 5.9270220243
125673046.7512092590 9.2895259615
125795497.7609135509 9.3149434794
120000125.9478013217 7.0669029450
119990326.9606345147 7.0668253663
119829296.2356740385 6.9474008026
126003611.8702296913 9.3825947238
119520915.0433771014 6.7339730643
124455652.8489523977 8.9257206383
128221315.7583319396 10.0272566453
127904160.3869830966 9.9785488266
125636904.7866550386 9.2645782530
119789694.5200553536 6.9424606635
119113145.2814754397 6.3711679003
129211072.4594678432 10.1114244685
120505258.9068276137 7.4102575925
125009669.1323512793 9.0781730447
131006082.3155940026 10.1934542712
121989059.8438222408 8.1025447147
118938380.6591210067 6.2715963167
122428328.4960011542 8.2371886719
128927094.9753600955 10.0697320811
129376350.1537226140 10.1203853860
129639606.0091833472 10.1435734686
122055886.5663978606 8.1149644775
119657773.3824189156 6.8520553204
121543199.0521173179 7.8919469596
125351004.3467328399 9.2103533987
125634894.9665974081 9.2623704560
125597170.2263973951 9.2373539414
128636212.9743842781 10.0375076570
118875761.7219123542 6.2068528698
125280973.0418073088 9.1660475597
130404848.4252555817 10.1770791579
130626788.7402705103 10.1896544620
130490861.0804057568 10.1813874543
118961731.8407480419 6.2738862787
127742538.5521373451 9.9371583592
121717983.1124804020 7.9268961130
126715233.5792300552 9.6367412405
127791173.9881796241 9.9372758362
127661851.7592675984 9.9153020810
126418270.5741465092 9.5687974216
126599779.7086196244 9.6308080563
126568752.4785697013 9.5977204004
127073496.5237948447 9.7501980467
127003375.9895292521 9.7322794562
126934253.2702562660 9.7209636429
127710869.2211758047 9.9287240263
127684674.9214820862 9.9205065873
127725225.2417091280 9.9312479347
119379545.3092689216 6.6259548430
122954201.0252066255 8.4538156990
122829602.0568098724 8.3979060642
122860018.4143336564 8.4040290911
120307799.8085727692 7.2612326403
119393536.9310589135 6.6259549417
122732851.5452735871 8.3462102689
122589277.8837403208 8.2928142027
122558152.6827842146 8.2907252666
122472400.5680982023 8.2761678696
122444217.0639986694 8.2459801641
122449583.4582472742 8.2498609555
124516479.3782843649 8.9344694805
125048401.8690696657 9.0940419935
125232236.6078081280 9.1474399134
125219883.5921811163 9.1464288250
119456917.9303931445 6.6895665914
119352760.3648096472 6.5660600111
119353334.5946529061 6.5662969992
119433610.0655926168 6.6764200095
121274243.1352997124 7.7357147875
119493803.1533295065 6.6956221503
119609695.6012823284 6.8518053222
118708430.6522850543 6.0656885287
118796545.0932732373 6.1542507475
129388785.7239380479 10.1284179632
128975301.3426511139 10.0716246665
128975443.1975842565 10.0719876047
128216533.5240860432 10.0182807744
127904042.7362537533 9.9513097238
118831171.3350401372 6.1690407788
128196143.8601606190 9.9979618806
127565255.4056309760 9.8886513930
128105110.2415120900 9.9843708277
119521444.1296352297 6.7366933817
121455342.4356642067 7.8220711452
121748343.9736177325 7.9905668086
119241705.0424202383 6.4690792537
125514066.0786497295 9.2222864917
118537793.1285678148 5.8719949484
121255129.1047586054 7.7340276637
129781486.5310126245 10.1534237526
119679530.6539192051 6.8715986358
119542530.5461819321 6.7427943254
119418541.2554212660 6.6402033770
120083612.5343762189 7.1394353754
120298702.3611909747 7.2590955901
121359626.9478105456 7.7990486221
119941819.0777708590 7.0585384270
129166908.9669290185 10.1067209467
120174696.0074138939 7.2319057206
129456224.9540141821 10.1434351504
129681810.3902833909 10.1526868511
121727140.2214622796 7.9624670144
121341284.8859757185 7.7783980198
119565628.8312797695 6.7939676859
119712326.2708204389 6.8798960055
119789060.6296455264 6.9416028800
128842200.0639935434 10.0662866998
125723663.0663094819 9.2932990454
129336408.0956374556 10.1126819495
121725478.5815942585 7.9275833299
121918812.2515889704 8.0367583133
121482640.7210019231 7.8508930594
119336347.2174946368 6.5514578524
119276747.6115172952 6.5511011360
125730244.6238727123 9.3140046448
125999013.4166409075 9.3765388969
120041185.0187710077 7.0798704228
121085660.5746130496 7.6671190845
121493326.5997567326 7.8913099723
119856497.3921023011 6.9888529288
120271937.1672403067 7.2564676064
120050311.3274287879 7.1271322010
119829310.5836959779 6.9784922673
119872602.8254845440 7.0290557726
