90421755.1927576065 99293.9517296590
96488123.9326513708 131616.8394775391
89979017.7284755558 94313.7668363787
94384532.5281597078 126247.5057067871
94677729.8225982487 127808.1676635742
92077202.0973284692 113845.7475052476
90089463.3003206104 95688.8688566424
92675564.4439230114 117260.0085067749
89109603.6888697147 85406.0136011895
90222171.9299893230 96932.5977031626
94675770.0751453340 127743.5740356445
100646686.2252695709 135354.0676269531
100352747.9510695338 134952.2517089844
89370081.3835079819 87711.8462538756
91392336.2950021178 108729.9422693849
91468529.7267286181 109110.5284805894
95424782.1666038632 129998.4470214844
92325821.7060484886 115414.4358520508
101426905.0254747421 135735.3725585938
89146051.0494491905 85693.6085418612
90163289.4906646609 96648.8957709111
94753539.3944220990 128223.4168090820
100060825.6923293918 134945.6358642578
90695316.1568574011 102129.7155187577
92290523.6575774699 115156.1358109117
94321214.0760486871 126077.9542236328
95753257.5365535319 130717.5234375000
97753640.8968406469 133203.1038818359
90947397.9927938879 104207.5922290534
90537047.2924110889 100509.7357262410
90035479.5497813076 95233.7532215156
96682524.7308402061 132044.1601562500
92364005.5136234909 116120.0168685913
90025652.5362189412 94904.3525257148
92129577.8957966268 114104.0475463867
89988111.6516182274 94615.2875843085
91538937.1930331290 109507.3829584718
91243528.1261019856 106979.6308527589
94949953.2493218184 128494.1935424805
91323379.5508593917 107343.9018670768
92349111.8241521269 115852.0866088867
89240239.8681274951 85695.0580253974
91317867.2598631531 107310.5044184327
90136741.0310382098 96449.5372180976
95229815.9580551982 129596.6584472656
93186224.4298818409 120049.1375443935
88878633.2185074687 82126.5448036566
94827911.4593165070 128326.4989624023
90018579.2342782617 94621.6835503615
88940005.7833352387 83661.9161796942
91096027.3722138405 106033.5135614127
97050134.8818827569 132336.4926757812
91354152.4874270409 108105.2421198487
94533531.1266164333 127245.5898437500
89323675.0246178061 87456.7023944892
92167761.7033716589 114809.6285629272
101787052.5468027741 136066.5068359375
94101703.1728720516 125348.2576217651
91243706.9155820459 107033.9748468995
96624700.3427764028 131898.4973144531
92066500.2221147418 113316.7045669556
95882705.3771634400 130959.4624023438
103503747.1705328226 136625.0147705078
95828938.5647886693 130748.1680908203
96839838.1016500443 132083.7874755859
88621125.1392934024 71784.8045922890
91127476.2121071219 106049.0115404725
88765480.9580528736 76360.9600804597
91007766.7610944211 105046.1776544303
94012423.7663005739 124548.7725219727
92166438.4749552906 114468.6706467271
100381623.0993517935 135217.1529541016
89743124.5184015632 91498.6351493634
96091184.6999975294 131146.3685302734
92062209.0339933336 113151.7930617332
91053407.7196987718 105444.6560602784
91527065.3068044782 109273.4383277893
90675058.5319032520 101843.0165207982
91988023.9555579275 113130.6258544922
94534535.6362977028 127438.9165039062
93813793.9119777083 124007.8094406128
88830413.5288315117 79834.8421759648
88798520.7059906721 77123.9527992029
95198824.9940429032 129511.5980224609
95513269.7455960810 130230.6744384766
92709225.6629603207 117321.7540512085
99206025.6976187974 134152.1542968750
92890783.8412923217 118530.2244491577
91621958.6123303622 110842.3217278123
91832080.5623986423 111835.1876717210
88723015.7500153184 75415.6587777646
102351913.6140727997 136296.0307617188
91473329.2329103351 109128.4996872544
90910159.0834698230 104039.8950608373
94208675.6366425008 125795.1002502441
91813547.6945712715 111503.2114562988
90386240.5719354451 98941.2769796103
88759559.6396849006 75872.4444646835
93524210.1898357123 122547.4403305054
94116120.4644673467 125440.7987365723
102781105.8414175808 136475.5166015625
97264328.9763456732 132392.5080566406
98097435.3673572987 133342.3800048828
89567940.7657381594 90071.4387253560
96999265.8504278064 132255.5933837891
101024208.0465671569 135443.4622802734
90778458.9986177683 103013.1297715306
91477101.4200170636 109165.3666315079
96183905.3952269703 131250.6051025391
89350974.9620406032 87708.8961838521
93574362.7406256050 122564.0600509644
89619412.7933738083 90524.2403610982
101291246.0158396214 135733.7290039062
101183653.5170941651 135693.4613037109
100708032.9698369354 135360.7420654297
100741995.6512261480 135402.9567871094
94317658.0276343524 126043.2696533203
90299466.2067899108 97564.9267083853
104178299.7732049376 137040.8474121094
99880270.4402669966 134684.5012207031
90253336.4397507757 97115.3556472510
100700662.5355384946 135360.6834716797
91921692.9084620476 112888.7040024400
88649648.4478661269 72822.3640968098
88703161.1051768512 74164.1810611157
97273749.2853674293 132534.7561035156
89107914.3218495399 84171.4689995293
103584607.5879521519 136705.8043212891
89379017.8518840373 87821.4527912177
103611030.0346053988 136841.9552001953
91583593.8314048648 109658.5526543260
89631018.4394201189 90524.7067019977
89433862.9350519776 88020.3450031318
89336361.0110993087 87695.4982013740
102824897.7126360387 136510.1624755859
94487119.4509127885 127083.4251708984
99692063.3746159226 134524.5087890625
89669202.2469950616 91287.2227219380
91540936.9906201810 109630.4436455369
91459275.9308131933 108890.8709498048
102777885.4576278031 136396.6494140625
91247176.0859089941 107140.6234827638
90307852.6408340186 97667.8231097907
95603430.3147950321 130314.5450439453
90083738.5342163295 95363.0110149421
89951391.3804366589 94288.2173088826
96987660.9407624304 132139.9610595703
90818462.9903901219 103419.0614399612
102452048.2243577242 136322.8956298828
90608414.6731678694 101006.5711930394
89484990.3905193359 89529.7478351630
89565442.2225949317 89632.6931676902
89654588.2960537672 91273.8247394599
99517645.8220849484 134427.8781738281
90195337.4834702611 96738.6021595038
90898267.4505309016 103994.2243149877
90478487.6691059917 99900.8001130223
90394175.4516027272 99236.7536911219
98304469.5097222477 133512.0603027344
90471354.8076392412 99707.3767255992
90364935.3890047073 98482.6790638007
90337897.3768724054 97939.7492819875
89849186.0074464381 93126.2257737610
97512826.7258767337 132833.1129150391
89633164.0954822600 90709.8907707967
90609151.3930670917 101339.8483343720
90948342.8910448253 104664.5952103734
89781793.4749022126 92544.1404045857
90683482.8081499040 101983.6644814610
91885637.9046228826 112395.1883507371
93000687.3722487390 119376.3889083862
89594334.4179297388 90517.0837421454
88712012.7754000574 74294.1977564991
91233666.9293646067 106861.8977785707
90552068.7101904005 100979.9879258275
89397023.9608169198 87993.6302819289
93309400.9585048407 121050.1992340088
98095536.1403143704 133326.6761474609
90721666.6157249063 102724.0648301244
90644664.1012140065 101443.5121908784
92743075.8557753563 118055.2670059204
91032016.2958270609 105123.2352238297
91460057.2177919745 108895.0396242738
96372685.7741326094 131469.4465332031
95470009.3655832261 130081.1278076172
96471754.0647132993 131545.7734375000
88680343.8406720012 72837.9763482884
104137222.0940185934 136889.9920654297
99678204.0376632512 134441.7872314453
94985340.5427249819 128515.9146118164
92963963.8442482799 119051.2840652466
91798759.1027051061 111336.6070633531
94765696.1482446790 128224.9533081055
95333005.6537192911 129703.9067382812
94546692.3901202977 127440.4530029297
89321588.8941413760 87431.1185978595
98778744.1434903145 133990.2473144531
93214220.7522586435 120219.3897705078
91718394.8898189068 111310.5650711656
93006459.1774663776 119395.7843704224
89439750.6909013689 89258.9722655956
95068345.0986668169 129116.5205078125
103046168.9673353881 136612.4312744141
92297902.0897049904 115210.0885239244
91683479.7623303682 110893.0746637881
95055355.1106876731 128895.0294189453
93678079.4746723473 123262.7157592773
91370994.3676724434 108175.2841454148
88818045.6776130199 77377.4089529887
93911181.0646853596 124487.7012023926
90850901.9050545692 103456.0161982179
93023794.7040094286 119890.2308883667
92547508.0707906783 116637.3018493652
93704574.9359526485 123366.7882690430
93660073.2431704551 123060.6515502930
88824005.6208452731 77385.9395926371
94841825.4679343700 128330.6651000977
90967888.6058768779 104779.9405327439
95415328.2108100355 129997.6502685547
93013414.7304764837 119439.5633697510
91589260.2845670283 110188.1007828116
88643295.4119363427 72541.5672915844
91222672.4060067981 106764.1771021485
94937544.6532226056 128411.6207885742
95015726.0345235467 128865.9545288086
96619507.4175596088 131662.6928710938
92072691.3655076027 113372.6911911964
93474819.2757225931 121936.3269958496
97663396.7086100727 132964.6945800781
97479024.2341362983 132696.3946533203
101624021.5291720182 135778.2800292969
89078149.7895523757 84041.1429936811
88758612.8261008114 75687.3257465033
91147994.0055572987 106477.4546442628
88742540.7216376662 75669.1149315505
96330079.9598822147 131466.3901367188
99866240.8524387777 134603.6711425781
88812571.3623827398 77347.4254802006
92574979.0519874096 116906.5774841309
94385875.1239442080 126501.5739135742
95388776.3609821498 129834.1961669922
93729908.1054004282 123510.4822998047
94031820.8604266196 124967.6978149414
92883464.4302439243 118504.1597442627
93209126.0722114593 120188.1533126831
93256926.0526815951 120833.0591354370
92947943.9900155216 118588.7406845093
103582297.5329751819 136640.5648193359
97603231.7871207148 132912.7846679688
91217150.5960276574 106489.0335503221
94067555.4690346867 125125.7661743164
93084011.6832505018 120015.2394943237
93240173.7009503096 120274.1261520386
95014299.2534153014 128557.5888061523
102133066.1131199300 136077.3074951172
93314369.5787779093 121391.3362274170
93451426.4437351972 121712.3184051514
89241053.3068803847 85888.8887591362
91314626.3706654161 107258.9574366212
89250801.5889378041 86021.7160276324
93511797.2054114044 122071.4478149414
92836421.9767293632 118261.3439254761
92517621.5828452259 116377.7946600914
99760747.1845377684 134549.1456298828
89265858.8349980414 86039.5601458549
92520672.5208163559 116421.8959631920
94477808.3882944584 126632.9315795898
94013171.0284621567 124896.5474853516
99276394.3837013096 134205.3948974609
96618203.8924921602 131629.9136962891
89725803.4040284455 91303.5110834837
102310531.3564048558 136080.2686767578
89587628.5413678586 90107.1957805157
93643244.0546057075 122758.5230712891
89284543.6747574061 86367.3278388977
100013898.9223110974 134712.4274902344
95701060.5186030865 130492.7237548828
89929608.7801254839 93228.9689832181
93458319.1131733954 121868.5659027100
101758687.8700138777 135922.5764160156
95492915.6196170151 130167.1158447266
101111487.8916223943 135503.0566406250
92949809.5178820342 118767.6160888672
98726680.5644873679 133930.8837890625
98690361.3176018149 133925.5300292969
97921164.5108727366 133223.6593017578
98587814.2924771011 133770.1121826172
98728076.0646343082 133936.3714599609
98459856.2697866410 133709.7481689453
98996430.8005430847 134025.5797119141
98155103.4491615593 133439.4411621094
96044091.2353077233 131003.6383056641
98428616.5637275428 133652.7100830078
99077196.0997152776 134138.7989501953
96060221.1129702777 131088.8033447266
98280648.5788334757 133488.6510009766
99295281.2519140989 134354.5808105469
97200925.1521954089 132339.2608642578
