98852177.8787074685 181442.9765050411
131843972.3263040185 344391.5504150391
101084157.9070656002 222158.1096266508
100529053.8845258951 215276.2136305571
106769764.3655139655 259014.9838468861
104996015.8031971902 250130.9882083461
101777044.8300163895 227942.6788405180
100715698.6862659007 218544.1276930571
100698833.9954830408 218035.7985914946
104544946.2284766883 246120.9940520105
101993555.9903023392 230139.0520884991
102634886.0536423624 236492.9840926528
107102550.7115875632 260675.2196867298
135421855.4675864875 348520.8856201172
99991972.6997549832 207365.0212477446
134503248.7236208916 348347.4232177734
104511689.1979474425 246120.9781641662
106819413.7815562636 259110.6359464955
106836278.4723391235 259618.9650480580
107608205.1674867868 263984.5594821479
132263738.4990954697 346846.6046142578
107543328.1504853368 263741.2760832142
129800850.1913571656 340510.8331298828
104408480.1336669773 246017.2224559784
104624596.7717196345 246281.9789336128
134415383.1885392368 348041.0941162109
99672619.8845891804 201231.8908766508
99170941.8500241190 189528.1547464728
102154126.8684046865 232310.5955290901
98990115.6095090508 185436.9846742153
100058868.8739520013 207847.3532789946
99218434.6522585452 191034.1450288296
133011878.6810517609 347797.5711669922
98782265.1497785747 178292.6447219774
102427208.4031398296 233164.9925017464
107925908.8514137715 264808.2601222917
101649822.6743351370 226884.4018629789
134962537.2545801401 348469.9854736328
134379437.2525556684 348006.0279541016
134926591.3185966015 348434.9193115234
104584250.0948753655 246199.4847212136
103507833.8812123835 241144.1426835386
103790741.8886563480 241998.5396561948
98775661.2015835196 177583.7028848529
106644454.6993152201 257059.8370573353
108256111.3169668615 264813.4354232978
134925490.5758775473 348380.3204345703
130306747.9616099894 341050.9080810547
99698674.7846019119 201695.1811598539
99753428.0959416628 203490.1406325102
107627776.3844924569 264353.2847270574
107094199.3767178059 260175.9413664173
100388940.2956418842 212299.5518479347
127615185.8536642045 333648.3125610352
123309865.7054025233 312686.0114755630
101579280.1576815397 226814.9248121977
117335360.7275933325 299824.4196944237
117344810.2283757627 300427.5842671394
118828850.5796494484 305180.8633804321
100446754.0090510845 214753.8901442289
118455130.6137168258 303551.8337173462
107906312.0028799325 264797.5307218861
98781977.5035043508 177780.5906057358
103351559.9198287874 240085.2721903324
120891498.7304779291 310219.8967093229
125033224.3165852875 318464.1472711563
99237766.4455298036 192460.4162690639
129259910.2576686442 338174.8781738281
99101677.6323580593 188851.4508149624
99128557.5799057633 189431.7608125210
99033423.2358171046 186483.1587846279
104693196.4204994887 248113.3034005904
107010713.5778508186 259863.4811613392
125303000.1401889473 318771.8935251236
99204980.7749237418 190802.3192329407
120705099.1332546026 308162.2418725118
99353826.6072897166 193813.3766402006
99206465.3684060872 190902.7926111221
107753113.7618154734 264645.4465543162
98937587.5667692423 184729.1397798061
100568281.3276046664 216033.5417555571
99046883.6828210652 187178.7351770401
99054738.6850544214 188595.5834027529
99012104.7613813132 185812.5555512905
107753230.4197341204 264797.0873226356
115935157.3972973824 295475.9380582115
102384592.7592418343 232334.4540780783
99405494.4166026711 196774.9021681547
98775340.4547539800 176227.0469784662
104950543.2129318714 248750.9843020961
98927034.9278016984 184726.0277192593
101460177.6314445287 225837.4344753623
102040075.2166043669 231325.5977213606
98954995.1845059842 184747.8643357754
98795575.4720253646 178785.5911807939
99622088.7876420170 200722.0608595610
98801891.7739462107 178986.0150585100
98858494.1806283146 181643.4003827572
98908717.0094754994 182578.8814463541
98833859.9603812695 179295.8302321360
99370797.4029840380 194703.3310011625
119090895.3175133616 305962.6822729707
99418434.6500484049 196886.8820875883
99217921.0083694756 190914.2991523743
99573137.5045374036 199420.1366652250
99388810.4335236400 195920.5051954985
106635548.5870527029 256350.9430754017
98706763.0125394613 171893.2748135850
117098849.2264697850 299719.3604235500
107553256.7019001991 263781.0321867298
99258852.9644633830 193162.8246535063
98753948.0488902926 175671.9120154381
99401750.6669693738 196032.4851149321
115291392.7764992863 293138.2883198997
124291187.9348967820 317995.6734237671
100310460.7720376849 211911.2307204008
99662169.8894461840 201030.3470534086
112191394.9928702265 276266.0070291162
100834679.3726036698 219301.4558180571
98686967.7317505479 171372.9501026794
98688629.7009930909 171405.6743740365
98700911.0744034201 171818.6711521074
103152153.7614869475 238190.2158854231
101080046.7805015296 220602.6482584700
99582041.2583736330 200102.4890822172
98719058.7949014157 174926.3175606057
101029076.3865275234 220544.2146647200
98725375.0968222618 175123.2052814886
99770292.7867245227 203998.4697340727
99235181.1551751792 191293.3331155777
99859694.4808954895 204512.5108107328
113880979.5594909936 285244.5575820804
119765268.2011456192 308073.6388799548
99806616.0729458928 204097.1071852446
99483603.3686461449 197337.5357741117
99651984.3571060896 201026.2218092680
99269405.6034309268 193165.9367140532
99296285.5509786308 193746.2467116117
99763613.6282817721 203494.2658766508
99386162.6233314127 195348.6309279203
99632274.3199821115 200726.1861037016
99780478.3190646172 204002.5949782133
100177678.5909351408 210548.5046461821
101785810.4034901559 230082.8388746977
99598905.9491564929 200610.8181837797
101508104.4038545191 225960.5278395414
99450701.9500739872 197334.4093092680
100007898.4799779952 207788.9196852446
130727323.5415370911 342617.1550292969
127351358.9665030688 331691.5961303711
102946769.6598182768 236500.8180860281
100488782.7780018151 215179.4642594159
116668509.2786425352 297504.5057883998
123538795.7903395295 316237.5628280640
123874278.9344141185 317305.2843856812
128766197.9984587729 337398.4091186523
99883413.9562305659 204848.4971388578
132799022.1878646314 347368.2369384766
125468148.3280187100 323702.7541809082
104414365.3883737475 246115.2699684501
129556980.4434533268 339658.2619628906
101189003.2199376225 222762.0908278227
132050882.0059083402 346417.2703857422
99838629.1588460952 204294.1358717680
100968130.7112253457 220278.6872925758
100691502.5877015591 216421.8628830910
101702501.4177784175 227203.2459397316
128219189.8584644198 334223.9188995361
132782157.4970817864 347327.7244873047
101110193.6219870001 222703.6572340727
127665274.4747704417 334207.8080596924
101019101.1051993519 220337.1208863258
98879137.7639046162 182076.4782393612
130438860.9191339612 342094.1668701172
129587993.6981700361 340081.4989013672
98817552.6247642189 179038.3465324566
123823308.5404401124 316590.6651229858
101329352.0428777188 224376.1582932472
102024519.4731247276 230197.3760372698
98917422.2522604764 182586.7172907032
98823868.9266850650 179238.7704101726
98892409.6738584489 182321.3977466747
99915913.1044249833 205397.5366286039
101449342.4057977945 224800.6643967628
98790970.3925635517 178300.4805663265
98741035.9476402700 175179.0729122683
98810597.0167311877 178993.8509028591
132014811.6968677342 346365.3409423828
98747352.2495611012 175375.9606331512
121280932.7719577998 310854.0537834167
132762951.8788240552 347316.3074951172
120977307.6513079852 310570.7731437683
129149007.7628703415 337510.0120849609
128504913.1587333083 335671.1937866211
115561022.2437910438 294862.3867561817
103679632.5561622083 241188.4623758793
125007483.2878145725 318042.1278915405
112711965.4852884412 278984.8473421317
104266290.1689874232 245650.5341532230
126941859.1989739537 330119.1181335449
129527619.5211119354 339347.7921142578
114604904.8149296939 290887.5652238168
125942861.6174671799 325557.4149703979
100815763.5810713172 219011.1291579008
101093328.9312041402 222195.3281325102
111904911.1251077205 274073.4462381005
115510051.8498170376 294803.9531624317
112746367.4492930919 280256.0022177100
120745863.1874484718 309332.6680716276
103264524.8551895618 239118.3991383314
128273005.2584486902 334491.8571319580
99913426.2711336166 205361.0727614164
99746929.6452027261 202639.8689039946
108604832.3561998308 265077.0628842339
98697334.9437780678 171413.5102183856
101246625.7568520904 223946.3753342628
98742365.1672016084 175361.4928679802
102591037.4503519237 235444.4211685061
125391033.3234473318 322737.6970443726
100758027.5954560488 218581.3461989164
127405174.3664873391 331920.0319213867
99848814.6911861897 204298.2611159086
103708168.6239583343 241528.2231180668
102009349.9964711219 230152.3951687217
113356715.1915180683 281374.7288667560
99380865.8763820529 195171.6413124800
101239427.1282493323 223013.8200054169
98718858.4311621934 173089.4642937668
98734080.3396072388 175131.0411258377
99736744.1128626317 202635.7436598539
102376220.1444891989 232329.1885293722
100429889.3182682395 214245.5610426664
100926848.6242518127 219610.5901780128
100939056.7076708674 219614.9290452003
100761524.3845298439 218880.5400465727
100943713.3150346726 220118.9192795753
131745504.4880731702 344052.8948974609
116449849.4204220325 297381.3251619339
114148749.1652030796 287243.9000116587
118124997.3802594095 300541.2759323120
99048969.0380836129 187179.2727946043
98674870.7015077621 166846.8543996699
100955921.3984537274 220123.2581467628
121686625.4181201458 311873.7945893407
102495348.8517412096 234376.3215683699
113177173.7970586717 280693.5439022183
102585370.3876232803 235241.7619980574
98680915.4298752844 169531.4522961862
114410326.9199251831 287447.4608252784
123486137.6206333935 315175.1828546524
123474230.1845147759 312831.8068246841
113745279.2783454359 282515.2665450573
100080382.3683725446 208579.9724806547
100231154.4263005108 211113.2270582914
98713006.4930261523 173084.8197541125
98682577.3991178274 169564.1765675433
131961541.8374421895 345434.4210205078
121384947.7892993242 310859.6721248627
102473504.0059403479 233436.0658944845
100689970.2509765476 216057.3404221535
101742974.0892919898 227403.4787672758
103822700.9503336549 242138.0707743168
101598852.2803611308 226825.9682692289
104638672.4849154800 246511.8288067905
102409641.5609423816 232493.2238534689
131924930.6928596795 345378.0277099609
99956937.5884645283 207266.3837965727
101781793.6543216556 228048.2963972092
103838746.4222796261 243945.4046228528
109794526.9280273765 267184.7720265388
100754997.9057855755 218564.6946666241
99983123.8841143101 207284.9299391508
100458962.0924701542 214758.2290114164
100184406.2911464125 210976.7424391508
104164342.6632210314 245073.0236551762
100194543.2817180008 211056.8337477446
100412457.2252228111 213343.2326735258
100181736.4635176808 210883.3488844633
100436617.0184795111 214673.7988356352
100486474.9016658217 215058.0510939360
100241713.7128904313 211360.9946974516
105778885.7220377177 253372.8503497378
102570056.8418959677 235161.6706894636
102413321.3449496478 232750.2818979025
122961492.7159148902 312169.7440366745
106176940.2525761575 255424.7247192487
104133038.1792378873 244992.7877952158
103829987.9064666331 243864.8898167014
103482576.4795199037 240870.4767600596
107519647.7025590390 262625.8314874768
107411002.2068668306 262122.1361310370
103014087.4472746402 237337.3027118519
102976149.8254249394 237335.1628183126
107334360.2985134125 261827.3485333808
110931749.4756494761 273019.1629797444
116444442.8389285654 297016.1286106110
105757857.6953280568 251472.7288852484
105437131.6958660185 250795.1544833929
106527543.2750999928 255538.9372479804
106749638.5474061966 257459.6899335273
