51871734.9122012928 150360.6729736328
52064860.4807128534 159567.9952468872
61188107.3336602673 203719.9350585938
51051792.8615891784 82778.4402835872
51052751.8404306173 89254.0295343697
51029855.7640762180 76014.1604859140
51060591.5525499210 89626.1613281965
51104741.9790068790 90618.6621521711
51177941.1636307612 104350.6027089357
51318106.2078789920 114260.8630371094
52688757.4436901882 179468.9654235840
51106799.3211474568 96407.9320541229
52059089.0386719927 158185.0224863291
50996065.7781266421 69377.6377258711
52493852.4059159905 173523.3745117188
51776841.3946214318 145917.2677551508
51637154.8314330280 137328.8568236232
51675992.0452618152 137403.7193527222
51046929.2235570624 82695.4270752668
51477278.1303531677 127630.4475521147
51030680.3958170041 76335.7272734251
52219299.4007862881 167318.4162292480
52088354.1776061878 159837.5464416742
51088561.4094745368 90403.2581369281
51888704.3182147443 153400.5891662836
51832275.3028249517 145971.2807738185
51013230.0138780549 75563.3796913438
51117793.0558820516 97142.5566791594
51998454.0948748440 153840.3027915955
51028588.5830202475 75928.1412237193
51174901.5583581477 104192.7683548629
51624347.5390621945 137303.6148802638
51123763.9054516479 97513.4086842239
51232334.3785102740 106346.0339279771
51875538.7967496067 151681.2664794922
53380810.2567616701 188846.3995361328
51873245.0526873171 151647.1034231186
51111033.0860664397 97015.9022979438
51708480.3286190107 138462.7174193263
51764909.3440088108 145892.0258117914
52203416.8412597626 166014.8111572266
52150831.0718178451 160835.6390457153
51748142.5132681355 144812.1782347560
52367594.8578557670 171903.4704589844
52215466.8920256644 166040.0531005859
52213987.8621387184 166030.1944656372
51040476.7854880765 81956.7832445111
50992433.9096728191 68731.1391031947
51214391.5970305353 106069.5245895982
51014497.1949340105 75574.2729511671
51729643.6424680799 142900.8581375182
61999881.8669576347 204475.2832031250
51745102.9079955071 144015.3307651579
51339160.6906950027 114986.1779099107
51431560.2942209020 121335.6548442841
51700384.3317934796 138431.1393858790
51337435.3291229680 114525.6968788207
51442456.8935422078 122959.4075133204
51333975.3418218866 114424.0899468660
51228885.8266528994 106073.3539568186
51268860.4280526936 112422.8147722483
51487175.4697442353 128733.6316646636
51193928.8513175249 104914.2514177561
51576589.3575875312 130922.5760313869
51620244.4299748316 136200.4307677150
51209595.7970337346 105274.4278488755
51339859.3158254847 120259.8347702622
51249348.5723659173 107228.6271286607
51174638.8216983676 104115.3253098130
51505263.8604015484 129788.7154356837
51289323.1737657040 113578.0879440904
51866656.1474828348 147051.1283508539
51760910.5986136198 145860.4477783442
51025073.9294479713 75753.9575330224
51575392.7238031849 130114.4400466979
51272308.9799100757 112695.4947434068
51249570.3984335363 111623.8886643052
51043737.6884099916 82323.2952814400
51084645.3034689501 89820.9234562516
51374118.6652929336 120943.4473432600
51197377.4031749144 105186.9313889146
51621307.9337895736 136506.7674106658
51493331.8097889274 129763.4734923244
51605848.6682621464 135392.2947830260
51474832.9389888793 127496.5054496825
52642266.6483826488 179205.0972595215
53152680.1528663263 182409.4422607422
51617780.7188747674 135417.5367263854
52201444.5748365670 165783.5584468842
51492135.1760045812 128955.3375076354
52110436.9806240425 160639.6013259888
52717388.6753134131 179772.5415039062
51265029.6639609635 111698.3157634735
51425015.7300280482 121212.1542793512
51481805.2833411694 127655.6894954741
51433863.1891264990 122101.7124023438
51368642.3499387577 120942.6098632812
52762638.8160158843 182285.3304443359
52072270.8763963282 159638.7542724609
55591504.8273176923 203562.0390625000
51247096.7586363554 106833.9698794186
51154862.9448854923 98605.6254638135
52497684.9146766216 174801.7376403809
51586423.2519527674 133901.6901845932
53376379.6273973212 184620.5286865234
51031950.2707096934 81528.6456079390
51441260.2597578466 122341.3043006957
51099107.4141170159 90554.7840109169
51127394.3002472296 97868.5852373540
51244144.5926880985 106584.5347185433
51189549.7881701812 104429.2853588164
52054345.5076276138 154444.1988525391
51387971.4711827338 121207.4437049925
51376039.4205701128 121182.2017616332
51269454.9817977846 112646.0885986388
51229480.3803979829 106296.6277832091
51280673.0422355831 113181.5906986296
51709204.6845754534 138629.9348108768
52047183.3052926585 154097.9666712284
51563829.7835450619 129912.2614116669
51123167.7600324526 97151.0265721977
51172165.1819011942 99325.4065249264
51146687.4397990182 98312.3347921669
51098538.6857191920 90432.6220651269
