76667665.1738265604 998697.7763671875
76051171.8473284990 971747.5576171875
76023981.4407575876 971003.1552734375
75603224.7110087723 956340.1523437500
75921975.7453291863 965478.6005859375
76019459.8521922678 970899.3701171875
76142505.6004568189 975721.5986328125
76100847.1298175454 974584.3867187500
75949081.3855276406 968768.5498046875
76246777.4487117231 979857.0869140625
75950875.0957935750 969107.6035156250
76231004.8615444452 979644.3378906250
76362798.5494545549 984242.3037109375
75125037.6996449530 926131.6044921875
75183247.8790279627 931522.2392578125
75241329.9626884758 933624.1103515625
75267140.6805269867 937219.6816406250
76885297.1150606871 1001270.1445312500
76948455.0035268366 1005068.1630859375
76933640.4917051345 1003890.8564453125
76467050.6606835723 987733.3242187500
77018326.5623922646 1005527.9990234375
77087318.0557540059 1008261.1757812500
77037027.0128675997 1007784.5761718750
76805772.2410066426 1000263.4775390625
76475422.6268720329 987934.8320312500
76334989.8084467649 983315.0615234375
76418554.0850065649 986290.6708984375
76281987.1344287097 981288.3398437500
76847195.2255495042 1001259.6152343750
76566835.6377815753 992765.1699218750
76603405.7684890330 994709.1796875000
76890700.9189723432 1002387.4130859375
76432772.0047728866 986732.3095703125
76293199.1797470450 982755.8837890625
76500357.5569251329 992147.3408203125
76143901.3654701561 975752.7441406250
76311620.2655179501 983019.2128906250
76176788.8427103609 976399.8027343750
76163552.6300174743 976072.2236328125
76379551.4223607332 985883.8857421875
76496216.3350523412 988797.1894531250
76212308.8412746191 976629.2666015625
76049935.4140951037 971349.9931640625
75191429.7220277786 932875.2871093750
75387022.9186778367 943035.6181640625
75420923.6413784325 944254.9541015625
75255532.8381121904 935066.9189453125
75354580.4917599112 940621.5156250000
75349995.9493391961 938671.4179687500
75433185.2240330726 945003.7773437500
75789146.0765504837 962402.2490234375
75368275.6919356138 942390.5224609375
75520351.8558060378 952623.2626953125
75719536.9991475195 957736.2480468750
75766006.1323771328 961744.8681640625
75563937.0477481931 953371.4638671875
75714530.0278643221 957695.9550781250
75461645.7056943327 947372.2128906250
75443169.9175527096 947046.2636718750
75682376.8373244703 956782.1240234375
75846608.8643167317 963754.8994140625
76092039.9227620959 972867.4511718750
75699093.9872907400 957368.5078125000
75783257.3228748441 962340.0966796875
75927217.9313654453 967159.3808593750
75872651.5485334992 964711.9580078125
75837124.9507824779 963403.6513671875
75745546.3618790358 959641.8359375000
77781796.4523143172 1021913.2304687500
73673635.3795493543 813269.7529296875
73770053.8195844740 820446.8403320312
73732760.4688232690 818661.2451171875
78604759.1524086446 1034610.4492187500
78115407.5662233979 1028386.2519531250
78064058.9486299157 1027868.0019531250
77349159.4680957943 1013229.9208984375
73669246.5716045946 812461.5815429688
73711773.8307135850 818218.7314453125
73517096.1779672056 797415.8100585938
73776852.7664520591 821978.4355468750
73995720.2866209894 847486.4160156250
73788201.4806476980 828314.7368164062
73686766.4797236919 814379.2226562500
73634718.1274814308 807304.4277343750
73744788.8294986337 819374.4106445312
73647415.9341449589 808531.8457031250
73547428.1358432621 800209.2192382812
73692490.9116886109 815821.6997070312
73387752.5293483883 773810.1586914062
73290054.6171223074 765866.2219238281
73394894.8384390026 777479.2856445312
73482531.9034354687 793485.5429687500
79501058.5713610053 1044279.1660156250
78750577.5589652359 1037448.7890625000
78783710.0533048809 1037558.7304687500
78707495.1195105910 1036380.9765625000
78973221.9472644478 1041385.9550781250
78868654.3683374971 1038747.8320312500
78969232.0908784419 1041264.8261718750
79029674.8748398870 1041388.6894531250
79211999.4226568192 1043757.8164062500
79161085.5695277900 1041964.0878906250
78871883.6264887601 1039132.5761718750
78898046.8458115011 1039592.2265625000
74727695.8431050479 896453.1757812500
73225183.2992303371 741525.3193359375
73174920.8715236932 726532.6188964844
73183240.7506793290 731073.2805175781
73202076.1969861090 734568.8007812500
73287113.2300378829 752914.1577148438
74210982.9052078426 863180.6435546875
74200637.4633219987 860846.6093750000
74188439.5848080218 859567.0859375000
74756696.0417874455 897649.7714843750
74659884.4107066244 892701.2656250000
74793983.7989660054 909141.4101562500
74991277.8752825558 917513.4511718750
75123696.2824593037 923637.1826171875
75157274.2870574445 927107.9277343750
75065336.2132028043 923628.8339843750
75048909.5286388248 918787.8935546875
74925441.2142359912 915405.4208984375
74971625.8321501166 916272.9316406250
75016739.3168675900 917851.5625000000
74759875.3198405057 899341.0332031250
74689688.5812801123 893822.1005859375
74912111.3354147077 914879.8339843750
74635777.4067712873 892206.3789062500
74785825.2719674408 900889.3310546875
74616789.0514605194 890593.6875000000
74510018.5061990917 879427.8916015625
74771180.4512561709 899792.6054687500
74572419.5830726624 884070.2919921875
74600810.4982000142 890212.3339843750
74700803.6721488237 894403.0322265625
74550324.2186339647 882275.8261718750
74517997.9519184828 882148.7099609375
74330376.4024841636 870082.8740234375
74257728.1779050976 864872.4218750000
74107978.9458112121 857757.2031250000
74258982.5505702049 867500.4355468750
73844962.1215979457 835003.4965820312
74420875.2697777599 873316.7226562500
74491567.4997904152 877356.6523437500
74441351.8296528608 876235.2949218750
73887473.6133164167 838989.7070312500
73931885.6674723327 841723.4160156250
74152020.0269049257 858061.4726562500
74023401.6387039721 847964.2578125000
74088038.5831898153 854757.7675781250
73940244.0540372133 844497.5009765625
74047964.1217868030 851220.0761718750
74059899.6698292792 853360.8574218750
73954186.5883586705 844571.9052734375
73873635.8430170864 838010.7949218750
74082309.6115993708 854267.8339843750
73827371.3044380546 833377.1586914062
73977272.5281500220 845869.9912109375
74012926.3418004066 847887.9990234375
73835966.3361939490 834650.2646484375
74385369.3312833607 871375.5605468750
74439047.0363421142 875783.2939453125
74395895.2662228644 872617.0761718750
74415933.9980324060 873213.9462890625
74428392.0912775099 874514.4716796875
74397777.6315432936 872921.9941406250
74204466.0845862031 861198.3027343750
74309818.3457721323 868630.2207031250
74164734.9870081544 859215.7041015625
74217016.4045864642 863238.6865234375
74247909.6349339932 864362.2685546875
74238448.3897413909 863602.7021484375
74480394.9255061895 876599.8906250000
73856544.4689965695 836675.4843750000
73908988.8293587863 841240.0273437500
73781969.3178770691 824989.3740234375
73662931.7296195626 811222.9169921875
73602173.8434287310 805815.6762695312
73345584.4692995548 769761.3789062500
73460591.9771347046 786649.4091796875
73235654.7536584139 748826.1025390625
73458098.0062340200 786554.8818359375
73360919.0913040489 773092.4165039062
73310971.4778326601 766348.7294921875
73346015.4441698939 771549.2363281250
73462897.5470269620 791922.8461914062
73436067.6333123446 785024.9638671875
73406846.1472617686 781767.1572265625
73420860.8795566708 785021.4472656250
73577426.4890035391 803229.6645507812
73631297.9814019352 805825.4418945312
73462566.9011917561 790783.8354492188
78130304.7032684386 1029764.3808593750
78403369.6420820653 1034355.3818359375
78017670.8477920294 1026872.1201171875
78309725.5854178518 1032175.4228515625
78054153.0894019902 1027620.9433593750
77829977.9156203121 1022655.0380859375
78069002.1155066490 1028322.4414062500
77834763.0969249755 1022982.6171875000
77964336.5412038267 1026245.0878906250
77757131.4658758640 1021399.4716796875
77878356.3604927212 1023857.2402343750
77522534.6999616772 1015689.7539062500
77640720.4804000854 1021187.7314453125
77548829.0206824243 1017048.7001953125
77376726.4895768464 1014795.3212890625
77513824.1418255270 1014875.8251953125
77798094.0097245276 1022108.2802734375
77598386.3820997924 1018379.7441406250
77764270.1652335078 1021526.7802734375
77584023.1954934150 1017254.1640625000
77585629.0893716067 1017635.7685546875
77914076.1848670244 1025126.0546875000
78606217.2911039442 1036271.0351562500
77253806.5409996361 1010396.0800781250
78258395.7345469594 1030400.4628906250
