99185021.5565490425 1770157.1540527344
103007179.9305347502 2045820.9150390625
103486953.9720212519 2067240.6904296875
104597877.2677777410 2102355.0927734375
113705235.0157077909 2336534.8603515625
119428231.1238901615 2379318.8417968750
119468803.1654414982 2382098.3925781250
103497090.9625928551 2067356.3056640625
107754537.2218815088 2205929.5449218750
110192644.0637459606 2266570.6230468750
99688652.9597571194 1820579.7219238281
108172535.5774959326 2214878.9218750000
107280289.0955176950 2188729.8769531250
101743407.5098232776 1977118.0356445312
112565358.4213593900 2310976.4433593750
105524382.7249850333 2135501.5712890625
129462884.5882719755 2470288.8603515625
107560438.6789712012 2196923.9033203125
100820382.9806653708 1912088.8925781250
109479958.8650963455 2247182.3164062500
102964305.1869745702 2044086.2558593750
109096563.2166237533 2245115.5302734375
100369951.3770831227 1880891.0791015625
101296395.8823343366 1947255.8232421875
103882807.6676671058 2081164.9375000000
104914751.9694767296 2119869.5546875000
104397056.7766608447 2101158.8916015625
99347725.0032876283 1788084.9589843750
129637732.7390437722 2470366.9501953125
108033507.4865618050 2214242.0312500000
102867930.8775361329 2039877.4350585938
106199317.8059505224 2158080.9672851562
103456273.5940081924 2063315.1328125000
100274420.7353959382 1870546.2446289062
101182285.6209248751 1939929.8544921875
111471528.1870794743 2286538.9873046875
100830935.6196329296 1912093.4375000000
125746222.2339756936 2441938.5878906250
103400390.8098737150 2061530.0522460938
100811515.0017537475 1910772.2475585938
107540985.0163888037 2196269.1455078125
113175849.3629937172 2326904.4707031250
100447223.6195733696 1886182.2783203125
112287050.4739748836 2307120.8515625000
100564415.1334648579 1893046.9931640625
110007081.4220889360 2263269.6904296875
100473327.2515323311 1888427.9697265625
111989895.5449326038 2301417.4511718750
102241641.2700963318 2004216.0615234375
104282852.0483469963 2097809.3681640625
101304932.9789744318 1949017.6777343750
103410527.8004452884 2061645.6674804688
120465729.9461608529 2387973.0878906250
107616988.9953056574 2199094.4150390625
101842385.9812285602 1982409.5112304688
115028535.3268075287 2343201.2138671875
119429295.9062995166 2380075.6845703125
99118731.4806541651 1759600.9318847656
104613058.1354267299 2107121.7211914062
101285843.2433667779 1947251.2783203125
100535165.1239054501 1891200.9990234375
100857793.8032262474 1916616.8681640625
107775331.9102935493 2207658.6972656250
113516236.8027801663 2329396.3066406250
101613710.2564771026 1969623.3510742188
100922419.0663856864 1921596.7226562500
98848569.8333694488 1721206.3574218750
108601752.8615140021 2220500.0126953125
101603157.6175095588 1969618.8061523438
127838779.6287232935 2464445.1220703125
107561779.7048008442 2197998.2978515625
101943210.6022026241 1988160.0278320312
119698168.5897438973 2384909.9921875000
113527686.1833109558 2330451.3876953125
102381891.1624100357 2011715.2910156250
101042742.9850241840 1930429.0771484375
101580044.4966143668 1966658.4541015625
105586158.6762739569 2136751.2060546875
100637201.2096257657 1900549.8666992188
107919146.6328055859 2210687.8906250000
101426093.1356805414 1954750.5078125000
101020113.4759008437 1927957.5644531250
127521862.2275043577 2459503.8681640625
99698773.1307416856 1823840.0358886719
107567631.6429368556 2198870.4501953125
100668176.0156182200 1901957.4345703125
101452734.8377463222 1959413.7753906250
102482715.7833842039 2017465.8076171875
104356863.4644213021 2098233.6323242188
107165137.8699328601 2183660.3564453125
98754934.3845839649 1700113.7822265625
99833644.9360926151 1834678.1098632812
102343365.0405208617 2009263.7851562500
114280071.5409274399 2337897.5400390625
101788794.2031072974 1980505.9809570312
129133299.2959001362 2469044.8388671875
101775853.9696615636 1979543.5805664062
100654311.2583950609 1901020.6386718750
108688092.7033095509 2220882.4931640625
108299951.6491751373 2216394.6982421875
106450667.6593434215 2167441.1250000000
109909765.6287390441 2261678.1005859375
102375188.6174441725 2011199.1347656250
109544845.8876114190 2249650.1738281250
108948247.9615302533 2232349.6162109375
128179188.9291842878 2468410.9560546875
102939153.4350118339 2043606.0410156250
126613845.6327425390 2450324.3486328125
105581386.4218054116 2136532.0419921875
106929147.4970971048 2178391.3046875000
98807260.4650062323 1713033.0605468750
98767215.7579943091 1700748.7011718750
107514697.1741447151 2193934.7949218750
107577768.6335084438 2198986.0654296875
103842614.3554275483 2077724.6386718750
100882014.9834175557 1918214.3115234375
107317072.7126373500 2191446.7968750000
104720725.2553174198 2114761.8022460938
119449349.5028591007 2381443.6347656250
98785363.4784922898 1708174.9208984375
107378531.5958017707 2191521.5449218750
108749551.5864739567 2220957.2412109375
108764700.5152848065 2229216.6582031250
100643758.6194275320 1901016.0937500000
112950493.2096137702 2320642.6503906250
106254720.4827251285 2159558.2036132812
120119505.9421915263 2387939.9785156250
103964431.5765613616 2084248.5297851562
106652471.2216124982 2174218.5600585938
101914419.3010606021 1985588.6010742188
113253297.1748657525 2327966.9863281250
98848553.1071552634 1720415.2016601562
100250846.9435746521 1870398.3540039062
106209454.7965220958 2158196.5825195312
111188467.0532053113 2268953.8281250000
118649664.5597849935 2378020.9423828125
113297762.8914121687 2328365.5234375000
113181701.3011297584 2327776.6230468750
108677955.7127379626 2220766.8779296875
129656451.3870956302 2470376.6572265625
114906084.0013065934 2339957.5166015625
106768576.9082186520 2175244.2773437500
100892320.2052609771 1919812.7133789062
106711878.8279398978 2174768.3085937500
101177547.2644461542 1939290.0385742188
114082979.2651247382 2337718.6103515625
113174508.3371640444 2325830.0761718750
113191838.2917013466 2327892.2382812500
103633957.8732312918 2069267.3481445312
104269998.4429151416 2095343.9555664062
116377439.6308193058 2358916.6064453125
115537845.6721225679 2351591.3457031250
104349147.9923556447 2098212.4775390625
102541388.1171035320 2021322.1118164062
102712909.3332151920 2029819.0283203125
102702772.3426436037 2029703.4130859375
101661000.9324674159 1972492.9765625000
103795244.2162396312 2075656.0654296875
103466358.8348573148 2064789.2192382812
112489333.9927998483 2310824.0703125000
107004679.5053402036 2178681.3291015625
104911484.0265841782 2116964.0444335938
103437147.2453249991 2061949.3041992188
104238260.6413300335 2092840.8164062500
103877773.6269221604 2080146.8095703125
109541213.4800069928 2249531.7050781250
100161877.9801472276 1862330.4848632812
100579351.5734889954 1895792.9321289062
104339011.0017841458 2098096.8623046875
112728410.0553955883 2317163.3388671875
102774639.0851667374 2033159.8789062500
102974442.1775460988 2044201.8710937500
128142591.7593240142 2466538.8564453125
101242596.3472854644 1942798.2817382812
102252193.9090638459 2004220.6064453125
102571557.2642178386 2022641.6679687500
102749520.4777977318 2029901.2763671875
103217301.4719515741 2054670.1337890625
109495947.7938039750 2248170.0839843750
109086495.7503851652 2235038.7197265625
100089221.1944165230 1856090.1772460938
102427277.8556940258 2015103.2363281250
109647138.0797178149 2250004.9902343750
109485810.8032323867 2248054.4687500000
106768907.0891928673 2176992.8955078125
102558492.9341198504 2022164.9814453125
109885497.2824375331 2257886.2597656250
127792045.4682914615 2462457.4072265625
99065557.1757555008 1754624.5910644531
99758467.0339656174 1828854.4301757812
112861641.9132546186 2320058.6162109375
106435410.0952861756 2167329.8642578125
108763594.5761387944 2229101.0429687500
102755483.6844055802 2031668.1757812500
103291801.4104904830 2055968.8935546875
106057949.6916808188 2150883.3461914062
102532799.8189040720 2019644.7988281250
103356834.3594509214 2059073.2187500000
109842962.2456107289 2250151.6552734375
105272564.9000023752 2125696.8564453125
110192539.2850700021 2264138.6220703125
102416265.1030472368 2012513.0625000000
106327503.7468292117 2162642.5117187500
100617878.4364424497 1898715.4516601562
100578424.9522507042 1894964.3076171875
127046676.2470148802 2453075.7197265625
102479349.0268065631 2017350.1923828125
100128771.1801505536 1860466.7421875000
106433833.6745212525 2164530.0219726562
111744499.4143079817 2295661.3750000000
98930832.3343770653 1735440.1840820312
98998255.3352331370 1744861.1374511719
105227299.2137993574 2124335.2353515625
98860241.4473091513 1722079.6630859375
98866557.7492299974 1722999.3642578125
100442382.6983081996 1883671.9604492188
124776630.9481632411 2430716.8193359375
102413034.9530855715 2012047.0180664062
111263325.5969820768 2276333.4794921875
102619628.8240915686 2023968.4130859375
98895839.2679346800 1728186.5883789062
104652700.0221881270 2107615.4438476562
105217162.2232277989 2124219.6201171875
99747914.3949980736 1828849.8852539062
98876766.3955900371 1726193.0424804688
102152419.4209843129 1999467.3867187500
110666783.4407098740 2268169.9306640625
100721131.5802631974 1904454.7089843750
100710578.9412956536 1904450.1640625000
103855032.8996585310 2077824.6445312500
102685667.5256273150 2028860.5434570312
110497128.0679211020 2267165.2695312500
101592984.7300600857 1966913.0048828125
101463287.4767138809 1959418.3203125000
100194679.0879227668 1865366.3300781250
101638371.4233440757 1970300.9501953125
108427933.6963500977 2217520.0703125000
99655658.3605617732 1819570.0307617188
102674949.8246141076 2027171.0268554688
99486718.3123340011 1803784.9416503906
99442145.8128729910 1798681.7595214844
99446208.0361271352 1800095.8876953125
101448554.0870943367 1957542.9960937500
128032592.8713171482 2466350.8349609375
122455760.7605518848 2407629.8076171875
122364288.8525762409 2402579.5888671875
106647635.5627896041 2168130.2119140625
98875094.8974497318 1725510.2634277344
127162640.9345935583 2458390.8564453125
99580480.4584347904 1813746.3510742188
99709325.7697092295 1823844.5808105469
100704026.7632468492 1904109.3964843750
105874583.4136056602 2147601.3164062500
99591033.0974023342 1813750.8959960938
99930362.4375948012 1843976.5424804688
104716881.7187099904 2107905.8710937500
99332181.5798974037 1786431.3813476562
99869983.5850908309 1838106.5322265625
126929174.2252557129 2450418.6337890625
105780412.1360103190 2146239.6953125000
100174256.9208978415 1863976.2529296875
118107667.1815511584 2366747.4765625000
99272487.6766734570 1781442.0456542969
99223610.1818378866 1775157.0729980469
105377997.1734883934 2129188.2641601562
105384468.3552056998 2131900.3647460938
99666210.9995293319 1819574.5756835938
99051308.4797980934 1750801.7351074219
99153724.5470965356 1766721.8693847656
99174468.9175814986 1770152.6091308594
99045144.8042169213 1750724.5388183594
99301224.2411589772 1782263.4943847656
99576418.2351806611 1812234.8166503906
105858866.7870793045 2146749.7363281250
99880536.2240583748 1838111.0771484375
128042729.8618887365 2466466.4501953125
99940915.0765623450 1843981.0874023438
100002891.1196193993 1849682.1840820312
99234162.8208054453 1775161.6179199219
99269927.2317064703 1778593.3796386719
100194497.3399300277 1864919.1933593750
99885741.5557504147 1839092.4531250000
99164277.1860640794 1766726.4143066406
98910087.9638921022 1732763.8591308594
98928271.8894100785 1733661.7102050781
98868778.5955288857 1724590.5622558594
99083741.1012734771 1755547.2185058594
123628665.7865478098 2417173.8076171875
117991080.9538808763 2359800.4511718750
99269745.4837137461 1777951.6101074219
123073360.9746124595 2408347.5205078125
123492771.2914832830 2410480.8173828125
127121659.0449082851 2454603.8330078125
121815884.7697924227 2392624.4082031250
121409260.0617277920 2389376.9492187500
125604555.3440657854 2435283.6220703125
123708030.8710014671 2418053.5566406250
124096455.7263410240 2428650.5361328125
123943679.8205185533 2418849.2353515625
121682319.6573424935 2389481.2724609375
