135059748.9100106955 3964693.1601562500
134730101.5102557242 3959956.2929687500
131330440.4913025796 3813954.5234375000
129673875.9939975888 3639233.7148437500
130325051.7176925242 3735544.0351562500
137366785.1259177923 4014569.8710937500
131097249.5119068474 3799402.3359375000
132114915.8501993716 3860830.9101562500
132126549.0363972783 3863954.2226562500
141826009.2961861491 4057227.8437500000
137415872.8618904352 4015154.9843750000
131043803.2403443009 3796653.3125000000
136046377.9169197977 3986559.1328125000
130146438.6609552652 3703125.1562500000
132258137.4586570114 3871570.4414062500
134095304.8275911659 3940604.5546875000
141480304.7175302505 4055523.9140625000
141843571.9890835583 4057367.8632812500
131217930.7495860010 3805805.0039062500
134806822.6623160243 3960669.8085937500
129741838.2266670465 3644730.0937500000
131528994.5336109400 3826837.7382812500
131543656.6041220725 3827964.0781250000
132574668.6583055705 3882857.6210937500
143517746.3600587547 4063330.9140625000
130178869.2460180074 3706710.4609375000
130824719.7802241445 3776993.9375000000
131988128.2268429846 3856378.9609375000
131974028.4491723627 3856103.6835937500
134021768.1677645892 3936389.6953125000
131831988.9804479331 3842629.8789062500
129639287.9536688179 3631780.4648437500
131836559.9610648900 3845059.7773437500
132586209.6672775447 3883255.2539062500
135469551.7003937364 3975550.2578125000
129925402.3016011715 3672698.9375000000
142118936.9962289929 4058204.2382812500
130267293.7669339776 3724036.1015625000
131568251.5211426616 3832647.4843750000
129793545.1938904226 3653957.4648437500
132456580.9276252836 3876781.8398437500
129706014.2991577685 3639872.1796875000
132349521.8610358089 3872055.1640625000
131229243.6939349025 3807727.8242187500
130738505.9341395348 3772397.0781250000
131296365.7741745412 3813203.5156250000
135052452.4357574284 3963445.8476562500
129755035.5159554631 3649080.0781250000
135452351.5642836690 3975218.1523437500
130077637.7629533559 3698480.8789062500
130156659.8657726794 3705476.0703125000
132898518.2277301848 3898593.9921875000
129720447.4756267220 3641626.8281250000
129643901.2560580671 3636206.3281250000
130861913.3287381083 3777984.4726562500
131511038.3489461541 3824046.8867187500
142112484.3349367380 4058192.0820312500
129771753.4909301102 3651159.5117187500
134360596.5400306284 3946529.8164062500
134357965.8207373321 3946527.5937500000
130774172.6012367457 3773422.7460937500
130103722.3193392009 3698711.6328125000
141543673.5647174716 4056346.5898437500
132058277.1321296692 3859113.9218750000
141575646.6783240736 4056659.8359375000
129811897.2902253568 3657569.6679687500
135297847.7177767158 3971439.9296875000
130561668.7378318459 3756077.1523437500
130584559.8974949270 3758180.3203125000
130697238.6118207425 3766574.7578125000
135387982.3749852479 3973782.1484375000
130606240.1030608565 3762171.0585937500
129900187.4021892846 3671903.2109375000
130520570.9163535088 3754447.8632812500
134566275.4049341679 3954808.8515625000
130022044.5993857980 3694773.8359375000
130273000.6884900331 3724062.5546875000
129834357.0690641701 3664015.9726562500
130041343.6860074401 3695231.8554687500
130177265.2219374478 3705793.7656250000
140422233.5715234280 4050124.9570312500
144685538.7124221325 4066236.5507812500
133592700.3240550458 3922792.3671875000
134714325.2832718492 3958708.9804687500
140478421.0636269450 4050436.7031250000
130110105.0965446234 3700351.5429687500
130866989.0530361682 3779551.0898437500
130728925.7390282601 3768890.1171875000
133686658.0012291819 3926254.2812500000
143518137.6594565511 4063435.1992187500
134190857.6322633773 3941933.2812500000
135356364.8533976674 3972729.6171875000
130067263.4910368621 3698219.6484375000
129831196.3768469989 3658027.6875000000
141220186.0343841910 4054133.8515625000
135668808.2107443810 3979899.3867187500
135511922.8361189961 3976555.8437500000
135185117.3584905863 3969543.1093750000
130435970.1262375563 3741882.3203125000
129938246.9579282850 3674856.1640625000
132892397.0906731337 3895656.8906250000
129955857.4018744230 3690047.1601562500
143567822.3286254108 4063784.1796875000
137216510.1536363661 4010666.7421875000
133753629.8153197169 3931276.9648437500
143051229.2901009023 4062957.9492187500
137237734.9873260856 4012181.2656250000
138964425.3395741284 4034514.1367187500
133572278.2593045533 3922178.6367187500
134091563.4621677548 3937646.4062500000
130380054.4864242226 3735548.1171875000
133002882.2711467296 3903366.4023437500
129807185.1736788601 3656361.5000000000
130399545.8493920863 3741170.7773437500
130185875.0947505087 3717381.5820312500
132652956.9575827122 3885517.8242187500
134857720.0538228452 3963201.1796875000
133851695.4419044256 3931416.2539062500
134192563.5831309557 3942465.2070312500
134267619.5299276412 3946369.4023437500
129975156.4884960502 3690505.1796875000
134052899.6361621618 3936669.8515625000
134631161.2574501932 3955209.3320312500
134524948.7186290026 3953841.4179687500
133460286.1867290884 3921905.8828125000
134376898.8402913213 3949941.2890625000
133086796.5837581605 3906191.6757812500
132678823.2051535249 3887328.0351562500
140634894.8805211782 4051889.7851562500
133608336.0650667697 3925806.0117187500
140274841.2384105921 4048478.9921875000
133398649.8733389527 3918333.9960937500
130310565.9056430012 3728816.4335937500
133721063.1585999131 3926773.4453125000
134197224.4251501709 3944161.3203125000
134449442.0997492671 3951980.2773437500
130441461.5964848548 3747578.6171875000
130227552.1012859493 3720046.1406250000
130197550.2116141021 3719107.8476562500
133369190.5464395434 3917668.0078125000
129893044.5542452335 3670642.1523437500
140307976.7466018498 4048772.6679687500
130313669.5742875785 3731576.8125000000
133172963.4725134820 3908145.5781250000
142793656.3497128487 4060808.3750000000
135257578.4176351726 3970865.4687500000
140513315.8523766398 4050725.4765625000
131713790.4907452166 3840258.6406250000
131747986.9063942432 3841363.7421875000
133242505.5893395096 3909893.3046875000
130154261.2230310440 3704164.9492187500
130237065.1033673435 3721286.3398437500
140321975.3493025303 4049899.2460937500
133937321.8187223673 3934680.0039062500
133438422.7057622671 3918699.4023437500
135151495.4492072165 3967265.6289062500
133175802.4877623618 3909364.1796875000
134228733.1397624910 3945102.4257812500
141212809.5305162668 4053918.7226562500
135401815.0702841282 3975212.9921875000
135995507.3254075646 3986304.6445312500
135979536.5558126569 3985865.8945312500
141356913.0086388290 4055042.9843750000
137076151.8032712340 4006518.0703125000
130508047.9866867661 3749271.0195312500
132760778.6400737613 3892909.5429687500
142588989.8198826015 4060678.6367187500
132411263.0950832367 3875910.0859375000
132488122.5730799139 3880595.2226562500
133916660.6833160371 3933806.5937500000
140760350.2397083640 4051971.6250000000
136227231.5156780183 3991411.2070312500
136466133.7975869477 3996537.0039062500
136095644.0275480449 3987960.4296875000
145162063.3514661193 4067822.6953125000
132644508.8290499300 3885484.7656250000
132795665.0930737704 3894016.2460937500
132106418.3782179505 3859211.5078125000
132590618.8462791741 3885016.0703125000
133952297.7199197859 3935774.6601562500
136581750.5161219835 3999641.3515625000
136394375.1993863881 3994840.8789062500
132466711.9741110206 3879420.9960937500
136537355.8764257431 3997985.5664062500
139986852.3932944834 4046822.0585937500
136662561.7988587320 4001577.6328125000
130622498.9380681813 3763765.1132812500
130709180.8806700110 3767116.4921875000
139596926.2074049115 4042333.4062500000
131141425.4797354639 3801103.2421875000
144635723.2638382614 4066148.1914062500
132884087.8081516623 3895432.6562500000
136523974.0417794585 3996935.4140625000
141429041.8901584446 4055162.0273437500
145373893.5846914053 4069522.0429687500
135858731.1135475039 3984448.1210937500
140912952.7749541700 4053460.2617187500
133750562.0210125148 3927019.7851562500
131245364.1643964350 3810509.0585937500
132160973.4296049774 3864679.2695312500
136332858.8604470491 3993327.2968750000
139956166.0966745317 4046505.6914062500
130927117.3813587725 3784515.5039062500
131020700.5217877924 3789154.8945312500
132445823.9845180213 3876119.8945312500
145274778.6210749149 4068793.3789062500
139954219.5067569315 4046339.6992187500
135793890.6004056931 3982950.5898437500
137049567.1299443841 4006444.6914062500
144468935.1934478879 4065317.3515625000
131488708.5525863469 3823996.5351562500
130804961.1909509152 3773516.5468750000
140743688.1227657199 4051928.0156250000
131375695.1874550134 3819269.8593750000
131441505.4144068360 3821260.3984375000
136612436.8127419651 3999957.7187500000
131005040.5098062307 3788521.6875000000
131514510.9197707325 3824403.9023437500
131033995.6885578930 3790744.3710937500
135669352.2687918842 3979902.6640625000
131042426.1384363025 3791117.7500000000
131338836.0030333847 3814551.3046875000
134027775.3838713020 3936390.9414062500
131907290.2340327352 3847933.1875000000
131665760.3557992876 3836342.4375000000
145271578.9196800590 4068590.8398437500
140094854.9491190314 4047661.3476562500
142359664.3701208830 4058842.8281250000
139887101.1723439693 4045096.2265625000
134013074.4562475085 3936244.4414062500
132730678.1156269759 3889342.8164062500
142053577.2533283234 4057851.2070312500
140152710.6971140802 4048367.0000000000
131276146.6245564818 3812615.8515625000
144005974.6351192892 4064930.9218750000
143986991.1332501471 4064092.5351562500
132544742.5622626692 3880685.4726562500
139133299.5563354492 4036597.0390625000
131239287.4401348382 3807897.2968750000
139178983.7870387733 4036769.5312500000
131148953.1965322942 3805478.7656250000
132545828.8483300507 3882370.6718750000
139803015.7010686100 4044403.4179687500
141751404.0454910994 4056935.6328125000
145334987.2349823415 4069164.8476562500
144714869.2667718232 4067250.1914062500
131323675.3466235399 3813542.1601562500
136367960.3393057287 3993495.7578125000
131034717.8493532538 3790896.5937500000
136854233.9015631974 4003827.2968750000
136901789.7065176964 4005127.4296875000
137091296.2326205969 4008154.6367187500
145330915.9515359700 4069154.5156250000
139520210.3423964679 4040212.2539062500
132409126.4500324279 3875064.6992187500
131904096.8387994915 3847802.3320312500
135073762.7250125110 3966609.8320312500
131897127.0343661904 3846453.7578125000
132721196.7003495097 3888696.0976562500
145016830.1616351008 4067455.1210937500
135608256.9559663832 3976879.4648437500
136774513.2908011973 4002969.4921875000
136760491.0242644250 4002264.3164062500
134370581.1421501040 3946678.3085937500
136914619.0355901122 4005298.8125000000
138213205.0432869494 4027116.3828125000
137852252.6392201781 4021359.2421875000
137840228.5855767727 4021070.2304687500
137994168.7615929246 4024268.5859375000
137592271.4915142953 4017335.8632812500
137580059.6025613546 4017210.7109375000
137466676.3224410415 4015984.6875000000
138291169.1982681155 4028584.9023437500
138442983.1729678810 4028706.3085937500
138456246.3035645485 4029832.6679687500
138597685.2961246371 4031590.7929687500
138020457.4131909907 4024459.8281250000
137752073.1020687222 4019213.7421875000
138596329.4826801419 4030455.8125000000
138871197.5588459074 4033685.3359375000
138067099.7576727569 4025652.9804687500
138194312.0823360980 4026240.3789062500
137750098.6500168145 4019172.8515625000
138708682.6896702647 4033531.6601562500
139012610.7556675971 4035153.4531250000
138629239.1860103011 4032735.1757812500
138373192.4946599603 4028611.9218750000
136865528.2209779322 4004780.0156250000
136182171.6209810674 3989600.3359375000
139277031.3798578084 4037792.1523437500
139312057.7134693861 4038192.5781250000
139520494.2787400484 4040542.6640625000
139802959.7210969329 4043741.7968750000
136060991.0405015349 3987244.4335937500
141165243.8484733403 4053557.0664062500
141154719.9037347436 4053534.5781250000
141211326.4989019930 4053747.4453125000
139442113.2782491148 4038964.0117187500
139795044.3743870258 4043462.8984375000
139463452.3987328410 4039377.2421875000
