63860052.2409836277 1849773.6738281250
63579712.0484271273 1822636.7968750000
64074881.3681770787 1868415.0625000000
64010230.4603858888 1865357.4863281250
64068684.9830795527 1868100.2421875000
64292455.0291766375 1884616.4980468750
64225758.1634480208 1878508.9785156250
64210991.0210038275 1877677.0937500000
64097879.3596461862 1871880.8925781250
66862008.6505447030 1934317.1152343750
63412919.6803499013 1794699.0537109375
63065920.7330983207 1742653.3535156250
63005712.3007468507 1733775.6621093750
63744809.7972990796 1838868.7636718750
65984686.1226729155 1932608.9628906250
64271644.8523810282 1883053.5332031250
63086905.6537984386 1743180.1982421875
63301562.3147720546 1784104.3037109375
63291122.5888125226 1777186.6416015625
64154976.6898532882 1874172.1875000000
64113220.8196309805 1873161.5644531250
64833306.3722543642 1913334.6367187500
66697447.0181975588 1933546.3867187500
63439015.2535442486 1800998.5205078125
63309668.5265579149 1784445.9150390625
63362512.1849786565 1793864.7939453125
63973108.7982788682 1862691.0625000000
63852602.4466069564 1845660.7695312500
63052211.8073757589 1742100.7539062500
63031050.3486492783 1735197.5605468750
63315575.4794219136 1789903.0947265625
63743165.8842208236 1838520.2851562500
63706007.4179158732 1838306.5820312500
63522580.4835049957 1808472.7050781250
63546832.4707297906 1815946.0214843750
63752157.9705863819 1845250.5195312500
63459760.5403108895 1802449.8896484375
64407186.7379040122 1888090.9726562500
65373038.2512748018 1929591.6894531250
64769260.7837088481 1910046.2910156250
64662200.3862302005 1909594.2460937500
65203230.3898500279 1924075.4628906250
62997875.8963930979 1728640.7539062500
66407114.7459274530 1933300.2265625000
65929133.5664025992 1932090.8535156250
66309871.1680171862 1933003.7929687500
66345134.4961644262 1933242.1601562500
63839141.4715373963 1845289.2734375000
63001471.1826523989 1732512.0732421875
63135958.5545476452 1754551.8300781250
67687664.5398596972 1934428.6933593750
65195413.1380947456 1923634.7558593750
63271513.6544903591 1776283.6025390625
63294477.0375236571 1779771.6542968750
66075378.3726615682 1932710.8535156250
63861669.3402067199 1850852.3710937500
64087521.0926269218 1870556.5117187500
63919589.5981781036 1855431.7890625000
64556736.9263963327 1898655.1855468750
63223210.6725563630 1766007.2509765625
63243102.4238125384 1770541.0693359375
63151238.3279526904 1757447.6933593750
63088765.6613523588 1747771.5605468750
63093589.4896733016 1749867.3496093750
66909145.5159074441 1934351.1914062500
65131860.6461171880 1921979.4453125000
65932478.6045004725 1932160.9296875000
63963447.2877973318 1857385.9667968750
63127878.7854122445 1750861.3779296875
62963394.0182467550 1721136.1796875000
65355228.3952983990 1928403.1367187500
62877008.6167140156 1713640.7988281250
63294113.7788416371 1779537.6113281250
63189731.9095436335 1763204.3759765625
63832257.7190913334 1845266.3066406250
63745631.1777472869 1841078.0488281250
63635815.8102976307 1827519.7148437500
64564008.1022550836 1899634.9921875000
65430130.6663659140 1931302.3183593750
65325314.7122577801 1928384.4082031250
65189596.8168240711 1923185.3730468750
63468104.4522480965 1808292.0332031250
63600606.7623746395 1826227.8593750000
63586625.7964605168 1823729.1875000000
64902222.2008966208 1917018.8515625000
63646843.7864566818 1828314.4492187500
63649480.3539959118 1834784.8925781250
63436213.8981059417 1796608.1376953125
63970722.2456523627 1858948.6230468750
63522893.1689823121 1815239.4101562500
63615054.9469657019 1826459.7968750000
63430396.5072727501 1795517.7675781250
63251769.0731299222 1772477.4716796875
63057853.6005918905 1742256.0312500000
63040414.8967587575 1742063.2714843750
63075009.7569923550 1743118.1503906250
62980719.7399926335 1727733.8457031250
63249496.3694983497 1772371.2900390625
63163913.8240541220 1759881.9365234375
63254765.2223633975 1772998.6455078125
63186017.8688166663 1760847.9814453125
65892711.3958338946 1932023.6230468750
65506932.9453148097 1931528.4335937500
65250962.0709183887 1928280.5898437500
65040641.5082770437 1921812.9785156250
65269931.7763831243 1928376.4785156250
65020091.1467899159 1921111.3007812500
64836209.8854685649 1916650.1328125000
65655308.5498063192 1932015.8125000000
64652860.4297667295 1905473.5214843750
63894083.7618385479 1852920.0429687500
64475335.8444890678 1894864.0761718750
64489846.6910653040 1894865.0351562500
64455418.1678883433 1891677.9941406250
64369037.6876981929 1887466.6816406250
64528959.3302227184 1896340.5820312500
64522308.4032193720 1896131.0625000000
64367829.0421385095 1886875.3417968750
63238867.4888938665 1770100.2597656250
63963085.2267406583 1855926.1660156250
63258951.2732951865 1775655.4521484375
66736408.4280608818 1933568.8457031250
67554201.6968090832 1934368.6406250000
63221117.7186518833 1764157.1455078125
66789741.8184261918 1933683.2656250000
