106363418.1514579505 1801870.8940429688
107508813.9269969910 1836098.6723632812
106667389.0978501439 1815055.9907226562
107155585.0361996591 1828503.5849609375
107072039.3498713523 1827250.4111328125
107073299.4295441508 1827533.1083984375
107727066.4547970444 1841199.7275390625
107145923.5840261579 1828283.0195312500
107114153.5849574506 1828238.5488281250
106464475.5179814100 1807707.0893554688
107425147.2171534896 1835004.0341796875
106757978.7222909033 1816171.5786132812
106986610.1923703551 1822729.7485351562
107546570.3400497586 1839811.8593750000
106550649.3850564212 1811799.6958007812
105715516.7882211506 1781426.6679687500
105663024.7577729225 1781001.3808593750
110874351.6234733462 1921681.6689453125
111719115.8065335155 1936806.7431640625
115078906.2707763463 1987184.0830078125
117586271.3531668931 2021019.0664062500
115653474.0591595024 1994346.2529296875
115689630.8794964254 1995778.7939453125
116668129.1082648337 2010874.3925781250
117017339.2264442146 2013832.7656250000
116568472.7930276841 2009783.2187500000
116340606.4981211573 2008603.6835937500
115819150.0627060086 1998463.4257812500
116207834.3714634776 2006893.6777343750
116287492.2668738067 2007485.3886718750
115819262.6000530273 1999412.4667968750
115885260.8314706534 2000641.6406250000
116072348.1739506274 2003887.2753906250
115976435.8171462566 2003104.7246093750
116254299.0403727442 2006923.0429687500
117011173.8321162611 2012867.6289062500
119239960.7362378389 2030523.3056640625
118178949.6057247818 2024909.7070312500
119134810.0227301270 2030181.5107421875
119577935.0142325610 2031000.6630859375
116781826.2954234332 2012460.7500000000
119065899.9681157619 2029284.5712890625
119119071.5342843682 2029319.1767578125
118892632.0906151980 2028665.7158203125
118098437.5735688955 2024126.5800781250
117905708.9476387650 2024016.5468750000
117082009.3892980516 2016737.0029296875
117737674.1375387758 2021792.2753906250
117557037.1448798478 2020734.4863281250
118690942.6362604350 2028198.0332031250
118491069.2558952123 2028145.1582031250
118919748.8600215018 2029188.2578125000
118735879.1319753230 2028231.8515625000
118189634.9499818236 2025234.1445312500
117779757.5785634220 2022957.0312500000
118167365.6819317639 2024329.7343750000
117733120.6183324009 2021695.9677734375
117774780.9103889316 2022133.7509765625
117423677.2758855224 2018355.5019531250
117065654.8869377673 2014613.2890625000
116138102.9586795866 2004205.5566406250
101607176.4945407808 1589413.5996093750
111376545.1720041335 1932487.1865234375
107808762.6746676117 1846471.1582031250
107762838.4335679263 1846211.3496093750
106530667.4694304466 1809211.6479492188
106276256.4771762341 1801095.8813476562
106101854.5621797740 1795168.2768554688
106144557.6620825082 1797835.1586914062
115099347.1123009473 1988210.8134765625
114917885.8644292355 1984669.5937500000
115104781.6305579543 1988546.4677734375
112527870.7071163952 1951670.4091796875
109751645.6110534966 1894909.3144531250
109404715.5784131885 1888360.1835937500
109399373.1691569090 1886869.6455078125
108605325.6839651316 1867927.9384765625
108576794.6586879045 1867889.2158203125
109095547.1382880360 1878564.5781250000
108975430.1439265162 1877967.5898437500
108965126.7642401308 1877254.7822265625
108951341.8013439626 1875999.2841796875
108166850.2597403228 1855280.5468750000
108675229.9708655328 1869412.6503906250
108712699.6567937732 1873055.6123046875
108466957.1416304708 1865246.0537109375
108445065.4687675834 1861275.2875976562
108326600.3474499285 1860978.8208007812
108316431.7676927745 1860606.4887695312
112978420.1898944080 1959232.0214843750
112882196.5511192232 1957519.9082031250
113283252.9653627425 1962832.5839843750
113290874.1521363705 1965639.1279296875
113038674.9835993201 1959361.5937500000
112484745.0553716868 1951214.6708984375
112513948.0619319975 1951300.3271484375
111809602.3938498348 1937364.9824218750
113091624.4126354009 1960354.6406250000
108433974.2715915442 1861191.9243164062
115153941.4523569494 1988986.1259765625
105196414.0339905024 1763465.2246093750
105222291.7794695944 1763665.9072265625
104621263.0657000840 1745275.5483398438
104170076.3401212096 1720836.9199218750
104391174.7085281461 1732728.2695312500
104422623.0370824337 1733260.9628906250
104344868.8499275893 1732403.4121093750
104535278.9208492935 1739309.6796875000
103958617.0592634082 1712185.1645507812
104294578.1090440750 1726841.4506835938
105165880.4965830147 1762132.7690429688
105138767.0624917448 1761442.0913085938
103754953.0315512419 1703310.0126953125
103726433.7437086254 1702329.4267578125
103856405.0073848665 1707574.6210937500
103781295.7610934824 1706790.4746093750
103892459.5933390856 1711285.6743164062
104029102.6150277257 1714885.3286132812
103973003.7415863723 1714618.4887695312
104343841.8164284080 1732046.7246093750
104592214.1341183186 1739541.3540039062
104927779.3543404043 1756842.5161132812
104593966.4112593532 1743673.4174804688
105095024.8679195940 1761255.5522460938
104759520.7108214051 1748523.2666015625
104276228.8863832057 1724059.8637695312
115272085.3594897538 1991678.0458984375
115185533.9446662813 1990229.2705078125
101931866.1410012543 1612252.2548828125
101801775.9802983999 1606712.7275390625
101756512.3005048037 1602677.2363281250
101496017.0738857239 1587175.7949218750
101687710.8732019812 1599808.2714843750
102028429.4689837992 1615300.4079589844
101448839.0498356074 1582489.7648925781
100829495.4424105287 1544160.9519042969
101414061.3396382630 1580903.8439941406
101286438.1644614488 1573499.0197753906
101368584.6268678606 1577970.6403808594
101205725.1653413773 1571060.9675292969
100910389.0630427599 1554410.0798339844
101161589.9704966843 1569571.6345214844
100960430.6584556848 1554786.1950683594
100896822.0274706334 1549553.0788574219
100980240.3481962085 1561196.0808105469
101139604.9256669283 1569309.4729003906
101136790.3655559868 1567310.6613769531
101341840.3757714182 1577635.3798828125
101085498.0380508602 1564099.2917480469
101346037.0369852483 1577788.7666015625
100813261.1278132796 1542503.6970214844
105989911.4934465587 1789378.6889648438
105920236.9000037760 1788347.0659179688
105963671.7572763264 1789349.7299804688
106043743.5842335373 1793620.7929687500
105761565.9754337370 1781612.8305664062
105802659.4485236108 1784891.2216796875
105346629.9605952054 1768958.1826171875
105799642.5582798868 1783100.3110351562
105994653.6044238806 1790496.7045898438
107454432.3666709810 1835809.3017578125
107341233.3178420216 1832733.0722656250
105156219.8896735013 1762051.9150390625
105179866.4768116772 1763029.3300781250
115264817.7655759603 1990547.1582031250
121166605.1034585536 2038470.3291015625
120721703.8825637698 2037475.7451171875
120987488.8225971311 2037740.2431640625
121175952.0009730756 2038598.7314453125
120794158.0232550800 2037729.3095703125
103222636.8470047265 1683914.6643066406
102717962.2299529910 1657982.1662597656
102785932.6554979533 1663228.7199707031
102705405.0362955928 1657845.6604003906
103628523.7970805466 1698262.4951171875
103429882.2667059600 1687713.8659667969
103203882.1723142862 1682435.5158691406
103000138.0895736367 1671897.7346191406
102741665.6356167942 1663203.0617675781
103490046.4790772200 1690434.0346679688
103088281.3618975878 1676293.3974609375
103157554.9402426481 1679140.1005859375
102824338.3946014196 1666872.3928222656
102914990.1942507625 1669819.7170410156
102910384.1392095089 1667158.7272949219
102562419.2281075865 1650737.0964355469
102421751.0679664314 1640563.8937988281
102536118.8691420555 1648677.6794433594
102645935.6182952225 1653002.4892578125
102217102.4194683284 1632014.8381347656
102549191.9264980108 1649915.7956542969
102572587.1858047098 1651766.1208496094
102719774.0889149010 1658526.7888183594
102326073.8724897504 1635102.7814941406
102453793.3707679659 1644878.6481933594
102511102.7899264246 1647426.0158691406
102592858.4115843624 1652779.9919433594
102346541.8635168374 1639525.9357910156
102279592.2000256777 1632534.6892089844
102099539.0493575633 1621679.1154785156
102058862.6838293374 1619198.5451660156
102085327.7346584946 1619640.4768066406
103468523.2074504048 1688944.0185546875
103545011.9128005058 1695551.8259277344
103360288.7413563430 1686052.8713378906
103486266.7547706366 1690334.0368652344
110448461.3744478673 1911033.5400390625
115185426.3996708989 1989293.4150390625
114351053.1968894601 1979785.3671875000
113761522.7795282304 1971928.8281250000
114121344.9910946637 1977448.8154296875
113847427.7742393315 1973437.3886718750
114410128.8972351849 1980233.7705078125
113271767.9462880492 1962634.3691406250
110963119.5899372697 1924954.4306640625
109784341.4059525430 1897126.6933593750
110441139.0505296737 1910944.0673828125
109770236.1188935488 1897118.9375000000
110299815.7390428632 1910481.8447265625
109695348.8163373768 1893978.0878906250
110579654.4693866670 1913524.7861328125
110229474.6308810860 1908703.3427734375
110063075.8832153976 1902169.9101562500
110031126.6017919481 1900675.3115234375
110074327.6716514975 1905650.4677734375
109826324.9482748955 1899535.5908203125
101396246.3216906190 1580457.7329101562
119767185.6773617417 2031526.1865234375
119815252.1204953641 2031760.9033203125
120166398.5948615819 2034269.1679687500
120461965.2453487515 2036443.1669921875
119898165.1997736692 2033898.7500000000
120266008.3726406842 2034539.8496093750
121484189.7679195851 2038632.9580078125
121639161.8691140711 2039000.6689453125
120370118.2010865062 2035952.8056640625
120408391.4833153188 2036309.7998046875
120322051.7579528838 2035718.0888671875
120713504.8137327880 2036995.9052734375
114273703.1598864794 1979156.8642578125
105519756.5661514699 1772523.6557617188
105441147.8253680021 1772438.6577148438
105521445.8271831721 1772796.3002929688
111307317.8191324472 1930311.9296875000
111187990.5485202819 1929757.3750000000
111076474.2654580772 1926256.1806640625
110999580.4389080703 1925804.7919921875
111095001.7331661433 1926587.3427734375
110867632.1098911762 1921538.4658203125
110926501.2651934922 1923177.5673828125
111515546.3132455796 1934674.8359375000
112416907.4248555899 1949972.6250000000
111836749.3159023523 1941342.0830078125
115424788.0836561918 1993213.9375000000
100764388.6680220068 1529480.1193847656
113677006.0446290374 1970961.5673828125
113830921.8586620986 1972665.0605468750
113885466.2290451229 1975295.7265625000
114476526.5640957355 1981941.4658203125
113764375.5346404612 1972408.7021484375
114398850.5450032651 1980170.9013671875
114751670.7381731123 1984466.6328125000
114587706.6244092137 1982374.3115234375
114433160.6712310463 1981617.4189453125
109175417.2476128191 1883704.5000000000
109285307.0104222894 1886005.2207031250
107759046.4157839417 1845748.4873046875
108123791.6880360246 1853091.6406250000
107965664.2048069239 1851226.3857421875
110470695.7553689033 1913379.9257812500
110795271.8039916158 1919869.0058593750
109936491.6884194165 1900368.3925781250
110690280.4210779816 1918983.3046875000
109162221.7089101076 1882529.9873046875
109527737.9132744968 1893608.1484375000
112636780.0555991977 1953211.7285156250
113252174.9387723207 1962582.2890625000
112775912.5753234476 1956523.0771484375
112318428.5716527104 1948108.8857421875
111809783.6130312830 1941106.6240234375
112168144.8435457945 1947675.3076171875
105306611.3326189071 1764829.8476562500
109367833.3987757862 1886253.8144531250
108878381.9338254333 1874635.7319335938
107890488.9081690609 1848964.8706054688
107964410.7499720156 1849287.2104492188
106952117.4321152568 1821372.5600585938
102156498.5534252375 1626988.1000976562
101975546.6905667931 1614528.7863769531
101923460.0665242672 1611810.9592285156
101964422.6657634526 1612342.1838378906
101560233.3346258700 1588734.6445312500
100661868.0778787732 1518923.6037597656
100692779.7349279672 1528068.8146972656
100781153.1277239025 1529662.7033691406
100663955.3746521771 1522910.5236816406
100629117.0702302009 1516580.1926269531
100781846.4210517555 1538841.8327636719
100858338.4090059698 1544992.5192871094
101457845.1322548389 1582494.7954101562
