133544896.0559085310 241438.5993499756
135987528.5470935702 268915.1475396156
141818298.1295556426 295907.2729492188
142293805.3687087297 296670.2392578125
141668830.0312142372 295900.3137207031
141317501.9844235480 295302.5968017578
140969463.1615897715 294325.9608154297
137661837.3388644457 280820.2844848633
137462922.0784687400 280326.1104125977
129652835.1281399280 175811.9212126732
129741981.1110108644 177346.5711150169
129785447.0221052319 177947.3460450470
142643192.7092164457 296939.3166503906
132398748.7764378786 227680.4741998533
135105682.0084123015 260445.1031811237
138095158.0787958801 283135.3968505859
138329579.7861903906 284256.2100830078
130178158.5780006945 191204.4802803993
130204413.1558696628 192784.2112810612
130204009.7093218118 191209.1481401920
130366061.5111174732 195009.2856562734
128922396.1061284840 154758.0914266426
128726863.8198656291 150139.1001848429
140862101.9284378886 293624.8336181641
141028895.0807744265 294602.6329345703
140948642.9640221596 294209.4930419922
138522859.8736049831 285715.1949462891
140704260.7468186915 293354.1186523438
140228242.8470485508 292730.3010253906
128678746.7894191444 147481.8724963665
128637225.8915349096 144709.6169726849
128700704.1950489134 148250.2598865032
128925328.3875032067 155829.9479352236
128803217.9424210191 153712.0339010078
128770995.8915130198 151212.5170886517
131430034.2804956287 212343.2030146718
140413537.3461836576 293050.8919677734
140214200.3051653802 292598.0712890625
140084306.5941260457 292123.8157958984
140056895.0054459572 291874.7171630859
139571735.9027410746 290766.1480712891
139253868.2019701302 288687.0997314453
139650755.6238252223 290992.8389892578
132619501.2639244795 230140.6020898819
128307759.8946325183 125992.6611857787
128428071.6669991910 137747.9423988871
128324604.6454681754 133476.8683225382
128654099.7269077003 145499.0440558009
133162213.4559703916 236562.9964210987
132969392.4388657361 233878.4336960316
135908170.8074856997 268239.4884209633
135961917.6147477329 268575.2887749672
131741749.1082126349 218741.9461542927
128623310.4039212018 142059.1737698764
144096595.3066540956 299004.4880371094
134391658.5932873189 252046.9013206959
133136183.4875831157 236463.7131893635
134521312.8707656264 254359.2656109333
139977649.1562448144 291849.3800048828
139535547.8817514181 290290.1060791016
139191074.3136415780 288620.2037353516
136928552.1864706874 276464.7598876953
133445786.6864099354 240567.7277975082
129548005.1601319611 174172.2552971393
129640202.2073135376 175207.2775139362
138255808.2929222584 284204.2753906250
129948479.1660715342 182657.9382328992
130705487.8031588942 202120.0166590810
138873663.8103009164 287369.9317626953
130118352.9371730089 187099.5438153881
133552528.2237897664 242045.1260281652
136506951.7091522813 273196.3825249672
135905669.3085124195 268062.0705742836
140918606.8349520266 293664.6018066406
136865282.0208942890 276281.7692260742
133104661.3446052074 235961.5761200488
132910390.1939799339 233513.8162839413
132821105.2435763031 232773.3947179317
130985762.9788978696 205612.8057231903
129181050.1551418751 165096.4611178488
132975772.2467610389 234434.8316469193
136356753.7727442980 272726.9504013062
136601926.4187386930 274259.7574081421
129292856.0910979658 167979.1000915468
138117637.7631044090 283499.7995605469
129982380.1171389669 183330.7267123461
129907740.3560051471 182613.9111822788
142188441.7561631501 296385.8395996094
128541235.5133041888 138090.1837036498
129961650.8049110770 183039.8606765717
130601161.0745105892 199990.8413390589
137788097.7047971189 281757.3998413086
130991307.3875204027 206671.6081342344
131450785.6821123511 212558.2057219744
131317926.9755322337 210827.6179809291
130804398.0792275965 203776.5492518544
137796049.4422053695 281805.5233154297
137292274.2164440453 279180.5999145508
128601939.3976404816 141355.2101423610
134418495.0555139780 252942.1359324455
128627748.6685517281 143122.4964140505
131846467.7804723233 219721.8237541970
130113414.5858868212 186870.8717920780
138349032.3796801865 285322.5627441406
129616754.5402323157 174307.2735790461
129415119.5913722962 170704.1803182811
134582028.6752222478 256286.5997021198
134839246.1454543769 257850.7570202351
130290633.7714569420 195006.7584002018
130118408.8361256123 187604.5541079640
140751271.1714209914 293526.3898925781
138070641.4717826843 283011.0870361328
137884384.8242145777 282215.2631835938
137947945.2741714716 282845.8441162109
132535857.5030815750 229723.7634057999
132861420.5271051526 233176.0654840469
129247249.4779765457 167052.2444709986
129299471.5322904438 168660.8287910670
129001798.0482348204 160678.4172754139
132178126.6524334252 224507.8522456102
135687064.3685803711 266638.4162850380
133593773.7748176754 242318.6167945862
135367373.6670233905 262845.6238720417
135180312.7439487278 261529.8964550495
135121398.0082656145 261308.6570751667
130122653.6217929721 190106.5764367580
134844468.0807030499 258352.7080967426
129712569.9167670757 177119.0879312659
142335667.9520883262 296765.6447753906
132094890.5273443609 222316.8380251527
131268478.1942434460 210140.0391505361
138652031.1274412572 286095.5386962891
138341692.7581758797 284989.0408935547
132519588.3778522015 229349.6781439781
137158656.2512604594 277292.2542343140
132459571.9264393896 229083.8664941788
133199647.9998887479 237511.7553255180
143377227.1319665015 297681.2377929688
131683539.4271214604 216599.7511231266
143627358.6767185926 298733.4990234375
128552996.5307778716 141287.6881654859
130028176.5712942332 184694.8187863964
131251336.3096326143 209723.8015254140
131431699.1231363714 212395.3835624401
131415660.6051221490 212115.0165032204
131382723.2889244258 212114.3696007718
131151834.7735265046 208238.2975320507
130950086.4936627597 205517.7218859792
130935068.6495518684 204607.3805776238
130485189.4522656947 199195.1297454310
130628576.9099177569 200281.9464657903
130442106.2561337948 196618.1138267164
130744567.9276811033 202525.0046987180
130613795.0880714655 200039.1642420888
130640032.3189877570 200919.0107386708
130371177.9464830309 196000.7958987355
130464193.1394322813 197943.7853358388
130384167.8887146115 196159.6354306340
130520679.4655793458 199716.8971522450
130803392.9524557441 203351.4395983815
131110323.5976873487 207474.0219416395
129810089.2659107745 178018.8706388418
129870854.3939834088 180770.5028409902
129891575.4525642991 181355.3861915730
129774564.7852549553 177924.5312678347
130082682.5917495191 186026.5297364671
130037551.5619856566 185200.6338996370
130010227.6906480491 184089.2273535695
129832027.0723017007 179966.9163184133
131958825.8264890760 221228.7804223858
131984500.7204300016 221595.8295405321
131928705.2502438426 220670.6299206577
131690627.9356540442 217412.6885010563
131792476.5258266926 219200.1033303104
131571754.5190176219 214856.2551290356
131541304.7378622293 213804.1243378483
132769864.3364239782 232313.0738523006
131918230.9344668239 220436.9088229640
131735393.5216719061 217713.8378839596
132770413.2077167630 232340.5277519226
133373200.5658625066 239858.6919484952
133323829.2702296376 239337.8826223233
133041031.3527420759 235820.5034414151
132633929.0157370418 230678.2285547256
132718366.1812205315 231702.6096010208
131501659.4285317510 213179.7392924502
131503713.2709192783 213612.2051263452
131558746.6103059202 214116.2773919702
132117360.0793658495 222972.4385352135
132365431.0934160501 227409.4738593102
132808298.9215672165 232390.8948569298
132702251.2726339549 231411.7500815392
132053511.6534557194 222288.4380443183
132356006.5821124762 227302.3619074821
132284817.6114952117 226891.9572443962
132123693.9884526581 223536.5414118767
132227705.9509247690 225231.7388725877
132620269.1062762439 230157.3525055200
132989992.4863230437 234947.9371397117
132844460.3076989204 232809.9563064575
134347687.0541255474 252027.9708998203
134165135.0919414312 249459.6222393513
134138981.5310832709 249458.6179945469
134016968.1242050081 248736.6695082188
137218721.9585430920 277982.1396102905
136641204.0232257247 274595.7012557983
136394172.9599648118 272763.3368759155
136595801.6738031805 274050.8795342445
136570335.5089358389 273987.3620781898
136532450.3037008643 273537.8565239906
136204965.2452327907 271647.3695855141
136319057.3010772765 271904.5309624672
136145779.8507442772 270455.3095269203
136005702.0608882308 269530.4192681313
136027435.5946625769 269629.7086486816
136286484.8974638283 271904.4421691895
136087221.7131192684 269787.4918518066
135784698.5289523005 267402.6474862099
135630349.7002534270 265564.1900634766
135473779.9954490066 264045.2799324989
135411343.2614614964 263473.0505928993
135493751.0722847581 265044.7192635536
133835052.6036030799 246016.7802792639
133901816.0410412103 246640.8918744177
133970676.9046572894 247201.5742998947
133871221.1422164291 246331.3528137207
133778442.2317415327 245237.7224035263
133988985.7003844976 247375.5039367676
134262281.0843825638 251537.8171246052
134252677.1883414686 250611.8550699009
132990127.2040199339 235092.5834258981
133304646.2023757249 239018.3929103799
133248546.9268778265 238102.5187610574
133260937.1575156152 238266.6670764871
133289704.7350465655 238971.9569934793
133427081.8369572759 240184.2391017862
133643816.9253469408 242601.1602630615
135361683.3376108408 262618.8221855164
133489294.2924737334 240859.3741950989
135392612.1828451753 262863.3015453815
134840680.4058394134 257866.7476596832
134417227.7037181258 252654.2138248459
134570595.2825350463 255019.5330591202
134685800.4663695991 257006.5128796101
135365458.1913356185 262731.4056713581
135313328.4928176105 262542.2627270222
135060366.0155371130 260425.3124096394
134650543.7593760192 256343.2609875202
134919609.3713556230 258878.3753674030
134859888.7108304799 258447.3314220905
134876022.7919463515 258699.9783947468
133698814.0171321332 244011.2123909257
137378416.9075787067 279215.0515747070
136694594.6877204478 274808.6632080078
140743631.9368796051 293409.4191894531
142063916.4701557755 295948.8103027344
141836669.1876578033 295915.8479003906
138797051.3327079117 286669.9957275391
139190163.6911895275 288125.0863037109
138205420.3396922946 283805.5789794922
139445056.4518669844 288966.9786376953
139517050.4901986718 289312.8919677734
139414375.4498622417 288728.5347900391
139177856.0063172579 288065.5670166016
139157031.1124757826 288028.6903076172
138108659.7083156109 283370.7232666016
137733982.0960372090 281372.0933227539
137013987.5695080459 276904.5678100586
137459513.8901710808 279733.7158813477
137030109.4569231868 277100.9306030273
129722993.1830062121 177274.8469671458
129447021.0064182281 171772.8865179271
129086418.2007488012 162208.1214879043
129811602.5536187738 178097.2268123627
129147043.8120616078 164593.7057467550
129200663.4578972012 165237.0092119426
128971003.5533917546 157931.5917998999
129488172.6257961988 171790.0672440529
128953815.9742652625 157625.0435737818
129389322.0441235602 169235.0013479441
129492565.9841409624 172394.1757072955
129305443.4987778366 169059.9994100779
129499623.7835332602 173224.2600798607
129279977.8908971697 167625.8065742701
129123805.2396979481 164538.5177559108
129017806.1475435048 161266.4475044459
128862845.4067973346 154725.9305142611
128941125.3229764402 155922.7608359307
142580873.8299386501 296790.2331542969
142919175.5623417199 297482.0812988281
142813535.5627623498 296991.9187011719
142906015.8369449973 297417.7668457031
144039514.5622619390 298934.8227539062
143588417.0782195628 298231.0510253906
144026590.4516547024 298912.6005859375
143489630.3000541329 298114.5236816406
142894837.1893395782 297149.9462890625
128944317.6714563817 156645.6384206265
128604663.2743258774 141981.0139720328
128994088.5059752017 158644.0740304440
