135206570.2687678337 1377559.5449218750
135094105.7324979901 1370446.1357421875
135013056.8114413619 1368565.6093750000
135021878.8778222203 1368867.7451171875
134887718.8964336514 1361574.6679687500
134856214.7391438782 1361068.8974609375
134891153.8645457327 1361986.6679687500
134921384.2386063039 1363325.5732421875
134710017.5381360352 1355875.5185546875
134901925.1072972715 1362995.7558593750
134929625.8461614251 1363933.6386718750
134735392.3156995475 1356369.5849609375
134374910.3362344205 1336593.4208984375
134488878.7190235555 1345868.8505859375
134320481.6890173852 1336439.1884765625
134392931.0180044770 1340595.5625000000
134882124.3977929354 1361567.6298828125
134709275.4664191306 1355000.2255859375
134667078.7856992185 1353801.9433593750
134587717.9846759140 1349343.1269531250
134379894.6666217446 1336635.9863281250
134817206.4462793171 1359734.1250000000
134867124.8332672417 1361304.6123046875
134763152.0800217092 1359024.4560546875
134517258.4874007106 1347254.5214843750
134639589.3407668769 1352981.8896484375
134596619.2884239852 1351882.6972656250
134463091.3897722363 1343780.0517578125
134453473.3170959949 1342187.5244140625
134414668.5156064928 1340915.3535156250
134051843.0704497248 1316029.9892578125
134064791.7724598646 1316186.4882812500
134013396.7058437765 1309753.5683593750
134243287.3265679479 1327534.8115234375
134210545.6011008471 1326271.9218750000
134253081.7775957882 1328980.2431640625
134303188.4039343596 1334509.6152343750
134271713.9750031829 1330416.4560546875
134138830.8277114928 1320368.9638671875
134094754.6887609214 1319875.7148437500
134296504.2027181089 1332576.5009765625
134029868.2867055982 1314685.9824218750
134039609.6482825726 1315713.4970703125
134154418.9439145178 1324898.5917968750
133880729.2520761341 1299616.5419921875
134022046.6252316833 1312926.7304687500
133991800.7592563331 1309539.1640625000
133941921.3758994788 1305078.5244140625
135683769.3937183321 1397961.8583984375
133158430.6593959779 1242281.7075195312
137962148.1042825580 1435643.4863281250
137872694.3318361044 1434903.0312500000
133347831.3309021741 1258928.8984375000
131945893.5411822349 1088763.4409179688
131978487.1849396378 1091955.9975585938
137219462.8569678962 1429537.5332031250
135658250.5533438623 1395473.4482421875
132573956.7969008386 1181917.5205078125
132548598.1550283283 1179668.8334960938
137483993.1693957746 1432288.9453125000
131809104.6395320445 1053893.6943359375
131814848.8951809406 1056316.2875976562
131776977.9843780100 1050965.3466796875
138034753.6251174808 1435869.7675781250
137386432.2565149069 1431874.3544921875
137547106.2874142826 1432834.6591796875
133046040.1589926779 1233244.5063476562
132985575.7700670958 1225873.1591796875
133051631.6626735628 1233837.9194335938
133822447.5396040976 1294976.0029296875
131633188.1187193841 1012829.8764648438
133688616.6552690566 1284398.6103515625
138354371.4506796896 1437145.3427734375
133572238.5138418823 1273437.4501953125
133620192.6653514504 1280972.4228515625
132115331.1338787079 1112814.9472656250
133274235.1265968978 1251911.7250976562
135794099.2635124326 1401001.8115234375
137280213.1439794004 1430509.0546875000
133591354.3210283369 1274029.7177734375
138516119.4863747358 1437942.6621093750
131887144.5517768711 1072302.7729492188
138254301.7199958563 1437129.7060546875
132782892.0595069081 1210560.6030273438
131670997.4737167954 1022029.3637695312
132174344.2520068586 1126503.2841796875
139673927.1606965363 1441275.5136718750
139296602.1373836696 1440799.4218750000
132950448.8847660720 1223912.4125976562
132841976.5457497388 1213710.6035156250
131826103.8223093748 1060114.2246093750
131811692.9008882940 1055613.6259765625
131830056.2137963474 1060700.4721679688
135231701.8825477958 1379538.1181640625
137338292.1709389389 1430866.3691406250
133327487.2527698278 1255871.7529296875
137375955.3779566884 1431257.4316406250
133921026.4676937461 1304553.3369140625
132127143.5964100063 1115960.3750000000
132582823.0166295767 1182812.6831054688
132595054.1829231679 1184700.0522460938
132022372.1250834465 1100245.4482421875
131994572.6288293600 1094926.3120117188
131980394.7063893080 1094223.9516601562
137609372.8968373835 1433220.8105468750
137688756.0401172340 1434116.9414062500
137575862.9075636566 1432978.5185546875
132293048.6979212612 1140862.1591796875
132841270.4316086471 1213126.6083984375
132895031.9314688891 1221335.9658203125
133014936.9317727536 1230738.3691406250
132826332.6593136787 1212644.0385742188
132865007.6079710722 1220468.2246093750
132731092.8791871667 1206369.7402343750
132617439.6794238985 1190045.3266601562
132693153.0081426650 1199237.4946289062
132637416.8835446835 1190854.6977539062
132595324.5665336102 1186492.1787109375
132738355.7008550316 1207430.5615234375
132676297.2316015065 1198708.8334960938
132777333.0679224283 1209611.7529296875
132596307.8239564747 1187171.9995117188
131782200.9172589183 1053892.4487304688
131777905.6493226290 1051303.5854492188
131626624.8546146154 1010297.9160156250
131601309.1737897992 1001036.7045898438
132063083.1420773417 1104535.1704101562
138574622.4626906216 1438326.4443359375
138725343.3640793562 1438864.1337890625
138527114.4435786009 1438138.3857421875
136042921.8441582322 1409393.1767578125
132569182.8770414889 1180032.8125000000
138945144.3598861694 1439388.0429687500
139227350.0843740404 1439972.2832031250
139134887.7593507767 1439828.9726562500
138983863.4991540909 1439826.1074218750
136684840.5760511458 1422578.9414062500
138539252.7701960206 1438167.8964843750
131663850.8350414187 1021943.4067382812
131606945.8464593887 1006246.7324218750
131581326.2433129549 997626.4482421875
131610813.4670856893 1007138.1669921875
132332756.4956372082 1149953.3955078125
135194061.0139464140 1376066.9003906250
139194021.3291610181 1439887.5136718750
132445469.9570014626 1164984.2441406250
136197553.5059990287 1413742.4296875000
136173767.3532790542 1413092.0810546875
132278485.8731083125 1139691.1787109375
131750494.2163541317 1044364.3334960938
133522230.1769840121 1273269.7919921875
131910181.3041310310 1078416.7436523438
138371474.3509225249 1437928.2509765625
131734826.1452612281 1040700.9453125000
131727612.5892810971 1036979.1215820312
131555202.0705634058 980363.2163085938
132161147.6258424968 1121897.6459960938
131761694.1843493283 1050355.3706054688
132359436.1756737530 1152450.7529296875
136731114.0558886826 1424275.4521484375
136776476.5437629819 1424535.9140625000
136790473.3836648166 1425007.4775390625
135697201.1379759014 1398074.9648437500
131853590.8594737500 1071462.3330078125
135781877.6528938115 1399908.8271484375
133148921.8472028971 1241548.8979492188
133640488.6901468039 1281919.5400390625
136830333.6810821891 1425548.8994140625
131573524.6960879564 996357.4350585938
132289685.9134912044 1140026.3398437500
133898309.0473637879 1302062.1923828125
132074167.7276489735 1105950.2231445312
135303425.6887164712 1381719.7236328125
137988699.1163465083 1435653.1289062500
133890007.0658078343 1300655.2490234375
133145788.4697541744 1240495.0424804688
135279519.0219015181 1380462.8125000000
131540486.3066468686 961331.2041015625
131535835.0235438049 955584.2397460938
132520613.9768131524 1174510.1440429688
133409366.7246237993 1263792.0957031250
136004574.0893654525 1407878.6357421875
134991446.5506439209 1367473.6494140625
132299981.0496220738 1145567.8837890625
137011694.4271330237 1427698.5957031250
135700490.1217200756 1398176.8906250000
131634248.6758765280 1012835.5327148438
131640022.7683885247 1016045.1201171875
133182431.8998212814 1246077.4902343750
132427461.6995534599 1159457.7109375000
133093890.6442691237 1237557.2758789062
131920074.8218234479 1082542.9106445312
138872517.0534181595 1439212.5312500000
138596333.6116092801 1438362.7500000000
138159605.6272717416 1436619.5937500000
135976497.5356559157 1407301.2587890625
136170810.7147814333 1413075.0810546875
133495446.3091717362 1272042.7539062500
136923314.0835865736 1426811.1142578125
137021039.5309606493 1428084.7470703125
133138288.6028439254 1240244.1284179688
135372549.5771180689 1383655.5732421875
132320543.8600925505 1145860.6474609375
132435861.3484703600 1164442.0166015625
132324406.0460410416 1149699.0625000000
134951513.8654917479 1366316.3994140625
134942005.0532986820 1366094.0224609375
137043114.9426733851 1428402.4648437500
137110910.2550149262 1429319.6269531250
136792248.7739162147 1425197.8046875000
131846776.2541925311 1063567.0561523438
135367253.0205802917 1382848.1865234375
132582948.1146487743 1184106.6391601562
132533911.9165174961 1175882.8637695312
136138548.1665922701 1412439.0078125000
138117992.2188325524 1436269.0244140625
139281003.4423307776 1440013.7011718750
131975380.6497466415 1090368.9086914062
131891816.2758399397 1076961.9135742188
131916229.9293649346 1079463.2319335938
132541906.6510388553 1176923.5288085938
131757859.9415487945 1046903.2006835938
133736617.5562061071 1290871.5644531250
133770178.1505396664 1291795.0517578125
133844691.0840801299 1298619.5156250000
133755962.9019595385 1291481.4638671875
132163710.6452392340 1122456.8388671875
133301194.5782804936 1255079.0214843750
133373974.2066076547 1262192.6191406250
133382272.8101471364 1262786.0322265625
135156878.1964050829 1374983.0673828125
135400611.9292452037 1385068.2666015625
138716357.6591841280 1438509.2441406250
132041751.4563376755 1102380.1704101562
135286117.3201691806 1380721.3798828125
135238583.8109338880 1379650.9179687500
138906438.0664547086 1439342.6660156250
132043599.8458997756 1103534.3149414062
132079767.1539746672 1106976.1196289062
135405088.6032676101 1385087.0458984375
137791218.5104546845 1434705.0195312500
135682891.8815148771 1395546.0898437500
136383819.9963112175 1417847.5996093750
132373241.2977739125 1156448.2539062500
132327794.6816940606 1149699.2080078125
132376629.9334269315 1156448.3994140625
135690651.3221044540 1398074.6582031250
137842466.8327083886 1434875.9042968750
137674930.7869485617 1433593.6220703125
133264985.8358267099 1250691.8769531250
135545352.8845900595 1392766.5390625000
131569078.1852961928 987694.1557617188
133464920.9153729081 1267123.3085937500
136115438.6071567535 1411242.4638671875
134934400.7854487300 1364941.9882812500
131600517.4515555352 999893.1088867188
133599709.5380889624 1278323.9628906250
133787805.4127685726 1293927.5458984375
131653832.2733899057 1018835.5493164062
132043685.5305505246 1104129.0844726562
132096561.1333311647 1107991.8959960938
132146629.9267872274 1119265.1323242188
132489722.9873654544 1170749.0595703125
136550302.7168048024 1421427.0771484375
137647072.3616998494 1433582.0634765625
138365037.6395364702 1437469.0195312500
136242343.1408711076 1415517.5917968750
131660708.9927534610 1019951.2026367188
138632300.0710392296 1438452.3339843750
136408108.9945511520 1418916.2949218750
131673757.5209671855 1029574.7177734375
136984321.2944086194 1427444.4687500000
132257386.2429776043 1137793.7832031250
132229432.2319720238 1133519.5546875000
132251988.3051649481 1136590.1367187500
132169398.2191984057 1123303.4218750000
132209524.8102254421 1132574.3632812500
132179536.3004956394 1126783.7851562500
137901512.7387025654 1434936.1660156250
135627475.5094603002 1394806.8398437500
135596878.0103160143 1394077.1855468750
136028915.7521727085 1409280.4287109375
136086745.7118023634 1410984.8320312500
135874969.8276010454 1405312.9404296875
131727796.4402602017 1039581.2177734375
131710496.9475147426 1035946.3867187500
131718760.6815097332 1036054.3637695312
137240831.7984384000 1430131.3642578125
136411497.6302041709 1418942.9394531250
133599329.2925309688 1277402.4521484375
133032073.8608622700 1232009.0629882812
133114834.7189251184 1238741.2524414062
133252870.2853488177 1249965.1494140625
135971560.6898061335 1407162.2275390625
136495102.5845133066 1419864.3105468750
135009863.5445759892 1367920.9638671875
131888436.7016714215 1072379.5209960938
132453005.9819020927 1166499.3813476562
133663675.7081748694 1282857.9404296875
136391612.4455808401 1418457.1191406250
