131719446.6506730318 1066878.0820312500
133444431.5537755191 1274030.3125000000
131565670.2860955149 1022416.0546875000
131571671.4712320715 1023991.3471679688
131586985.1251033694 1029969.4262695312
131628947.9379292279 1041043.9306640625
135607936.7750962675 1354835.7988281250
134273246.0003425479 1315491.7187500000
134489184.8209284842 1322306.8613281250
131454039.4597046673 976462.6586914062
131404721.3021582961 953221.7827148438
131447529.7117467821 974385.3999023438
131515448.0033636391 1000910.6845703125
131450618.9996380359 976265.3588867188
131366982.6766122580 924451.7954101562
131394909.2785674036 947794.9409179688
132053993.9051762968 1129451.0156250000
132039077.7922462374 1127581.4287109375
131659101.0683836043 1052300.4345703125
131656640.6943192780 1049685.9052734375
132038214.4053901732 1126914.4375000000
131524029.0219728798 1005969.2060546875
133648389.0199438632 1284913.9482421875
131634556.9400578439 1046609.4160156250
132197068.3641472310 1151483.5263671875
132533968.7817262560 1191857.0483398438
135656174.4201461673 1357846.6015625000
132879420.0961952060 1230419.8115234375
132954597.6405751258 1234292.7255859375
134273246.0003425479 1313929.3769531250
137058977.3473777473 1366414.8671875000
135473458.8868828416 1349620.4384765625
134872035.0836403072 1339717.4726562500
133234079.7795626372 1259196.1748046875
134814551.9548114538 1338435.3125000000
134632174.7276167274 1330909.3417968750
131369528.6886808723 931808.2421875000
131853433.6065500826 1096405.2412109375
137274829.9830826223 1370189.9160156250
137613026.3708841801 1375368.0781250000
134661312.3573001623 1332376.6093750000
131407070.7281324565 954255.7421875000
133642811.0967786014 1284319.1787109375
132573562.0534416586 1197396.2319335938
131557312.5298634619 1017205.2275390625
137476961.7214263082 1374695.4414062500
133596635.5374375284 1281334.4931640625
134252417.5876553953 1312896.7177734375
133149568.5043810457 1253480.2197265625
134128497.8552666306 1312449.2763671875
131543027.0511856079 1012366.7285156250
131475108.7595687807 986103.7026367188
135002279.1837393641 1340074.2617187500
137447934.0322296917 1372757.6367187500
131480167.0069255531 987242.1420898438
132384810.5405226499 1175998.1250000000
133979438.6317745894 1305751.7998046875
131968927.3712276369 1115969.0947265625
132533968.7817262560 1192275.0463867188
132827285.6105722636 1222507.1088867188
135786379.6915922463 1358187.9189453125
131435095.2279373854 967924.5986328125
132473616.5177270025 1187027.4423828125
133925413.4602710754 1298156.3330078125
132412052.1082884371 1179684.8378906250
131584134.5651124418 1028459.6396484375
133919835.5371058434 1297561.5634765625
133274327.5187911689 1259948.8408203125
132713402.6791919321 1212297.8500976562
133758558.2964089364 1291170.7080078125
132638745.8869660497 1204188.7890625000
134686758.2898449004 1336760.0986328125
131481670.0704753995 988880.1171875000
134559277.5669150352 1326842.5947265625
131509249.1182973832 1000345.0644531250
133143990.5812157840 1252885.4501953125
137737860.3148750365 1378446.4863281250
134661312.3573001623 1332733.3984375000
131397455.2906360626 947808.7832031250
131675307.9022396505 1057534.5917968750
131747818.5103360862 1075139.3623046875
133215067.8536407501 1258476.4287109375
134959604.8166312873 1339892.7988281250
132579139.9766069055 1197991.0014648438
132564244.4379883409 1196020.9287109375
133788912.7164783925 1294107.6835937500
133650134.5626454204 1285881.5205078125
132417630.0314536989 1180279.6074218750
132190038.8338403255 1149452.2998046875
135478076.4067404270 1350847.0556640625
135406434.5627235770 1348252.0546875000
134817245.0316516459 1338586.9658203125
133977077.8777671754 1303977.8173828125
132996108.0087093413 1238777.1596679688
134510013.2336156368 1323339.5205078125
131672700.5666447133 1055525.6699218750
132604604.3038405329 1199970.1137695312
132633167.9638007879 1203826.7656250000
132658970.1870936304 1205358.6840820312
132679144.9985239655 1209153.5385742188
132622774.7589305937 1203304.3637695312
133393099.8129252046 1270605.0195312500
131974708.7194692045 1117504.2939453125
133327292.4661252052 1265367.4970703125
131990600.6474176496 1120040.8720703125
151418703.3636021614 1434409.5351562500
132528390.8585609943 1191680.2768554688
131538314.5006507188 1010532.5781250000
132964743.7825912386 1236272.0991210938
131599448.2189837396 1034437.7187500000
133498767.3818815798 1275776.9628906250
135133994.3442947865 1343524.5527343750
131631208.6464093179 1043856.7656250000
131946826.7595896572 1112364.0385742188
133925413.4602710754 1297961.1708984375
132617196.8357653767 1203168.6958007812
131644261.5918005109 1047022.0097656250
131608714.5857228041 1036417.8964843750
131827336.8741191328 1090651.3437500000
131557806.9548611045 1017990.8701171875
131856204.1141961962 1097129.5966796875
134273246.0003425479 1314338.6025390625
135427262.9754107594 1349233.8935546875
131534074.2075033486 1009276.1289062500
132960175.5637403727 1235949.9150390625
132635380.1524006128 1204003.5371093750
133828627.5786297023 1296056.4375000000
132638745.8869660497 1204421.5351562500
133679342.9220941514 1286249.2822265625
133450009.4769407660 1274625.0820312500
131381992.6989959031 941621.6513671875
135406434.5627235770 1346646.2265625000
131958501.3627835810 1115553.4833984375
131958501.3627835810 1115135.4853515625
131958501.3627835810 1115508.8486328125
132707824.7560267150 1212162.1821289062
131835390.3290187418 1091540.3789062500
132775350.8419505507 1218741.7944335938
132713402.6791919619 1212756.9516601562
131500296.2746150941 997254.4648437500
132212976.8811558485 1153102.7001953125
132264112.4105298966 1161602.8066406250
131952180.2509317249 1114636.5405273438
131398117.8844501823 951165.1425781250
132140429.3053721637 1143034.0068359375
131360379.2589041293 922395.1552734375
132568237.8197968304 1196303.3896484375
131932569.0639327765 1109977.6826171875
132552266.6917613894 1195186.2182617188
132729373.8072273731 1213415.0214843750
131814957.7716003805 1087987.4482421875
140254518.0993965566 1399554.1679687500
150551079.6119655967 1434048.8281250000
133293287.9208649546 1263325.1845703125
133234124.3694238961 1259792.1347656250
131371156.3515370488 932780.7773437500
132227469.6030679792 1155637.8583984375
132409904.9171680808 1177698.9565429688
132328824.0542493612 1169250.2900390625
132549800.3501497209 1194672.6748046875
131496492.0809523761 993784.4843750000
131531478.8021052927 1007415.4663085938
131825910.5090709627 1089515.3378906250
132199906.6391944885 1152192.6630859375
131388032.8266149312 945738.3007812500
132524603.0374730974 1190572.0292968750
132947873.9757622033 1233840.6879882812
131685079.6691634804 1058442.9208984375
131445180.2857726365 973351.4404296875
131882136.4130470157 1102540.0253906250
132589533.1814770997 1198513.4033203125
132109027.5333684534 1137667.7617187500
131516380.6963883787 1002313.8706054688
132140429.3053721637 1142616.0087890625
131607019.9990373254 1035256.8828125000
131805107.2452586591 1087213.4013671875
131805107.2452586591 1087004.3876953125
132280319.7672155201 1163402.0820312500
132313623.9556958824 1167458.3193359375
132269690.3336951584 1161779.5781250000
143905820.2386533916 1407086.1474609375
131731825.7531917840 1069541.9775390625
132109027.5333684683 1137853.0136718750
137213551.2420270443 1367558.9638671875
131701072.4263077676 1064207.0644531250
132178811.2278691381 1148090.6728515625
131789496.1442554593 1082276.2822265625
131760197.6128548384 1077803.2578125000
131466155.9158865064 983013.1030273438
131781000.8766671270 1079896.1806640625
131713451.5288265198 1066870.9599609375
131793323.8755927235 1084846.5439453125
131902939.6768593341 1105025.4072265625
132197068.3641472310 1151901.5244140625
133101334.4714339375 1249191.2617187500
132595111.1046423614 1199108.1728515625
131550356.6322242022 1016437.9755859375
131758361.1612303704 1076027.7480468750
131495629.5985657126 992410.0004882812
132358795.1505765021 1173406.9951171875
131428491.8102292567 965867.9584960938
132295519.8657690138 1164543.3339843750
131410160.0160236955 956135.7011718750
133426503.3321094066 1271774.5605468750
131683417.1862338632 1058259.8437500000
131746577.7915644348 1074123.2597656250
133200075.2343023866 1257163.4306640625
132854561.5868854821 1225539.1967773438
131695325.1144217551 1061735.0595703125
137791491.6521998346 1381277.6484375000
131438576.8680645376 971294.8002929688
133194497.3111371249 1255506.2412109375
133047760.4802783430 1243323.5361328125
131563049.2968085855 1018722.9326171875
131578049.3886142671 1025079.9501953125
132295519.8657690138 1164961.3320312500
133194497.3111371249 1256568.6611328125
132368417.3259647489 1174371.4755859375
131472717.2267931104 985789.5175781250
132118199.6765117198 1138861.1591796875
131375568.8162999004 935924.8916015625
131413580.4760903567 956333.0009765625
131604417.5266868472 1035169.7812500000
131507746.0547475219 998700.7250976562
131372148.3562332392 934708.3183593750
133293287.9208649546 1263334.7529296875
133061607.3579690009 1243499.2182617188
144497086.8062924445 1412834.2246093750
131459211.7088912278 979146.1025390625
141813156.3986139297 1400033.0742187500
133041036.8154654205 1242095.1870117188
131930805.8144187480 1109677.6669921875
132514209.8326029181 1190467.6254882812
131581174.6549943835 1025441.6049804688
131944720.2097394019 1112341.5625000000
132076223.5340367556 1133623.8632812500
131418752.7252768874 959016.4448242188
131982841.7665482908 1118194.3574218750
133067185.2811342627 1244597.7241210938
131384612.3665482849 944521.7275390625
131425071.3501626253 964651.3852539062
131419680.5507847667 961370.5195312500
131423101.0108514130 962587.0927734375
131645402.6453367621 1047243.8203125000
131557806.4123566300 1017884.2358398438
131436672.5551347733 969176.9931640625
133061607.3579690009 1244002.9545898438
132508631.9094376713 1189872.8559570312
132508631.9094376713 1189454.8579101562
139236787.4622919261 1384990.9130859375
131595966.1008217335 1030944.5180664062
132920448.4502754509 1231352.5991210938
132373995.2491300106 1174966.2451171875
132741784.9240646660 1213891.8208007812
135219818.2418503761 1346638.8925781250
132806715.0680686682 1221476.4409179688
132801137.1449034065 1220881.6713867188
140020230.1163479388 1398133.1162109375
133741282.8010282367 1288047.4892578125
131925169.3057197630 1108525.5957031250
133286479.3883038014 1262270.7978515625
131890697.3170256019 1102931.4189453125
133504723.3993336111 1276311.5458984375
131982841.7665482908 1118632.9902343750
133292057.3114690632 1262865.5673828125
132672452.3654836416 1207169.5922851562
131735766.4355209470 1069571.2080078125
131689020.3514926583 1058953.1728515625
132986552.6054098457 1236715.0981445312
131689020.3514926583 1058699.8173828125
132012830.2762780935 1124213.7197265625
131881266.4006693065 1100287.6064453125
146395694.7099692225 1415208.2441406250
146045750.8570118845 1415111.4677734375
133914884.3905972838 1297402.2431640625
146525730.5366593003 1422065.0341796875
132161207.3270909190 1145271.8798828125
132131075.0453587174 1141358.8916015625
131982841.7665482908 1118379.6347656250
132146007.2285374254 1143628.7763671875
132012830.2762780935 1123795.7216796875
133912087.0879887789 1296187.5410156250
150757535.5274991691 1434348.4941406250
132028030.3748316020 1125856.8232421875
132028030.3748316020 1125624.1025390625
132028030.3748316020 1125438.8251953125
134320021.8669893444 1320052.7519531250
142790798.5457273722 1405008.8632812500
133940605.1003204286 1298240.3554687500
134386667.6220523715 1321285.6582031250
133945354.8085871935 1298245.8808593750
150258247.8583073020 1433570.7304687500
149738339.1031352580 1432516.8164062500
150030536.1855390072 1433026.2792968750
149817279.4972405434 1433009.0341796875
136495801.9866783917 1360348.1621093750
149360332.7268066406 1429179.6845703125
148234806.6601713896 1428234.5712890625
148876591.8631386161 1428542.5068359375
148806003.0698907673 1428297.1650390625
