50892646.5153238997 3014.2305410381
54219445.4386540577 4916.2246322632
54482237.4607397541 4954.5339775085
54821756.6832833737 5011.2450447083
52215288.5377008468 4212.3822381496
57424602.2658527270 5150.9977607727
50781008.9915423319 2767.1129400084
50736371.5992174372 2676.1538818572
51169680.1605888158 3391.3274804205
52012382.1135192961 4087.3880407810
52047730.5048128963 4109.0445320606
52140765.7392565310 4190.5406305790
50671941.7471472025 2411.7684766054
54567565.3473950922 4975.6786060333
54537812.0678099692 4973.6743564606
54173457.5044105202 4903.4513149261
54282862.0599258691 4923.6384296417
54345933.4476623386 4925.6869602203
54257419.6146341860 4918.9054279327
51780973.2560873330 3927.0756692626
53406303.2951287031 4721.5226516724
53330226.8742471784 4687.6772041321
55998440.2721885145 5094.6711311340
54919257.7425921261 5018.8776092529
51837600.5123083740 3948.1023937929
51779241.2644969970 3921.5601908434
51828199.2082832009 3931.7500187624
53925836.8925323188 4841.2121276855
53518350.1516120732 4749.6166973114
54673746.2441349626 5005.8492164612
56221830.2274671867 5116.2241325378
54971807.5450897366 5031.4069366455
55042868.2761605904 5037.4748611450
53818232.9529973119 4814.6743278503
57196082.4069195837 5144.0124168396
51316775.2949782833 3512.6257321686
51084825.0183360055 3293.2163375467
56929872.7375892699 5137.2261924744
51446700.8981677964 3633.6841351055
51618867.4806425422 3778.1613258757
53403380.6248584241 4706.3776550293
51239862.0851761624 3446.1278562979
53852081.2832909226 4826.1891689301
53616049.2416146547 4769.3060474396
51277541.8835324794 3495.2548618750
51289035.0167738050 3510.9979784936
51282872.7403084338 3502.7321328968
51011232.0148839876 3212.5800868731
50655490.9022376165 2199.3524661324
50656124.6015957668 2206.0848032011
50647119.7315506637 2195.9186861775
51071646.9047243968 3264.0146133392
51248356.2375236079 3456.3226952627
51814513.9568180665 3930.0801750720
58964038.2043524012 5201.4521446228
51652926.5537789389 3835.0942417681
51583681.3368648440 3749.6622204781
53657008.0869417191 4786.2156410217
53949637.4973405153 4842.8055725098
53168221.8480737507 4653.8524169922
52229790.2838788405 4226.7928050160
54225248.4805887938 4917.6914749146
50647620.6396929771 2196.6169837973
50657102.9392497018 2305.1907819603
50670893.3588379845 2327.3243767023
50665535.1301094443 2318.3312370130
54446666.1315163299 4952.5138206482
50734774.8246772289 2664.5541300871
50792055.0973865762 2778.0540133249
52491697.4698988348 4366.9376237392
50847772.4075999931 2904.4183292836
53555379.6946781129 4756.3416061401
50736201.7997496650 2668.4850476771
51167507.5576709434 3390.2199411988
51193443.2848508954 3399.1101458669
53223388.9851879179 4664.7461757660
57963968.4498313516 5171.8206977844
56025771.7482217923 5099.9876289368
53376104.5144106448 4703.7481613159
54357015.9294680655 4925.9836654663
51198581.0260084644 3401.4990090562
51158147.2667054310 3388.0526896566
51207009.1069535166 3411.9349052906
55483084.0529763550 5066.8013725281
51758787.7141328976 3895.0139306560
50788322.8873815760 2770.0466007683
52486868.4874221087 4366.0225104690
51331112.6959820017 3535.0119520575
55787931.8998252749 5094.6484107971
55573128.5042041987 5083.2394371033
56026052.3396527320 5101.1381416321
51040803.6221836209 3239.1391923814
52592387.6915438101 4428.3375310898
52817596.1362141669 4510.4034986496
50900832.0281566009 3093.2336826418
51115735.4385514706 3315.0060095130
57091960.4030100927 5141.1306571960
51611457.0476846099 3777.9775402802
51748443.7929814532 3885.1325140256
54598700.9301936179 4982.2645950317
52069218.0145379752 4113.5357108116
51140508.4712093845 3351.7314826697
50996708.6888000146 3205.9410441159
50890263.1158177108 3010.7508152300
52084328.6951640397 4149.8334713625
54423656.5009247437 4951.2431068420
50764371.8430083469 2681.6404946833
52107134.0250377581 4156.8248610497
54588129.4569416866 4979.0741577148
50837913.4891846403 2900.2844652415
50864525.8359731436 2966.1713892798
56759256.0551085398 5136.3968238831
50805186.3413603827 2865.1487052931
50811690.4549604505 2867.9106652121
50815890.4695513770 2878.2181734424
50821267.4594988152 2899.8299866945
51990238.0602575764 4072.3722435236
51959097.4840252548 4052.1013615131
50672682.4650502652 2440.2759284512
56021730.7058239952 5099.0052909851
52406230.6685449183 4334.1687853932
52443585.9223198071 4337.0170156062
52194014.3692922145 4208.8231034279
54139467.5249451101 4898.3621177673
50915874.6930932999 3108.6642305845
52288205.1378885582 4271.9516904354
52310532.7844232246 4291.2438802719
51253260.5721337423 3458.9738707058
54903978.0397107676 5016.9350624084
52269378.1727151126 4268.5544171333
50657769.6981955618 2314.2060501575
52139322.3256299794 4177.2786466143
51033348.8916801140 3235.9024227380
51832200.2225183100 3945.3638633490
51608007.7543401271 3760.0669816480
51178997.5522830412 3397.9927741140
51564887.5144665316 3730.5555428267
52788401.7583260462 4509.7047414780
51741355.8263179660 3866.1343464851
51892603.5807295814 3973.5316031203
51853996.0167914405 3973.4856834412
51264310.1766538471 3474.6969722852
51122089.1442597508 3339.4399082035
51498203.8838475868 3699.4001835585
57516179.8154041544 5159.0689048767
57113063.9706216678 5141.4067802429
50688488.6025545150 2520.5044379365
50706477.7222752050 2560.7273878399
50637504.5239552110 2103.7110942490
51252712.0507598892 3457.5136529654
51468796.9167543948 3667.6809209585
51481664.1945032999 3669.5500961710
51714386.1505179778 3846.9804730415
54394723.5919699147 4936.7085304260
52757342.7705731764 4491.5690474510
50687349.2054062560 2447.1228184835
52024128.1789239570 4098.9452002048
51464213.8189233020 3666.0741045326
50712877.9857554734 2566.9603697439
50732125.5856689438 2578.0282526272
52948702.8423748836 4555.5924994946
51512008.2466918528 3711.2186018480
51697623.1039161161 3841.7112976909
50878291.6881851181 2999.8822336197
53910999.2443280816 4833.0562686920
51081936.7037621737 3268.5586761607
50880123.0053348914 3001.5072237968
53451947.7347682863 4727.0377845764
50720533.4529838637 2568.6605501431
53478896.6182463020 4744.8948764801
51254162.5334322006 3464.3250331953
52160146.0225613266 4193.4051680565
56674884.2551554516 5125.8087272644
51112374.5775332674 3310.1680739969
57597889.1788149327 5164.3490791321
51992291.5277534053 4079.5309720039
52001297.2498700023 4082.2927133105
50748592.8578455374 2681.2201755736
50778455.3334070817 2689.4295417625
53369086.9180042893 4694.1708526611
52746895.3014686853 4484.2356810570
50915348.3688712791 3100.5142500952
50909684.4998832345 3096.6029930848
51722711.6637735218 3856.3706845045
51018483.7818987146 3228.4127828926
54510079.4597155526 4956.5788345337
50888485.5533485264 3006.4670283794
54912419.9037126824 5017.2817802429
52931706.8362854421 4548.7432117462
53110441.6675524265 4607.4647679329
51837822.0687793046 3952.2232604176
50794720.7517257184 2782.9047555442
55108131.1185973883 5051.7761344910
50888336.1965500116 3004.8354355909
53993867.8931879774 4855.1981525421
51849079.6371610314 3955.7583613396
52347587.2513046712 4304.0643186569
58043854.9491292462 5175.3354454041
50767373.1054556444 2689.3093288634
50865187.4944254309 2984.9089445844
50818647.2721413672 2885.6195240498
51553547.2928529158 3725.7333233356
50985749.1360787004 3162.4277161732
50860239.7720570937 2963.3548413391
53652259.9706613496 4777.3762626648
52975450.6229577214 4560.4635083675
50928440.9754582644 3117.7565507058
53552587.4870622829 4754.9799289703
50943630.2695005909 3137.9641773477
50970016.4528377503 3146.7881877795
53837582.8747085333 4814.7555656433
57452611.1426601186 5155.9665641785
54003933.5701124296 4868.7172431946
52345880.2217731178 4302.0121660233
52293365.2674745694 4289.9539973736
52588325.6251058877 4412.6815204620
52330679.9685747325 4298.6216630936
52372250.9115293920 4317.6955871582
52185271.6518352851 4196.6540629864
51907584.2391157001 3995.2270002365
54364678.9899328426 4933.3854751587
52688506.9511674419 4449.2683479786
53673055.1267087087 4793.8313407898
54359691.8574295416 4930.1950378418
52690859.5819587857 4454.7248940468
54046692.9037730768 4877.9399986267
51917939.0469802395 4004.8725862503
51945270.9971799403 4044.6160914302
51841676.9291242883 3955.4259257019
51895884.9110668600 3983.6414093077
60053019.0974873230 5219.1322364807
52459041.6765534356 4348.9427237511
52465592.1308516636 4350.0648297071
58691078.3437194973 5195.7429771423
56342889.2376270220 5121.3243598938
52890420.1719343439 4536.2622127533
58658505.7654374167 5185.9755744934
58141806.1461749449 5179.5322456360
55266793.5135721266 5059.8660240173
57335858.5683264211 5147.8501091003
52763452.9672330394 4500.0437059402
53306260.3290528208 4683.2958068848
53137060.1347457469 4646.5052642822
52984427.4010324106 4564.2159194946
53113788.8873879984 4621.5718421936
52998090.3310892060 4590.9969680309
52963989.2010364681 4557.7663551569
52457936.6636232734 4346.7609684467
52680120.7271305174 4431.4051947594
52187834.5715344176 4203.2662320137
58569618.8325704560 5180.5680580139
53006246.0215932876 4605.2194671631
54616926.9512274936 4988.2969131470
52741353.3885124624 4476.1000021100
52097187.8216286302 4156.7891018391
57736211.5018771365 5168.9596595764
53128867.7879672721 4628.5812578201
57205779.2963870168 5145.0482292175
52680731.7605773434 4445.8794054985
52725225.2178468704 4464.1551837921
57185776.5802277476 5141.8486671448
51727009.4502621144 3857.5416460037
59673427.9851558656 5201.8297080994
53233644.7892647982 4672.0330543518
53113687.2657960355 4620.6339855194
53118632.1287948191 4623.9087762833
51537616.1452904493 3722.2640571594
54875966.9480655566 5013.5804786682
52912635.0875570625 4545.8324365616
51552442.2799227610 3723.5515680313
51648680.2093129009 3811.0556183457
51572068.5886165947 3737.4153716816
51524567.9402864948 3716.9035374299
51501774.4149695933 3711.1512064934
51394202.2153113857 3601.7021460189
50900645.6270205751 3024.5955552980
50860199.2499022782 2915.1354112551
50959211.4236225709 3139.9636466876
50959767.8846144527 3141.5223867074
51345246.4199631438 3570.3829597235
51404948.2832444608 3603.3944758177
50939259.6561781392 3119.7547406331
50973543.5931362361 3154.7127233669
51607221.8416746408 3753.4016879544
51459688.8157998323 3634.6571918920
51371245.6924884915 3586.7268225998
51497892.8640632555 3678.0347821563
51331741.6415277570 3562.9325006306
51366827.8316753879 3571.0881712288
51461472.9427391440 3646.4822442830
50876517.6695568338 2985.9826242913
50940773.3764367923 3133.4305938929
51331189.4804580435 3547.3296084702
51236760.6223665848 3437.0534622092
51108401.1836648360 3306.9554061741
51046490.6689267159 3250.4552225918
51225753.5689103603 3434.2861303687
50697627.0015826672 2549.7360724942
50795642.4701250568 2787.6215929182
50779774.6895214766 2689.6691524298
