55050394.5565891489 4747.5634040833
55550061.4423044473 4758.1856288910
55596397.8681168556 4775.3209838867
54804388.1816583872 4695.4633007050
54868101.0906349346 4697.6403765678
50986716.2164942101 3043.3719264829
50971492.7645162940 3039.7168663778
51466706.4588086456 3493.4739688673
51303774.7188077345 3369.7680289038
51464822.0488422811 3479.4198931250
51513370.6340365186 3570.8655602374
52147191.0512009636 3917.0554221348
52325894.8178672269 4032.1126225666
60352705.7739227042 5087.1897621155
59676476.9638073221 5062.9192008972
52477570.8428376615 4072.1511442363
52386326.1783226430 4047.8779859245
61867652.5861120895 5108.6271018982
62141088.6052077562 5108.8844337463
61757774.0888297781 5107.8653221130
51219179.6795561388 3277.6057244339
51179017.3620995581 3253.6885073185
51192213.6015967950 3266.4561774135
51299427.9136718288 3362.7972545624
58570598.3458692059 5027.9214744568
58025321.7521655485 5013.5686759949
57442665.8864836246 4990.1111412048
52726980.1051656902 4200.1826508045
52610951.3078352809 4124.1467638016
52519991.6683530882 4077.6909525394
50847524.9247515202 2826.5510802554
50940971.0093897283 2936.0297258511
52066341.1660076007 3858.1132613402
52060547.5711477622 3846.1704109553
62374884.7153569013 5131.4561805725
62820369.6377784312 5131.6939048767
54574969.9086675644 4577.8944017887
55051433.8873711154 4748.9628734589
54545557.0754717216 4565.8227701187
54620524.5429647639 4634.0788917542
57740046.7992241979 4996.1936836243
57067806.2547890171 4959.4217910767
57535827.4342940226 4993.4669837952
59139719.6997656599 5037.6544532776
50910861.9874160364 2923.2735780762
50945906.8411183804 3007.5232521479
53194665.7065776289 4348.7980325222
53540514.5902891755 4447.0587565899
53345176.6996365115 4389.9011054039
51098759.5818299279 3147.2608411713
52560670.6821993440 4117.7416374683
52556685.1468274444 4108.5872204304
52799732.8217774034 4217.1897919178
54748071.5130861327 4649.5071849823
54646079.2992002070 4640.6515712738
61254869.2913803384 5105.4560432434
51605702.4765187278 3593.2519261241
52130390.4842654243 3913.7806313709
51983737.3610692918 3802.0933525563
51373904.3350344524 3436.7099827613
52823040.7899724767 4225.9472115040
53023964.9008224830 4310.7953388691
57021833.0630517453 4951.5462875366
53014364.4053543136 4276.5390942097
52684262.3948534951 4184.8721263409
52966993.5186882392 4266.2625751495
52954821.5597496927 4243.3406360149
52780653.3677849770 4211.4353644848
57232503.4712658972 4971.6594581604
53421584.4801552519 4442.5718147755
53374911.7795513943 4435.9065210819
53221447.2810743675 4363.1498022079
61145391.7979144454 5098.2995185852
53996593.8025767207 4492.4831268787
54330560.5463546589 4526.5524101257
54124801.9951314479 4495.5431327820
56325757.4946342036 4875.2277717590
56410744.8289695755 4889.0889568329
56371829.8922206536 4888.1628112793
56524921.5117157102 4934.7520980835
56471909.5801370814 4915.3859214783
56262824.6244734302 4870.8092536926
56014634.1861613989 4833.8465385437
56261307.4348512366 4864.8558158875
56244846.6457182169 4850.2986259460
53178590.6670179740 4344.3110907078
52851668.6044129655 4238.8545119762
53242997.4196346775 4378.3882513046
51369761.5330169871 3383.4304535589
52459621.4703440145 4061.5968007743
52377284.6598875672 4043.2836610377
52415359.5385651439 4056.3029978219
52245489.5337538496 3995.9863909129
52473846.8398973942 4065.5549164116
56701445.4915401712 4944.4980850220
54138388.2278782874 4514.9401926994
57957974.9849279597 5004.8963966370
50786312.7639283538 2761.7780834076
51884792.0582816973 3778.2390963838
51749178.4884645119 3679.8806227967
56435699.6151861697 4913.3721008301
56502228.0860862359 4919.0198020935
56173715.8651977256 4836.3294134140
51780721.7602300793 3766.9811364320
51354320.6691331491 3371.8624369302
51365027.1060400754 3377.6404620507
50864237.5031209737 2826.7034550631
51299567.2399029285 3363.8354050717
51437360.6390616074 3464.5552385054
52810682.1148239598 4224.8966112137
50743400.5945323110 2676.1538818572
58755346.5714214072 5028.1095962524
53177086.9127680138 4336.6018931866
50661494.2325070873 2119.0282111652
50671850.1840829924 2235.2735088701
51270700.5895705149 3327.2544069780
51399884.5009006634 3436.9565330037
51268205.2970996797 3327.2158619455
51634426.1212724298 3655.6513402519
51734901.0432933271 3675.7876303003
51812028.0872596130 3769.5622303293
55573779.6113816202 4770.4166221619
55644880.1324055642 4815.8964462280
56198116.0383355319 4845.3437805176
51275100.0239280909 3327.4607526549
51259662.7500593215 3326.9655953452
50719571.4999951646 2470.5434221760
51627591.8988363519 3638.7975456968
50884922.7852151021 2910.1466438659
50741071.6662517861 2580.8309542956
50927140.2041283920 2935.0715613808
50918174.7280001938 2931.7687731100
58439817.6959764957 5020.3284492493
51443238.3393606916 3467.7167105300
51407014.0266135186 3464.4419197661
51463496.5016320050 3479.0902541914
51986615.8308184594 3826.6998642627
52151299.0425068811 3946.0590777397
51659455.2413801476 3675.7391261412
51634830.2930710837 3658.2324341491
52221586.0114776492 3971.8442631662
51991103.1374578848 3844.1842426043
57144953.9035358205 4968.4695320129
52048235.8722721934 3844.5605510455
52203738.3657461926 3956.3180180490
52359753.5198044628 4042.1263864879
52074489.3742199615 3865.7358838897
52064971.5767788142 3853.7690097671
56010709.4700418338 4827.0192070007
50666120.6726504490 2225.0005583824
51946749.6001648828 3789.9767448530
52120209.4459799379 3899.2392067389
52528370.0713531822 4086.7887108326
53958448.5466995612 4479.5227849483
51365742.8202299699 3382.8331677869
52641161.4859199300 4156.1819078922
52716261.9967675582 4190.1573088169
52179155.5038613603 3949.6408213358
50714212.9930673167 2431.9558199667
50715314.6539457515 2432.5912606292
51143425.1928381920 3171.5503123426
51163005.7771054059 3251.9780892730
50664555.1136064082 2220.8973095338
50670094.3849025369 2226.0136591363
50661676.2139894888 2213.6845945976
51143959.9737753570 3173.2162270150
51277638.8562373370 3353.7360732160
51014427.6272814795 3117.7360694734
50818418.9706011415 2800.6864632964
51356570.3329715207 3376.8048000225
51010132.6235154197 3116.1304511158
51144143.1635486409 3217.8448250697
51147246.7291289270 3240.0518956585
51108722.5802970529 3158.6846852703
51102307.7259408608 3158.4602611465
51131938.1183614284 3170.6108788848
51020456.0048948154 3141.4678715506
50726880.2100336477 2567.3138391287
50970809.1903866604 3018.4709680268
51074464.7370093614 3144.2055628128
50919927.9493384808 2933.1908256752
50827914.5747360587 2800.6910514608
50676429.3917463422 2329.8569442802
50693231.8755018860 2422.8238236480
50835253.4850380123 2805.1522351844
50815684.5033482984 2781.3611041835
50772165.4189323857 2678.5172879011
50779774.6895214766 2689.6691524298
50719357.3392073363 2433.3544788584
51016392.0874706432 3121.7157886546
50958742.4676004723 3011.9273544127
50724859.8433367833 2521.7879046449
50670753.6547579765 2235.1659609550
