91174456.2817305923 333841.6408252716
88656785.8499355316 277274.4572084546
90335262.4104756117 321577.3943126202
88733342.4139368385 281248.5452154577
88768403.6272311658 284386.3021665812
92322939.9639545679 350938.4833507538
91012556.5541258305 331861.9552711248
91821388.6638308167 343024.3074038029
90930937.1009426117 331116.2332401276
90978421.8558800519 331421.7686557770
90463666.7551193237 324902.6202932596
88119908.4622236639 251647.6439438611
91296147.7374781966 335649.5342672765
91784813.9598670006 342077.5664043427
91399083.6197483838 337948.1950491369
91564932.0018903911 338814.6835789680
91609602.5532857180 340870.8011757433
91571600.8672573715 340830.9911882877
88756220.6785106063 283799.7077104449
90879026.5769803226 330460.2764701843
91043856.4343688190 332362.1992943607
91096423.7803942114 333763.5232098401
95008108.3666436076 375668.2490234375
93873045.4978468567 368350.9534606934
94416189.0668686926 371790.1595153809
93441419.5475338846 364573.0072631836
93187014.2289613336 361677.3214721680
93177286.4894352108 361219.1450042725
88042487.6890168786 244798.5282375365
91753429.3894422352 341737.6124599874
88702795.7619908601 277362.2228069901
93727739.2264751494 368035.6203613281
94175151.5580456555 370462.1914062500
92321452.0070202649 350501.0354881287
94567157.9599008858 372800.5784301758
90519476.7358611077 325151.0327262878
90191964.8622848541 320839.0622653961
88628278.4788950831 276302.5672654837
91256372.0571000725 335421.1255685091
88964288.3860612959 289502.0928819180
97285833.4235814959 382309.5449218750
90321253.4121716022 321152.1664190292
89984962.2400262058 317340.9446437359
92709841.5039180666 355464.9576387405
94932737.6808458865 374529.5681152344
93316253.7903543562 362821.0588989258
89878207.4412543327 313478.4932545357
88971160.2854835987 289881.8284358978
94361520.7438187599 371500.9264526367
89679221.7215168029 309723.7719601326
89582259.6459195018 309359.7634878904
89631436.5937066674 309558.8499864571
88616002.7907674909 274237.9922793061
88606629.3472062051 273111.2447285652
91995485.0721990168 346092.7598815858
91503452.7641797662 338734.6954106539
91491050.0783675313 338474.6046056002
91941672.2850160003 344937.9490078390
91683050.3135770857 340962.1171038151
91871214.5409024805 343121.5500210226
91210678.5838875175 334179.0174520910
91691871.3518338799 341387.3246792257
91677545.9706773162 340947.9544247091
91898872.9494043589 343715.0403631628
91566279.2174676955 339264.0447567403
91918317.3095201254 343954.1001242101
91234125.6297982931 334476.3394440114
95500401.1163070053 377564.5239257812
95332697.8488744050 377073.1520996094
92604052.9003969431 353718.8272552490
91370595.1504946053 336231.6358307302
91897731.1977917552 343576.2833476961
92523978.7084553540 353587.7013397217
95616434.2039010078 378449.6333007812
95703035.3781277984 378648.5383300781
91791055.6832802594 342674.6248718202
95387616.0477185696 377554.9008789062
93602529.3079678714 365683.5087890625
93342482.4423013926 363115.9381713867
93092275.0210439265 360489.1322326660
95001496.9619745016 374642.8115234375
94313823.6572121978 371354.9362182617
93214366.5973712802 362655.8524169922
93019197.4683926105 359261.0363159180
93612061.5590784848 366176.7214965820
94498780.9860675037 372188.6665039062
95060762.9828924239 376474.4285278320
94191354.2270585597 370503.6440429688
97512311.4848731011 382582.6220703125
95782187.1092889607 379090.9567871094
92507070.7135634422 352136.7326822281
92794018.9845799506 357137.4861907959
93999076.4203504324 369790.9167480469
93394408.2142955959 364129.1261596680
94205307.2372960150 370687.1257324219
93491349.4263242632 365227.9458007812
92605966.8156130612 354618.9987792969
92937186.7762661874 359105.2280883789
92084309.4910557568 346638.5026552677
92262896.1959636807 349100.6966457367
95825811.3405520618 379783.0805664062
94134116.5782301277 370218.1386718750
96585645.2828075439 381322.7287597656
94792087.3779646009 374136.7658691406
96419517.6926503330 381103.1169433594
92416625.1975898445 351457.3606929779
92701425.7822406292 355334.8935098648
96375935.0284582973 379878.9562988281
94564879.6267129332 372677.1994934082
93990103.5727378577 368661.6912841797
94425060.9370384216 371920.2559204102
94699719.6442657113 373161.9250488281
94629890.2702746987 372900.9760742188
92626375.2150312960 355007.9850215912
95277089.3291787058 376485.0932006836
92233781.4814988226 348459.2876128554
92173691.3749108464 346774.0701389313
94920947.7649591714 374288.9074707031
94096727.8602824956 370012.4364013672
94727282.0050399303 373752.1550292969
92185671.7501268238 348327.7210263610
93390744.7311657816 363938.3772945404
93160816.1215924323 361152.8016719818
93070551.6896059364 359851.6424865723
93347731.5107110292 363402.2668151855
93244084.8901497275 362710.5572261810
92850821.4317945987 357733.3032588959
93114675.2022999972 361016.8606929779
93142201.3635591120 361057.4659614563
92777013.2926749736 356936.4332246780
92927213.5902689248 357798.6635856628
89930323.4033153355 315751.6420001984
89893794.5146787316 314269.6310520172
89919921.3200732172 314342.3602281213
89442676.8756029159 304425.6036741734
89440342.3649626076 304411.8713889122
89452846.2178356647 305254.2721594506
90942555.4674925357 331275.4749088287
89722564.7058477551 311825.9079761505
89842671.9648613632 313110.7441270947
90866031.1989336014 330132.4937157631
90794040.8126442432 329787.5059216321
90754902.8329588473 329550.7656974792
89817577.0222346932 312760.4563463330
89815644.7252185792 312413.7791385651
91355639.8704576194 336190.2953052521
89856954.0991864353 313401.8279924393
89701129.2668941766 311817.4720706940
90351180.5457481295 322339.1087522507
89371293.9167056233 304137.0167522430
91187755.2345342785 334006.5974223241
91314612.1625284404 335867.5749945799
91050957.1280751377 332596.9994330565
90070803.7261117846 318789.3239011765
90530212.7970054895 325388.1241493225
89287614.0442447662 300718.8233686686
89160831.3629493266 297202.8327406645
90448254.6468386203 324453.8487949371
90224667.3063061088 321018.2025775909
90074037.0895876139 318801.2923984528
89227131.4571612775 300696.2028547525
89459514.6015596241 307355.8077640533
90569528.5933489501 327299.4576206207
90547272.4607600570 325735.4532260895
91055153.0971020460 332628.9660695791
90393217.0522692800 324099.1210727692
90344813.9175782502 322100.6010629907
90740702.3660390377 328003.6336460114
90698773.4139580280 327857.3398990631
90754884.6216486990 328506.6550344229
90107440.1662784368 320331.5377597809
90187734.2132220864 320680.9860630035
89288117.4185307324 303490.5968074799
89512893.7844341546 307591.5122585297
89429450.9330856949 304138.3217817545
90364045.7543017566 323881.3226108551
89737080.4351441264 311877.8488559723
88852259.5710727423 285741.4253233671
89970076.1166114807 315833.2775516510
88837968.0275326669 285085.6043260098
88922636.3307916373 289009.4849412441
89069773.9373342544 292782.1286180019
89191449.5622984469 297432.7440843582
89816032.4287549406 312621.6691341400
89033483.7064710706 292623.6801927090
89070394.8040194213 296418.5609789491
88985191.0185851455 290135.3415500475
89051464.9769355059 292716.3636294007
88890288.3193062842 286013.6313475370
88415151.2319745421 264880.8048315048
88625997.3796530217 275759.1490404606
88521150.6056014895 271882.9148862362
88485668.4077346772 268846.0223608017
88108603.0281097889 248719.5685954690
88265061.0305334479 256338.8535520881
88285242.8440330029 259280.6373560429
88256289.0392094851 256272.1361113340
88080659.2055787891 248375.8794170022
88426391.9346337914 267924.9068856239
88332033.1738845855 264310.1203560829
88480289.1676450372 268093.6084496975
88214636.9839398265 255965.4033875614
88293095.6874105483 260760.3355050087
88491527.3384937644 271354.0709328651
88284796.4463004917 256612.6330664307
88464744.8408052772 268013.6331562996
88527941.9877117425 272603.7202229500
88195046.5400667787 252906.2207278013
88161839.6739399284 252511.7176153809
88136275.0526507944 251958.0338120610
88175339.7516117692 252521.3930359632
