89985599.6908428669 754660.1240234375
89970175.5703763664 749230.7749023438
89969953.1852400899 746921.0522460938
89949073.2088773251 734351.9091796875
91912189.4081783146 1006539.2841796875
89830500.5511797667 693464.0393066406
90204624.9695614427 813835.5336914062
90380465.8461207747 850978.9589843750
90341365.9390553832 846771.4101562500
90292469.8561445624 834738.7636718750
90198832.9896501005 813407.6284179688
90270574.6201967448 827629.8994140625
90226229.3074975461 820491.6494140625
90248674.4290521443 825618.0693359375
90281362.4536578059 833688.3339843750
90210381.8977125138 817365.8549804688
90231140.5951896161 823580.3964843750
90192127.4387021214 810696.7875976562
90149351.8219723701 801449.2231445312
90175228.1332020015 809951.1606445312
90148044.1333555132 799514.2875976562
90154184.1144075096 805214.1450195312
90135313.6019987166 797079.6547851562
91462275.7656141520 977232.1523437500
93338038.9979176372 1051660.9121093750
93132364.9059174508 1047968.3466796875
93007077.4968412220 1045979.3388671875
93082005.3996563852 1046925.7138671875
93098881.9811581969 1047574.2050781250
93041966.2411782891 1046642.2617187500
92938195.4683024734 1044145.0488281250
92977910.4497551322 1044187.8574218750
93541355.8016007990 1054976.4238281250
93320713.2236886173 1051590.0761718750
89812773.3470118493 682047.1420898438
89787740.8092063069 667489.7797851562
91427527.9311129749 973824.5283203125
91488018.0160866678 978585.4189453125
93199934.2151915580 1048489.8173828125
92501830.2890475988 1032494.5810546875
92460194.4413951337 1031178.3623046875
92673206.3571042269 1036943.4912109375
92191615.5927179158 1019725.5585937500
92223666.8549141288 1022185.9453125000
92550199.4536277652 1033206.7275390625
92455014.6023259610 1030587.6220703125
92359037.8093238771 1027605.4736328125
92328897.8980228305 1026588.0673828125
92404668.6433420479 1028679.7138671875
92255343.8097804785 1025029.8134765625
91302477.6243117750 967903.2841796875
91432825.6903912574 976561.6845703125
91300405.1036311090 967596.2968750000
93118337.9554437250 1047837.5771484375
91907292.8244362175 1005612.5126953125
90371436.7067995369 848798.5957031250
90355869.5758748055 847642.5151367188
89792532.4759135693 674841.5136718750
91113081.2516895384 953722.3251953125
91024479.9840961248 946361.3886718750
90694286.4776310176 909863.3203125000
90380580.7158943117 854435.2060546875
90274026.0601843446 829338.6640625000
90335436.7968859822 844843.2416992188
89877668.2787316740 713787.0571289062
89752909.5754995197 642317.5793457031
89772715.4872142375 656900.0148925781
89769332.4169912189 655309.4719238281
90934391.6203720272 939087.2978515625
91140004.0590704530 955022.2099609375
93134936.3741040975 1048142.2880859375
93207987.6691727191 1049668.4658203125
92852510.9967006594 1041760.8193359375
92786099.8765677363 1040736.4062500000
90910513.6856164336 935773.7578125000
93313193.1483634859 1051329.0292968750
93161479.9653631896 1048322.7167968750
92179781.7564918548 1019288.1416015625
91491002.5032363683 978660.8818359375
91702988.3112018704 995446.8662109375
91497541.8491846174 981317.8798828125
91554709.9024665952 985821.1396484375
91544387.7669807225 985205.9638671875
93816891.2076815814 1058097.4199218750
93830643.6674541384 1058261.9072265625
93762615.1354371160 1057807.5869140625
93535221.3825249970 1054782.4091796875
93472327.1373545527 1054058.5957031250
92758571.2738043815 1039399.7695312500
92785667.3689856380 1039705.9501953125
90726606.5429750085 914346.4487304688
90310024.6288785636 836345.3671875000
90716180.0712222755 913407.1386718750
89778190.6221052855 661272.3916015625
91907694.3818691373 1006021.5195312500
94103461.8976528347 1059967.2421875000
91938309.0463338494 1008217.7158203125
92007749.7086938024 1011815.4003906250
91763222.7520499527 997578.4238281250
91672919.2856672406 993690.8603515625
90465526.9621060044 871527.9716796875
91496323.4762905687 980672.1787109375
90012383.2851467729 760712.8896484375
90005999.3585616350 757139.1743164062
92137993.7538690120 1017569.6875000000
94113265.8913858235 1060364.6552734375
94039158.4174281508 1059867.3974609375
93871083.6945525408 1059432.7119140625
89853772.0635422021 700164.7255859375
94316514.9765850753 1060968.3408203125
89946776.9881971329 734151.4345703125
90622641.0178439170 897874.9580078125
90101924.9152243137 788953.3540039062
90037720.4171766788 771773.6352539062
90056981.1507897079 773803.5942382812
90106602.8387231976 789004.3637695312
91977471.3213479519 1011291.5136718750
90581035.3991686553 893585.9960937500
90625399.3053085655 897887.5400390625
91652745.7031212449 990645.4375000000
91598654.8189804107 988030.5263671875
91615855.2275641114 989438.5263671875
90599873.0395799130 894482.2519531250
91466925.0188155770 977568.0292968750
91122393.5095093548 954590.0087890625
90310986.9520249665 841594.8989257812
90324100.7945264876 842719.9482421875
90035778.2330980301 765459.2387695312
90918899.9332665950 936176.5810546875
91691642.0384482890 994011.1894531250
93038208.0091641992 1046613.9033203125
91088163.3571402133 950800.9980468750
90887926.1430204064 934094.0361328125
90875401.7892750055 933917.2568359375
92827872.7174393982 1040779.3505859375
90397825.1882841140 854543.7817382812
90456932.8962092400 870141.1357421875
90430720.4954594970 865618.7382812500
91102495.0545901954 950888.8232421875
89856649.6813495755 701772.5927734375
89825583.6545636654 688404.6750488281
93270348.4693554789 1051298.3056640625
89953168.3275481015 741061.7958984375
89958477.3082816303 744317.1660156250
89735169.3730244040 630342.0695800781
90688727.0366495997 908507.1494140625
90684614.4901598841 907865.1479492188
93497629.5754088759 1054525.3515625000
90121686.9970995188 793658.5649414062
90449382.9523919374 869493.9409179688
89816998.9903957099 682321.7341308594
89806893.5556943119 680449.0993652344
91472255.6846228838 978438.4375000000
92576791.6188331544 1033720.6210937500
92730729.1216790825 1038019.5136718750
92596273.2401276678 1034996.7626953125
90731891.7921923995 916356.3066406250
90747352.8214571774 918706.4404296875
90737095.2622132897 918525.5947265625
90748607.8864517510 920603.3789062500
90746137.3240567446 918529.1396484375
90991399.0838598609 942243.8945312500
93245555.9063559920 1050778.3593750000
91020569.9006703198 945440.6523437500
94205853.7672963738 1060662.1601562500
91165509.6830811352 956540.3847656250
90696486.8538851440 911441.5986328125
91934524.8506821990 1006790.0664062500
92695246.9845748097 1037376.1953125000
89799723.2996535897 676600.9284667969
89828890.0729220957 693238.9399414062
93662512.2339692116 1056512.6240234375
93653555.5678857863 1056058.7314453125
93741347.5182134509 1057505.0966796875
89783214.5518538803 665616.2231445312
89782674.4468984157 663579.2583007812
89776416.2016190737 658362.4248046875
92628465.4970665574 1035193.8251953125
89833655.3157339394 694881.0607910156
90398752.0518095344 859474.5810546875
90030400.6970461011 764803.5126953125
91604552.2046807557 988158.8984375000
92208768.8425658941 1020952.9345703125
92056672.9533389062 1014068.0644531250
92128676.4829274118 1016805.0507812500
91763780.8889023066 998033.8046875000
90664793.2464338988 907244.2573242188
90605425.2567536384 897150.3544921875
89914937.8874329627 727230.3337402344
90030826.2176821977 765210.7294921875
90083478.5072509497 783018.2680664062
89824073.4971808344 687748.1770019531
92193641.3447684646 1019996.3945312500
90261923.4574243575 825748.6347656250
90552701.0586266369 890018.8652343750
91923490.9331729114 1006597.3447265625
89937627.5833774507 734143.1992187500
89929253.3996206820 732174.3168945312
89925057.4895809144 729287.7080078125
89910862.6990099698 724049.1396484375
89882929.7534218729 716030.9709472656
89845800.0553194731 699271.4755859375
89872103.0939308703 712386.0419921875
90436700.2003849000 865976.8959960938
90455498.9561753869 870133.1748046875
90609605.2821691036 897387.9189453125
89900444.5307028890 720516.7094726562
89900889.3653318733 720992.6240234375
89902469.7548646778 721687.2314453125
89866746.0334850997 706590.2426757812
89867661.8288119286 708247.1723632812
89902731.8703580052 721860.2976074219
89911836.9472186863 725065.1813964844
91752475.8705636561 996541.3652343750
89789338.2032090276 668712.0288085938
90036222.9858183861 768313.6596679688
89994219.9943498373 756925.6396484375
90052552.4276635498 772319.5019531250
90024288.4658271372 764539.2998046875
90417037.2508418262 861169.9169921875
90478472.5417274684 874303.4365234375
90445730.2615177333 868761.8779296875
90497753.8880076557 879538.5883789062
90527983.5987873375 884708.6123046875
90591474.8394178897 893706.5317382812
90529179.6259203404 887330.2402343750
90469327.1575088799 872815.4609375000
90605148.5007992685 896066.1542968750
90710647.3577982038 912925.4628906250
90569257.3467301130 892841.5874023438
91840652.8488455415 1003111.9990234375
91800283.8065932095 999900.2617187500
91955075.6420145631 1009920.1806640625
92025668.9668233991 1012509.8105468750
91339905.3037791103 970028.9560546875
91671918.0031103790 992500.2294921875
91175111.7404504567 957771.3583984375
90305790.5634834617 834753.6831054688
90143902.8394206166 798115.4218750000
89790322.3693154305 672098.1142578125
89827204.0822801590 690259.6828613281
90072727.2906504869 780114.2856445312
90095931.3168925643 785361.9653320312
92996492.5660811514 1045392.9833984375
93555993.8358206451 1055196.5781250000
94148476.7355733216 1060495.9306640625
94004127.0206869841 1059801.0126953125
92715988.5945985913 1037488.7578125000
91166501.0555185974 957415.0859375000
90993900.9024634212 944304.3398437500
92163273.0029096603 1018324.8457031250
92075899.0890917182 1014455.4238281250
91523586.4953529984 983074.7294921875
89766351.7573788017 643224.0073242188
91006210.9469763041 945427.9765625000
91044818.3173458427 949047.4277343750
91048932.1252015531 949444.0712890625
90009883.4686387330 759142.4223632812
89982187.2996160239 752523.7622070312
91188197.0692930073 958530.4697265625
92670472.4223579913 1036211.2031250000
90190870.1526044458 810357.1201171875
93691820.5543538630 1057373.8212890625
93667606.1143120527 1056810.1787109375
93244266.7943224460 1050075.9873046875
90492880.0574754328 877669.6416015625
90507269.6132801920 882532.4575195312
90846061.1873223484 930504.8984375000
90837779.8869474232 928038.6972656250
92074043.4885572940 1014242.6445312500
91646050.9139077812 990248.5781250000
91296485.2455286682 967172.5224609375
93392492.3706761897 1053327.3359375000
91376129.5670712143 973376.1005859375
90062132.5040740520 778499.3823242188
91790502.4788112193 998194.6181640625
92886990.4363189787 1043008.3027343750
92899651.7857425362 1043255.9140625000
91282803.9767464697 965779.5751953125
89765015.8885974735 642747.8894042969
91178856.5713895112 958426.6367187500
91339699.4925004244 970002.9580078125
91402352.5118719637 973654.0517578125
93438214.6657670140 1053864.7158203125
90840078.3511906862 928742.2265625000
91515757.4908031821 981590.1777343750
91254270.7340001315 964482.9208984375
91217370.4697418213 960803.9951171875
91146975.1281587481 955131.3789062500
90796077.4084478170 924522.8056640625
90811378.8165295273 927614.2148437500
90888779.3846511841 935580.4091796875
90965441.4688376039 941563.4541015625
91038205.7202132344 947816.4541015625
90943810.6073893160 940720.1406250000
90922075.1523288339 937668.4707031250
90805387.7066658586 925000.4580078125
93370034.6539383978 1053160.2792968750
