119533627.1304242015 1434522.4440917969
120976522.0322364271 1482169.3627929688
122937356.1027199775 1528921.0283203125
128106978.3907245398 1603975.7392578125
124123410.2668866217 1553050.1435546875
122146532.8079305142 1512529.7670898438
117281282.5871878564 1316815.9891357422
118918911.8064645380 1405066.0976562500
121560408.4314184636 1500539.6665039062
119850942.3520124108 1448516.4365234375
121535218.0029627830 1499391.6235351562
117847508.1345614493 1353609.2675781250
129866925.0303984582 1616336.6376953125
119971371.8669263721 1452926.8330078125
121228584.6557381302 1491161.8134765625
119497631.4086518586 1432279.5158691406
121109942.4800473899 1487413.2875976562
121218971.4866183400 1487897.1499023438
119996562.2953820676 1453970.0058593750
125182305.2345179468 1573285.2949218750
120469444.9455063343 1468876.6523437500
124420061.4759353697 1558589.5136718750
120978829.5307720304 1484137.8178710938
121860021.9769017696 1506618.1254882812
119558817.5588798821 1435565.6169433594
125697220.9615727514 1579818.7509765625
124132603.8605411053 1555184.9287109375
124503720.7432845831 1559576.6718750000
119922743.5946456045 1450015.7895507812
125577389.8777416945 1577031.4003906250
122356275.7718711793 1516966.1762695312
120531748.3879264593 1469179.9584960938
117560703.5029551834 1336176.6130371094
122279820.5267717391 1514172.4550781250
124420325.1496886015 1559006.0957031250
121694351.0663066953 1504498.6469726562
123809536.4740984142 1548518.7416992188
120100431.4079208672 1457824.0048828125
116690387.9723781198 1271387.1311035156
123715260.1684335619 1545673.9106445312
120692707.2139596343 1476143.1411132812
122009980.8073080778 1511722.0942382812
123578957.3702757955 1543836.6596679688
124169085.5967674702 1557338.1298828125
128905252.4456908405 1610688.1767578125
122205143.1808219850 1513375.2446289062
121556155.3789741546 1500051.9003906250
121876301.8461731225 1507830.2944335938
121876038.1724198610 1507405.0981445312
116812864.0042515844 1282743.7912597656
119530103.7267262787 1432710.7807617188
123922539.7276462018 1550703.4658203125
123937470.1083291620 1552397.5859375000
123849202.8033218235 1549625.5815429688
116879733.0504063070 1290347.6298828125
121964332.8255994171 1510227.6977539062
121732717.3371610940 1505288.4887695312
122688691.2203729451 1523771.5161132812
123783663.6342346668 1547945.6367187500
124977973.6801501215 1569514.4326171875
124218090.1760075986 1557785.7241210938
124020865.7019251436 1552968.1621093750
121510507.3972654939 1498557.5039062500
121323921.2315687537 1493397.6943359375
123179492.1505919695 1535508.1757812500
121690098.0138624012 1504010.8808593750
120385785.6781570911 1467795.9404296875
116822361.8044645935 1284254.4433593750
116927581.5244768411 1290942.3251953125
124742307.5338657796 1565828.1171875000
121689834.3401091099 1503585.6845703125
120448089.1205772161 1468099.2465820312
120236734.2060786486 1459661.2558593750
123160989.7189438194 1535218.6123046875
121487651.8417849094 1497455.6054687500
120571989.5104677975 1472774.0688476562
124581223.2832746506 1564026.0117187500
120705932.1453560293 1477177.3393554688
117227415.4915684462 1315096.5075683594
126592531.3449483365 1589570.6357421875
120006060.0955950767 1455683.4614257812
129145873.3968466967 1612724.8886718750
125762104.0685231388 1580589.6611328125
121669173.7642361820 1500593.2124023438
121694087.3925534189 1504073.4506835938
116524082.9512504935 1261768.3094482422
116760015.2809637040 1281441.2580566406
119658481.4755852073 1441226.2329101562
121673855.6740956157 1501275.0190429688
121374204.5991077274 1496720.2529296875
117117671.6682991832 1309272.8923339844
116263548.4406880289 1239322.7607421875
120314410.1594422758 1463808.4116210938
119612297.7913297117 1436662.9282226562
127729608.9097525179 1600014.3310546875
127896973.2560287863 1601138.8457031250
122870642.0002393723 1527103.1635742188
122998471.4565014690 1531411.3256835938
122974785.8866330832 1531399.1987304688
129565900.7103368640 1614508.4599609375
122350266.7712137103 1516889.0742187500
122311900.5003592670 1516099.2324218750
122125696.6680485606 1512279.8188476562
122484209.4061019123 1520848.3271484375
116173046.0602936447 1226272.1280517578
119530471.7458935380 1434356.5302734375
117222415.2423510551 1314388.6696777344
118153881.9024976194 1367993.6535644531
122684438.1679286361 1523283.7500000000
120075240.9794651866 1456780.8320312500
123606952.6711128205 1544502.3662109375
117117195.5223388672 1307700.7878417969
117859559.1379250288 1355655.2421875000
117174566.7682805210 1313793.9743652344
126075917.8846176416 1582589.2900390625
116729253.6143466830 1277901.0510253906
117575589.7117562890 1336486.1096191406
119804101.4189548194 1446679.8022460938
124712762.1274711788 1564172.5439453125
116592242.9386600703 1271276.0021972656
117006794.4259769320 1303628.7185058594
120259188.8623125851 1461729.6230468750
119703048.1120541096 1441829.2290039062
117884501.8189925104 1356504.1210937500
127137394.6603426039 1593466.4589843750
116936646.9087612033 1297024.2214355469
122707576.6962140799 1524443.2373046875
116777618.5860213339 1281720.1806640625
123312372.5974618942 1538736.3173828125
126511006.2689888328 1588405.2626953125
122524954.6753888577 1520969.8715820312
125742384.1459717453 1580491.0595703125
127179945.1633464098 1594131.3720703125
125117876.9999697506 1572608.3828125000
123048240.3430420160 1532590.9042968750
122445579.4614942372 1519631.0576171875
117416410.9419485182 1330731.8898925781
123328361.9237258285 1539099.9658203125
116853897.1542888731 1285647.9061279297
116541216.6140869856 1265533.1055908203
127918001.0184140205 1601336.3330078125
123358020.5791705549 1540230.7138671875
123441993.2993438393 1541224.3886718750
128210930.5915029645 1606221.4121093750
122942521.6684556156 1529314.4404296875
122952823.4747928232 1529916.9291992188
129246435.1188493669 1613022.4062500000
116208253.1675876528 1227556.4190673828
117054642.9000474662 1304223.4138183594
126090272.4528875500 1584935.9335937500
122731814.2208041996 1526149.2128906250
126114895.1565467119 1585113.1025390625
125885672.0129892826 1581469.0810546875
117200021.0330747068 1314183.9816894531
117402102.7117033303 1327664.8195800781
116414071.2197670341 1249455.2353515625
117319381.6141495854 1323173.9282226562
122715824.8945402503 1525785.5644531250
122581882.2596520185 1521468.3085937500
117235228.1403687149 1315468.2727050781
119601124.0234155357 1436070.7416992188
117726202.3200030774 1347428.6010742188
122749457.3883067966 1526995.7314453125
122582145.9334052801 1521895.7363281250
120231501.4121616930 1458584.6752929688
116081622.2201760411 1213491.0596923828
117369724.5607423186 1327352.5744628906
117533127.7146244645 1334391.0314941406
120938956.2293113768 1481196.7690429688
116209464.0420171171 1232125.2202148438
125623037.8594503254 1578525.7968750000
117749127.2806896567 1349776.1193847656
122627530.2413606644 1522962.7050781250
116171051.2515263408 1217550.9547119141
126285641.7541271895 1586992.0791015625
117599843.4265468568 1340331.0156250000
125541904.2103615999 1575901.7451171875
116915370.5858593136 1290847.6501464844
126697794.9467768371 1591326.4873046875
116399189.7417716831 1248987.2410888672
120911839.2855000049 1478405.1665039062
117286239.8952285200 1321767.5402832031
126511998.3516697586 1588734.1357421875
128518355.1993737519 1607936.0380859375
120924541.8031493127 1480690.9130859375
125393208.9136110544 1575262.2851562500
120924223.7650535256 1479877.3422851562
117281950.5408671647 1320976.9377441406
128741366.6094785780 1610035.5478515625
126225313.7712793052 1585191.4199218750
116356364.4744326025 1246700.2382812500
116999658.9447766542 1300588.1052246094
125635156.8025518954 1579605.7246093750
125305785.9583588392 1574845.1757812500
122891933.6243476123 1528300.5434570312
127183328.1921056509 1595246.4199218750
117665642.6151758581 1344191.0852050781
126888034.4974178076 1592384.8681640625
123280176.9256842434 1537681.9985351562
123224227.1376383752 1535585.1132812500
116327091.1296991557 1240012.3564453125
127270751.1473578364 1595663.5292968750
116870915.2582682818 1285849.2832031250
117343874.7790523320 1324917.3771972656
117632330.6739535928 1343189.2443847656
125675583.1714965552 1579785.9941406250
122345973.9655339718 1516363.6875000000
127266897.5946036130 1595364.6689453125
116471693.7362026721 1256267.3863525391
116586995.5849468857 1268367.0977783203
128458983.4161094427 1607778.3486328125
117848157.5358635634 1354292.2351074219
117774581.5454838127 1350166.1267089844
128836608.5492227376 1610422.0878906250
125796905.5678769052 1580759.0166015625
127698771.0078171045 1599766.4101562500
127403354.4322843254 1596629.0566406250
116454403.6639883816 1256034.5069580078
116346183.0567598492 1245518.0244140625
127815830.9344791323 1600632.2724609375
127579885.2416654080 1598495.2705078125
116229495.8465121090 1232634.8789062500
119440169.4648250937 1430576.0744628906
119372100.9574572891 1426538.3420410156
127498596.3720284700 1597025.1679687500
117625336.6081251800 1341505.7810058594
117742133.2148612440 1348092.6560058594
116494223.1799934208 1258051.3575439453
129269520.7762328088 1614503.2597656250
125504890.8465399444 1575767.7714843750
117924620.0109885633 1357302.4860839844
119234834.5269653797 1421022.3295898438
128707475.8293407261 1608952.2480468750
117464558.3316499740 1333023.9885253906
116249972.9107912481 1238830.1425781250
116417659.6718130559 1255704.4943847656
117101566.8855288178 1305182.2098388672
116391688.5673807114 1247022.4975585938
117691096.8799700141 1344581.0925292969
126380883.6938713640 1587388.1904296875
116933794.5432252586 1295016.9539794922
117497870.2728722394 1334025.8293457031
127928284.1832243502 1602578.1884765625
128015707.1384765208 1603003.8886718750
119293615.7311942279 1422060.6223144531
124954386.8850009739 1568157.2939453125
119124860.1454542428 1414804.8139648438
117836362.4420130104 1353373.4167480469
124938863.0937980115 1566584.0610351562
116704053.8307230473 1274031.2625732422
119642975.6078261137 1438144.5534667969
116720947.4957765043 1275735.4036865234
127018779.3429134190 1592411.7587890625
117945573.6473445743 1359134.5581054688
118027923.0121200830 1364045.6474609375
118168023.3056811392 1370967.9626464844
116691392.3187965006 1271738.7198486328
118813997.1278350800 1403060.6945800781
119332112.5902069360 1426400.4340820312
119628442.5791729540 1437544.6367187500
129084447.6467461884 1610701.4023437500
127058418.2413358688 1593213.1240234375
127606846.4065525532 1598549.0410156250
119227641.2809635997 1420099.0253906250
118813916.6870696545 1400536.0744628906
117810908.1772188544 1352983.4094238281
117329721.0376890451 1324355.1696777344
127519423.4513003975 1598123.3408203125
124914807.8943919092 1566579.5673828125
119035051.5410695970 1410245.3161621094
118121195.8550856560 1366901.5273437500
118241879.4076832831 1374894.9865722656
118713689.4340030402 1396171.4990234375
124574356.0683727711 1560370.3173828125
118111179.1762473285 1366660.4091796875
118520195.6142859608 1387457.2409667969
118063887.2047446966 1365308.3935546875
118746475.2462305427 1398842.0981445312
118327639.4919064790 1378690.5288085938
118371010.1785974503 1383906.9970703125
118665333.2959327102 1394629.4296875000
118433439.9777903706 1385567.2172851562
118614491.4442755282 1393587.8886718750
118976336.4632314742 1408913.2219238281
118236664.5444606692 1373195.1525878906
118597673.2035239488 1392176.7336425781
118515034.0751793832 1385982.8339843750
116930326.1037687957 1290994.4991455078
127059059.4126345664 1593226.5576171875
118550920.4372064322 1388953.2543945312
119101061.0467874557 1413987.6110839844
118336273.7974457294 1379138.9562988281
118946688.3286646307 1407875.0153808594
118337727.0324543715 1379877.0451660156
119137225.8446760774 1416778.9824218750
119169355.7823992968 1418171.9580078125
118676839.5582352728 1394707.5925292969
118847951.5185803771 1403493.3183593750
119038110.1639685035 1411600.9033203125
117144924.5068196505 1309971.9665527344
