90447301.2737113088 277603.3083524257
88414362.1864508539 226000.7340311408
87753507.3488629609 165031.0447783768
88852971.3490738720 238727.1203894019
89759205.0824034512 262521.3548951149
88789560.8447440863 237191.5955592692
88731781.6051458716 237161.9553360343
87770489.2832790762 168177.2321887612
88926092.6106919646 241191.8689820766
89371779.3327566981 252434.6283016205
89778970.4345099777 263078.2812376022
90233987.1072856486 271993.2324815542
89993173.2792850584 266659.0713663101
88067819.0293406099 205545.7123989463
89375508.0190315545 253461.7734913230
87772908.7525205165 171637.6341898143
88942810.0711866319 241267.0103716254
89381465.6718322933 253835.9134387970
88228962.4345174283 217883.0592655540
88894548.7972062379 240838.3336033225
89483828.1865714937 254948.6846517920
87969620.6287332028 194136.5250486732
87871437.3262776583 183029.7075356543
87808660.7878617793 178922.0731448233
89651502.1965316087 259010.9686145782
89078963.0539561510 245400.8903233134
89373013.8629129082 253096.4850082397
90943562.6317689717 285460.0019454956
90663838.0112001151 281714.4991188049
87903141.1281056404 193809.5995621085
88065516.5646964014 202197.6914931238
90291896.6467528492 272075.4213548452
90320833.5059730560 276000.0350328237
90117515.1924392879 269191.0094559193
88217634.9293023795 213876.2567142844
89007922.1787270755 242849.4314245582
89079975.8312129080 245501.5987219214
89553390.1003463566 257958.2244739532
88590044.9743869454 233039.6443008780
89658712.8770080209 259066.7129407525
89619937.0470273644 258401.6372802258
89601495.7226239741 258112.3561749458
88539360.3471427709 228931.2224019766
88323465.4388558865 220687.3878397346
87832788.2257607728 182811.8228684664
89379518.5695056766 253476.5666107535
88730142.6734081954 236653.2114179134
91020206.1348700821 286288.9576377869
90929523.4393322766 284934.3223838806
90639019.9068748802 279834.7706203461
89223543.9961033762 250755.2012256980
90634637.8625741154 279022.4637012482
89209433.1209121794 249458.9311399460
89934863.3507773727 266628.0660886765
89906368.8233065903 265080.8981199265
89999294.0216614604 266929.5468931198
88163984.9856566787 213775.5413498282
88163709.2472144514 210210.2403768897
88007203.3239108920 198925.0054579675
87824444.5799582750 182497.6249871850
89820582.7160354406 264401.4925785661
88362623.4761817753 224809.6988748908
90184540.9493987262 271892.5171170980
90316572.7470234632 274625.5867906362
89030347.4171708077 243504.5464860201
90826934.6996295899 282803.9476146698
87770958.8668777794 171282.8756528497
88095022.6064786762 209653.2303146720
90869117.2269110382 284589.5565185547
88500932.0686734915 226146.9921898246
89690284.5385750532 260636.7596380711
87850844.0427273214 182839.4928460717
90298109.0137261450 272297.6683030874
88039301.7129865885 202137.2044271827
89949579.5195702165 266642.8592081070
87778050.2657977790 174637.4799187183
88124246.9917792976 209753.7035116553
89662157.5466736853 259617.0003607273
88518569.2836500555 226790.9487766623
88706418.2884797007 234376.0336326361
89053254.7641458809 245231.9445404410
88832429.5204237849 238525.6966263377
88346048.7017343938 221878.4229959846
88585367.5774679631 230108.3684219718
89755497.1365114748 262520.5481729507
87874140.2892194539 185393.5900988731
87763373.6833115071 168099.1905914843
89402102.1279686093 254928.2042465210
90062116.8929371238 269188.4160356522
90498182.7493073493 277608.8369350433
90516344.0662298203 278977.7565946132
90867824.7764171958 284582.9637985229
90992064.9641045928 285845.2428283691
88452381.3212098628 226086.7727512717
89262834.0925925225 250813.5663938522
87945691.9328785986 193888.5068792701
88284600.1882546693 218328.6381449103
88502156.2948644757 226494.1731705070
89531392.0944370478 256582.3926282525
89081722.4818465561 246647.6833099723
91097561.6576720774 288739.5758972168
87901197.8068662882 189988.1081210971
88546987.9717613906 229058.9476420283
87963104.2068828791 194009.9459592700
88965847.8031218350 242648.0076614940
89211480.3257457912 249462.0978428447
89088012.6870636344 246755.5255772197
87815812.0458757728 182382.4751458764
89484263.2746200264 256514.4486029148
88822796.3318613470 237516.3388420665
90689152.4226022065 281728.9660549164
88528878.9757364094 226992.2319273353
88924386.4716848433 241086.1229204535
89183679.4843922853 249241.6060563326
89032705.9730052054 245119.2950211763
88691682.2837669253 233308.1055618846
89142863.9319428653 247407.9769153595
89875384.3667902648 264797.6105773449
91608574.6246605068 295169.2581787109
89547895.6891825497 256707.5357532501
87755365.3175669611 167553.1464912593
91037865.5114723742 287208.6748352051
89288502.6264202148 252404.3372669220
89352339.3810898066 252419.1303863525
91441455.1172735095 294026.1978759766
87794007.1317202002 178375.3139520288
87868988.5746210515 182995.1141779125
89198245.5884344727 249334.7703723907
88291740.4542578459 218460.2879862189
88482551.0609131753 226116.2425150275
88458986.1147476733 226101.5658707023
91328838.9508149028 292479.0299072266
91219686.7063767910 290451.6148071289
87786855.8737062067 174914.9119509757
90004815.4498683214 267185.7991533279
88359119.4598762095 221979.1383604407
90779913.0661422610 282212.4449996948
89151799.6278943866 248282.0262317657
88000561.6610656381 198016.8649856448
89744538.5629063249 262505.7550535202
89710292.7984414548 260675.2995421886
88682763.0469060689 233166.4655577540
90445825.0400389284 277066.4719347693
87979244.0859938562 197895.6680731177
90128725.9584451467 270735.5840044022
91325308.5657860339 290506.9338989258
87881991.0977911800 189688.7572194192
90298653.5918794125 273016.9966201782
90046438.9693283290 267317.4489946365
89882595.0472666621 265068.6984207630
88505752.0900056809 226558.5835708976
90860940.6754170060 283559.8741416931
88566323.9256258011 229228.3304154002
89873694.3896648437 264773.7552976608
