119508062.0554232299 613534.1412963867
119599267.7094906569 617246.5870971680
119534790.2886837870 617092.2261962891
119188211.1921753287 595399.1472320557
119320007.1848511100 605148.2944946289
118985247.0545528680 584563.5160217285
119029761.0781101137 586653.2412719727
119223211.4487430900 596333.0607299805
119078235.5773699135 591981.7802619934
119047775.8044943213 589256.9588623047
119120747.8374198675 594459.1511840820
118705879.9032143652 570182.1332397461
118956166.8165316284 577802.9819335938
118759454.6842857152 571649.8935546875
118671204.1865955293 558974.0576324463
118982030.2887607813 579766.7895507812
118422309.2177540660 541586.8875122070
118570229.2451673448 554153.0766601562
119677515.7439884394 617807.8973999023
119796600.4621569961 624415.8126831055
119768693.6501991302 624377.9016418457
119686742.0035433620 620756.8722534180
119693356.5106149018 621536.5222778320
120088128.4795103520 631162.9544067383
119642445.6915732026 617800.1174926758
120010218.7924983203 630676.5848999023
120104057.4205432981 633501.4814453125
120099035.2545416951 633355.5048828125
119737574.4812368155 621891.4871826172
120130436.6988648325 633837.6795654297
119922590.1826376766 625991.3055419922
119626803.2542442679 617487.0914306641
119957165.1631043553 629256.2360534668
119251765.3478466123 603473.6167602539
119894407.9754332006 624458.0433654785
119111551.8872157335 593741.8795776367
119223521.1766715497 598947.0714111328
119231934.9928598702 602138.6781005859
119397775.7789935470 610148.2357177734
119369685.1772337705 605570.0870361328
119480937.3946831375 611588.9053955078
120051036.2189100087 630724.5597839355
119939673.4520632029 627610.0775146484
119917089.6908769906 625322.8182983398
119074641.8539402485 590515.9641113281
118835302.0621637106 571961.2473144531
118870269.4367944747 573602.5748291016
118920614.5379683822 577342.7760009766
118876913.2537984997 576709.3809814453
122106403.4354086965 720781.0476074219
121520469.3083011955 702872.5312500000
122497857.8838848770 730850.2647705078
120157296.3193637580 634859.0843505859
120137351.0071540475 634514.0616455078
118457791.0239368081 543074.5396118164
118481486.5850847811 543535.8803710938
118562664.8884588480 549479.9240112305
118510631.6241048574 545675.4542846680
118506177.7881740481 543825.1235351562
120250886.7826789171 639265.6800537109
120356883.3835881948 642942.3051757812
120281880.9407090694 639385.3071289062
120388371.3750465363 646232.2087402344
120308939.8855037689 642193.3280029297
120382583.6306200624 644689.5101318359
120196857.7827762067 635615.9693603516
120283379.6363437772 640459.5932617188
120282121.9896990955 640032.4104003906
120362753.2756333202 643269.2611083984
120556987.7866114378 653102.3275146484
120495041.8880048096 653098.8724365234
120416044.3687005490 649944.7114257812
123614062.4723884612 747697.3354492188
123717160.6580235660 749179.3715820312
121826501.4249076247 713057.5925292969
121931195.9233023524 714857.9450683594
123616897.5497765690 748513.9311523438
123573511.8847379088 746833.9990234375
123296147.1701300740 744235.0205078125
123231705.7069387436 743715.2172851562
123330310.8832120597 744672.2968750000
123369264.5052620769 745910.6586914062
122965229.5201337636 740442.7397460938
123462109.5145653486 746512.7764892578
123001394.3236408681 742119.4882812500
121600825.5679609776 706736.2539062500
121713830.6955194920 709219.4135742188
121388121.7170205116 695061.5512695312
121246800.8459084928 693945.2513427734
122269690.1330976784 727720.7501220703
122239614.7250021696 726505.2589111328
122107623.6153799295 722811.0567626953
122192620.5472542495 726029.6011962891
122464678.0502855182 728769.0909423828
122831911.3462262899 738332.7124023438
122078591.1331198364 719288.3023681641
122955772.8294772506 738594.6016845703
122737053.1437653899 735954.4664306641
122889699.3267667592 738499.7344970703
122291661.4288606048 728244.3409423828
122486120.0318294466 730644.9400634766
122108992.1560621113 725278.2818603516
122657267.4819223285 735893.8106689453
122745579.0359801948 737300.8599853516
122598759.3206019849 733273.8605957031
121932732.8945599347 715036.7322998047
122506327.6599968821 732880.7662353516
121498208.4000069350 701748.1506347656
121735666.4899908453 709692.6130371094
121683843.5247251838 708087.3216552734
122101120.0800909549 719407.0305175781
121867297.8285097033 713500.7966308594
121957506.6882132739 718358.4997558594
121942842.5235090703 715450.9389648438
121294383.3995539844 694446.8924560547
121414994.9191218764 695898.2304687500
121748719.6883881837 712914.1025390625
121528258.2629694343 704642.3728027344
121541988.9707582444 704707.3237304688
120590546.4771504998 660711.5076904297
120564046.0133130401 659069.5368652344
120602151.5812499821 660713.3697509766
120623796.9160233140 663978.2413330078
121109106.9265638590 686856.7611083984
120998939.1100424975 681623.8131103516
120690909.8488456458 670351.3804931641
120623747.3540536910 662205.2694091797
120687475.2099781930 666155.0220947266
120841800.7867023349 674930.0489501953
120793574.8699473292 673752.2208251953
120926770.1300846636 680180.0980224609
120654675.3619915843 664191.7685546875
120870104.5157397091 675513.6087646484
121081667.9933319092 685557.7834472656
121023927.5077374429 683411.7902832031
121139647.9692841023 687485.0971679688
121224782.4181590527 690186.3593750000
121246369.4161564410 693466.7170410156
121609174.1576010138 707988.7617187500
121433224.2047329098 700136.4897460938
123791046.6734816879 750676.7392578125
123875089.1785768569 751665.4497070312
124498370.5337915570 759311.2802734375
124287474.9203959107 756400.2934570312
124128809.4330756217 756337.3774414062
118410022.3991257101 530157.3897705078
125395243.5185415149 767455.4960937500
124424590.2195636332 758958.9799804688
124648370.0919315517 761084.2026367188
124649715.7596417516 761660.6879882812
125379544.9986816347 765997.4003906250
124715523.8898165822 762536.3779296875
125024104.1326179653 765266.0239257812
124464471.7301496863 759277.4697265625
124849641.8485305309 763459.9311523438
124712677.0801666081 761759.9072265625
125393106.4515486658 766710.8813476562
125668891.7724109739 769629.5463867188
125175259.9632872045 765817.6333007812
124502658.0070665926 760696.6674804688
124957567.8587750643 764882.6010742188
126425774.5444238186 771721.5795898438
125547114.8207832724 768468.9042968750
125612417.1944264770 768849.6889648438
125745935.5048992932 770374.4448242188
125733054.6309650987 770151.6909179688
125808585.1332845837 771013.2924804688
124071766.6844390929 752745.9907226562
117233375.8262397051 429059.3907127380
117159802.1680663228 422284.8106498718
118082084.6301447451 505211.0922546387
118175448.1936526000 513943.7737121582
118001065.9459247142 497412.0854492188
117935198.0309989303 495301.0714111328
118222810.9890513867 518240.9716796875
118366774.7057465613 527087.0805358887
118421429.6656886637 531202.9650573730
118257170.3786017448 521308.2752990723
118270292.0151645839 522962.9275512695
118141753.8064679950 511525.1820983887
118230154.5238132030 521047.4286804199
118215055.8868508637 517912.9342956543
118275332.0934571326 523700.3845062256
118162117.0677806288 512936.9083251953
118022787.7852890491 504216.4628601074
118161084.5741650462 512262.1111145020
117910602.9657591432 494699.5136718750
118093438.1591707319 508271.8384094238
118058368.5402144045 505131.3086242676
118083313.1512383819 506817.2537841797
118181881.5141918510 515991.4000244141
118313903.7368777394 525310.1112060547
117744516.1384809613 477235.5671691895
117350388.0276307166 440244.7284698486
117259537.5821660459 429124.2069854736
117422574.7252239138 440830.8864288330
117541943.5873365551 464103.7734375000
117711297.5632467568 476393.1589965820
117750511.0900264829 477312.2548828125
117510384.6160809100 457257.3542022705
117507101.6505315304 456879.3290100098
117634677.6506907642 467371.9102783203
117528678.7559352815 459288.1775970459
117510697.4196980745 457485.9659118652
117440453.0737236291 453608.1173553467
117455186.2429317832 456418.2196350098
124299689.3094986826 757549.4990234375
124089679.0860723853 752880.1450195312
124123121.4271251112 753317.9165039062
123959643.4142639190 752539.0395507812
117192487.2160008997 423531.0121879578
117217805.0533138812 424844.3833618164
117223674.2581162006 424886.1257514954
117344154.4109553695 431695.4044799805
117346635.1821669340 433240.8809967041
117349795.9623206854 433709.5848846436
117723001.8227283508 476838.9472045898
117639899.7401924431 468176.2007293701
117560648.9977982491 464616.4897766113
117531788.5159756541 460066.2715148926
117286192.0359510481 430762.7973785400
117657183.8899385482 468751.8653259277
117676350.0970999897 471037.1225280762
117688083.2594321221 471924.7544860840
117609291.1758194864 467288.1273956299
118012127.1394882202 502047.2958526611
117971155.4538021386 495430.0683593750
117778902.2342223227 482805.8011627197
117836935.0491947085 493731.6201324463
117778691.3238793761 481002.3168792725
116950138.6738398373 403223.5105094910
116970669.2677720785 403737.9791374207
116980655.6333212554 405057.3785514832
117232287.1087376773 425185.0359077454
117070738.0743540376 417538.7757225037
117179555.4733571857 423052.2577095032
117030570.0760187805 415396.3059577942
117150130.7093764246 417693.7248573303
116926052.7083972394 379796.1298122406
116879630.1962243915 365312.2230522633
116877074.8951036483 355443.5723550320
116890223.6711367071 370362.2535421848
