117353785.7083498687 1029044.5180664062
115872239.0205977261 1009613.2944335938
112191086.8842300028 797111.8894042969
112946917.0578043610 861238.1054687500
113196155.8021194041 878785.2470703125
112569596.0465669632 831153.2661132812
110977522.9870706797 648897.6020507812
112135135.8672207743 794321.9003906250
114458635.5634208471 954384.6723632812
110880949.1014349759 630274.3750000000
113364411.1089710593 890635.9277343750
112209053.1200269610 799009.6633300781
111981071.0974217802 779891.4956054688
111889284.4772971869 769498.3066406250
111928466.9175841808 772887.4216308594
111470616.8824545145 723141.5932617188
110983681.3758524358 656537.8966064453
111624145.5734410435 740968.7399902344
112543125.2902121842 827967.6162109375
115472824.5379264802 998625.3286132812
117032735.7322941869 1028921.2416992188
111611682.8158963174 738387.0368652344
111434219.5184079409 718989.4519042969
111052196.6122883558 665137.4462890625
115329201.6734399647 992647.4975585938
111367044.3974228948 710985.6667480469
115577389.6758388579 1001012.1362304688
111420634.7093193531 717787.6289062500
114612496.1319528967 959385.5561523438
114081628.5444000512 935025.3754882812
112635914.9905104786 836986.2846679688
111246809.1527715027 695275.8693847656
111391344.3901091516 715020.7436523438
116066896.5173515081 1015982.0180664062
111509607.8980045170 729812.5246582031
111321540.3623989820 707431.7958984375
114621172.2200094312 960586.1254882812
115583464.2211889476 1001467.1909179688
111491868.5417078137 726908.3215332031
111421083.7171858847 717989.7407226562
114800489.2405087799 970354.9902343750
113071165.1187528223 870564.3720703125
111038137.5223029554 660834.2045898438
110998157.2925253808 658133.3723144531
111182500.2504983544 682854.7353515625
111337305.0703461915 708016.6696777344
116901895.2974219173 1028187.5083007812
112660969.4322898686 839490.3491210938
113805681.1159575582 917714.6948242188
111191170.3122098148 686488.0700683594
110935748.2909913957 641258.7487792969
111288432.2965308130 698691.0864257812
112087228.2344110906 788402.7446289062
110910199.4486199617 636804.8083496094
112303754.8854513168 808552.0698242188
112706616.6017771363 842697.9511718750
110939672.2963837981 646507.7934570312
111437829.2219448388 719904.2475585938
111501692.4791240841 728592.9738769531
111128460.9307353795 675850.6613769531
115084179.7759302706 983450.7158203125
111137130.9924468398 679483.9960937500
111424143.8272179961 718331.3049316406
113354999.1381774396 888617.1352539062
112214242.1979108602 800508.0480957031
112718471.7384820282 842749.2519531250
111199694.0098391771 688040.4892578125
114014362.6532113254 931121.1513671875
113307690.5455132872 888316.4013671875
112284943.8091775328 806147.7824707031
114621411.9178212285 961069.2578125000
116927880.3891711533 1028344.3051757812
112081096.5474577844 787317.8264160156
111479150.3788018525 725335.3789062500
113807296.4693463892 919154.9072265625
115641044.2244934589 1004274.2309570312
112041914.1071707904 783622.3818359375
111679220.0067757666 747363.3666992188
111145654.6900761873 681036.4152832031
110920015.1979621947 638396.7106933594
113097317.6065548211 872453.0800781250
116388496.3891467005 1022610.5551757812
116100036.7597377151 1016674.7055664062
111960865.6222896576 776636.4257812500
112258624.0751094967 806088.2192382812
116213077.9741369635 1020307.4458007812
113370877.6948288381 890898.5766601562
112819561.0575646609 852888.4785156250
112104559.3053105026 791657.8144531250
115420050.0079134256 997148.8950195312
112741386.9769162536 845596.1928710938
115807096.9976916015 1006192.3803710938
112035054.6368094534 782867.7871093750
111244797.5699433088 694233.1152343750
112363117.8898259401 813440.0681152344
116442326.0325082541 1023303.2426757812
111538400.7279876769 732070.0981445312
116650262.5606373847 1027856.9399414062
114666263.8893516660 963738.3505859375
115059753.9174067229 979657.6777343750
111695895.6546434909 751065.9611816406
111108719.6216718256 673788.5520019531
115555428.7173125297 1000543.4780273438
115341259.1496621221 993300.4057617188
114819841.8731208444 970959.6425781250
115102373.4154272527 984818.2963867188
111555731.7988870591 735597.0478515625
116158626.3953635991 1017096.1938476562
111673959.2598006129 744226.3349609375
112430415.0054587573 820318.3886718750
113185328.4695785046 878126.3173828125
112337193.2454087883 809618.8701171875
113828560.5497203618 920952.1108398438
115206016.3515912443 986944.1694335938
114958750.5509407520 977321.5703125000
111613988.9306388497 740565.3400878906
112012772.6851858795 781264.6254882812
117930037.8255873024 1030386.3950195312
113519214.8294763863 902035.2744140625
116365725.8595906645 1022419.9243164062
113769805.5941437036 917629.5795898438
111851486.7874522805 762996.7277832031
113506655.2663764507 901015.0097656250
117837074.5012682974 1029968.2788085938
112086631.7148438692 787329.5571289062
111652179.4038366526 742277.4545898438
114895594.6105556935 972993.6835937500
114714369.4246931672 966198.0302734375
113942636.9038528949 928139.9135742188
111975080.1203624606 776662.0007324219
116659059.3203273714 1027957.2670898438
114659738.7792305350 963362.8789062500
114370575.6528403610 950150.7578125000
111080849.0804447085 672224.6241455078
111737477.1385275722 752331.6589355469
112028080.3003938496 781719.3374023438
114205334.9319622368 940488.9345703125
114898215.8381853104 974315.1684570312
112890262.6688313037 858038.0439453125
115115518.2832861096 985012.2124023438
112618790.5450561792 833812.3247070312
114985771.9876181334 978141.1586914062
114945668.7701626718 976945.5952148438
114993085.4466172010 978916.6333007812
112180008.6173470318 795843.4125976562
115394210.7371688038 997120.4018554688
114566747.5207168758 958928.4648437500
111096882.5964311659 672990.3638916016
116624277.4688881338 1027700.1430664062
114617747.2411395609 960124.0283203125
111852934.1999701262 765484.1440429688
112162527.9108267725 795388.7006835938
114623686.2790324688 961912.5610351562
112647770.1272153705 838445.5517578125
112419303.8589386344 817246.8344726562
113943673.5390625745 928330.9614257812
115532469.8819490224 1000168.0190429688
112472423.6789455265 822653.7094726562
113695631.2312250435 912736.6562500000
114101709.2994394153 936544.2705078125
113225972.4521539509 881363.5205078125
116624277.4688881338 1027841.5581054688
111078312.6458356678 665149.4863281250
111794295.3091535121 759839.0742187500
111826627.7916970551 762334.5952148438
112785705.0465084165 848987.0620117188
111734841.1715724617 751729.3552246094
111622121.8714794219 740951.9375000000
111882735.2707726210 767161.7431640625
113716805.7952565849 915126.7963867188
114366297.7861674130 948300.4648437500
111691271.7574633360 748170.1655273438
112778629.8295833021 848488.9643554688
111793860.3640092015 758887.8479003906
111754595.0073891133 755551.1293945312
116563526.8759830296 1027007.4555664062
112810187.3471314162 850198.5698242188
115785029.5336345285 1005828.0561523438
111857183.6139349788 766268.8117675781
111170771.0479442626 681389.3305664062
116018377.0752869993 1015479.1420898438
112753532.9581584036 846998.5083007812
111674153.8886017799 744950.6950683594
116306267.8758109808 1021686.1909179688
112517235.5381338447 827081.2143554688
112914866.7406802773 858350.3564453125
113470598.0192043483 899842.3100585938
114835013.8184680492 972327.1367187500
113012692.5779583007 867193.6230468750
112918780.4735063761 860055.5039062500
115370330.8133373111 993806.1049804688
114325631.2763158828 947732.4780273438
113391858.8292366713 893685.6474609375
114265820.6514028162 945437.8046875000
112567584.4261417240 829985.0761718750
114210598.6929415017 942559.5625000000
117494839.1847306639 1029133.0532226562
116404425.7978577614 1022881.7543945312
111141149.2458126843 680193.9951171875
115061708.3088121563 982211.6752929688
116352602.8441284895 1021834.7895507812
115883181.2801845819 1009642.7260742188
115883181.2801845819 1009649.9096679688
114331160.8028402925 947811.7773437500
114107784.8910260051 937224.4956054688
113874081.2005741894 923181.3959960938
115764440.5156675428 1005350.7729492188
114021090.7588987797 932172.8349609375
115764440.5156675577 1005499.3715820312
114510871.7840199023 955541.6538085938
114016909.8296571225 931176.2519531250
114179126.5192755312 939857.3237304688
114502741.9461444467 955423.5009765625
114277349.0583851039 946378.7495117188
114368200.6240879744 948375.7304687500
112608873.3862302899 832267.8515625000
114426304.5811017305 953069.2709960938
113497926.6343636960 900784.5429687500
116455267.6487041861 1026282.1040039062
113355298.5703364760 890008.4672851562
112610284.3432345539 833616.1557617188
113548555.1455523372 903215.5859375000
115631014.0957925022 1003898.7592773438
113840141.2212765962 921192.8422851562
113577740.7272902876 904467.5878906250
113732037.3985083848 915425.1030273438
113665008.8338759989 911020.2807617188
113662769.4152723104 910275.5375976562
116258994.5661419630 1021463.7153320312
113450756.7345812619 898590.3081054688
115458262.3459019959 997874.3979492188
113400744.5242900401 894692.7446289062
112867387.1129330993 856267.0151367188
114691635.7594108433 965002.4667968750
114082129.1712422371 935292.2685546875
112053630.8717223853 786292.8635253906
116075973.0017394572 1016212.8754882812
112446194.2735411972 821354.3854980469
113872907.3007606119 923073.2124023438
113009747.8933819234 866644.5849609375
112202249.9167572409 798891.1857910156
113859485.3169748038 921821.2104492188
112552860.8728054911 828452.0104980469
113672627.3741243184 911229.2329101562
112728355.2570055276 843979.3305664062
113921550.5100566149 927078.9594726562
112797390.3209058940 850082.4697265625
112236103.9263261408 801028.4350585938
113736061.5682013780 916378.7983398438
112954745.4615040272 862003.5634765625
114496815.9734380394 954712.0141601562
114416119.4807419032 950232.0551757812
114653481.1572953612 963279.4531250000
117502255.7136423588 1029420.0590820312
112383820.4578098804 815243.7983398438
113264753.7148232013 885067.3237304688
114653481.1572953612 963130.8544921875
115314639.4814154655 991896.5668945312
112848078.8622397482 854905.9384765625
113214741.5045319349 881169.7602539062
113650734.2034936696 909768.2788085938
112223818.6298587918 800724.7153320312
116345221.5481151044 1021747.9750976562
112238526.5306366682 802526.8198242188
115198621.1522496194 986708.3715820312
116599268.2191845477 1027217.6196289062
112676287.9318904579 840463.0117187500
112287141.8797845691 808105.6791992188
115274535.6614958048 991672.9448242188
113426901.5266132206 896400.0927734375
116513111.7237421870 1026489.3159179688
113225242.6117546558 881322.8110351562
113246811.7176872343 882622.3320312500
113571611.8654425293 903915.0712890625
112955656.6583756804 863334.2519531250
113437178.0219505727 897642.7949218750
113153714.2698820084 876833.4443359375
113133024.8689066172 875786.8886718750
113384668.3005792499 891642.1171875000
113088537.1644448340 872396.7207031250
113159238.7757114917 877546.2861328125
112601444.9169463664 831768.7944335938
114549167.8016292602 958064.0205078125
115838841.5542601198 1008933.3266601562
113297535.0486489981 887498.3593750000
112391635.6945010275 815457.5280761719
114725905.1877072453 966726.8505859375
113601395.7485900223 906961.6425781250
113567242.5622198135 903228.8740234375
112426589.8128746450 817634.3398437500
113058228.4065964818 869584.1645507812
112987526.7953298539 864434.5991210938
117626442.8366764039 1029931.6831054688
115338136.9392017126 992712.2690429688
117593750.8733239323 1029532.2172851562
114751770.9096992612 966839.7900390625
115212897.7782519162 988105.1557617188
115160085.8513679504 985526.9428710938
114991031.6886596680 978421.8217773438
115866078.7586755753 1009206.2163085938
