87142057.7992880493 55452.3776550293
80716518.0967935324 48628.7830994129
81545015.2664783895 52571.9274501801
81979459.1549240053 54660.9420166016
80371035.4617121816 46463.1267417502
79326221.2650193870 38004.5820599521
81261518.0187639594 51515.5348796844
80070781.4401682168 44622.5822395372
78915948.9887351394 31220.2327099927
81323031.1071023047 51632.4900431633
80731551.9631684124 48663.7102539539
80066367.1365589499 44506.2400320297
81679371.0679549277 53234.7878570557
83266467.0551227331 55194.2708740234
79135568.5034347922 34574.1489525922
78941605.3508395404 31685.4429207928
79232384.7306878269 36886.4669424184
79432800.7874126583 38835.8782685722
80504989.6017266214 47279.7161887717
79322755.9469048828 37898.2893353428
81834298.2907400727 54009.0908660889
81269266.0680290014 51535.2224345207
79088029.3780493736 33853.1653863080
80633117.8581036925 48022.2809623312
80441076.1506856680 46943.5933574270
80271385.8270843476 45685.7547412943
80482660.4865042865 47257.3067954611
80098807.1331993192 44696.7138618517
80190157.7081217617 45381.2655128526
81358071.5727646649 52446.2062282562
81676664.3616377115 53221.7113037109
81332041.6427724957 52339.3741054535
81703225.3481032997 53251.9592285156
84145384.3176485002 55276.6978454590
81275797.6288325936 51622.3670024872
80345500.9305572808 46388.9951194357
80326851.4097984582 46347.5583213400
79154117.9315348715 36176.7888342030
80720888.5894603282 48659.2521240711
79149540.5115952641 34656.2244530804
79241356.9669580907 37011.7493522596
80143584.0552892536 44801.2848762560
81874979.9101392627 54087.5627441406
81279672.5032819659 51622.8925700188
79770026.3100287169 42098.3891371017
80384089.8675205857 46563.6777061056
80359779.9586493373 46399.9628928732
82543629.7270040214 54971.6096496582
79213985.9759489447 36293.4508062489
79663627.2204339653 40947.9318559890
79630873.6250474155 40535.2413035321
79957233.2736430019 43712.0599783187
80823887.6551887393 49216.5351028442
80481579.7904462367 47174.5558036398
79780868.1241580695 42110.2369001632
81186676.6795752198 51342.3808460236
80228391.1789221615 45594.9239601183
80780007.8071167469 49086.3890762329
80735167.6175523847 48670.2198975086
81240487.7864705324 51431.8421702385
79922467.2125658691 43502.8177736526
80052783.8628973961 43956.7052620339
79746910.1270672083 41546.9749933525
80299291.5710376948 46175.4455665636
81717345.9810369313 53300.1831817627
81313444.5920337141 51625.3212199211
79747054.2021672130 42006.5270612960
79812672.0110735595 42262.5340041518
80909996.0811124146 49671.7361706011
80966804.0485749245 49939.5991549492
79415654.8846271336 38741.1395398105
79622879.1909587234 40498.7900747104
81634594.1458649933 53193.3510589600
80202340.1828768700 45495.2341712999
80807148.1270078570 49172.3496475220
80778643.9946554303 49075.4085159302
82534043.2119354606 54964.4408264160
80022350.6593394130 43885.7325142312
81099494.0373596996 50716.0610842705
80479424.9417994171 47161.7084837668
80794286.8352087885 49097.3568496704
81062328.9333525151 50644.2170596123
81745881.6644882858 53368.0071563721
79785781.5347673446 42219.8286965812
78972038.4591909200 33699.0185662396
79999980.5547616780 43866.5806654220
80265556.2829293162 45666.7679847765
79826891.9924374521 42948.2195356613
81500742.2692071199 52491.9154262543
85186412.9368037134 55402.2395629883
80775637.3144499362 49055.9200515747
81090864.6168038696 50712.0410342216
80109370.3771315366 44797.2648262071
80052808.4937714189 44266.6582163101
83752681.0656210184 55268.6104125977
83326312.7311985493 55220.3391418457
81568824.6385706961 53019.5855007172
86982453.6461502165 55450.6048889160
81036601.2881882787 50544.5272707939
79550713.9527614564 39668.1583033490
80422426.6299268454 46902.1565593313
80913474.1112149954 49794.4525179863
83228997.7823697329 55138.9339599609
79381192.4212157428 38738.6610852207
79103597.2018995583 34571.6704980023
81027971.8676324785 50540.5072207451
81967171.6019477248 54140.5895080566
80185743.4045125097 45264.9233053451
81017085.2728191763 50503.0904726982
80176029.7321962118 44832.9393562364
78969454.8255148828 33434.7719250806
81129297.0313503891 50733.5356616974
81162553.6349474490 51191.4395785332
82070244.4439107329 54691.1899414062
82072219.1408965290 54728.7659912109
79921639.3783443421 43025.8913904472
80920133.8846583515 49822.8790774345
80939326.5491463989 49864.3158755302
79526146.7654325664 39626.1381429477
80562563.3600523323 48003.0386839621
80465145.9137073904 47150.7407103293
82873634.1809710115 55104.6151733398
81791951.7879892141 53773.5347404480
80862844.1190119982 49482.9070921652
80531013.7919853479 47370.8801451437
79582197.5715595335 40420.3181966587
80899550.0543323606 49514.7826719992
82116307.4234293699 54781.9002990723
80710757.2572818100 48589.0183433127
79285312.5288166702 37826.7315197910
81501302.8640868813 52522.4771575928
80455355.1787777245 46954.5611308645
83317683.3106427193 55216.3190917969
80634451.8698698729 48096.9245098345
80482431.6220048815 47181.1969481222
80261670.7704946846 45644.9362243849
86540168.9596437067 55443.0753784180
80646634.3446249813 48210.8931682818
79951877.0241385847 43529.7128104257
79053824.9762940407 33708.8313103803
79975834.7844929546 43762.5410726791
80436705.6580189019 46913.1243327688
84809410.6955807209 55391.8941955566
84106668.8180653453 55276.2759399414
80527675.2825382203 47322.3235350363
80844194.5982531607 49441.4702940695
84881517.2441458851 55400.4667968750
81089725.2914143950 50662.1694507599
80743585.7327858061 48891.1045635454
81248010.5677407086 51475.0376605988
84377742.2883151621 55327.8649902344
80323135.4793442935 46258.3307517599
80257233.6666514874 45609.0502723741
80216619.2109689265 45506.2019447374
79665727.1860658824 41474.4513956352
84246393.0999098271 55326.0922241211
81964445.0988214165 54109.2501983643
80762235.2535446435 48932.5413616411
81816074.8326169699 53902.2587432861
81771157.2240992039 53369.1742401123
79204633.7588743567 36247.2483373769
83443493.5468275398 55227.6119995117
83881190.6969083995 55272.6304626465
79803360.1936259270 42233.1346689506
79516239.9029565901 39305.4045244499
79761302.4061942846 42029.0496336265
79909556.1373816282 42996.1284815117
84236806.5848412216 55318.9234008789
80039098.8944543004 43925.0305898910
79524514.4327500910 39611.3130169834
80660913.3727170229 48221.8609417193
79720423.6502353251 41474.5871988579
79523852.4926326722 39409.1143633171
80341130.4378905147 46358.5260947775
80905625.5884456187 49641.2671459429
80677821.8063018471 48327.3227642290
80908632.2686510980 49660.7556102984
81537839.6620901972 52537.7704010010
80774773.1944626719 49007.5341594927
79652769.7559375465 40584.5266481682
79574688.3336863667 39748.1981939121
80692424.1852749288 48338.2905376665
79986473.5618004054 43830.7637811943
82155944.1308587193 54818.0431823730
81565659.9160171449 52586.1518249512
82158143.7583318800 54820.8009033203
80177421.3512823433 44909.6177784037
79826478.6251698434 42355.1947199150
81534386.3132815957 52536.6033172607
81917234.4820525348 54091.0410003662
81790496.1469194293 53409.3769683838
81015164.0778193474 50030.3266687393
83586524.5010958910 55249.3077697754
82190496.2449285239 54866.7663879395
81176684.0734270215 51209.8150057793
82233785.2108698487 54941.7591857910
80757864.7608778477 48902.0723369829
86699316.8035188317 55443.1669921875
80558625.9370472431 47819.3545096945
81789855.4662120938 53388.8246307373
82337700.2868739814 54949.6051635742
84685554.0395987034 55356.9848327637
82250735.3094167113 54942.9262695312
80199558.2119500637 45396.6370886850
84643340.2318302393 55351.9280395508
80172289.9698453993 44815.4276465463
83192994.2063817978 55130.4115600586
82863658.5173466057 55036.7911987305
82175620.5629772544 54834.9270629883
83149344.1218007207 55126.2501831055
80038498.3943075985 43909.1039148613
80017413.6772161424 43884.7654224467
82177690.2593280077 54849.7242736816
83167040.2793149203 55128.2331542969
81923247.2517404258 54095.6871643066
86256081.8083942384 55435.9981689453
82647016.2584394515 55012.5802612305
81919793.9029318094 54094.5200805664
84174178.3357544094 55300.5350952148
82950267.0036253482 55111.7839965820
82455488.5400794595 54962.0882568359
84168827.5233432055 55296.7484741211
82452035.1912708431 54960.9211730957
84631660.9765847176 55334.4287109375
83231158.2111880332 55143.9807434082
82622928.2482607365 54975.4640808105
84578590.4998618364 55327.9270324707
82642309.6815462410 54992.4204711914
