148346557.1324120760 1029647.7783203125
149174213.6534340382 1034796.1528320312
150616762.9337413311 1040456.5009765625
142832811.9231975675 851365.8735351562
143194970.1230702996 868851.0418701172
142757749.8830521405 848692.5410766602
148154986.3971044719 1028929.3896484375
149101500.3622574210 1034314.9970703125
148991585.4421571791 1033985.7890625000
140832906.2095700502 722507.4700241089
139718026.4777348042 610077.1336273551
139760828.1853018105 617719.9456034005
143147456.2265782654 868634.3267211914
147971900.8267898858 1026399.6396484375
149304441.6645087004 1035154.4565429688
145572615.2066291869 975343.9086914062
147509826.4866623878 1020382.0092773438
139818184.6780149937 620591.8807077706
150561228.5238283277 1040164.7441406250
139822496.8303859830 621064.6746530831
148738153.9809479713 1032293.6997070312
139689849.8940425515 608306.1204077005
139751565.7039462924 614709.9007273018
139803879.2415090203 618691.4006815255
145230131.4089847505 963601.4479980469
145464048.7989638448 972199.8325195312
146244485.1429368258 998331.6630859375
146159729.1329142749 995054.4633789062
140691091.4483682215 711197.6739921570
150860878.2252659500 1041115.1103515625
140809593.8846230805 716097.7224655151
146989229.6821349859 1013248.2192382812
140945155.9296703637 728080.3893508911
144936205.8987053335 949817.2678222656
145135865.4319328368 958628.5358886719
145033471.7738837600 955097.0246582031
147762341.6496315897 1024300.1181640625
148351720.1514429450 1029812.1704101562
148567003.1440741420 1032165.8627929688
147632852.5865736306 1023121.0014648438
147887293.5815260112 1025876.9335937500
139593277.3170663416 600738.7090311348
139629911.6209122837 604315.8647928536
139639401.9463912547 604678.9981574863
145164992.1011371613 961700.2004394531
145226825.3736800253 963538.7468261719
144991663.2394729257 954727.2053222656
145180329.3362041116 963386.3581542969
147022993.1684328020 1013933.7729492188
146806815.3502341807 1010669.6669921875
148373201.0683022141 1030006.9916992188
147584192.3346095979 1021936.8188476562
139565406.7044930756 599073.9919901192
139582748.2053775191 600713.6963358223
147813089.7838766575 1025823.3862304688
147722073.3414894044 1024085.5043945312
149912669.8825020492 1037610.1523437500
146913542.3775395155 1011479.8798828125
148084412.8497809470 1027390.7700195312
147237491.3093686104 1018290.9135742188
149991723.4703126252 1037870.6328125000
148483375.4846171737 1031601.9907226562
146635754.0889573097 1008370.0649414062
147986843.0231966674 1026838.0327148438
148814377.1801380813 1032923.2065429688
148408946.6053100824 1031593.2153320312
146104159.0889879763 992695.8574218750
147515580.7569913864 1021736.9301757812
149087688.1521458626 1033986.1333007812
148914911.9487826228 1033709.7553710938
146202904.8590785563 996862.8994140625
146194240.7958579361 996051.2045898438
150097616.0995907187 1039106.6474609375
150024598.1588903964 1038222.5068359375
140759292.2903420925 712403.9990386963
139496728.8169654310 587746.4981732748
139542716.9314841926 596107.8584451973
139465832.5936741829 583954.7694559395
150204115.6520084143 1039155.2705078125
145158922.5895426273 958667.7055664062
148224630.7473138869 1029203.2807617188
139530320.9076232016 594406.9675760567
139514681.5543040037 590590.7404427379
145049259.3064716160 955757.9111328125
148153309.2430619895 1028379.3911132812
139557949.4023976326 596622.8066873848
139670839.4470153749 607209.0341348946
139806535.6715610027 619432.4795652628
142578502.7325316668 837760.0772094727
149575257.9259192944 1036116.2744140625
146067100.7798836529 991931.6113281250
147389507.6496059597 1020182.1206054688
140923265.3164984286 727258.3405227661
141117272.6370761693 740895.4060745239
141255377.6354246736 749813.6760559082
141278617.2001703084 750183.8225326538
142073967.7512521446 807494.0730590820
142950979.8030175567 862930.8124389648
143058394.0517579913 867148.1892700195
149749541.9756265879 1037472.0957031250
142365816.6857093275 825518.6610717773
148025557.1637296081 1027326.4545898438
142152111.2023482621 816333.2236633301
142520134.1142340899 833937.2487792969
140868983.4227059186 726717.4791946411
139815298.3464272916 619804.7171030343
142971987.5635526776 864610.1306762695
142619955.8500062227 840447.6137084961
140952105.2986126840 732231.0607376099
139756459.5748674572 614982.3084116280
150416854.3431575298 1039836.4697265625
142539023.3257180452 835781.9829406738
145975440.3971211016 990376.8017578125
149683195.1631446183 1036898.9394531250
143901409.0280767381 906110.3400878906
140019942.2485906184 642014.7948780060
143708915.6492393017 899175.6259765625
142466659.8951630592 833013.5316772461
143564339.8022062182 890250.7713623047
143226841.3442250788 875912.0617675781
150204971.8345734477 1039763.7460937500
145357519.2810118794 967857.5278320312
147275657.7971487641 1018330.4692382812
146918970.7794197202 1011903.1196289062
145814887.6970774531 984282.8200683594
140605401.6808472872 698475.7088775635
143611054.6280799210 895112.6974487305
139251938.5921176970 546356.9948035181
143774477.1829521358 900732.9923706055
145784790.9470078647 983490.6203613281
145610996.7007204890 977650.4724121094
145835152.7767817378 984616.2844238281
147289519.3632567823 1018785.1284179688
147186201.1941329241 1017230.3188476562
140455363.9459461272 686584.1312046051
145059216.3367402852 957304.3486328125
139321351.8792688251 564137.1240047812
139259821.3481292129 551826.0560116172
141518803.1281589270 771947.5406188965
143554104.4926197231 890182.7655029297
145455389.3132644594 971692.1589355469
147136510.3337852061 1015759.9155273438
139426660.2542337775 578014.2522215843
141314557.3239485025 759298.4670333862
141514995.9413414896 771413.7200851440
139389217.8299880326 575389.5375336017
141471842.1025008857 770604.3335876465
146687531.6035793424 1008384.4423828125
145728093.0245270431 982180.6000976562
142909438.4895458519 859149.7625122070
143201642.3404069245 874830.8141479492
143072400.6864441037 867731.1989746094
139300755.0080079138 558224.1526913047
143964131.2258387804 909466.6196289062
145578776.4952515066 976143.5041503906
149556813.9136110544 1035845.5693359375
141058278.7479707897 738836.8493633270
147016975.3296906352 1013415.3901367188
140764822.1090348065 714806.7124328613
141072037.2212883234 740323.2668437958
141297550.0304417908 759172.3039474487
149538661.9819689393 1035479.2539062500
145308406.6142784655 964921.9208984375
140815243.0890988708 719459.1381301880
141404362.2484753132 765070.6661453247
141552280.8489524424 776590.8851699829
143787720.1973544955 903255.6720581055
144073617.2154911458 916071.9436645508
145043124.5612809956 955439.1020507812
139337677.4376627803 569262.3038143516
143679007.1272006333 896354.6370849609
140101826.8546711206 651329.5872905143
142077744.9226192236 811012.1421203613
141794482.3068764806 792240.4472045898
146397095.2221920490 1002633.9604492188
140507294.1248556674 694643.9804763794
140538449.0710065365 697418.1395053864
141968485.7323751748 802068.9117126465
140134662.5186505318 657028.3529155143
140173831.5800825655 663702.0372416861
140151120.8252319992 662509.7747905143
146985500.0248270929 1012800.2182617188
140637896.7565544546 704850.6533355713
146498686.1301965714 1004419.4238281250
146548384.8985286653 1006153.0112304688
141729957.6389727890 786816.7129364014
140455784.2675029337 690453.2577304840
141843476.4893425405 794968.0584106445
141876337.8632167876 799627.2747192383
141776364.7084994316 792186.8533325195
146320159.2629136741 1000228.2807617188
146340081.3375120759 1002280.9111328125
146006644.0440376997 991533.5869140625
146015007.7880831063 991590.3808593750
140200708.9045988619 665539.1223865151
142024026.9807559550 805348.8544006348
145440015.8800043464 970866.7133789062
145482260.7230147421 974050.7304687500
140474653.3261325955 691476.3822765350
142914634.1110076904 859438.4431762695
142629675.6135002077 842001.9296875000
142836281.5035601556 855018.6572265625
142648639.8110661805 846114.0417480469
142928401.2420275211 860660.6004028320
145866843.5654116869 987322.4133300781
139374300.7877107263 572093.7599002272
142694842.8997064829 848659.3251953125
143369902.0812349021 882699.8240966797
141859816.8890463412 795572.6763153076
141948333.7838034630 801508.2142028809
141986598.6892903745 805077.9638671875
145675876.9583987892 979586.7604980469
141278639.2723641694 754506.1872024536
145384761.3073212504 970177.8969726562
145960183.4450270534 988830.1115722656
145937408.6898398995 987343.1062011719
140424464.2685282826 685493.1331405640
140446227.3429282904 686366.4791622162
140061279.4506939948 645860.3497472405
139996921.6879034936 639323.3419707417
140314383.0285351872 675949.0722118020
139293224.8625202775 553800.2811888903
140289861.1543090641 673279.2168555260
143435074.0002548695 886011.3223876953
143327687.7153555751 882014.3260498047
143827561.3373326659 905558.1517944336
143884837.5281171501 906064.8388061523
143247897.7065598965 877314.9359130859
139854976.4681784809 627161.6675551534
139870991.0533394516 627635.7233412862
140100280.2614614666 647776.3115344048
139913502.5668125451 635021.4695571065
139261767.2196200490 552584.1471185246
140263650.3302131593 672479.1455054283
140365266.8340775669 680168.5752525330
140331390.4046291113 678697.1049060822
139940395.9716913700 636826.1931899190
140374178.1548175216 682008.3742046356
141283163.4856061637 757280.0937271118
140047019.8540828228 643659.2288976312
142768905.6335762143 851265.2105712891
139146107.1441652477 523071.3300016704
139148714.6585725248 525371.7899320903
144881728.2482809424 949128.3007812500
141695626.5422955155 785071.5978393555
141674762.0597841442 783816.5563354492
141358210.1095848083 760308.7512893677
144878679.1220195293 948521.9023437500
142607286.6058528721 840171.1930847168
139062717.5080051422 495018.5568245235
144171026.2210420668 919879.2714843750
144776851.3724105954 945936.5944824219
143951916.7136804163 909407.2824707031
143551460.1642650366 890096.3161621094
140733188.3491796255 712026.8955230713
144950956.8797912598 951669.3601074219
144256319.9502107203 924573.3386230469
139131730.1517519951 520665.6966112438
139160392.7774985731 525848.2186430278
139148289.9027885497 524308.9158495250
142317259.1816503108 823229.7109069824
140663378.7711344063 705665.2736282349
143486092.3648433983 888177.6551513672
142374173.2158126533 826773.9389343262
141661898.2064770460 782306.6015701294
141522603.0507861078 772093.8514480591
141180365.9879114032 748945.2935333252
141579955.6636931598 776888.4229507446
140994196.9530502260 733222.6272583008
144963724.4310267568 951824.6430664062
141471802.3995267153 768227.3372573853
144360460.4807338715 928322.7136230469
143312088.2723767161 879234.6192626953
143283949.7892952561 878140.7829589844
144413735.0359859467 931492.7985839844
144215668.2117240727 921772.5567626953
144295057.8029476404 925104.5546875000
141438750.1730161011 767145.6179122925
141138246.3599616885 745523.4061050415
144594693.1196132004 938196.1259765625
142548510.2495259047 837328.9544677734
144554070.0398532450 937806.7248535156
144566747.5838551521 937867.2512207031
141164792.2404713333 747276.1264419556
141177701.4878619313 748021.1913833618
142253217.8500334024 820759.4686279297
142413763.2666933835 831733.6191101074
142312000.2640486658 823228.5234069824
139066251.8153194785 500151.0863655391
139104263.7758362591 513556.1602199855
139092718.3982443511 500696.4235866847
144520081.8267739415 934593.0864257812
144945558.5819332898 951233.4792480469
142212502.6283597052 819701.7279052734
144756603.2780415118 944436.0339355469
139172309.2735002935 535368.6167877465
144538510.5869113505 936641.3164062500
144016287.8318403661 911960.8486328125
139095363.1148251891 505818.6303737941
139217053.0814834237 544725.5624627629
