128017964.0131012946 24230.2109222412
115824129.8274845928 15482.3052702514
109469091.6364652514 9578.7236821055
109484992.1012065262 9938.1139093637
109506151.5086195022 10262.0369564593
109493943.5995654017 9944.1958958507
109951539.6399911493 11475.7051660088
110410978.5772978365 12493.1113669574
113050732.6387715936 13225.8443027404
112370635.9674351066 13210.1708880332
113192939.1005411297 13615.9621859160
109585818.6275689751 10600.1618496478
109455515.9403275102 9250.4056294560
125984093.5244115740 23092.3892021179
109515598.1529756188 10268.0177456439
113708180.6273065954 14358.5168263912
109425983.1977583170 8586.4850825667
109457337.1959870458 9572.7428929210
110169637.2140565068 12115.1724740532
109415038.2097533494 8258.1670299172
109413865.2681657076 8248.1943507791
109446801.1035790592 9244.4248402715
109686250.2633921802 10726.9975965321
109640977.9592371434 10656.7583696884
109724790.6058135480 11028.5588710010
128371934.0628994107 24246.3939666748
109868490.8674242049 11388.5770224039
109434354.6422003806 8879.0538238287
109691567.7629701495 11010.3332022135
127911400.9834056944 24221.9185638428
109419390.8484138548 8528.9287900925
109700282.5997186154 11016.3139913981
109545161.7674259841 10280.1817186177
110459854.2763719559 12573.1719877762
109711823.7449793816 11017.7050207560
109863746.1226235479 11388.1112425369
109524446.0847714841 10274.0997321308
109539741.4470026493 10278.2810465991
109918506.9576986432 11466.7098580864
109513694.8145474941 10267.7714445633
109481536.2071297914 9896.6659400165
109776195.1290295124 11096.8803445366
109901744.7215157896 11429.7246134323
109950767.7201234847 11472.9300122303
109796451.1110387444 11104.2521630791
112523389.5338042974 13213.0928088096
109784909.9657779783 11102.8611337212
110210662.3326783031 12133.6733438042
110480417.9622623324 12862.8258421463
109910459.5582642555 11435.7054026169
109549996.3097443581 10285.6528651416
109405730.5177901834 7865.4726684093
109737959.9914948940 11065.6434290451
124765102.0755612254 21718.4177541386
109726418.8462341279 11064.2523996872
109548456.2837511152 10284.2618357837
109629436.8139763772 10655.3673403305
122969565.9368571788 21138.9505150951
110182234.9743015617 12124.6873971489
109408188.4923291504 7899.5378320217
109639154.9104729742 10655.7148387134
109650696.0557337403 10657.1058680713
109623061.2453729659 10646.9437644184
110006272.9585954398 11748.5111375717
109605426.6149967462 10645.2052366775
109724217.6941421926 11018.0492689651
110011129.9864686877 11753.2343942192
109827089.2744385451 11381.7813912896
109671856.8809818178 10719.6325666946
122507604.7075047642 20623.1239939630
109983101.3990281522 11477.2536039650
123908311.3111584485 21336.0048643649
109680571.7177302837 10725.6133558792
109503286.6773585230 9950.1766850352
109413766.7118425667 8233.2940508127
109535987.2300322503 10275.4907614887
109515731.2480230480 10268.1189429462
109596711.7782482803 10639.2244474930
109423525.2232193798 8552.4199189544
110625608.2715993822 12873.8179955636
109556387.2563458979 10342.0975772780
109655038.7914595902 10713.3027154473
124131409.4010151923 21707.4157917500
118695582.4579548836 17735.0637908024
109764586.7495262027 11072.3171100882
109663753.6282080561 10719.2835046318
110390722.5952886343 12485.7395484149
109675294.7734688222 10720.6745339897
109573321.7838456035 10354.1603529495
109564606.9470971376 10348.1795637649
109584862.9291063547 10355.5513823074
109606697.3691176176 10646.5962660355
110034695.8014627248 11808.0969964308
123218927.6708031595 21190.6351791024
121685998.5414555520 20481.3759697233
121618561.8262645155 20478.2035828531
127317094.6325679868 24132.5201568604
109412212.1419199705 8222.6622213125
127865699.4333545268 24138.3207702637
125044755.5697131306 21859.1552726030
127228493.0411647856 23991.9884338379
127172106.2405920327 23981.9750671387
110690988.1489322782 12879.4140964304
109991816.2357765734 11483.2343931496
122633427.3913199753 21051.7126775086
109424428.6278357208 8556.4184401035
110003319.4014319479 11742.3806695044
121099343.6426835209 20389.6662631333
120804012.1537149996 20248.3875003159
110105386.5384721756 11836.2679986060
126910290.1772773564 23895.0830383301
125866919.5011899322 22143.6541614532
119420663.0322530270 17872.5180330873
125944957.0943259746 22153.5871868134
110311479.7314748913 12474.1892632544
110630694.4981936067 12874.8514278829
109889749.0987363756 11389.3470640481
110712271.1902496070 12972.0940325302
110016723.5257806480 11760.8000669777
120171542.6469083428 18912.6293040423
110065587.5115653276 11826.5163939041
126080307.0103026181 23351.6974468231
126410177.8182730228 23364.5864257812
120761920.3861826509 19435.2911347351
125230904.9388198555 22055.4761512950
113643348.8628228456 13978.6814768240
113567225.3683173209 13977.4644811079
113903780.4859023392 14401.5342914984
113505548.3489965945 13675.5936344787
113924145.3250842094 14514.8105453253
114761272.7394593209 14827.7520326376
115258540.9863294959 15317.0223204494
114882333.9751428664 14911.5148291588
114535548.3549241424 14595.8535355823
114875899.4147580862 14898.4887658358
114907238.4486433715 14926.4168772697
114843792.4542916417 14889.2258602083
114474578.6947944611 14583.6992902756
114252369.1505962908 14544.7626098990
114130926.6502333134 14522.0550780296
115002922.4354557842 15137.9533746690
114661979.8754984736 14648.1965311766
115143898.4548087865 15232.9395003021
115618316.8512624353 15330.5830170633
115748241.9134058803 15356.3922202811
116008468.1521927118 15680.7033803686
115954973.6772443503 15537.0864703879
116061999.3886852115 15962.6683434881
116840195.3810504377 16632.1661578417
116703479.9658848345 16470.4649096727
116332715.0045441091 16320.4307445027
116257784.6318902373 16288.7159415334
116955413.0452176630 16751.1055814028
116669074.2764904201 16428.0969405174
117277909.8398594558 16962.3974972963
116219005.1632082909 15988.5945600271
116617078.0216824710 16408.9258565232
116427434.7962678820 16377.4362138510
116738627.9390297234 16569.1159369946
117276401.0596729517 16950.7741509676
117408420.8320898861 16991.9620381594
116829085.8844319433 16627.8220277354
117132923.5993837416 16908.0659848452
117090420.4672973901 16844.4218827486
118463216.6158189774 17472.9242267609
119913554.9461146444 18640.2616643906
119757718.0840822607 18347.4974737167
118275289.5640622973 17197.2707409859
119145886.2568888366 17852.7877473831
119442527.2768150866 18059.2876272202
119469313.1739922166 18327.6586570740
