111061740.0097070187 35144.3823884688
111803546.1600906551 39978.6127893953
113953315.8391880989 51918.9062938865
112631307.0420881659 44984.2005143315
110418892.4723282605 30859.3596377447
110397323.3479480743 30158.0796631649
111013839.7166764736 34936.7580994330
110776587.8780442476 33227.1222642623
111576430.4700579047 38528.2396070324
110353411.0031287819 30083.5209737606
111929191.3814981729 41118.6407742612
114687583.3039294332 55084.5649180412
114714461.2451691329 55175.5260063410
111036099.9783945531 34994.2601972185
111061213.4533883482 35104.6148191057
115777144.2736505270 59481.3985137939
109789119.7123408169 24504.5372121967
109815840.9155471772 24514.8702748204
110325568.6633983999 29774.1456985800
110916882.9023909271 34192.6852536760
111231663.9440692812 36421.0431996286
111465956.4439396113 38211.3689251840
110042504.2609758377 27297.2278764658
109758855.6914853007 24494.2850931324
111656315.3352922946 39234.5932871662
110812154.8233935684 33496.7480193228
115178060.9927974790 57154.7523384094
111581666.6535415053 38655.1685602032
115143709.9474588484 57004.2523479462
113566176.9443747252 49922.6327146292
111224128.9695748687 36336.2668896131
112228990.0529671907 42804.9491406074
114139126.7684157193 52836.2420297861
114205843.9245662689 53022.9337810278
113550312.4398172647 49917.7781003118
115193104.4791513979 57259.3073825836
111189087.1776208878 35906.4712828808
113992337.3514422923 52124.7154159741
114451191.3149077296 53872.0824964046
110402746.7492904961 30549.2490853854
112514793.5948265642 44523.0756671606
110648421.4595615119 32340.1020785272
111862884.7605727166 40299.4191229902
115173922.2178632170 57119.6082935333
115146367.0144531727 57084.9807682037
110888651.3358551264 34082.0826648884
113380145.5810422748 49026.1408901215
113242182.3876318485 48356.1545395851
113192167.4862210006 48134.7174621820
113203790.4275845140 48243.5358624458
115395393.7573032975 57995.3608322144
114925521.6322680414 56341.9725475311
114916149.0966844410 56202.2734584808
112747410.6405550092 45714.7594363866
109963976.2450616658 26971.1969379345
109973479.6987403035 27152.3285539560
112042323.3800412118 41264.2913463674
113895239.1362722665 51714.5458550453
110208580.8798738420 28945.5500297276
110418355.7411982864 30642.0951486407
116097522.4883334041 60342.8054199219
110141558.0464012325 28814.0442324458
110980818.6686233878 34509.2579865567
113427329.2329463363 49472.1457656818
110860573.1387110800 33659.8874547146
112661092.6730304211 45303.4866134487
114035960.3279907107 52139.9661051035
112106415.2396686971 42123.3127515875
115698579.8187788129 59037.2973937988
115848861.0015826225 59804.1560363770
111921789.1984893382 40664.7853257200
116113797.6891580224 60535.8836059570
111875252.8946544677 40573.5208429508
111784796.1768165529 39839.6684274040
110234135.7081156224 29137.8415456107
114615851.4128196537 54740.5176895857
114414844.2520440817 53857.8753575087
110180812.6088167876 28887.7878346732
112725290.9870464653 45619.7287678868
112848923.2289187759 46421.3037114292
113015552.3175258785 47219.5876199156
116354531.6542853117 61267.3524169922
109923347.8138153404 26145.2972859191
116240124.0053480268 61074.2742309570
114896919.6915233582 56167.5393104553
110850003.0441682339 33633.5984940045
116027446.3255096376 60272.6992874146
109956360.8003517240 26294.8945914553
113070568.9491900355 47396.0391052961
114971710.2515058964 56472.5396289825
114186295.5040313303 52952.1794627905
109874155.0615514964 25452.0324394898
109926931.6058988124 26240.2758134650
109911724.8724518567 26124.1727398681
110288698.5558327883 29773.3873046366
110344644.4198763520 30028.6054302333
110169189.6674533039 28866.6632886222
110398546.2735220492 30545.3076690221
111761143.2554347813 39807.4623803608
110279201.1995001882 29752.2627585856
110408506.2960075885 30637.5474135121
109850393.5944156200 25334.3157967376
110819320.2046444863 33623.6416179324
113631893.8899874687 50384.0753311114
113223404.3402900547 48257.4771101885
110255886.0560869724 29725.6178480824
112997752.4950010628 47218.6075635105
112816457.8046964258 46273.3017414957
112834484.5915483683 46279.3986625820
114501681.2961007953 54437.8007189035
116113662.2574605048 60383.6138191223
115812503.4609339833 59576.4233627319
113035431.2732021958 47274.5878840685
112890994.5977874249 46457.6532807499
115531974.7209050208 58265.6840744019
114514763.7799636722 54508.1890891790
114562933.9225367606 54574.8096196651
110004567.9610052407 27221.4874054603
114044207.0174812973 52165.6592203379
113653089.5391753465 50419.4979655938
113802216.6299497783 51297.8051097589
113645091.9649032801 50386.5581413703
115049340.9283862710 56580.8760852814
115209708.3115369529 57382.5338535309
110518291.9864038825 31597.1081242785
110688601.6576405019 32721.6689285748
114306653.7685513794 53625.5467571020
114315333.6760590672 53641.9152091742
114300549.1483891010 53555.0934091806
114337469.3660829067 53719.2097057104
115634730.3878490627 58967.8437805176
110140803.6295709759 28205.0532866246
110566764.7528142482 31809.7393631451
113282388.0453212112 48423.0257414579
113052724.3490131050 47340.5725659542
111126470.4141145647 35457.4581150049
113292865.5718378276 48782.7737966767
113948052.9341586977 51824.8176522255
110338570.8747748435 29918.1483159289
109959417.4681650251 26318.2389066219
114271863.5852946043 53526.1315196753
114181040.6190094054 52863.3110035658
115610960.7384577692 58897.0894622803
109951725.3404922038 26281.9580669813
115286771.1746906787 57452.3855686188
115284762.7425952256 57408.0592746735
114839489.6906480789 55733.3929653168
113270229.0602708310 48392.5360424221
111711902.8692104816 39425.2933399044
114456606.9055277854 54019.5730953217
114887430.4508672357 55849.0700321198
113414922.5870774239 49194.7139541209
113326746.7526724488 48869.1822768748
113371679.0885697752 49014.2531997263
115429750.1972305179 58130.8171920776
114110304.4034639597 52724.4737514257
110094791.0749104619 28133.4823899679
110209296.3698623925 28999.2378434218
113136206.2036878914 47870.8442312470
111641106.6289242208 39119.9771775594
111497093.3469038606 38225.2438736765
111057872.0973415077 34998.1846889518
112898775.2576605529 46550.5333046941
115474725.5873567760 58200.7473907471
112681172.2974802703 45434.9956288487
114046637.2602455467 52295.9434967237
109750189.7461361587 23434.2734698802
112068199.6505392194 41735.7101239329
113370030.3737291545 49012.6013264656
112923981.5864448994 46584.7321580984
113882050.1065482050 51580.4317273237
113967260.2087222934 52014.3972018957
113166780.4497450739 48100.6717610359
115441571.9794492722 58166.2688369751
115417323.1503866613 58095.5145187378
115837619.0948603451 59664.2025299072
115550794.2459439635 58862.5447616577
110473332.7595658898 31008.0815948956
110633365.2540873885 31954.6386856548
113735026.3328787833 50777.1585308872
109874678.7378376275 25459.1250858717
112548249.0372735113 44705.8326539509
112582286.8332354426 44786.9000424854
112407965.3250813931 43904.2577104084
112151693.9975490272 42254.6454887539
113522020.0205101520 49853.9312898655
112338122.0340006649 43216.1311328970
112094611.2240723521 42065.1639586650
114655795.2667370290 54839.3787975311
114673685.0093160272 54902.2804050446
114599651.1002694666 54709.2022190094
114631367.7237418443 54753.6523303986
113735573.8414364010 50921.8490262032
112628700.8343525082 44866.4950578175
114791039.3467626721 55510.8599872589
110075999.5026334375 28060.3290522508
109968096.7071438879 27148.3552055769
112708295.3213076741 45567.9828978740
112273001.8749029934 43137.3990678303
110945570.6395723224 34507.4014045773
111159683.7887558341 35905.9417957477
112193371.8639109135 42551.8289269833
111297971.6334451884 37158.6301425090
111421240.8410336673 37842.1078124484
111516829.1281113029 38326.0424864879
111247115.9202958047 36635.4144417606
111431972.3742265105 38070.5597079387
112536640.6103017479 44567.6121085314
112352291.7691133469 43539.4915094404
111589444.1367313415 39094.0841998449
110682297.2105724365 32620.1038531223
110581531.3323837519 31920.0111603253
112240681.0536756366 42999.5194961391
112736947.5522997230 45654.3143637143
112430193.6629798412 43975.9700246565
111144891.7889779508 35900.2578185350
112118149.3044385165 42146.5102258436
112176593.1120666862 42304.2015674673
111075244.7676745057 35424.7362396298
110231121.4772323370 29023.5269397078
110558198.2117588520 31734.4632484028
113392657.6187063456 49141.9152195629
112355108.9487344623 43611.1461017309
115931341.7101795524 60093.1331253052
116325048.9180800766 61162.3696289062
116442805.9338084310 61736.1500854492
116587772.0702390224 61929.2282714844
116130198.6383754760 60969.2914428711
116062133.1088486761 60307.4155883789
115980074.0683694035 60167.6336746216
115768935.0963497758 59126.1443634033
115920449.4539506137 59804.2178497314
115314232.1976207197 57639.2555236816
115066682.1444659382 56716.7570838928
115123543.2455059141 56751.3846092224
114878010.7701820582 55834.1147518158
112540507.8957850784 44645.9522184841
111822068.4215339869 40265.9699843489
114089825.4937804490 52438.7560569942
111981929.1702810228 41218.4505379759
112718924.7576773316 45587.5280943476
113536814.5687007755 49914.7952215970
113588349.1904626489 50102.3865070816
113569994.1630369574 50067.1136322320
112332325.3305106759 43208.9397817366
112119562.0771566331 42153.7015770040
113400584.7784235626 49183.3264105618
114264926.9340638220 53314.9760422111
112077384.9296513498 41973.2408226095
114255287.2774161547 53121.8978561759
113781845.6306812465 51113.3638563752
111928845.5158799142 41021.9846498994
112422553.8989394158 43908.5682859980
112238022.2601532787 42889.1696642335
113680400.6522063166 50765.8145859417
112611969.8895753771 44852.5546133518
112765293.8742660433 45764.4841787815
112786458.8428750783 45790.5827312469
112933606.8578043580 46604.6565751545
113120112.3229462057 47532.7855644822
113472080.8530243486 49764.3017332757
113329246.4937378615 48941.7413582344
113159963.2945241481 48070.7666541897
113159913.3567422479 48028.0115795869
112956082.7849376053 47123.4166771732
113146311.1300008148 47945.9770522146
112269229.4779459685 43054.9348594844
112945522.2781130821 47037.9765539197
112805588.8229770511 46215.4161788784
112487446.1013482958 44186.5476019969
112492657.9647557884 44308.8025046764
112348469.2881278843 43472.6828605114
112350567.5002941042 43507.2275611339
112201046.7342474461 42699.2165363012
112076878.9591873288 41947.5782094030
112072763.3344679773 41932.1862933813
111928328.1009267271 40794.1429442754
111925139.3058180511 40707.2134589581
112087264.2789663970 41982.2057347326
112043266.5098868310 41639.8993615536
111785121.4500969946 39966.4792981176
111558644.1795712709 38522.7219092213
111758845.9907638729 39630.0863174433
111542577.9213486016 38513.3637744747
111417033.7340135574 37610.7923437916
111394691.6001653671 37605.3632761799
111389230.3721049726 37547.3440071903
111420318.5738364160 37657.6158043705
111367095.6016854644 37477.1550499760
111189619.2513343096 36130.9152740948
110935861.3126056790 34298.4513507066
109862991.2685974240 25377.2932189554
109822985.3266953528 25263.5529999770
109909019.2925234139 25518.9280220121
111239753.7477772534 36519.6767591191
110983812.0869503915 34655.7998566143
110874930.3815835118 33813.0734239332
110871266.9060312510 33721.3855316155
110735610.7075400949 32880.5573796146
110719708.5470307171 32811.9966073744
