111522241.9017641693 37624.6105075866
111659636.8531546742 38539.4208485871
112978261.7846309394 46464.8778873645
113158760.2796935737 47471.6768233068
112768935.1972223818 45305.1898424178
112780928.6577173471 45498.2680284530
112963804.1697927266 46432.4783824831
111175069.4248253256 35607.4330960801
111062303.8238229901 34805.2886522114
111093620.6688882262 34830.7959376313
110807592.1447152346 33022.5078157624
110784362.3007840216 32897.9333605012
110670023.0616071820 32096.1348540029
110924506.7166656256 33832.9554855637
110898649.3961182982 33802.5207520425
111299702.7359178364 36630.7710574567
111274068.9634248316 36488.7660679072
111150821.2391003221 35531.7703948757
111168332.8554483056 35573.9421695173
111178789.7271987647 35683.9705751985
111121804.5031368732 35459.0826684115
111011625.5676750690 34488.9189988328
110645815.6805588007 31991.4437496988
110592347.4290179908 31880.8266331395
110613592.6937212050 31986.0037950715
111344644.7422160208 36630.8709085713
111107616.0584072620 35257.7945143953
111198526.2264447063 35718.9394555241
111173883.6595355570 35599.8850296391
111017486.0465301126 34687.9554642094
110869110.8125005066 33678.3968032887
110735579.4107726216 32792.7561985692
111737718.2567564845 39170.9546050131
111581083.1064717174 38259.0250395834
111836311.3588401526 39641.4768514792
111814801.6351270229 39494.1381215043
111845635.0782183558 39684.9243803844
115073139.2931656539 56277.0944328308
114918703.6600884795 55618.1754150391
115064043.9355612397 56242.4669075012
115113719.4655402899 56480.0795631409
115215173.1493759304 56749.9014129639
115033300.8174569160 55983.0427703857
115967029.2345700562 59411.0492019653
115960700.2718138695 59365.9212112427
115627904.8707806170 58177.3970184326
115680107.8225242794 58282.5514068604
115750976.6889811456 58944.4272613525
115697536.9869571626 58409.5674362183
115521344.6313004494 58142.7694931030
115575207.9643809795 58165.8497238159
116924393.7061396539 61929.2282714844
116598567.6450439095 61232.9523468018
116705164.6570359319 61362.6134948730
116441532.9817740023 60666.3375701904
115907482.6571414173 59312.5546722412
115984046.5254124403 59734.3661346436
116110918.4688751101 59821.7011566162
116154081.1041587293 60015.7316741943
116255100.3031824231 60466.0937042236
115703388.1179879308 58669.6452865601
115419453.7893136740 57458.8458786011
115519875.4455277324 58120.7217330933
115868163.4674791992 58967.5074920654
115638476.3114998341 58177.5686187744
115704678.9505626559 58704.4991073608
115739809.3585253060 58774.4293060303
115456937.0061234534 57972.7715377808
115399871.5982216895 57446.4935684204
115132563.0870149434 56550.0097618103
115432852.4229124486 57481.2926940918
115335025.9649552107 57375.9108505249
115658692.8854766786 58251.4658966064
115420819.5789858103 57477.5524444580
115290452.1570371985 57346.2349395752
115276870.6041023731 57311.6074142456
115133076.2426792681 56679.6349258423
115162146.2325549424 56714.7467269897
115054184.1021032333 56005.6544723511
114950046.8648726046 55812.5762863159
115011810.3248566389 55962.7188873291
114926429.4829206467 55769.6407012939
112396174.7016350031 43256.4985989183
112411220.4125873595 43366.8532208055
110800179.5499656647 32966.9390110066
110575036.9115092158 31657.7284771306
110478071.6286258847 30740.1137530580
110612606.1451009065 31958.7363924077
110725606.0979399532 32767.5222302778
110691076.4680780321 32569.6580425603
110818337.5432498753 33165.6663479777
110687554.2029685080 32398.8077053996
110703985.8691336960 32655.0123170903
110568502.7348987460 31652.0433184877
110500046.1829221100 30955.7673938051
110484630.2623449862 30920.5745074525
112575842.6045814306 44294.0342091173
111665868.0317671895 38553.8870969517
112424508.7555944324 43442.6718681902
112575705.1075531691 44286.0010040719
112598433.1598140150 44354.6014336199
113722111.5598563403 50300.6707173485
113954555.3029056042 51185.8534621596
113487740.4493896663 49345.2304444769
113795594.5484646410 50348.3273398280
113695575.1607237905 50189.1670653224
113150654.5789522082 47356.6274656057
113308009.1467324048 48268.0356001258
114145444.4228239506 52120.2806195579
114141739.3126726896 52053.6600890718
111781412.4142998457 39382.7237353926
111735936.2182580531 39167.0584359011
111378817.8113748431 37254.7395683518
111599846.7353249192 38401.9743641010
111569866.8137293756 38255.8512817612
111607901.0066553652 38458.5618094504
111643735.9765742719 38465.0822942555
111428929.0655420721 37454.2763382187
111452546.4474940002 37523.8455216875
111865948.7045216709 39981.4817754093
114378958.9169305563 53157.1974983215
114281306.5006415993 52976.9629073143
113715964.6202130765 50199.7492305040
114038918.4684846848 51691.0361224413
113172849.5421539247 47527.5818438530
113598737.8811770380 49583.1987899691
113426626.5363324136 48897.0808547074
113484601.5117838830 49179.9651655555
113465992.1482594013 49158.2476251153
113336095.3987758160 48416.1852564812
113485163.8567583114 49268.1009783745
112820201.5177731961 45576.7195207626
112642514.9440748543 44664.7899553329
112675637.7870633304 44689.2485029250
113121027.1712201834 47274.5285512954
112771831.1114910692 45466.3648988754
114223274.7004414648 52227.2761152983
114103518.1207969487 52041.1845740080
113880109.1902526021 51123.8497389555
113828559.9900254011 50808.3288127184
113833847.5229688734 50930.7715529203
113826238.3279047906 50803.1695051193
113647083.1531209201 49893.0401529074
113661524.5979746580 50081.7522009611
114009722.8407777399 51683.3108900785
114277669.5351424068 52717.4903578758
114042704.1331909150 51918.9038064480
113933198.2092057467 51172.0326654911
113879901.2862565368 50979.8284928799
113804568.7927163392 50800.6035803556
112931971.8024313897 46357.1699182540
112476806.5605649948 43558.7851086452
112529632.9836866856 43789.2389890878
111401330.9714935720 37290.2115134802
111482575.4864427000 37546.0029673120
111825950.9046641141 39620.4446718879
112238467.8950961679 42365.2120202631
112465310.0701936781 43458.4934738390
110868756.1824855208 33633.0465501007
110755069.6675889492 32866.1879075225
112505957.2682061344 43648.2397618915
112621716.9032972008 44415.8950487138
115639723.4927794784 58201.3013687134
111548912.6140483916 37985.2759633027
114136614.9314617068 52048.1793984734
113611537.1922892630 49834.7536033392
111474335.9793965220 37541.5825395584
111412477.7686367035 37322.2280109627
111557906.6714628637 38234.1575763924
115010024.6144135296 55832.2076606750
110460504.0842588842 30515.2637336217
114865605.6152346283 55487.4837655388
114655790.7410210222 54562.6190318465
110788301.1253869385 32924.6131276814
110665251.9810644686 32034.7807376264
110657110.6998746395 32008.4917769162
110513878.7181200236 31096.5622114865
113045834.6922785640 46634.3283404112
110751116.4705748409 32812.4542358953
110390516.7924433351 30031.9896079665
110354335.6566884816 29739.5454210257
110163020.2641240954 27265.2462116843
110136415.3674674481 26962.1161113000
110184844.7725941241 27869.7077694153
110187791.0165760964 28021.9378174031
110350051.1473248154 29694.4270210452
110317968.9187876582 29690.5075576520
110308329.3723645359 29141.0703006601
110191182.1842803657 28778.5779922223
110236496.5953346640 28891.0165897226
110284872.0942548513 29028.0924829803
110416374.1129906625 30124.5328671671
110376998.4513091296 30014.6795139080
110285768.8241689652 29120.0600425368
112385113.6955299228 42973.7087777704
112540328.8821501583 43974.8204911798
112491632.4860628545 43594.7093863338
112958810.3025832623 46377.2218044251
110109325.0363517851 26498.3875691062
110178017.5396697074 27324.4105371572
112742637.1789062470 45253.0608051866
114651810.1842197180 54450.6082343459
112317397.9521483779 42685.4018578064
112217524.5528259724 42027.8822683990
112212022.7380041629 41929.1008670107
112088534.2680165619 41197.6320559755
111906685.5309715867 40200.7610585019
111906208.7301627994 40196.5552394167
110972716.7390983254 34388.1583293173
110938915.5199316442 34106.4705641270
112322781.8560241163 42734.1349635124
112931113.7767259479 46179.0329176039
112922450.9688041061 46144.4053922743
111203806.0423772484 35983.1168325329
116597792.3884829879 61222.2430419922
112355904.2679008543 42812.5329690464
114364388.2461340278 53097.3190316521
113140004.4360164851 47327.9875640273
111095235.5994180441 35113.7549763424
112149269.3894864768 41737.1427333131
112187095.2242379934 41900.6034036167
111974988.4634751081 40825.2131678835
112030800.2012063563 41115.9527029693
111419872.7763628364 37328.8253985150
114836536.8678455353 55136.7490882874
114580891.8230574727 54288.6693038940
114572868.4458327591 54254.0417785645
114632349.5876793563 54339.6206474304
114462558.5560796261 53739.6893665493
116847561.2364693135 61884.1188964844
116316936.6529113948 60533.7117004395
116219496.0450251848 60122.6071243286
114353924.0874467641 53086.0561570488
114315734.1199895591 53005.9679748714
112298933.3984060436 42483.7091172189
113572630.7426774055 49550.4997433759
113056183.0443785340 47017.9359799959
113063479.2225405574 47084.7374935001
113095924.2868441045 47116.9136420824
113397584.3071293980 48748.9247998334
113978251.8925297111 51604.1656753272
116242449.9445205927 60295.5241394043
111924804.8532317579 40275.8472079225
111657782.6748170108 38469.9889198728
114840539.1508388966 55252.6472623348
114857696.4641303867 55365.5283648968
114751384.1810263544 54794.1828258038
112886435.6849344820 45837.7093735002
112716310.6170812398 45107.0364351533
112906522.2345993072 46018.9660005830
113225192.0278866142 47918.5714103319
115677006.2357573956 58276.0850448608
112435125.9615094066 43447.8459391594
111968688.3427161276 40449.8940876508
116498554.3384778947 60744.5156250000
110946443.4479699880 34314.7266652416
110832685.8071418852 33402.7970998120
113365908.2631241530 48459.2266029119
111688672.4124971032 38705.5206670919
111667767.2854203582 38662.0514387116
111847922.8030043691 39715.8599815071
112306363.2022032142 42509.6186991185
112260674.1859185249 42408.1087903641
116572905.2574622482 61117.2602539062
116503811.1547311395 60924.1820678711
113800724.4692809135 50692.2361098975
113009581.2996343970 46604.1070414633
113218105.5612745285 47547.3117469549
111695866.5607805401 38740.1050666533
114658857.2120907605 54642.0990860164
111526291.1415252686 37671.8325844854
112839274.3630237281 45647.8618524261
111223563.5854129493 36046.2838069396
111359264.1620174348 36892.2078142548
114233455.3755002916 52686.2839027047
114430965.4572777599 53498.3386833668
114224808.6969641447 52580.6014910340
112028455.6235065013 41054.3768814579
114713608.7152789384 54791.2078408562
112539951.6510126740 43808.4886009749
111216133.7816157639 35983.4204330826
114712295.9148333818 54706.6410950981
114811434.1945703477 55099.0647697449
112876687.4357883483 45798.6796220392
112691827.3056755811 44886.7500566095
114173445.2551887482 52213.4020618759
112140189.7735791802 41663.8445091099
111722251.7563381195 38990.1301078498
111731564.1077308655 39059.7110893612
111346160.7913769782 36679.8178022800
111921379.3384153694 40222.5590622276
111256538.8729650080 36079.8103171811
113285819.5462577790 48061.8713567443
113187081.6110028923 47541.8917678595
113200300.2377244234 47547.2970374823
112617865.7488014549 44372.1130412035
114484973.1722991765 53804.4978951775
114489115.5459521711 53837.3962945305
114547519.8027064353 53989.6328973137
114533134.8279202729 53904.2032134533
