103580110.2748301178 16793.3145995140
100118092.6046404541 13348.3669257817
97531180.8322009444 8735.7758703939
97619796.7389817685 9104.1989384405
107340210.8653658479 18722.0626373291
104844289.4769574553 17566.5543942451
98536828.2126800418 10901.0484554912
101209568.1640854180 14591.3549473882
99205807.6254283786 11882.8578861346
99135365.1497876793 11821.9514401612
106259536.9245651066 18277.3977432251
97804922.8758904636 9433.5018759695
97543455.5939784348 8743.2736831419
98773245.7969633490 11468.4332470280
99109598.7021678239 11493.3229001221
106101083.8499575704 18188.8866577148
99743802.8971417844 12881.1532433061
102226544.0313896537 15795.8842201270
97691916.1356962770 9139.7053313963
98358687.9853290766 10561.4349482059
97914041.3081730008 9497.9419729574
101119223.5448556095 14449.1962245921
97437071.2340759486 8722.2384963743
102448169.9288901538 15842.1384471655
98302918.9997584820 10185.1467587812
98069314.8873352557 9654.2685485309
100451606.4105103910 13682.1592861903
97242547.2706343234 8027.2538905987
99422603.3934842348 12273.0086939214
101675045.8964532018 15122.3143644551
99302912.1464196742 11989.5547855487
106392906.3945704699 18320.1367416382
106701831.3359369785 18437.5069732666
101100147.2957493216 14414.2032741526
106110056.9895212352 18213.8504028320
104479239.3539174944 17351.2033047676
108559519.1169823855 18817.7964630127
98339452.7138984203 10455.5844843388
98199613.0374510586 9802.3084922259
104780685.7557744235 17471.3271656036
100452394.2704477906 13705.8594261897
100463732.7096663862 13733.0242821467
101362885.6832487881 14748.9558616051
97751478.7508144826 9428.0462794726
99897875.7988821715 12941.7820684572
98346976.1382695436 10536.2347147465
98655398.9832805544 10942.4020873718
103003879.7602304816 16348.7468191683
99791491.4389796704 12903.4377233644
97348931.6305368245 8085.4489005455
99576240.5933315754 12549.9708021081
97817008.8434760123 9449.6700358813
97281718.6104978025 8059.0423829206
97751478.7508144975 9428.0462794726
105848531.0781491995 18086.2860488892
104795636.2262928933 17486.9479808807
105594867.3285507411 17956.9793682098
97857478.8498428613 9473.2205248301
105081931.2025842369 17674.6079540253
102479522.0612509400 15981.6743235625
99704034.1963496208 12639.8686163088
100748555.6072967649 13991.6067157984
99662430.8483378142 12570.3290655275
100369395.7470067590 13636.4180156011
98082450.2754388005 9779.8377943461
99595217.8282987922 12555.7498418947
100236418.1664742231 13520.0145243196
99115809.4685377330 11633.2510921685
102791839.9945750237 16166.1395735145
100028077.0223348886 13282.2670311034
99547852.0682234466 12320.2292172164
99649367.2276953608 12565.6236160656
99676905.0400488526 12634.7998365462
99909742.6023754328 13155.1142890975
102917430.8518500030 16194.6152930856
99996607.1473961473 13202.4860057831
104118166.8806511611 17102.0139393806
99743632.1697288603 12862.2103768377
99932097.0595823526 13198.1914375350
99582154.2076563388 12551.0443924328
101860706.7663796395 15422.4797579087
100757515.7926615477 14026.5996662378
98104804.7326457202 9797.8024759715
102994906.6206667870 16323.7830740511
104342637.4828466475 17275.2757244110
99938010.6739071161 13199.2650278597
99274077.8909525722 11910.2911441913
101064371.9109798372 14363.4744878802
100368702.2061152607 13607.8009285033
106716541.4211687744 18445.8616638184
103524279.1848973930 16610.1607265472
103433411.9424509853 16528.8517345190
102362594.0898874551 15816.4222726859
107257109.7174639106 18713.9121856689
100377662.3914800584 13642.7938789427
108272514.8267409354 18812.5861053467
102952915.5172739178 16303.0114065707
103498869.6070696265 16605.3896071017
107852284.2816135436 18756.2520751953
99556283.6966457367 12452.3255983083
106099139.4872702509 18172.3383660316
102737183.8858909607 16119.5216986239
98200403.0934803188 9808.7833526582
102677776.7510801256 16114.5798565447
103255170.3793195486 16493.7571178079
103911944.8751944900 16914.5224580765
104581796.1218676567 17462.5905284882
104211750.5090376437 17188.4374179840
101956323.8162621558 15461.1512646893
105435667.3272234350 17897.9046859741
104291673.2398900688 17229.5403118134
99063649.7205982655 11491.6518357862
100238958.8767351806 13570.7067139106
106690227.0407163352 18435.7052307129
104099204.3341392130 17062.2334370613
101822884.3778092265 15202.7455334881
103930907.4217064083 16969.4441471100
103440018.9781530499 16559.7955043316
103151458.7767340094 16349.9345411658
107639280.8800640553 18752.8386840820
107034990.0257918537 18606.1574859619
104992175.4798840135 17633.5747189522
105665818.2154620439 17978.9568390846
105727713.5494142771 18018.5966262817
106614673.3215082735 18361.5932302475
105196909.9018837065 17798.2077770233
99906835.9842469692 12965.8402349611
107903456.7927708030 18765.6483154297
102226429.0235160291 15550.3688087016
102601714.5736828148 16023.2693014443
102668315.5314531028 16086.1190678179
100562801.3372267932 13893.7152278172
105499441.6915847361 17926.8487167358
106622126.2748660892 18417.7761230469
101074839.2391942590 14387.7195438364
106841927.9690018892 18544.4977416992
100267732.8090459406 13587.1498392610
104192787.9625257105 17148.6569156647
99888020.7013265640 12938.9292038342
102038167.1017560661 15545.2914047278
108720368.9417147934 18871.0665588379
105110366.3421443999 17703.7808055878
106268510.0641287714 18302.3614883423
99390385.6873212010 12100.4452431836
102612817.6943717450 16082.7612311635
103433032.8845092654 16521.7115581036
100196111.3677045107 13517.5998056917
104580392.7729347199 17380.0932286978
101300889.0744075626 14695.5093349436
99418791.1744276434 12139.0998012312
106938840.7285201102 18588.7082214355
109946531.1229014993 18885.3399047852
103245890.2721466273 16465.8763862252
101603561.3020882457 15116.3244501390
102914082.9418588281 16177.6889662147
104249988.7915798724 17192.6618175507
105902704.5658669025 18129.6648635864
101254339.3035201132 14692.1900800535
104190885.1601082236 17106.9310392141
109294978.3228423744 18873.7512817383
100895676.2138981372 14283.1316373815
103194926.0291900635 16418.2156806588
101969398.5670983046 15489.7289123572
101576705.9611345381 14853.3883245736
101217630.7952133268 14684.2109898547
106621321.1204598993 18389.5381250381
105432378.1991420090 17872.9644479752
105039509.5219206363 17653.4644618034
104971820.7440305650 17628.8613343239
103837323.7933199257 16876.6284116507
100825846.6622434705 14105.4189132801
101853864.6451887041 15242.2953920582
110225302.0606508851 18965.1450347900
106442634.5669420511 18331.3005523682
104488212.4934811592 17376.1670498848
103372955.4857103080 16507.2195299268
105090904.3421479017 17699.5716991425
104926928.0901869684 17609.0241460800
104910547.8149939775 17592.2006649971
103887386.7013508677 16888.2790597677
103763021.4958837777 16832.8126596212
104171567.8230289221 17105.9389176369
105581091.9966970533 17930.6724166870
100669655.1214093566 13991.2105545155
105473531.0795025826 17899.6016464233
101740932.9101706147 15151.5483058909
105023840.8497051895 17653.2346258163
104370484.6651869714 17284.0352969766
104082102.8657572418 17056.0303300619
104413910.1960450113 17332.3512978554
100606078.7370535582 13894.1358259191
101590486.5512520969 15087.1333278635
105049962.7849651128 17655.7589197159
105697483.5852832198 17998.6167459488
103735401.2460206449 16800.1483514905
101090067.9051841646 14399.4327746630
106641679.4017609656 18423.3563156128
103539235.0592423826 16758.5777534842
105423873.5965631008 17810.8028726578
100667100.2283570766 13924.6345402002
103993285.3368139863 17049.7349029183
106590465.2012495399 18343.6547937393
100945227.2643837780 14355.0318209231
105155635.7239226699 17720.9222393036
103531464.9954048693 16654.8587546945
101392211.7092015743 14832.3489612559
106731750.8999725729 18507.3314743042
103942321.0938574225 17003.9994903207
100881248.8172419965 14116.6386654456
101329553.4612404257 14717.3497630358
105829278.4595007002 18066.3043594360
101507814.6839091629 14840.8074533710
105823137.1494911909 18026.9771423340
110133571.1459463090 18899.4369964600
