42941249.1895531267 553332.0662841797
42908321.8734955713 550307.1949920654
43001400.0822863579 555957.1163330078
43279930.4971072450 572601.2622070312
43072982.6300111562 562548.5645751953
42936795.7260947600 550871.8711547852
43011864.4334078878 555973.6508178711
44351631.1046555862 622716.1396484375
43572171.3205921799 587258.2031250000
42392909.4770458490 505102.4817810059
42516909.7345731854 517613.7036132812
42347018.2070254460 503776.3348083496
42396208.9835954309 505737.2004699707
42202742.7595511377 476488.1250953674
44264936.1457563341 622572.3056640625
42794030.3764594346 540292.7820434570
42686431.3118514419 532517.8648023605
42899519.7464126125 547760.2340393066
42768034.5743035153 538485.5586776733
44840742.4560058564 638828.8051757812
43644011.6904943734 591432.6770019531
43088339.8090550378 564692.6274414062
43032105.2293669358 560245.1966552734
43285915.9068580642 572702.3857421875
42276186.2488217205 490990.5682382584
42194531.0362296551 473617.3788375854
44185140.8898885921 616974.9233398438
44232870.4820657670 617387.4526367188
44182677.0643153638 615741.2309570312
43952367.1425696537 608028.6040039062
43743847.1746117398 597466.2390136719
44124191.9675470367 614789.8164062500
44117701.0590907782 613690.2124023438
43512039.5999036729 587012.4750976562
43906087.6009950787 605977.5854492188
43883166.0567038134 604919.7924804688
43656139.7429865450 595523.8215332031
43292082.6101621464 572804.1096191406
44527396.5472818390 630819.0468750000
42255749.6513002738 489914.5269937515
42274984.3255776018 490599.1629943848
44921246.4151426107 639911.9682617188
45003690.2245935649 641578.0639648438
43410400.2156348899 580383.3740234375
43452715.5113672018 584045.2680664062
43503056.3833712786 586213.8891601562
43428123.5471737310 581368.0326538086
42394841.9852364957 505210.6325378418
44356947.6489695311 623476.8012695312
42535704.3944653571 522817.1304168701
44501239.1484849602 627457.3186035156
44254807.6515947580 621032.7956542969
43789071.3770116568 601936.2744140625
44025977.6785518974 613023.0373535156
43829478.7466147244 603218.1362304688
43603800.4787322506 591082.1904296875
43587077.3740557283 588608.6191406250
43465377.6156263798 585960.0517578125
43402190.4311930761 579939.3911132812
43278917.6523646414 570484.1857910156
43031179.3257708400 557286.4007568359
42252317.9173457772 489637.2035369873
42288021.2885414958 491980.6722259521
42297049.0876568630 494572.3770217896
42233570.1682692021 488651.7378692627
42196098.3977054581 474470.8433113098
42209294.1633345783 477416.8636817932
42218733.9345906526 477635.3193435669
45077114.2345406786 645780.7705078125
42810839.3530028239 542267.8538513184
43292684.9081360921 574243.9870605469
42340019.0853758827 498733.1933975220
43206833.7919792235 570479.3510131836
43164996.3745004162 567601.1320800781
44492317.6301616505 626397.5112304688
43020065.5346891731 556218.7391357422
42982241.5196408629 554109.7381591797
44933703.0269035324 640204.0927734375
44628349.2292557061 631276.7919921875
44857185.1054774076 638874.5786132812
44767547.7824228108 637251.3002929688
42717595.4322466701 535122.7012329102
44171934.2609399557 615171.7436523438
42473578.4016554803 513694.1555938721
42593439.3992094621 526516.6216430664
42779285.5233265907 538865.4680786133
42528038.4444999844 521560.2623672485
44640860.7435069978 633479.4736328125
42699074.3037867025 534507.3899803162
44128482.8364929482 615039.3027343750
44104072.3910982758 613428.1933593750
42839551.2890506536 546491.7928161621
42320662.8330836147 496114.4833917618
43358757.9095287099 579002.2524414062
42772427.9134571478 538568.3367309570
42405991.4009381458 511923.3507308960
42630502.4366513118 527877.6151123047
42521926.7397874817 518079.1231079102
44749407.9865799099 635467.0769042969
42670843.2581700459 531465.4311027527
43851532.1632014588 603644.1320800781
43859050.8097611517 604585.5388183594
43562223.3020684421 587157.8427734375
42339248.8053906336 498423.9698257446
42318743.9643546790 495965.8802337646
42370606.5401422381 505099.0608215332
42299882.6928745508 495078.8875579834
44957937.3374874443 640230.5224609375
44558332.7523847967 630864.8203125000
45064560.9262134507 645236.9965820312
42902434.6289160550 548313.6164245605
44441604.6588971391 626000.2382812500
43685041.9670696184 596575.7805175781
44410329.3330947831 625100.0795898438
43312693.5141016990 576300.4233398438
43324846.8541063815 576352.9880371094
43167366.2296872288 568343.2297363281
42797353.9479563609 540915.1150817871
42657888.5609396696 528935.9223632812
42517289.7972607091 517672.0439815521
42494697.3546689972 516473.5545406342
42635247.4815851375 528067.8733272552
42585132.1820263565 523172.9109249115
42756833.2121234536 535626.6402053833
42484350.1800826415 513882.0905609131
44864046.4878969789 639056.1513671875
45003134.2205592394 640637.0537109375
