75397341.0802763700 821.0298716426
74107757.7521976978 639.8253449973
73731684.5006174892 580.9102059494
75474306.8279945701 834.3949561119
74607636.7998744249 719.8211459480
73887090.0983742774 608.0979160848
73166086.6333701909 460.0383819891
72966247.0709467232 381.4728724193
74124776.9623978883 647.5573487084
73287831.1968900114 487.0265999641
74127952.3348634690 649.7978661577
73113847.2543071806 441.7183145424
75450051.6406446695 828.7340907454
75466946.8015122712 833.5594094896
75653505.5717276335 859.1708717346
74702066.8779193759 726.4650148074
74094706.7883866727 638.5250721499
75886388.7264011502 890.4723010063
75576885.3423816264 848.0995917320
72977401.1447450221 403.2056696757
77004524.6690268070 988.1243653297
73939570.2849906236 619.7215694236
73769275.0189658254 581.8009236231
74107775.0166314840 643.2018981073
74246878.1806017905 661.8601570651
73798574.8106004894 591.9604799792
76924942.2267109454 981.6067075729
73561075.6047497988 553.3356985518
73045935.1640220135 414.1680583643
75578108.0537133515 848.4022909999
76244370.9595527053 928.3751802444
73614373.5556797981 558.7509368722
74285197.1334725320 670.6647275053
74709837.2573471367 726.5321151939
73913727.9881011844 609.4044871987
74259371.7712466717 665.6615358870
73264955.2144530416 484.5804769779
74021306.5102453977 627.0703106531
74587483.4192202985 713.7237812504
73772553.7201056927 583.0911467829
74109997.8894547224 645.2490144428
73063643.8036520034 439.0244995015
76014870.3116636723 902.3499517441
75624649.9464107454 856.8906669617
75728976.6992385834 867.5468034744
75716824.0846121013 866.5109081268
76630802.0123686343 959.4018168449
75521900.3187911808 839.7236599922
73418540.5855788738 529.0540761717
74291804.5333994329 673.0901180177
72917866.6835126430 360.5201965481
73613907.8012035191 557.8323392546
75330318.8147450089 811.5670837760
73117129.3579685539 444.7167752306
72894313.0198634416 338.5823614431
73035214.1667921543 405.4825578686
73834462.1869872212 602.8166281204
75457955.4135003388 832.2181298807
75507646.3152945936 837.7294046283
73799847.4512702227 596.3308685196
72975126.4011664838 381.9447133628
74250849.1690261662 664.0860662684
75600603.3189017326 851.6653416231
73955495.0617733598 621.8809403460
74589814.8546865284 713.7320415201
72939839.3024839312 361.9802889624
73100692.2688283175 439.6880145799
73417450.9135823995 528.1660578157
76452724.9419960976 946.0424566269
76325598.4533216059 936.3003878593
73334016.5151097924 506.1165655463
73538113.1738672107 550.8541154631
75884130.4675408006 888.8557934538
73390990.5420061350 522.8151850768
73263301.6293217391 482.9510492245
75337584.0991830081 815.6943546901
73671111.3462944329 560.7579021478
74172808.8043004572 650.4053955302
76851529.3512285948 976.8455519676
73146767.8738778234 447.4483603940
73147528.4099463522 457.7010796647
73303731.9149953127 492.8459903258
73971587.7398207784 626.4199481874
75415595.1574324667 824.4362787604
73313808.6736359745 494.9665044424
75713692.4434498549 863.1271798015
75306473.1412367076 810.0483749877
75759268.0183355957 872.0400667191
75616620.1129342020 852.5928549767
75902773.6563762426 892.6448087692
76220048.0719978213 925.0215744972
75776741.3032677025 876.3378787041
76748510.4564016163 969.1069598198
73692374.8584355116 573.1504020323
77172685.4771210700 1001.0539193153
75563173.5211853236 847.1855239868
73370858.6282315105 510.3616848793
76783407.4749141037 973.6211409569
73708655.0383896828 574.4645796181
74323140.8982269019 674.2509135656
73762538.1093137562 580.9426201367
73440098.4429118484 531.7862016940
74404027.0962702930 687.5800216980
73403256.3297901303 527.5410823610
74459541.3960041851 697.3751995075
74418221.6800625324 687.7314793654
73236462.6847210824 482.9180600429
73534382.9998329133 540.6988699343
75345669.6065611839 818.0249707997
75944902.1113619506 893.6597862244
74312086.0994376391 674.0401145923
75743740.8209997863 871.0250892639
75868915.4414690733 885.9581198692
76661442.4791140109 963.9159979820
74398706.2234916091 686.2523368890
74440025.9394332469 692.9430482420
73217771.8070911914 476.1127846066
74477671.2197387666 698.2937970869
76493281.6710197628 950.9864439964
76462641.2042743713 946.4722628593
76137244.7921902388 918.1488827616
76090171.8848908991 914.0954971313
73815899.2300586253 599.3377038459
73823550.8089163005 599.6059389978
73056639.7722667605 424.8691625291
73167176.3053666800 460.9258253509
75389692.8216670007 819.9430155158
74740661.3464644402 737.2177366801
75858704.0183407217 883.9546432495
73629616.3828285784 559.1959584737
75875088.9483158141 886.1271510124
76919262.1923369020 979.0919681787
76061364.3137849122 908.4437397867
72903732.1420122832 338.6105082874
75945553.6390373260 900.1774439812
72928174.2293652445 361.9455932025
73021703.5301468074 404.8401523438
76947384.7605979592 983.6101841927
73332622.8547592759 505.5425142161
76121560.0574854910 914.6806683540
75799754.7615492642 880.7302322388
76630243.0451534837 958.9720106125
76302468.3573686332 933.5427088737
76315830.4520104676 934.7267174721
76647396.1866397113 960.6915869713
76039004.2140996307 905.5743627548
74223202.9196641445 658.7414874393
75786952.7263960391 877.2519464493
74039451.9057072699 631.8725666986
75694473.3986025155 861.8420042992
75837121.3040039092 881.2892160416
73220579.5778591782 481.4628988038
75318570.7410911620 810.2120376863
73133302.1086379439 446.4618982318
73333837.0455474854 505.6854270808
73163846.3391994536 459.9567642262
73501708.6024235487 532.9492380032
73577905.3880631477 555.1212866092
73337498.2809908092 506.9406191571
74691784.8994567692 724.1023940386
73286315.4546372592 485.0830426821
73185558.7902340889 462.9734632745
76258859.6481673717 931.5392322540
73151892.0495779365 459.4128315402
76052029.7768898308 906.4653447866
76057816.1718030274 907.5778393745
73318552.7897587419 504.1724332701
76066688.9221600592 912.0920205116
73346485.6044043154 508.4181275973
76721494.5448514968 967.1034832001
75500136.6470186263 835.6303073466
74048769.4559269100 632.1655051247
73046525.0275578499 422.2265203408
72975448.8455655128 385.1202347400
76531407.6727369130 954.1739292145
74548196.5360700786 705.9601258300
75618878.6808272302 855.7719002366
74265493.9350931793 668.9426888470
74874796.5812430978 754.1484923400
75459055.8625547886 832.7736983895
76882242.8473306745 978.4192223549
73517048.0007970929 534.4739944772
73720492.3739069551 580.4296216978
74964842.0002279431 770.2579645701
74812670.6080128253 746.9311399246
77050403.6554249376 991.3487763405
75266967.8491361886 808.9341331124
74969067.3990248591 770.4245839156
74286018.9786297530 671.4908410944
75349408.4394213110 818.6392760873
74388353.4977683574 681.5510327532
73608620.6530015469 555.8985112919
74591876.3594198972 713.8826517649
74435762.3620803058 692.1127607264
76243749.2535086870 927.0250511169
74775446.4758732766 744.1270394288
74114042.8660162985 645.5631545745
73691475.0219295025 564.0308561116
74602667.8955018669 716.8645209931
74748240.9544625878 737.2608517073
74207313.2871037275 656.1320105740
76363246.8646426648 941.2443752289
74485280.8468630910 700.2014829256
73342943.4545944929 507.0536709617
76427020.4562616199 944.4687862396
76973494.3470286876 986.5506949425
76147669.6439162344 921.7971634865
74732887.1164483130 734.9365026616
74650031.5228763521 723.5695570223
74271421.4115177989 669.0042110146
74437006.5318189263 692.5625602268
72955769.7929020077 378.8870497950
75590011.2974130362 848.5293784142
73060461.8553015590 424.8706387378
73031901.7525391132 404.8715185775
75372921.6035774350 819.3595840335
73202716.8575748950 468.8880290458
75198641.9543237090 795.6086786985
73489250.0617977232 532.6718101300
74654224.7257039100 723.6126720496
73523339.4296253920 534.8586611370
73679037.1488486528 563.5766277410
75550906.3145141155 844.0798560381
76748140.9721699208 968.6771535873
75227567.0733611435 801.3662575595
74497860.1306612343 700.2344721071
74057049.7094310969 634.8668533028
74561350.6404723972 711.0868115388
75336253.5551228821 811.6268996000
74839687.8318179697 747.9111393271
73514291.7483603060 533.0115033178
74563212.4078337252 711.0969373845
74390756.6272779405 682.5038989843
75453217.3171442747 831.9323349595
74666022.2619036138 723.6602983947
74984838.2934626788 770.5916372202
75770955.3332712352 872.8790913820
74627471.7557701468 720.9008425511
74822419.0529156476 747.1537423858
74695031.7526653111 725.2108859429
74855220.5566306263 750.5984797170
74542728.0344880223 704.1654603072
73493072.1448325217 532.9480930366
74039576.4244989753 632.1325159431
74753510.7287526578 737.6185492675
74999100.0033784807 770.8111835234
75076279.4966793954 784.0976408832
75045563.9484782368 777.3600729369
75531992.7360018939 841.6374779344
75296171.8096709996 809.2670110667
75249061.1133156866 802.3631845117
75219818.1334783286 797.0489875227
75426727.1677400321 825.3613863587
75132485.8871432841 789.5049718730
75177248.4635415375 795.3080186152
74918455.3838248253 761.1125046972
74519923.9076275080 703.2274673991
74516645.2064876556 701.5937596969
75087624.1206344664 784.6059486882
74779639.6787008345 744.1701544560
74353840.4400715828 679.5661988184
74202148.4843190312 654.4077946469
75236504.0154442787 801.5261869133
75176115.2627147883 794.0983045697
74517778.4073143899 702.8839828186
75125286.2229532450 787.2603768222
74336367.1551394761 675.9587159082
75105468.7253721058 785.0117086284
74977976.6975009888 770.4715263860
75322993.1775294691 811.1246913783
74184966.2401550263 653.1642100736
74612364.9052218795 720.8020803593
74792707.1344293058 744.5281150974
74379764.8111683875 679.6049240641
76827260.3055187017 975.1948113441
74885851.3800323457 754.5350919478
74340421.6414864957 676.7885963097
74895143.3270260692 758.3045767583
75049789.3472751379 777.5266922824
74717715.2355150729 734.4650114812
74807674.7598646134 745.7683683494
76652910.6720081121 960.9754872322
74907110.7598697543 760.6041968921
75365023.8558134884 818.8234523535
74712955.7912842929 728.4188449048
74485111.6182602644 700.1236812249
74867458.6189656407 751.7869190015
75106382.5259102881 785.1278574616
75684964.0279142410 859.8439468145
74932950.1613958329 761.7976448201
73938708.0088186711 610.3276711003
74506505.1090424210 700.4498648904
76576001.3636118472 956.1774058342
75113244.1218719929 786.2481948137
76484749.8639138341 948.0459332466
74171547.4415699542 650.3866075650
76198970.9307901561 923.0317077637
76407840.5555175841 943.2478518486
76594048.1465297490 957.7510762215
76762208.9546240121 970.6806302071
