67051067.0676795989 847289.2050781250
66477073.6602382064 824888.0952148438
67050693.1656108201 846588.5156250000
66978904.1037636548 845307.0273437500
68065221.5953174978 859322.0610351562
66102090.0505009741 814245.2563476562
66196223.5237187296 814448.8054199219
65262302.5320952907 763158.2119750977
64304098.9513101280 647868.1462802887
65355295.4499790370 769740.0005493164
68141742.0409338027 860484.2607421875
66445071.2745883241 824493.2373046875
66485662.0686633140 826237.9179687500
65037078.8674875200 743147.5091705322
65246380.2899677306 759452.3277740479
65354298.4367542118 768894.1069946289
65351630.8463645428 766015.6828002930
66198129.4008163065 817750.3250732422
66256437.7249235660 819370.2469482422
66081536.2512438297 813981.1759033203
65881986.5065699816 804129.7862548828
66239319.9989124686 818004.7664794922
66025715.1456781626 812434.0076904297
64330448.2113826126 649548.8441772461
64367857.8363191634 659151.7097625732
64346916.3003083169 656689.6151733398
64201847.8043564260 635745.2719116211
65780726.5069191754 802826.2189941406
67465990.9234540462 855412.0771484375
67783441.8031664640 859049.0087890625
65207175.2390048131 756580.1338500977
65116576.1726768389 753742.2976989746
65492397.7400710732 780905.0199584961
65438702.9840404540 777441.9883422852
65394648.3186634630 776540.6991577148
64686851.7509171367 700646.4444274902
64630751.0499886870 692112.2469787598
66761847.3898324668 836559.6701660156
66945347.1131673306 844763.6591796875
66764120.9016496539 837141.5578613281
66335840.6632417142 824264.2060546875
67248594.2279573083 851815.9692382812
67173571.7427106649 850869.8608398438
66655104.5980377048 832970.7067871094
66701292.7623053938 835192.2001953125
67453848.8681342751 855142.8217773438
67392348.2249999493 854120.5473632812
67771050.4522209316 858550.5468750000
67706571.1665142775 858077.9267578125
64915281.1442844421 722853.4840393066
64439934.7059572786 669804.4518661499
64264630.9829388857 646342.8312377930
64812182.1725009233 712914.8863220215
64688223.6405333877 704185.3266296387
64846799.9766673744 716350.0574645996
65092277.7037908509 745591.5657653809
65957735.7430594265 811559.2694091797
64805647.0339685380 712464.5031127930
64919711.1313583106 723633.5646972656
64761632.8805631995 711823.4808654785
64902390.5222576708 720938.1204528809
65164419.9874854386 754047.9449615479
66788415.5638857484 837544.2656250000
66913117.2910436094 842914.7255859375
66808397.2907270193 838468.1962890625
65408056.5775220394 777301.0126342773
65582543.0864279866 788004.5875244141
65692062.5114651024 794421.3353881836
66025328.5738567263 811946.8026123047
64756345.4524686933 711405.7925720215
64638961.5374121070 698904.9936218262
64817968.6213802397 715374.1499938965
65869159.2993177921 803928.0745849609
65883001.1261688620 804315.6077880859
66900783.6437278539 840997.6806640625
68865260.6569601148 862045.6777343750
67427912.4712639302 854690.5883789062
65465981.5124347508 780247.6182861328
65508320.6523597240 787252.7504272461
64722441.7062440068 708053.0085144043
67562964.8723080158 857679.5781250000
68019543.6348658800 859268.2695312500
67926505.6449961811 859202.4482421875
64366575.5305897444 658322.2977218628
64981767.9857894033 737662.7617759705
67221857.2776451707 850908.5424804688
66696550.2397749275 833139.9631347656
67346830.6122423410 853849.3559570312
67474944.7742016613 856406.0034179688
66696804.0170449317 833238.2626953125
66669932.3634561896 833100.9433593750
67252439.9505659789 852637.0668945312
67329339.4040597826 853773.3911132812
66867065.9219764769 840218.3544921875
68812611.9735822231 861338.4736328125
66847700.7591660172 839450.5371093750
65601828.7717474997 791824.7075195312
65744373.8192617148 800494.1379394531
68608145.0939974636 860786.8671875000
67670072.6487395167 857833.0175781250
65273516.5865969360 765619.4789428711
66615112.4811346978 832101.0451660156
66822683.1974675208 838666.2783203125
66576007.6294531524 832042.4426269531
66550992.1935874522 831067.4128417969
65932640.2657910287 808957.8891601562
65681292.3121233135 792256.1623535156
64564598.9448573142 688503.9234237671
67436069.9380896688 855036.5727539062
65080692.6815610230 743753.0258941650
64960814.9470269084 731725.2008209229
64666479.7525326163 700484.8622741699
65382979.0789031088 770508.8479919434
66626216.4339843988 832384.6572265625
64596561.6417988837 689639.0231552124
64530693.1630450636 681730.7419052124
64309988.4624371678 648704.4439010620
64495641.8455984443 680462.1285018921
66492494.2497410923 827978.6740722656
66629418.4234368205 832458.5065917969
66856450.3045339286 840043.9902343750
64494089.5970452577 677802.8386154175
64479494.1827204525 670676.8682308197
65036462.0761030167 738491.0918426514
64384012.1389584392 666293.6845149994
64938624.7828234732 729192.7508087158
64918194.4490243047 723072.4902496338
64308192.4383332729 648702.1078567505
64550649.6381470859 687694.6266403198
64435727.1718998253 668393.4664840698
64381409.8689529449 660853.5087203979
64417728.5692543238 668021.8568782806
64376208.9762419164 659976.8263778687
64923546.7405576929 726004.8271942139
67150156.9161180854 850229.3520507812
64860402.4525685906 720385.4956817627
64928116.2396515608 728355.9153594971
64606368.4875180870 691146.6450195312
65025834.7989565730 737847.9584503174
68652025.5880471915 860923.3525390625
64482926.9385312498 676475.6892910004
67119109.1561070383 849569.5688476562
68620938.2689764053 860897.4892578125
