132683263.8494892567 18397.0903860629
131893748.3132650703 14477.4714279771
131837838.1868755519 13877.6979325066
132187320.3277782947 16129.1824744046
132155000.5626655072 15882.9158195257
132242764.1066319197 16354.7524466704
132254472.2305110544 16477.8419295782
132252748.5336057991 16473.5647355551
133521439.1201150119 21246.9617062509
132007735.7110554427 15154.5057614148
132371195.9271164685 17033.0412194431
132316880.2944743186 16707.3239111602
136865669.6604351997 26405.1042633057
137020389.5510396361 26419.4741058350
137063930.6224764884 26432.5821075439
137135744.0670509636 26467.4054565430
131999045.0994249880 15125.5815518200
135075548.5948466659 24927.2164897919
132813287.7186649740 19130.3048830330
132877691.0627914369 19423.9128046334
131481171.2438302934 9117.3659214696
131514251.1357712895 9924.3298752606
132405908.2803159058 17090.5085110854
134209030.3881593198 23123.6977446079
131784746.7781590372 13466.2630269776
137405851.7954894900 26511.2030792236
136902553.0167642832 26405.8037719727
136687618.7892468870 26338.1414489746
136817246.5006012022 26386.4540100098
137559743.5325336754 26540.1272888184
137835587.4926430881 26568.4513244629
137316690.0115772486 26490.7700195312
137068107.0079131424 26448.0556945801
137251892.9672341347 26476.9799041748
137012691.9059083164 26406.2488250732
131562781.3483914882 10500.9869306087
133418832.2116460353 20950.6423099245
133336349.7554911822 20596.2213952541
131940889.8074483424 14606.0404690132
136691773.2659124434 26371.0996398926
136619921.6559522450 26323.6483001709
132427128.8966660947 17286.7764172744
134374354.3677364886 23443.1192397475
134733219.8036356866 24262.1776046753
132273606.8708235174 16582.9619574249
131739357.8515544087 12928.2810222977
135837900.8840621114 26090.4621887207
132009510.7777329087 15224.6224911511
132137161.4661054462 15862.6620380580
132045679.8557290733 15497.0119073093
132105340.8740680367 15599.2089202702
133524322.2463762760 21284.7201848924
131533713.3589961827 10185.5686930418
131543295.2891973108 10465.9050326347
132824116.1662237942 19193.7845354378
132861711.7657117397 19355.1768162549
132771053.8768116832 19033.9089634717
135362269.5691156983 25531.5887908936
132908549.7543277442 19488.1026163399
133836388.9118637890 22145.7075158060
134027683.4053935558 22777.7881200314
133953271.6953287423 22497.0360410213
133871632.9103195816 22443.7242276669
133941828.5322261602 22495.6638429165
134163358.1340040118 23112.9071669420
133969953.0994573236 22690.6074979305
134150709.1339934021 23076.0627782345
133979266.3702366203 22741.9988858700
135492639.9518735111 25727.7468872070
135694241.0732072890 25987.0198059082
135459039.3462910950 25653.6915435791
135587389.7214952409 25982.2944030762
131648020.5676515698 11947.1852541420
133470666.4584207982 21022.9789095819
133559296.9153839946 21435.1843186319
131566499.9399254620 10651.7784806695
131588265.5636843741 11042.5162893739
131625631.3233107030 11653.3390538990
131600372.4131819606 11093.4995194247
131630021.8393158317 11692.8167646229
133773475.4645611346 22082.2243309915
133833647.0964009464 22134.5271721780
133708777.1551029384 21817.1046563089
135875325.0926156938 26106.7209777832
135694459.3111739159 26015.7539672852
135739743.8341327608 26090.3537292480
135230694.2439137101 25352.6983318329
134516176.6090804338 23830.9802262783
138793731.2195073664 26571.2451629639
139020910.2782231867 26609.8320312500
139403148.8537737429 26629.9130554199
136172598.0179826617 26254.4222259521
136235320.7067165673 26284.3544311523
136215368.4156294763 26264.1981658936
136082946.6334247887 26247.8309173584
136427657.3659078479 26310.9783020020
136294499.2207753956 26307.9522552490
135995479.9234905839 26207.8944854736
134601482.9829670787 24193.5803642273
134522579.2004997730 23876.1578483582
139400137.4684247077 26625.9892425537
139816327.3556059897 26670.4576568604
132176399.2158417404 15889.1553764045
132101320.0943318158 15587.9367303252
134899538.3737734556 24569.9957900047
135012259.4613081515 24871.9680337906
134819322.5225952268 24506.9517531395
132183079.6134854406 15918.4813337028
131496416.0037576705 9530.1713564694
131513830.4140482247 9901.9877312481
131564576.4404779971 10551.8873976341
132230497.3267374039 16312.8847814392
134511037.7660108209 23821.9615437984
131959411.0273879915 14817.5613659248
134789364.4515977502 24308.9283561707
132528547.8381813318 17758.1547179412
133379115.6533443779 20704.3280066252
131717928.2012903690 12637.2888582519
132225932.4594400525 16253.6843485534
132693173.7168241739 18697.3026030362
138895003.5954211950 26580.2591552734
131852261.9989984930 13888.0110924492
131793853.3597611338 13484.7673899184
131830146.2707756758 13870.6289360772
132487042.7156202644 17656.8407416533
131970655.2197166681 14875.5182682769
131979781.6477034837 14888.6607662933
131610692.3482703567 11312.1565421224
132572785.5831191540 18072.4790090621
132298928.1518346071 16689.1939601600
132322658.6841080338 16709.6459631622
132281197.5338907391 16661.9430789649
132332391.3417361975 16937.4142889678
132302417.8473266959 16689.8614516448
132037241.3510598242 15261.2515685856
132383366.8246931434 17084.7959332656
132329528.9562775642 16747.7260518264
134453778.7532094121 23678.5899841785
134473318.8860767782 23809.3777191639
131740543.0891693830 12957.0255415315
132958164.8109385520 19522.2291350067
132945129.6291864216 19511.6062102020
131493802.9068411589 9500.8379500976
133382949.7554465830 20719.4843075275
131735540.6076690406 12744.9838939272
133452588.1646018177 20997.5346761644
133417673.3107150942 20736.1256840229
132348778.4986456037 17017.0820393752
133472427.1612129509 21049.9252035916
131587580.1839152128 11009.2147975769
131887827.8031294048 14209.5222270737
132544053.6122788191 17925.0696398318
132099636.2987232208 15579.5154839717
134253179.5422486961 23186.0755035877
134297018.0043291152 23440.9514234066
134545913.8527990878 23891.6845123768
134551457.4960547090 23895.8235962391
134380233.8584225476 23545.6546247005
132710830.6860553622 18766.0792412572
132784071.7000323832 19059.6002869420
131672302.4918028265 12212.1051947644
132606493.7644788176 18326.1500238478
132646097.9417166263 18384.5949274600
132598771.7888296843 18319.5750967562
132091882.5144676864 15530.4500672519
134975920.8157078326 24647.7400217056
131658097.8843006194 12035.4117235451
133087099.2351603210 19913.3079755306
135007671.1111596823 24820.6171569824
135158766.1322311759 25184.4103221893
135318478.3621874452 25471.6556358337
134274838.3896670341 23391.3456647396
132694963.5906886011 18708.5866321623
132741706.7524295747 18772.3146900237
135062555.4397871494 24889.2038497925
131888501.1240248233 14418.7388187051
134255261.3071978688 23284.7930151820
134057308.9542841762 22784.8490293026
135321642.7678703368 25485.5509533882
133427684.6525823772 20988.7930743694
133275302.4186649919 20578.5384728909
133175654.2369199395 20214.5822331905
135889622.4176998138 26150.4750671387
135854097.9763460755 26091.0287933350
135116518.8934420943 24958.4504299164
132445719.4892981946 17456.2485291362
131581027.1132820845 10788.4631658366
131576104.3235300332 10761.8898468784
131613901.3854883760 11377.7911894917
131610817.8963669688 11367.4548500180
131623255.2382980436 11647.1242518723
135418019.5944621563 25626.5335407257
131509968.5144520104 9581.5437902680
131541022.5684232861 10193.4337327948
131529573.4912399054 10164.0808996430
131531551.0616264194 10167.1739172211
133763219.0066193491 22065.6893275976
131803168.9424045235 13545.6175942670
131760607.5596729964 13155.6671273957
135480392.0261848569 25715.5213737488
133141234.9785526395 20128.1301651299
133166151.1705750078 20199.8744307756
133085554.1045223176 19897.3747934103
134228565.9491350651 23151.7525472641
138663627.5378794074 26570.0991363525
133724156.3433623761 21916.5474434793
135873784.0290638208 26099.8830261230
135194642.9618980587 25250.3559780121
139614930.6934427619 26641.9020080566
133150446.4299010187 20132.1344432533
131655449.2205239534 12001.1541270316
131685453.6697454154 12374.7127646714
131795477.0263046473 13514.6092231522
131929938.3817985505 14574.5338298678
131868509.9655835778 14153.0874741922
131816250.9607837796 13769.9819297753
131877993.5297235101 14208.5332746468
131853784.3890877068 14136.0598053895
132183762.8847689182 15944.8779768646
132227672.1971521378 16266.3243269622
131582351.9287684113 10794.6088942459
131595470.0460123271 11079.5446701816
131817549.8465568274 13832.7644055138
132635457.9306082129 18383.9019247591
132132874.1400118172 15777.0943443477
132078904.5399308652 15519.9281880558
131782301.9711553007 13398.3920272551
131511899.3769090474 9846.2701544038
131510329.4723454565 9805.2603314987
131526519.7381503433 10126.1472019425
131751238.3305340707 13031.1415317319
132219294.6780227125 16236.9020605087
132557607.0239241719 17983.6386771392
133272375.5402189940 20340.9582209289
131991608.8630752116 15054.5751583874
131957839.3782166243 14759.0992443860
131997526.3452217132 15109.2056877911
133006106.2921311557 19756.1229971349
132597190.0279896110 18307.6450538933
132541361.4653061330 17911.9992422163
133136245.3553494215 20117.1020119488
132975531.3434084058 19741.9272551239
132860398.5485193580 19298.8232748806
132755485.5621280074 18962.7824957669
134118737.9129297882 22967.3704993129
134085855.2967804223 22913.7457578182
131696213.8631476909 12526.7933376303
134252393.3127157390 23163.8028485775
134075577.7449477613 22784.9119260311
131699404.2125146091 12577.0931489936
131639316.5009275079 11940.3440577391
131588042.3013071865 11017.5000082459
133639680.0408700854 21735.3088570535
133489454.5082718432 21236.3018856943
133515689.3352362812 21243.3003550470
133556515.9597091079 21404.1192942560
133596631.3889773339 21599.1249276102
133533355.4936447144 21286.1504984796
133539355.5976397991 21354.7620249689
133746620.9198622257 21992.7405053079
133059637.4304748476 19839.2185283899
132505021.5125389099 17691.6037335586
132482195.8675226420 17653.9628720473
132313585.7022507191 16703.4546446990
132407415.1356369853 17276.2722211074
133484869.6967541873 21066.5510809720
135526129.0288743079 25941.5259399414
135515650.5888980329 25849.0113067627
135497073.8364029825 25733.2550811768
135388854.9288152158 25607.4620475769
135020669.7926137447 24887.5329360962
135193980.9286453724 25244.6390056610
133652683.2505733371 21753.6214714944
135380533.4991217554 25584.6035165787
131728269.7326802462 12688.7248594072
131918735.7228686661 14485.2266351478
132648324.4582042545 18389.1608613919
132273486.1855105013 16492.4435794353
133632182.5192015469 21648.1805382669
132772886.8920698613 19056.8351197056
131734215.1413441002 12694.6622638612
133079052.3160140216 19897.0199309587
133275592.8407334685 20579.5950524807
133155320.2073134780 20199.2667189837
131774392.5007842481 13376.3025688351
131937873.0779303759 14582.6249914132
131484968.6516289115 9431.3216478995
132528405.9021161497 17745.5989566039
134930740.9648740292 24573.8312201500
134807267.5709645748 24315.6032118797
132380696.4839493483 17074.9072405696
132364213.7468630224 17020.8771605681
132436720.5320667177 17357.5398411941
134801814.4665195942 24312.5486661792
131773041.0815287977 13176.0282863937
131681336.5288278013 12300.2448055952
131705032.5103378445 12610.6162411445
131677607.3961203992 12254.1535422081
133353983.1856569201 20610.9993686378
132197523.8932646960 16160.8423547745
