120841246.8153918833 271793.1496803954
117001346.8053351492 217842.4273045361
120556520.9475550205 268177.0751869872
120556844.1720695347 268359.4722987115
120097242.6035855412 263036.6571350067
120358508.3241227716 266549.9974134546
123209428.0563984960 294009.4777164459
123269940.9740798175 294729.8997688293
124414736.4551231712 302752.0834320188
125111084.1314738840 307099.5036640167
119042900.1588678658 249142.1132612869
128582063.0141711831 320944.8660888672
117008876.5188594460 218159.0616937131
115612206.9547164440 176156.6473290995
116421794.3279235363 207382.5948311761
129585352.3529201299 321669.9613037109
126529513.1347588003 315018.5246276855
126428972.4138424397 313550.7402038574
123967687.0296600908 300568.2668839097
115969221.9157330543 192217.0865772665
115739474.2243872732 184704.4974354208
115775120.4383596778 187913.5588630736
124374514.3441547900 302480.0208099484
128480592.8090213835 320830.3057861328
115720402.0366894603 184328.1102589071
115862814.2775718719 190676.1737579405
115722550.4027302861 184678.0893238485
116000807.3270761818 195163.7006597072
115974818.2092405707 194555.3969487697
125595034.9517222047 309943.7094116211
125285459.9127555192 307707.7915725708
125669428.8193019629 310670.1342163086
126097009.0984998643 313119.6460876465
122651480.6710130870 290860.8157906011
118595657.0486154854 242415.4293096960
118695542.2723838687 245753.4720362127
123700847.4518601447 297783.0143204331
123905599.6875465363 299661.0127640367
117881430.7216590196 233335.4257597402
131234456.1354432851 322713.0529785156
122956680.8220590800 292106.7097873688
126283817.7638602406 313323.8185424805
119447956.6838446558 254869.8084984391
119357048.5809649229 254043.3356779590
119867417.6268945634 259563.5756046623
119639171.4129809141 258803.0421573967
125014258.1231136024 306170.7820434570
120745418.9833524227 270389.1697884172
116380563.2251694500 207371.6452431753
116301336.6772194803 203766.5205819085
127055821.4784675390 317879.3743896484
123593850.8548569679 297212.5482910275
123563140.1103814393 296258.1296952367
121905142.1447122544 282794.2081660628
121683713.9019993097 280803.8728460670
117574632.1472102851 227919.4624349922
117640009.4688554853 227930.8247711509
116993953.7018896788 217798.7801487744
116761919.5084455758 213500.4456123561
116670410.3481813669 213427.8180183619
116963071.9869146794 217795.9227241725
123401423.6305393279 294803.4944248199
117040654.5343190581 218720.9117856026
117306384.3319229335 222870.2979819551
125229582.2819811106 307589.9688110352
119776924.7627493441 259482.7875459567
126077365.1116968840 311475.5163574219
121411402.7991906106 278971.6127085090
121772096.7744495720 282598.5778784156
119064000.6529694349 249536.5308354795
118714165.0392140746 245953.9825829715
129974002.8645220399 321872.5910644531
117435556.7851401269 226270.8836195320
117701264.1038120836 229587.9721200839
117783926.0221852362 231035.3146493807
126488824.6575313956 314638.8866882324
120153412.0850845277 264246.1408398449
116524880.5168757439 210084.1055308655
121152022.8519291282 274841.8104211881
120679647.1997650564 270195.7375164598
119608753.9257837832 257928.8681766838
120600197.8736449629 269552.1487784162
118094951.1122730374 233933.8227211237
123235052.0367572308 294194.9028976560
123364909.7453158796 294788.1830329895
123477839.4293112457 296132.0464878082
120949897.8026065677 273282.6376772821
123544113.9011860341 296243.1130631566
125470089.7989887893 308904.9920043945
125658647.4181016386 310652.0497436523
125333015.5310208499 308063.4374237061
121992447.7087867111 284595.1482579261
126912609.8157062978 317613.8227539062
127253083.3766839355 318106.9334716797
121410687.1642689854 278412.6856202632
117879577.2086285651 232664.9036059380
117850129.7437669933 231288.1588773578
121074283.8563993871 274072.6494539275
120591600.1484057605 268540.9375081956
117987037.9078587443 233399.7270062417
119291688.4037709087 253811.8059208244
118597126.4764020592 244235.0697511882
118401134.0326680839 240771.5900148600
116224245.9447739273 199584.0224259570
116226345.7973914593 199742.5204117969
116000920.2200345099 195344.9388188869
117269044.7395740002 222114.5224045962
117350247.7158719897 224766.0304836482
120328810.9169305563 265117.4415956631
120466599.3000914156 267668.9853609100
127555813.8940787613 319323.4611816406
118096607.4615287632 236630.1433575153
115974238.0766525120 192589.6470385715
116340282.9173742384 203789.3035549521
123092200.7902458310 294000.6895600408
122349287.1640191525 288710.0572968572
118561498.7581595629 242032.1342026964
125518930.8847954273 309647.1061096191
130668651.9250550866 322537.7043457031
119106358.5549532175 250844.2962888330
118817464.0267558396 246747.3641747683
118766566.2283204347 246624.5609754771
116802754.1160490960 214230.6265057176
127385099.0952891111 318795.7563476562
127450216.5262559652 319109.6384277344
127289354.4777614325 318559.8542480469
127426991.4009346664 319073.2700195312
127302613.3594671488 318734.0744628906
127602573.4165997654 319609.2145996094
127316531.4952816963 318778.3168945312
127332873.6767128408 318793.7778320312
127321008.1974283010 318783.9332275391
126660765.8406981975 315047.6740722656
126689220.0409138650 315514.1896972656
126669806.9603275508 315124.8671875000
121226036.8974883854 275227.9032415748
126760831.5036703795 315754.5366210938
126428739.6163220555 313496.3644714355
125816574.3929364234 310899.5578918457
126050171.5267751366 311409.6202697754
125745372.7406633645 310774.7090148926
125854501.2605068237 311299.3376770020
121166568.4077523053 274913.2094854712
125290936.1543043554 307952.5193481445
125333816.4792821705 308495.9100952148
124579232.5060031712 302877.6679184437
124543182.9553412795 302876.2791244984
124822060.1308006346 305478.1514389515
122129421.0162648410 285413.5898413062
124581328.1021524072 303085.1179809570
124746749.4757646024 305098.8587143421
121790173.7667978108 282662.6464971900
121771938.6637487262 282195.4157842994
124669498.6887832880 304410.0405883789
124656248.9718856663 303505.1985473633
125178021.9233283550 307350.4497089386
121711780.3981762081 282193.4077276587
121564761.8740015775 279430.2396063209
124347926.7992946357 301327.0710251331
124351508.0203934759 301646.0392563343
122137131.5083084553 286156.7689570785
123574905.9260890484 296706.6955483556
123792786.7311422527 298134.7179348469
124315303.3169388026 300653.0745258331
122861184.8010383099 291750.6950931549
122456019.7973429710 288796.8548358679
122982766.7342384309 292249.3030404299
123265047.8429498076 294360.6163113117
123010605.0170744061 292494.6122399420
122875102.9368528575 291794.0542240143
122583578.0803726166 289887.9841659665
123067287.6246963143 293257.9169465154
123434927.3037292510 295750.3863571286
122467416.7379739285 289548.2266586423
122725116.3919102550 291685.8546906561
123651245.0619496852 297403.7215958238
123051179.0895893723 292677.0568558723
122296502.6345773786 288477.3370987922
122081173.7345562428 285367.6475846320
121706523.0421218723 281248.1295289546
121970437.3199790269 284183.9844758064
124329221.8416860849 300750.4995117188
120773748.1724806279 270757.4492932050
120773072.5280424953 270415.9673901289
121362039.8224915564 277056.6744829603
120444331.1323759854 266801.3477307050
121090931.8121159077 274282.0275450721
120380110.9133459777 266656.7526948943
120994086.0173750669 273768.9985638231
120988165.3654031754 273768.8866253465
120580263.1800174862 268482.9799598157
120642636.2106371671 269960.1242757738
118586177.6494147032 242103.7821253240
119251858.7301969826 252981.1781185463
119359899.0712926984 254592.6035050570
119637640.4474967420 257991.2849083513
119308433.5711467415 253882.9518021762
119946306.9795500189 261431.5943123370
119528112.9229506552 256889.3892506212
119569268.1037713885 257308.8616463214
118943656.0706978291 248788.7241011306
120082016.3540752232 262943.3801973239
120022982.4395367652 262933.2500703707
119978782.7415607572 262933.0292451754
119082593.7610760331 250202.3031111404
128014203.8381847739 320311.3536376953
127799061.7350704074 319979.5985107422
127776956.6459370255 319870.1402587891
120250936.3038655519 264711.5520514026
120344060.9815742224 265624.3033158556
119968260.1404237896 261890.0498140231
120164324.1485733092 264306.1889421537
119338624.4575433731 253893.7627363845
119928317.9226598740 261024.3559343412
118690828.7267830968 245678.7700669542
119131789.5444345027 252778.2854414626
119883938.8952795714 260562.9727879136
118982217.5799811631 248906.5366980657
118665188.5665107071 244793.8141638860
119269085.3162564188 253291.0607100173
118292464.4627663344 238695.5328450128
118463994.8625818640 241823.3407063410
118832941.8831510395 247861.8840424716
119471362.5541130453 255143.2204857022
128236756.9403754324 320499.7972412109
118414822.6645862460 240916.7045168132
118202719.6467677057 237192.3809911609
118364549.5507925153 240013.2291160822
118050662.7890918255 233732.4668663740
117369375.8756957203 225231.5196827650
117217255.3377182782 222041.9344776869
117255752.4556673467 222092.4544972181
116857645.3733255714 217312.7731270045
116652145.8648067862 213053.0145210475
117110640.2048875690 221144.7605637759
117273376.4728286862 222483.2830799818
117267308.4213608056 222095.9044483900
130641711.8248444200 321995.1624755859
117745433.0579938889 229775.1142180264
116927037.5172955543 217365.6801019162
117012416.3390016109 218249.7661965340
117002148.6514998078 217864.7653176039
116523577.3206172585 208271.7406563610
116762352.7272473723 214144.1855080575
116632742.8888841420 211094.4696877450
116118558.1285108477 198918.2721787766
116250197.4773754925 199856.1553151011
116374904.1168520302 203970.5196053460
116121646.7591907978 199424.5724442676
131475043.3043165803 323459.8200683594
131442464.3409868628 323440.7225341797
131385094.9719796628 323071.4688720703
131151855.8981202692 322700.7235107422
117873236.3310578763 231532.1247703880
131243394.6291729063 323015.2100830078
117513773.3977260590 226664.8530458659
117761076.8926479071 230138.9229498804
117737219.2129750699 229775.0534270108
129499610.8408444673 321380.5941162109
117450247.7708453387 226523.3479681909
130624487.8626462072 321886.4316406250
130809156.4591082186 322657.7150878906
116439819.7329291403 207479.8482613415
117379030.6071592420 226016.2929449975
117447131.0054762065 226522.6579047143
117839845.8294114918 231260.5255765766
117841137.0004650056 231261.3820218891
117528496.6362949014 227138.1161527485
117320277.5216134638 223808.3563873619
129292972.4849258214 321211.0207519531
129309115.8438315541 321247.8709716797
116473343.9154489785 207483.2040963024
115931406.1911636740 191941.7988283932
117672862.1322443783 228650.6430909783
115962158.4208201021 192173.0018664524
117305069.9101575613 222539.4970825762
116251592.2436343431 201857.5680523887
115889038.1574388891 191805.0010424778
118044773.2687243372 233654.9616327956
116288923.1488105506 202265.3961956427
116589106.9460882694 210495.0749688968
115665585.9418770522 180137.8732201084
116294952.5356315076 202928.0626436993
115670502.9862547070 180692.4726182446
115885899.8000227809 191415.5671680868
115850114.2969481349 188332.4205616415
115766255.1593540311 187745.6507862508
115488094.0983715355 172269.7955363467
115640110.2697000802 176620.4420110607
115715734.7129122615 180725.7760488414
115641748.1976185143 180059.5444814586
115522425.4548597932 175425.8391539999
115543541.4314552546 175426.0548522421
115547061.5443886220 176089.4229387119
115403054.9248586595 171332.0196117833
115337524.7175550461 163649.8972458318
115400594.9287409782 167626.9029526189
115512596.3843401670 174670.9108643010
