64058052.6204756871 908286.5725097656
64204064.2480979711 942275.9206542969
65071174.3130094036 1053511.4575195312
63911762.1602652296 851413.4066162109
65183421.1300194934 1062452.4667968750
69099955.5738167465 1139116.5703125000
65142157.5544676855 1058714.9521484375
65061191.6080389097 1053304.3012695312
65244744.7324983180 1069266.0742187500
64942043.6638008207 1042371.7456054688
64877501.2659931481 1037121.3388671875
67633103.5963279307 1136692.0517578125
68546081.3048545867 1138542.2832031250
64288525.6882253215 960811.2941894531
69882516.3521627337 1139660.3906250000
65926926.9626433402 1107464.1542968750
69925362.1480300128 1139727.0888671875
65704190.4545197561 1098641.5966796875
64240799.2722175494 951669.6577148438
64210148.5854912698 944677.5971679688
64217776.3123576567 951625.0151367188
68702076.8262447268 1138552.4384765625
64540764.7243360057 996696.6933593750
64146831.8991967663 929484.6518554688
67251362.3593266755 1134774.7089843750
65892446.0246091709 1106169.7519531250
64894374.6004063115 1040579.3959960938
65115275.0373517945 1057451.7875976562
64079448.2137673870 914847.4661865234
64011985.5573650971 894654.0679931641
64067587.3373867497 913289.3533935547
64294248.3838430718 963223.3215332031
65779947.9164007306 1100562.7416992188
65982561.5696255267 1111805.4736328125
70266163.8587406129 1139905.1474609375
70477064.5497089922 1139991.4218750000
67382062.0152375549 1135740.0488281250
64566028.5966667980 999930.4985351562
64511396.1354969218 996587.6425781250
65061014.1579227820 1051544.6293945312
64103243.6982250288 923599.9965820312
65021183.2873803228 1051303.1455078125
65061131.1076782569 1053215.8540039062
64343987.6420218199 970212.8076171875
65183197.6821167022 1061914.8378906250
65834729.4581070170 1105480.7714843750
69332904.0733187497 1139465.2792968750
64315013.2507321239 966901.6520996094
64827813.3431835696 1032409.9892578125
63996080.5785480812 890270.6680908203
64040829.6351383254 905216.2164306641
64012399.9684746787 901626.1842041016
63942835.2189635411 868268.5723876953
64004251.4314627871 894004.5447998047
63955951.6508090422 873870.4837646484
63961758.2513977215 886598.9956054688
64338999.7065797225 969972.6972656250
66522371.2219823301 1128795.8759765625
66278928.7850477993 1121629.7607421875
64494443.0482783318 991708.5297851562
66439017.9496292770 1126085.7871093750
66206349.2319412529 1119578.6972656250
64477918.8776660040 989769.1250000000
64390288.2907656878 978375.5991210938
64398345.0876947492 979801.2302246094
64554397.3759025112 998984.2824707031
64570525.7498728633 1003434.8054199219
66143215.6123001426 1115946.8857421875
66135893.5641593412 1115279.3466796875
65865213.0664785057 1105803.0605468750
65090797.0146124437 1056954.8095703125
64349485.6627710685 976898.5537109375
69852390.0634385198 1139650.5458984375
64169532.0323083177 934098.7260742188
64930158.1550962850 1041559.7583007812
66254055.3773866966 1121100.1689453125
65306909.6664171144 1073430.3940429688
64550859.4464383349 997030.2414550781
64481162.8104855120 990582.2993164062
64249702.0644437671 957383.5397949219
64290887.9234619513 961326.2199707031
64939345.1631581038 1041702.8891601562
65137142.4671893865 1058349.8774414062
64845961.5125374347 1035614.9084472656
64839285.5211625919 1034939.2236328125
70301204.5553732812 1139933.7558593750
64138920.5620889962 928837.0407714844
65187523.5424436554 1064851.7143554688
64940735.7702062279 1042189.4143066406
65130867.5484247133 1058249.3115234375
64855031.5187906027 1037025.0986328125
64914718.8773758337 1041504.3041992188
64466569.7145125195 989018.5273437500
64957904.2666315511 1047244.7573242188
64951180.9289147928 1043586.9716796875
64759409.5457696617 1023863.9953613281
64999705.2435462847 1049613.8710937500
64165518.6469675899 931461.2478027344
66146026.2932492793 1118902.3642578125
66100397.1994741261 1115257.9052734375
64413439.5824793279 983363.7626953125
69743038.6343257427 1139550.8730468750
64878707.3021019772 1037487.5390625000
65477968.0903483257 1085613.9272460938
67076751.9785307646 1134374.4130859375
64580244.7407950982 1004182.6508789062
66003836.7692429870 1112832.2109375000
67985772.9011229128 1137449.2021484375
64433743.6842760816 983958.3115234375
64402408.3377681226 981421.7121582031
68913327.6231355518 1138990.7333984375
67552614.6420427859 1135847.9785156250
64364199.6942906231 977566.0693359375
65955554.9801215827 1111310.7392578125
65808987.4281312302 1101929.1357421875
65797163.8548650816 1100680.4492187500
64557324.3620339110 999487.9685058594
64504803.7253365368 992385.6894531250
66052491.6396136656 1113736.4335937500
64586845.5208403692 1004681.5571289062
65148566.9195314124 1059433.1843261719
64598778.5773480907 1004778.8740234375
64309637.9327980727 965973.4353027344
65388574.8064287305 1078023.1333007812
65435848.2477363795 1082597.2231445312
64445361.4288662821 986911.6054687500
66253356.4034118205 1120333.5595703125
64094252.9425747767 915560.4748535156
64067829.4810315296 914213.4511718750
66920620.5088946670 1133802.8515625000
67299367.6593877077 1134866.3144531250
63987607.3683103248 890182.7845458984
63996604.1112016663 892133.2864990234
64982500.0598235279 1047279.1586914062
68211497.0540373772 1138095.0078125000
66096497.2997928634 1114249.8310546875
70263946.0221813768 1139824.3427734375
69261792.9394339621 1139424.9189453125
65168216.4002644718 1061264.5830078125
70736716.3131668419 1139995.9707031250
70065804.7552129477 1139774.9707031250
68781488.8968640268 1138831.3759765625
67800243.7062258720 1136706.3544921875
65687393.4849976003 1095206.7255859375
65693945.8273544163 1096862.7451171875
69079848.5812579244 1139105.0273437500
65555870.3618193120 1089341.3085937500
63952468.0088547021 873160.3308105469
67216483.6032622010 1134494.3359375000
66820941.7573818564 1132633.0537109375
68943592.5992512703 1139022.5244140625
67943548.8598483652 1136970.7880859375
65750584.0022732094 1099441.6137695312
65692412.2590601817 1096203.1958007812
68302352.7297235876 1138294.1152343750
65691758.9280253947 1095871.1381835938
64602164.9557411894 1009018.7111816406
66742826.0288640708 1132571.2089843750
66392569.1033861041 1124554.1103515625
66753980.7896116078 1132588.9384765625
65768584.9400914833 1100466.4033203125
67500651.2706557661 1135740.5126953125
67963258.6855252087 1137247.6464843750
64177154.0478066206 937927.7507324219
64833258.1713715568 1033514.8127441406
65802069.7311725244 1101069.6152343750
66595635.7352349460 1130657.5000000000
67049035.4032688886 1133993.4423828125
66690500.6233217865 1131419.4824218750
65567822.6283633932 1091997.1430664062
64621529.2192822173 1011267.0139160156
70258152.8869855851 1139821.4521484375
68414669.1221448481 1138321.5439453125
68468330.9229629040 1138483.5791015625
68398650.7137382329 1138300.6074218750
66267525.9363323227 1121274.9775390625
64046517.9697500244 906495.9039306641
66677730.0550905466 1131169.4414062500
64199098.7202219218 940083.9562988281
64325610.5729430094 969615.0532226562
66685450.7463607192 1131196.7656250000
64716616.4290798306 1022426.4401855469
66895468.4212529510 1132970.2441406250
66737133.9780217260 1131694.3554687500
66503107.1082113013 1127946.7744140625
66523408.2242473364 1129322.6347656250
67941910.6613567173 1136954.1240234375
66657602.8671731353 1131120.2734375000
66587963.3075833768 1130613.3847656250
71348397.4554503113 1140165.3867187500
70850810.1605938226 1140027.9189453125
64688041.3707208186 1018575.2341308594
64886008.7062081173 1037507.6914062500
71300387.2986543328 1140127.3427734375
64700213.0211784616 1018753.9499511719
64728371.7120511904 1023162.3376464844
65392117.0758015588 1082224.0112304688
65596075.1925321147 1093392.4746093750
64492661.0698678643 990582.7690429688
66312357.7488814741 1121674.2167968750
64814385.8568217829 1032260.2143554688
66323896.8152903691 1123470.9189453125
66143412.6928197071 1116375.3818359375
68094733.6280076206 1137644.5683593750
64945396.1772106960 1042909.3986816406
64770253.2157446221 1027013.5373535156
64791372.3214406595 1028795.3378906250
67873290.9008049369 1136861.3750000000
65366024.1360371709 1077965.0844726562
65477635.6408943832 1083593.4741210938
64764420.2093739733 1024452.8137207031
65802855.4879304692 1101076.8457031250
64651455.4797798544 1016038.1267089844
64701249.8273040727 1019391.4235839844
67325333.7727302313 1134943.4765625000
65520737.6863841861 1087609.7817382812
65538098.2947691977 1088950.2729492188
65218492.9920025244 1067386.7397460938
65159796.1748283952 1059914.0205078125
65163605.9499772191 1060002.8535156250
65284689.9159492105 1071088.1699218750
65324241.3662678674 1073595.3559570312
65268309.4846414626 1069814.5737304688
65212337.5084896013 1065399.1191406250
65327302.7111191973 1076114.6503906250
65816678.6084103733 1102386.4746093750
65651611.9406272024 1094588.9482421875
65500143.0113584250 1086336.5332031250
64750489.5809346884 1023861.0742187500
66499350.5899215713 1127342.4091796875
66481178.2355156764 1126790.5087890625
65657968.7224229574 1095200.6591796875
65829617.8691342026 1102391.7734375000
