68161074.7320832908 1133925.1875000000
67993934.1231271625 1133703.4619140625
65632934.5574944317 1061086.2812500000
65666222.5306337699 1065372.3710937500
65540844.2564047650 1052561.1567382812
65710825.2512249574 1066521.1875000000
67837091.4361470789 1131981.8847656250
67597878.8004136533 1131423.6982421875
67778046.7197688967 1131806.8808593750
66921501.9287508950 1122620.0537109375
66826859.5818789974 1119183.4892578125
66704992.0812478364 1117618.9472656250
66408392.5477429405 1107029.4707031250
66544280.0728421435 1113263.0888671875
67046369.8600440323 1125859.9013671875
66887192.7501956746 1121968.7705078125
66865120.7805642858 1120638.4365234375
66585250.3862282410 1114485.0185546875
66046835.9485403523 1095615.7031250000
68456164.6464487910 1135839.4492187500
65513104.1532763094 1050382.9487304688
69369628.1230656356 1137071.9218750000
68909526.5502205342 1136218.7656250000
68917153.5776263922 1136435.5595703125
66425114.1441207007 1107278.4130859375
66530811.3009319529 1109039.4189453125
68183155.9149508178 1134612.2226562500
65595162.5032718778 1057171.4770507812
65413319.4487393573 1038333.7182617188
65466717.1900290921 1044701.8793945312
67383215.1037276983 1129844.8916015625
65750311.4015614539 1082576.8325195312
65944838.3386269659 1087234.6660156250
65750106.6006213278 1074160.5786132812
66863428.2617736161 1119293.0585937500
65477203.5128973052 1047953.9448242188
65582429.3687294498 1053004.1132812500
66023490.9939337596 1090840.6503906250
67992927.6704925895 1132470.3437500000
65443415.3344736472 1044364.4086914062
67484932.5988654047 1130773.0195312500
67483451.6661523432 1130023.9599609375
66763326.7099691853 1117649.6074218750
66809103.1811611652 1118561.8730468750
67036517.6710724980 1123381.5683593750
65580681.2243430391 1052849.1113281250
65609339.9657788500 1059564.8095703125
65587122.7019619420 1053884.5566406250
65593584.1294769868 1054042.2207031250
67231862.2361549735 1128748.4707031250
67372050.2804965824 1129771.7099609375
65718655.6667608544 1070334.3847656250
66466349.4924679995 1108934.5029296875
67083935.8924045265 1126508.4091796875
67179156.9493045658 1127906.2333984375
67293623.4270014614 1129118.6503906250
67204598.6215535700 1128616.6953125000
66542751.1990023106 1109085.5136718750
67885407.0418288559 1132354.8417968750
68153959.0882059932 1133762.5273437500
66681014.0794967115 1114531.0498046875
66465724.1352998018 1108186.6123046875
66257726.6956564859 1097891.2734375000
66352305.9473832548 1102482.7626953125
66441784.1839596331 1107811.4580078125
68214597.1268098205 1135390.0322265625
65927719.3093059286 1084742.3437500000
65895009.4623031840 1084247.1191406250
66356973.2754126489 1105867.3847656250
67180741.1086326391 1128117.3408203125
66356531.8240358979 1102974.4658203125
67159665.6862572879 1126784.7431640625
67325286.3454857320 1129227.8964843750
65982123.8942736313 1087726.9707031250
66154055.6505479068 1097131.9199218750
66195277.6405180767 1097616.4541015625
66260659.2996288165 1101705.8955078125
65350685.0623766780 1027398.9614257812
70442140.9340149015 1137370.6933593750
