65023075.2264257595 1047344.2607421875
65023799.0045197234 1050776.3876953125
65056218.0539544299 1051942.4531250000
64995068.6192425117 1045118.1787109375
64801570.8394360691 1029920.8178710938
65071545.7937866673 1054324.1230468750
64910531.1068860367 1042693.8071289062
65071489.1774029359 1053420.3232421875
64382977.8250916898 971561.0510253906
65111068.6874138415 1055696.2802734375
65698341.1840036884 1095707.2373046875
65844099.9060157165 1104746.3330078125
65771827.0799507573 1098985.5893554688
65912447.0023145750 1106325.0034179688
65832326.5320765376 1100652.9604492188
65611046.0337524489 1091505.2387695312
65677147.3764461577 1094240.8842773438
65191282.3175654188 1061875.8168945312
71676657.0338132381 1139310.9150390625
71641975.3923847079 1139255.7832031250
70401794.6718391776 1138961.7636718750
71036209.3478014618 1139187.7333984375
70561543.5203737617 1139113.7255859375
64897927.8789152205 1037972.0957031250
64872263.9510412365 1034195.9892578125
64852618.7530322075 1033235.3217773438
64779829.8769897819 1027953.1083984375
65659615.0285095051 1093448.4130859375
65530655.1995413899 1084827.8559570312
65525883.6064364836 1084782.7934570312
64404040.4995057583 974626.3757324219
64447350.8188823760 986339.0373535156
64418697.7329806462 977930.6940917969
64526718.3410419077 994593.3337402344
64428277.7971912175 981569.8552246094
65290053.7960072607 1069152.6767578125
65186896.8941881955 1061204.5717773438
64891761.8218852580 1035322.4121093750
65480117.1000578552 1084565.3452148438
65277596.6062251106 1068474.2631835938
65442405.9858343303 1080405.4907226562
65320586.6868246570 1074810.5122070312
69081140.1985809058 1137690.6601562500
68520812.8142865896 1137536.4843750000
68443638.8725280911 1137134.8466796875
68330355.1161148548 1137001.2919921875
66073856.4527566805 1114593.3271484375
65931617.5310324281 1106487.1093750000
65969385.5641892627 1107338.4062500000
65293520.0341947153 1072145.4770507812
65242208.2240271419 1066523.7592773438
65134546.1728973612 1060775.7241210938
65316902.9962150082 1072197.9086914062
65251771.2525375709 1066755.0820312500
65195704.6961284429 1066312.3676757812
65790969.6816731468 1099841.5019531250
64558884.1297312528 999186.5031738281
64712678.4425718039 1021120.8125000000
64636794.0983537734 1011140.1625976562
64656498.7447324991 1013334.7092285156
64590771.7074459195 1010085.1965332031
64574368.2995445654 1003568.9050292969
64587052.8913430572 1006607.7805175781
66361243.5499155596 1124424.7636718750
66456697.3067113534 1126227.1025390625
65966318.4448758289 1107212.6542968750
66165551.7936231270 1117885.4648437500
65894293.2662205473 1105234.9990234375
66141128.1019075885 1114849.3369140625
66024326.4887499586 1112684.8554687500
64203670.2335730046 924826.8386230469
64222456.3888336122 926170.0026855469
64200049.1773609444 924127.9121093750
64162028.9503360167 919217.3217773438
65708861.3718187287 1098347.4379882812
65908194.2408596203 1105362.4663085938
65647076.5754565969 1092987.9282226562
65765066.5021588132 1098741.7915039062
65826674.9558007047 1100609.7465820312
65718261.2894423380 1098551.3413085938
65563228.9590970054 1087499.2788085938
65396047.5760065094 1080013.8774414062
65367725.2117471918 1078224.2553710938
65289787.3357143104 1068810.6791992188
66119907.6205401868 1114762.4912109375
66165305.9936028197 1114894.2119140625
66002913.4157555178 1111649.3554687500
65978207.6525428519 1111539.0214843750
66309427.6236523464 1121998.0410156250
67598129.6400278956 1136046.9560546875
67228714.1235362440 1134592.8808593750
67376066.5425017476 1135290.7119140625
67141501.8736764193 1133551.5449218750
67142801.5542385280 1134409.6005859375
66681163.2314168066 1129272.9843750000
66660328.7176961228 1129144.0947265625
64559337.5157472268 1000731.2487792969
68242821.6392214149 1136643.7255859375
64364132.6611064002 969726.6152343750
64285691.6730924845 958371.2695312500
65545547.8455445394 1085688.1943359375
65562824.7172323093 1086720.1826171875
66601163.5867494419 1128266.1074218750
66503785.6717186049 1128035.8867187500
64874355.5191004202 1034437.4052734375
64561449.4011123776 1002939.5974121094
64678871.2473827004 1017009.4333496094
65948334.5520211309 1107125.4824218750
64088291.5243610144 888057.7739257812
66722180.4750323743 1130212.0175781250
64231989.3833960891 930498.3254394531
69501928.4726174474 1138500.8291015625
67087118.2648209333 1132523.8925781250
64852453.6644346565 1032669.2216796875
64249861.3094547167 945766.6135253906
65531746.9308727309 1085256.3247070312
64760502.5054270923 1022650.6879882812
64530788.5097407252 995334.8901367188
64839635.1192782670 1032087.0429687500
64429078.3987120911 981944.2355957031
68313205.7611614019 1136908.5341796875
67981253.7358233929 1136270.4775390625
67876476.2390454710 1136199.8632812500
65443406.1734036356 1081729.4584960938
65448221.8936883733 1081911.3422851562
65590914.3654176816 1090627.2788085938
64875542.4817040637 1035078.2871093750
64331063.6903146505 964053.4165039062
64153280.7875215709 910867.2119140625
64112259.4927157760 889597.6682128906
64104592.8686459363 888346.2812500000
64240121.8729348779 932500.5832519531
64271086.7611090764 947701.5468750000
64395784.1543357372 974033.2507324219
69278509.9784879684 1138078.6025390625
69189931.0188162625 1137832.4980468750
69333073.6292066723 1138473.3886718750
69302809.2302578986 1138110.5126953125
64282472.4093097821 955291.3154296875
65559552.0691673085 1086706.4697265625
64660909.5994426683 1016312.3322753906
66616788.0340387151 1128763.2929687500
64772131.5608971119 1023531.4145507812
64495138.4731412455 994296.0715332031
66878673.2063795328 1131048.6835937500
66844332.5122454092 1130549.3876953125
64682293.5262382627 1017053.4509277344
66869541.1100140885 1130925.5478515625
66936702.2030590773 1132242.7275390625
66861445.2330222204 1130916.4726562500
66476728.0139594004 1126661.6738281250
66502271.9674619213 1126749.3925781250
66327538.5040093437 1123338.6474609375
70060626.5502002388 1138800.8554687500
64137939.5995590240 907438.4484863281
64316273.4596169740 959593.3007812500
66398971.2966605350 1125941.9306640625
66289423.5032862350 1121267.2910156250
66258543.0665227398 1121174.1660156250
65703830.4775132760 1097448.9121093750
64126004.5889500082 903714.8933105469
64773700.8509943858 1023696.3950195312
65016669.4788145050 1045898.5893554688
65576952.1141835526 1088805.9194335938
65475455.6049151793 1083722.2778320312
65566093.5427074507 1088751.5786132812
65449306.7934257910 1082339.3383789062
68125855.3003605157 1136556.1386718750
65128503.1093040630 1056108.6391601562
67112397.6736086458 1133223.5683593750
66967537.1345899105 1132505.1445312500
66882216.6517828777 1131577.6533203125
64774427.3142432570 1027697.0654296875
64534145.2618794665 997013.7436523438
64644229.7242069542 1011349.1691894531
64470903.1380032077 987392.7578125000
70067309.1198116541 1138950.1796875000
69656267.0756134838 1138799.6318359375
64550170.0253665745 997175.1628417969
64431444.2137380242 983998.9260253906
67832537.3574040830 1136092.4921875000
69020797.9720118940 1137599.9345703125
68536038.1264772862 1137568.8281250000
64701687.0844732821 1020313.0554199219
68185352.0998940170 1136610.9941406250
64763140.0361881927 1023278.5983886719
65268917.9109105170 1067421.5078125000
64550283.5618018955 998285.5305175781
64736262.2293120623 1022567.2021484375
64655885.7950762361 1013016.3400878906
64245681.2391450629 934384.8662109375
65253261.3403028548 1067121.5874023438
64152333.8597345948 908111.7292480469
64492224.4630683511 990702.1794433594
64770008.1136550456 1023291.9802246094
64362427.0569768846 965216.1630859375
64644635.7318345234 1012769.9104003906
64531050.3818298802 996351.3366699219
