144963208.1356452703 1252868.0517578125
145213822.9180697203 1254930.7929687500
144473258.4440817833 1247206.6005859375
144766033.9290112555 1251277.4599609375
135852351.7736682892 1022670.1686859131
144511612.9927611947 1247217.8300781250
143674680.3872207701 1234067.6547851562
143844219.7376521528 1238167.7431640625
145323670.8838855028 1255899.9140625000
145299088.1677348316 1255228.5996093750
145457194.0649485886 1256859.0566406250
137240873.5401311815 1078180.1062622070
137396824.6139752865 1087044.5277709961
137504261.7217445672 1087473.2281494141
139891229.3785706758 1156304.2874755859
139892141.5313570201 1156782.2366943359
141980448.0695750713 1206562.0847167969
141927865.5196793675 1204778.2458496094
138240246.1273488700 1113321.3966979980
138650918.2736206055 1123186.8960876465
138873428.9986869693 1129683.3113708496
138571638.8716149926 1122192.2115173340
138681747.2326167822 1123882.1004333496
143019595.4389920831 1223899.5800781250
136270200.3861624002 1043088.8488655090
135938302.6992697120 1025392.6013069153
151072459.5115624666 1276241.1064453125
150497574.5237773061 1275996.5576171875
141482871.3625662625 1195967.7980957031
141514447.4636467695 1197765.6374511719
141143228.4401009083 1190757.9792480469
137740328.8210652769 1094648.8270874023
137283673.0533269644 1078683.1321449280
136960267.0884622335 1072836.5366935730
145829230.1657238305 1260361.9169921875
146274556.6144313812 1264437.0048828125
146090352.9428841770 1262793.2500000000
146059407.2369626760 1262150.9052734375
142374137.7255096734 1211548.0009765625
142453972.7969990969 1213631.2294921875
141415635.6471332014 1195546.8518066406
141078041.2074154913 1188531.7490234375
139714073.8993303776 1155503.3254394531
146768669.8358264267 1268262.1533203125
141375161.7357237637 1193274.7653808594
141741655.1493397653 1202290.5920410156
141619313.2629323900 1202075.5739746094
141384052.7356820107 1193400.2995605469
141592773.6710696816 1199133.4948730469
143664924.6424827278 1234009.1352539062
141194234.7509059906 1192089.4860839844
141151752.1411623061 1191723.3483886719
134282096.9031130672 944925.0335006714
134307685.0933604538 945224.9504623413
134219539.5934239626 943337.9372787476
134368539.6622496843 952545.6941146851
145030448.6215611994 1252931.5849609375
144614901.4601348341 1248979.6816406250
141030607.6701630056 1185763.1750488281
150285207.3031958640 1275251.5302734375
139620729.1687009037 1150792.0139160156
140251508.4908148050 1166273.3115234375
140816509.6343066990 1180780.3742675781
136229893.3125531077 1041975.0198249817
136478992.4810010791 1050595.0375251770
143711242.5465629399 1236274.0390625000
135805771.7795217037 1018196.9078063965
135902885.6860996783 1023820.0823974609
135802184.6254529059 1016588.8187255859
140405759.1980727017 1174491.6979980469
140606518.5539877117 1179410.8719482422
140257943.2434909344 1168185.8811035156
143701998.2557092309 1235742.2314453125
143318914.4963473976 1230862.6103515625
144755146.7523090541 1251235.6455078125
144123672.2426682413 1241883.8613281250
140913191.5684683621 1181390.9816894531
140967879.8996078670 1184319.6818847656
140884790.4845323563 1180992.5407714844
138113470.3093015552 1108555.3121948242
134951601.6806701422 986697.1651077271
135007319.6273009777 988879.2727203369
134089523.9691142440 933591.1719894409
138405308.2835378647 1117460.6321411133
138423684.1810859442 1117550.8821411133
138278865.8377667367 1114978.4369506836
138147324.0639328361 1109136.7269897461
138002985.3968533576 1103970.4916381836
138395864.1084814370 1116001.1432495117
137592214.8170110881 1089792.9812622070
150137530.8434501290 1274889.8681640625
150747676.5941994190 1276078.3378906250
136478583.6709319353 1050490.1125373840
135069602.3593763113 994216.6829986572
135434639.0268081427 1005776.2413024902
145167157.7809803486 1253876.7851562500
143088353.9047814012 1225623.7915039062
143078761.0453117192 1225016.9321289062
140270244.6817367971 1170031.7687988281
140272658.8973382413 1171673.3092041016
139683262.5946765244 1153037.4938964844
140381613.8068683743 1171910.9821777344
138929076.4410822392 1131568.1076354980
142605998.3531564474 1218268.2768554688
142390187.6193001568 1211908.3349609375
135259303.1188734174 999155.1423492432
134924774.8211498857 983873.1516876221
135243388.2714616656 996870.6755523682
134773870.2748330832 975081.3169708252
134114575.5323642194 936414.2364425659
133942726.8040812910 927222.9130477905
134093455.7306112647 933694.0476455688
142159195.8486545682 1207824.8901367188
140058200.7425652742 1163643.8397216797
136792159.8675395250 1062412.0665931702
136667814.0174507201 1060095.4738197327
136913015.7507528365 1066087.5134887695
136371006.0164301991 1048880.2758216858
136872856.8006199598 1065142.5402259827
136880453.3478070796 1065983.9667968750
136625637.2380038202 1055117.5253334045
140945039.6264503300 1184257.5236816406
140781476.3768150806 1179925.7888183594
137210592.4809840322 1076119.3231201172
137570166.9332045615 1089745.1189575195
146761753.9791931510 1266408.1728515625
145318907.8696214855 1255615.0263671875
145332029.6021191776 1255934.1503906250
134078914.9915798903 932510.3081436157
147024857.6038483083 1268516.3710937500
146566012.9783233106 1265349.5595703125
135230174.3763557076 996048.6286315918
139083974.9740524590 1134367.2635192871
139258481.2820413113 1138875.7225036621
138172928.0997127593 1110181.2473754883
137882735.4219599068 1101176.8329467773
137743605.1599435508 1095546.3502960205
137817288.0270924568 1098863.6588745117
134603440.0163790286 965313.5199279785
134458392.9025293589 957313.9129943848
134332186.3056265414 948602.3097152710
144999194.8472453356 1252892.2900390625
143707013.0377012193 1235872.7763671875
136045585.7696165740 1032606.5698127747
136619808.8707523048 1053961.3503303528
137186907.5466236174 1075552.0681610107
139018432.6175432801 1133446.2002868652
139306070.1717206538 1141165.4200439453
138347921.1242285967 1115665.4607543945
140124716.0998353064 1164920.4514160156
140036829.8572284579 1163131.6645507812
140083216.0082277358 1163799.5639648438
133998461.5711104274 932220.7242794037
133805302.0467495918 923964.1307296753
133944604.8141075820 928725.6967391968
134067175.7196957767 932502.8393936157
134150864.3919039369 936470.3978500366
147796648.1898596287 1270669.7890625000
147349872.1324362159 1268670.1621093750
147549135.9924473763 1269915.9238281250
147545632.2557562888 1269513.4130859375
147625855.1867629290 1270193.5566406250
139467883.2901898623 1144560.1285400391
143216134.1552486122 1229472.3686523438
143494812.4464940131 1232211.8281250000
138459856.6880146861 1119188.4331970215
135487022.8675756454 1010208.1751098633
135728029.1903253794 1016371.0665283203
135673793.5517657399 1015283.7618408203
135221126.4216286242 995835.1325073242
135609367.6947233677 1014388.6925048828
135589467.5550022423 1011915.5423812866
138020075.1359869540 1105567.0942382812
137830109.9820807576 1099064.3474121094
137972462.6789814532 1103643.8122558594
134618315.3882259429 966910.8550567627
134823602.3371898532 979961.3427886963
134509568.3329854608 965111.3003082275
134590011.1947824359 965276.3971252441
141923047.9894704819 1204414.0886230469
141828694.1378119290 1202970.7529296875
141969167.0236005783 1205788.1101074219
142210514.0751642287 1208424.7299804688
145596934.1544536650 1257578.9912109375
134357625.7751313448 950987.6395568848
134177589.8579283357 941963.5889892578
138847366.3076093793 1126289.5518493652
147477743.4756156206 1269509.1787109375
139391125.2211453021 1144065.0977783203
135359279.2909206748 1004109.3027954102
137777808.0597269833 1098767.0778198242
136452181.9769631624 1050411.6154670715
136327221.9373442233 1043487.6592903137
134243162.5730403960 943890.8460845947
136369822.3414153755 1045525.1317110062
135893788.5715035200 1022677.8980684280
136216658.7107639313 1039675.7459688187
135967969.9359691441 1031358.3232393265
137603950.6024630964 1092153.6173706055
137356491.7805900574 1083717.3580322266
137456872.5355752409 1087186.1788940430
137758720.3905124664 1097784.4807128906
139508096.8408676982 1148796.7001953125
137348383.2298421562 1082422.8016815186
145072549.1975669563 1253585.3261718750
133692451.5202168971 896905.2557296753
135351319.7584656179 1001333.7377586365
138849645.4256424904 1126972.2188415527
138927535.5354754031 1130131.8848571777
140392155.3409842253 1173641.7322998047
140003101.0104767978 1163096.4604492188
140159407.1624322534 1165221.2508544922
137193109.3484316766 1076016.1310462952
144052346.8862546682 1241429.0937500000
134779061.8791998327 977862.7654418945
134770850.2025266886 974942.3150024414
139997811.1160010993 1163056.2612304688
139892480.1533949077 1160419.7207031250
139983259.4024437666 1161138.7058105469
139595385.9431408048 1148836.1475830078
144662233.7093447745 1249203.2382812500
144252049.0324406922 1243798.1484375000
138565451.9955753982 1119657.2454223633
138223479.1438468099 1111998.3513183594
138045777.0082893670 1107545.7992553711
139637849.9018858969 1152282.0772705078
137654756.7397688031 1092441.3206024170
146264413.4296805859 1264210.6416015625
137547460.9907500446 1089274.6506347656
139370339.6902978122 1142742.1292724609
136550394.6434772015 1052758.4354553223
136530627.0451926589 1052431.9105529785
146198670.6697031260 1263385.7236328125
145819511.2083407640 1258837.9667968750
139178964.8147435486 1138261.7738037109
136534629.1196326017 1052709.2196540833
136699300.9401666224 1061392.9337806702
136103126.2849136889 1037869.3758516312
142574927.3331883848 1215809.7727050781
142498027.3842638135 1215015.3996582031
148522794.0625505745 1272722.6191406250
148814552.2221539915 1274257.2041015625
142269524.0907422900 1210261.6025390625
142478965.4196597934 1214877.5002441406
134908795.3704287112 981341.3653488159
136761659.8461319804 1061431.3242225647
146586925.1196894646 1266202.7177734375
143943743.9410810471 1240401.2568359375
144035480.6072352827 1241026.6542968750
144175888.2804163098 1243735.4882812500
146110236.6646879017 1263202.7988281250
134422746.0459750593 952990.7766723633
144931651.3727119267 1251981.1552734375
136476520.1760881841 1050471.7346076965
148097211.3720235527 1271545.5468750000
142425493.9641476870 1213551.6875000000
142760827.3887756765 1219969.6616210938
134694581.1862806082 972698.2268218994
142926273.8475828469 1223229.3525390625
143148891.5704439282 1227042.7783203125
133789329.4342775345 897832.6748886108
137156654.7151129246 1075112.4163665771
139084607.2698451579 1135389.0043334961
142397894.0821446180 1211923.0720214844
139274720.9541290402 1139071.4486083984
145066687.2313291430 1253437.9179687500
135939532.4911194146 1025611.1003265381
144157364.0772331059 1242002.9882812500
136516805.6907874942 1050689.6008186340
136186599.3962983191 1039097.7054414749
136445098.5160360932 1050369.3627204895
136442873.2584436238 1049202.2521858215
136218080.9813167453 1040274.5358772278
138757201.9452275634 1125247.1453857422
142142671.4634417892 1206812.5368652344
144734403.4493301213 1249241.0810546875
146581990.3936840892 1265403.7314453125
146053343.3717183471 1261616.9003906250
148363085.4062640369 1272128.9628906250
136842658.9788520336 1062982.1857147217
146680656.9419296980 1266261.2216796875
148494592.1231893003 1272445.1669921875
146029201.1277509630 1261526.5576171875
137326212.0409563184 1081774.7708587646
135849315.8453712761 1020133.1248779297
144591249.0564509332 1247292.2177734375
143444623.6381560266 1231322.8066406250
142836274.9356688261 1220662.8632812500
142612848.2268706262 1219294.7373046875
143985717.0273442268 1240928.0078125000
148054118.4088719487 1271009.5000000000
148592654.0529100001 1273715.8857421875
146011491.8907337785 1261194.3085937500
145558293.1583243310 1257306.3789062500
144285400.6982103884 1244372.2744140625
148284599.3364087045 1272095.3066406250
142912943.8380403519 1221754.2348632812
142875257.7287276685 1221575.0170898438
144740088.9322026372 1250075.5341796875
143700899.2133606076 1234673.0278320312
