115243721.3498970717 22798.2686586380
115143001.2107209116 22595.6952385902
111603965.6857751906 14799.6402500272
116318910.0954423994 24388.3231964111
112361085.8970530480 16412.0804925859
111638958.9442808479 14858.6450832226
111816904.3288683891 15239.6791408397
112589015.9188481420 17027.7284839787
110884378.3911720067 12904.6051745266
114392800.8168501705 21079.9665498734
112469460.2020501345 16783.7553724088
114079622.9391602427 20261.7426182032
113956918.3212321997 20087.6015752852
112150431.1143590808 16025.1047681607
112152494.0596197546 16040.8493665494
112656495.5415200442 17155.2083753385
111890848.4126035124 15415.7989773709
110506916.8479447812 11810.4802095443
114681612.5916187316 21648.2202463150
110506916.8479447514 11801.7124483138
111858710.5022354871 15251.8479457795
109973883.6650624871 9475.9061353654
114592016.2334120721 21574.8751001358
112152494.0596197546 16025.4753719307
111858710.5022355020 15255.9676814973
112151823.1993161738 16025.4722913541
111780372.4920669794 15159.4304607250
115620296.2551314682 23376.2064361572
114237794.2014946789 20622.4583997726
111062317.5670247376 13353.3055176856
114166614.5244356245 20567.1949982643
111191189.6036379784 13731.6589264991
114803775.7379642874 21883.2521013618
115817228.7139475942 23704.0996217728
111380519.7141523361 14293.1910007596
113945439.6420943141 20026.7923559249
115888538.9161918610 23746.7387619019
113357766.4493946582 18694.5463361503
110961588.2908579856 13029.2454333157
110007643.6547115743 9769.6460617036
110921575.4378425926 12973.6442246558
115401603.3984758705 23047.4028167725
113357766.4493947029 18697.9419798736
114239224.4976778328 20680.7126369327
110155840.2877329439 10711.2693929374
115653824.7289827764 23410.8057785034
113956918.3212322146 20094.4686597884
114088155.9730275124 20401.7333005965
110444066.7898437232 11632.7453767806
111380519.7141523659 14304.9677036405
115385582.0679223686 23037.2041015625
113527579.4783711880 19074.1785247987
114455650.8749512136 21251.0055665970
115452128.4638732523 23100.8758926392
114119004.5542712659 20511.8052210808
115498085.9806320071 23180.6067199707
115154691.0526568443 22673.0146913528
111332484.7148895711 14108.7187831737
113981007.5417448729 20124.1979341358
111380519.7141523361 14292.7685154081
111375235.0793169439 14159.6355083324
110104652.9393726587 10111.7847375572
112517966.4816015810 16853.6811092794
110007643.6547115296 9766.8286889046
110104652.9393726736 10114.9083184898
114027620.8222165406 20258.9406676292
114166614.5244355947 20563.1841835976
110007643.6547115743 9769.6218712777
115620296.2551314682 23352.1510162354
115722570.5430284888 23515.0632851720
110276133.2635350376 11062.7452443689
114166614.5244356245 20578.9395661354
116071593.3446825594 24086.6816711426
116177073.8776223063 24133.3638610840
111651786.2785371095 14929.2652004063
116184874.9386158437 24283.9896697998
111131094.3990519494 13680.6009991095
111903843.6074820906 15524.6227124967
110443358.4376001060 11525.7870695293
111044937.2331898808 13329.8882457912
111903843.6074821055 15528.7077955045
113970689.8510895520 20101.4444440901
113945439.6420943290 20033.3752836287
113244113.6257679313 18537.4533480741
115728198.4167073816 23571.9471864700
114550176.7398911417 21408.4237451553
111131094.3990518898 13670.2394636572
115959089.4319729060 23950.2168273926
110315879.6435379386 11111.4723638147
110695988.1566245407 12305.7370104641
114379586.6899088770 21007.2901062965
115385582.0679223686 23019.2873840332
110908509.7663662136 12933.5556264883
112067528.6740449220 15901.6844190396
114455650.8749512285 21258.3831491470
113596485.5799462795 19304.8306069225
114683663.0304575115 21680.9305948913
113809694.6438287199 19727.3525152951
113862902.0050408840 19799.6145674475
112322231.5116157830 16405.9187940396
114719807.2534365505 21826.6050295234
112304098.6938787699 16393.2020534534
114021924.5098375380 20165.3282521106
111192446.9888068885 13798.2006672025
110045520.7901147604 10080.4524163902
114022474.9515503645 20172.9365267754
114939999.7881174386 22280.4835252762
110045520.7901147157 10077.6592340171
111206291.2831268162 13812.7896717191
112596203.0884637386 17065.9697386581
114482240.8740916550 21268.6933579445
116321869.1900451034 24420.0758819580
112365335.5887759775 16520.9322689474
114704556.5734517723 21681.9514398277
110394242.5059003234 11514.1670381576
114814200.9690537453 22019.6899561584
111901743.5171644837 15492.3066244423
110595876.6935660690 12017.6591997428
112143212.1239611655 16021.7490438521
112098303.0018971264 15966.1040548384
116437811.4673767239 24459.8198699951
114814200.9690537453 21999.6947550476
112779510.3931404650 17437.6915581185
114805479.0753086209 21989.2341951728
110573164.0491272509 11974.9956819564
114512650.0576450825 21301.5187844932
115102055.6416335702 22462.3251123428
114876093.9249661565 22066.2247056961
114097044.7270180732 20408.3314718306
112437369.5908228904 16744.3007900715
110266225.7067213058 10817.2721303552
112950048.2728173584 17812.2745564538
111261205.6063086838 13987.5883091092
112620676.8954996169 17116.0186550617
112563168.4098865688 16995.2694146037
112768115.5485844463 17420.2132942677
112722094.8583111912 17334.4024321395
116792719.4393457025 24521.1806182861
114898160.2945964932 22097.8047227859
112200932.8957557678 16160.3155496675
110823909.6301581413 12697.4702257961
111460006.6002510190 14460.2147739530
112433094.9984395653 16646.8036512174
110846622.2745970190 12777.3043716075
112433094.9984395653 16646.2738224305
111972881.4917000979 15650.2960409224
115366122.8176559806 22929.2610979080
110735469.0585426390 12402.0797052665
110595876.6935661137 12027.0710802360
112020864.6281424165 15765.4980672896
110394242.5059003383 11517.8120576888
111483967.0283995718 14504.3224704862
111311401.8966782838 14061.3215244413
112112550.3363844901 15993.7038320601
116804432.3941264600 24554.5397491455
114522295.4243786782 21321.3623819053
110417441.6083884090 11518.5349855705
110367701.0329074413 11240.6846029311
110470449.8395266086 11653.7047243400
111422896.6573662460 14382.7488010526
113502396.8196491599 19062.3591666780
112362560.3060671985 16481.6634380817
116611372.1732809395 24497.2480316162
114283891.5209117979 20754.8791794777
112362560.3060671687 16476.9002850056
110117485.9509808123 10399.6699417681
110535204.0325368345 11889.9879885002
115040438.8361143619 22414.1306505203
112292909.9223465919 16354.2364485264
111422896.6573661864 14370.6012790799
114303727.9750922471 20888.2607026100
113900006.1868144125 19887.8098568879
110994169.4850064963 13129.2340209605
113732643.7575083971 19537.4631222785
110252597.2272500247 10811.8626378626
114303727.9750922620 20888.4272370338
111872583.0491777658 15371.2382724881
110846622.2745969743 12743.1972777965
110926284.2463634908 13000.4734008434
111678293.2456729263 14950.5129598081
113605412.2823894769 19305.1054812036
110595876.6935660690 12017.6061830802
111884860.6318387836 15385.5417781732
110986956.9073926508 13121.5437743785
115451794.6395280361 23066.8249406815
115822975.5495889783 23709.2547073364
112190274.6760856062 16122.3396414430
112690208.3972857296 17162.8840650357
113479613.4633258283 19053.4763617478
112075440.3934997022 15904.1732076705
113487373.3778921068 19062.1768012010
111130991.8090346903 13433.3049132945
111678293.2456729561 14965.4458669126
112190274.6760855764 16106.0635794313
111422896.6573662013 14370.6560886502
110144027.4239736348 10440.4096349329
112071465.4496447295 15902.6272787154
111678065.5727477968 14950.2585070343
112190274.6760855764 16105.8283699662
110926284.2463634163 12993.1453368785
111828129.0534492731 15244.3307521679
110144027.4239736497 10450.5450638384
114240877.9169912040 20702.0157990456
110735349.3382795304 12373.0774781555
111748993.4798216373 15111.6441066601
111069462.5605873764 13358.6077316907
110215103.5356003344 10716.8285347521
111996176.1317373365 15666.7279867232
113358307.6958532333 18712.9156129435
114240877.9169911742 20698.1006760597
114539208.1740646809 21343.8341913223
111563231.2901619375 14752.4003208280
110117485.9509807527 10394.1714776605
113670943.1976108104 19482.3988713392
111347607.3394588083 14130.2054355741
111465544.0621313751 14494.1976573444
113334621.8921037167 18675.0391177274
113789196.0350123495 19725.6645510735
110216135.1636038572 10795.0521520227
111567206.2340168655 14760.3079746366
111757778.9153961539 15139.8767850697
111461979.2327018976 14493.9698398710
110558890.1611488611 11963.5689440055
113748027.8518348336 19603.2393007837
110971251.3096358478 13067.5065353038
115582386.8933482170 23276.4939217567
112495319.1384821683 16808.2748357654
110364499.9446029216 11214.0809129328
113528338.5238052309 19185.4375066124
115887754.0761542916 23745.0400695801
115592084.5343234539 23320.2058000565
110699698.7084747851 12335.0219469352
114496176.2938519120 21274.2019686103
116750172.0098970681 24516.8399810791
116226124.5871886909 24288.0221099854
117530175.4418961108 24622.8055877686
115600683.3035850227 23325.7770586014
112838144.7745901346 17515.3430122007
116678035.0705239624 24499.4474334717
110734995.4808892459 12370.0655900985
115522105.9214295298 23185.8962221146
115088597.7821916342 22416.3448534012
116463414.3811653107 24466.0016632080
117059816.6205960512 24599.6912689209
115323421.7167182863 22830.8428850174
115097460.0000507981 22420.3114061356
115097460.0000508130 22443.0965013504
115915407.0259461701 23822.0741729736
116934141.7288841903 24563.5283966064
115573752.4763354957 23211.9582595825
113950372.7867976427 20037.5839563571
112878871.6795774549 17604.2565596849
112819996.0540177524 17508.2300109528
115300010.3483238816 22818.2048082352
116941459.3742830455 24566.2454986572
113586765.1502293795 19228.4490014166
113535666.0922257751 19223.5928297043
113402131.8456794024 18882.7453800440
113447340.0581705123 18946.8389868699
114277515.2140153795 20705.6627523005
111081735.9705677480 13408.5322649330
113461281.5422824621 18981.3983821440
113814278.2648632973 19745.8864160739
113308957.5166048259 18600.4031165112
113239365.2361021936 18434.9924863875
113402323.6775404662 18924.4535976611
113751980.5994974971 19641.9505991638
113611245.7600933015 19346.7040404938
113045115.2255624980 18058.0579809844
114330861.0151055455 20893.8929228187
113688479.4457996190 19484.6993809603
115656395.3541541398 23450.0494966507
113822250.5086938888 19768.0710917711
113822250.5086938888 19768.2093898058
113751980.5994974971 19638.1199164093
112880971.3835319728 17675.7721533478
115807556.6168456376 23672.8347320557
112880971.3835319728 17671.5858587921
113751980.5994975120 19647.2346167266
114538951.5673868954 21324.6273603439
116572715.0883358717 24477.9750518799
116578382.0890454352 24484.1568450928
116125063.5372647941 24097.8536987305
116125063.5372647941 24098.2327575684
113218861.4042793065 18415.5246362805
113103285.6483210474 18159.7837736607
116265912.8987407088 24326.4648895264
115861472.8936135471 23715.8077545166
113033481.3496532440 17966.4504294379
116226552.4188950211 24293.0191192627
115986171.2309763730 23959.2462768555
115784574.2632976621 23614.0062713623
115986171.2309763730 23959.6249084473
115778854.4000236541 23607.2965517044
116261094.9380732775 24293.6252136230
113152797.8463021517 18298.0613307916
116387120.8546370864 24424.7639617920
112929631.9676814377 17771.6957807504
113145136.1632326990 18216.0893499814
113216231.8127726763 18380.0191443367
