135977987.7212876678 1516043.3798828125
128783933.6707099229 1147207.9096679688
134678548.1668911576 1492162.1542968750
134628818.2862522006 1492137.7460937500
130062337.6320726722 1275996.8916015625
135235004.4410281479 1506755.9189453125
135124485.8905876279 1504414.1777343750
131421753.2986483276 1374455.3930664062
134686264.0243804753 1492412.9824218750
129887598.7478825450 1264885.3735351562
129923681.2365016043 1267391.9838867188
131375640.1232320219 1370426.3481445312
134559839.7482747436 1491220.2558593750
131474320.5904743075 1377468.9799804688
135486766.5255766809 1511034.4140625000
128380473.8119344711 1078588.7929687500
129816174.0930552483 1260552.7827148438
131597682.9411441684 1382351.2265625000
134287856.4847109318 1484600.0195312500
129869917.5690408051 1262227.8090820312
136441622.6372146606 1523806.9755859375
128675202.4371120036 1127235.9326171875
128533838.6222743392 1109395.8583984375
128664194.9931755960 1126296.7568359375
129560288.1159992814 1233527.2177734375
128781468.0821378231 1147122.9272460938
129566967.5984695703 1235142.3398437500
135200497.3693714440 1504460.7285156250
132625941.8621966243 1432409.8808593750
128793032.2842855453 1148604.2358398438
128627554.6959991604 1122055.3408203125
136544954.8514657915 1524028.0761718750
129079588.7506648004 1185288.3452148438
129219200.8872500658 1195685.7543945312
129601484.5212369114 1237199.3315429688
131128741.5507097691 1356698.9008789062
129096783.5845493525 1186953.5708007812
131773266.1679989994 1393189.1787109375
128519058.0796019584 1105471.1376953125
136886105.9475883245 1528306.5712890625
135704864.6841128469 1513482.0283203125
129282667.3668677062 1202933.7587890625
134156660.5658319443 1481981.4042968750
128848986.2603365779 1155719.9008789062
129667796.7976303548 1243542.9497070312
131052248.8455279619 1351414.3647460938
131358702.4628372490 1369817.6264648438
132690493.6134760976 1435447.2480468750
128613001.4340043217 1120102.6386718750
128702906.4147039652 1140119.3549804688
128755457.5486932248 1140816.4331054688
128973349.2210822105 1170854.8662109375
133311199.3756205440 1456863.1748046875
131051420.6266916841 1350872.9389648438
133398111.3051825315 1460814.2851562500
129046856.7192929685 1178817.1435546875
136823014.5162081718 1526695.7490234375
133667074.0843155235 1466953.7744140625
133706271.3938904405 1469028.4462890625
140081235.6924774945 1537722.2421875000
133734518.0237213373 1470103.6474609375
135740482.9806417525 1514916.2666015625
133479717.7025159299 1462593.8525390625
132430836.5016601384 1423887.3447265625
132243146.0660691559 1418340.7626953125
132515391.3098726422 1429804.2958984375
131138391.3971995860 1357192.1860351562
131009615.9045664519 1349200.4448242188
133260688.4410136789 1453638.2705078125
133274621.9979272485 1455973.6162109375
132448241.7706578672 1424960.9990234375
134841254.6758714020 1496443.4423828125
131428638.6001733392 1374488.1440429688
131328281.1842469275 1368283.0795898438
131180082.4200519919 1359609.8403320312
135711883.9551484287 1514692.8808593750
133195819.3954736888 1451423.7177734375
135795606.4488951266 1514936.8271484375
131415442.4513108134 1372720.0268554688
129878027.2582050413 1263878.4135742188
133235722.8826421350 1452167.2666015625
133769348.5806796998 1470144.6767578125
132826301.1840877384 1440114.8740234375
134957006.7108278573 1500135.6826171875
134717960.1732093096 1494069.4150390625
133857532.8615170568 1472444.8876953125
129321048.0874431580 1211505.0102539062
129199249.3813517392 1194358.8164062500
132291130.9091734588 1418761.9462890625
137267529.0701501071 1530800.2558593750
134385081.6525192261 1486592.7109375000
134015523.8836865723 1477259.4716796875
135334212.4535014629 1507831.1201171875
137024199.3828559220 1530387.9892578125
135090886.5703567863 1503063.6787109375
135612875.1995355785 1513376.1552734375
132425396.6326598227 1423836.5673828125
132332780.1090157181 1421730.2001953125
131082108.2943590730 1352801.4306640625
131802451.4193472117 1394785.5888671875
133172565.2824597955 1450934.5058593750
133018528.4217730165 1445923.9082031250
132181101.2797084749 1413802.1191406250
135943747.6567282081 1515561.7656250000
134453069.8288750648 1487481.7685546875
132149511.6739986688 1412265.5839843750
135912165.9218594134 1515066.5468750000
133884103.5847933590 1473505.9511718750
129300440.1411256939 1206929.8046875000
132471968.0080108643 1425631.6250000000
128911701.2024078965 1162325.1572265625
132021337.6110589355 1406049.9228515625
129396423.4677094668 1217471.3730468750
132318845.4855797440 1419128.9140625000
141260330.7365421057 1539075.6972656250
128774787.2727351040 1142825.9169921875
133243126.9748735428 1452246.7265625000
132424830.2396761477 1422177.0839843750
134384091.2908976674 1486564.2783203125
134896078.4095464945 1498282.8876953125
129718581.4903733581 1245727.4814453125
134128765.5443737507 1479896.4550781250
132011389.1675702184 1405670.5195312500
136718005.7098655403 1526109.4941406250
128552044.3246329427 1117371.5166015625
129170171.4245276749 1193034.1796875000
131896606.7966251820 1400389.4208984375
128908912.8907113969 1159884.9565429688
137344395.4999629259 1530944.7636718750
131835182.0821864605 1395918.7792968750
132437096.9040947556 1424650.7333984375
133047579.3616836667 1446851.5000000000
131915763.8158957362 1404522.5439453125
142434613.2717599869 1540623.8164062500
142327646.7693744302 1540382.4316406250
129423928.8323249668 1219289.1113281250
134150528.3357596546 1480395.1298828125
131769018.3984958231 1392328.5976562500
132200068.1080143601 1414737.3398437500
133695055.7056799978 1467845.2294921875
128948564.6721449643 1168624.4096679688
131687687.7276944965 1389719.1728515625
128890740.9775653481 1159078.8969726562
137004249.8813135028 1529555.9843750000
134775979.6431767046 1495336.0761718750
129029813.3993262798 1178389.5302734375
134483412.0792644322 1489578.4736328125
141618904.1442081928 1539533.4160156250
128978118.8946786225 1171299.7832031250
133638791.5574798733 1465824.6513671875
129601818.3950448483 1239529.4902343750
128876154.7211681455 1158823.3476562500
129438879.6573663205 1224151.9140625000
132805710.8115189523 1438491.3457031250
134991267.8072951734 1501210.8837890625
129344668.7518045604 1213929.6352539062
134428916.3415876925 1487049.7128906250
134743969.7476131916 1495281.2197265625
136865652.2254825234 1527474.5664062500
129484191.5592979044 1228000.1743164062
128701409.3972494602 1131055.9819335938
129527894.8764961064 1229891.9145507812
134625760.0662361681 1491328.2080078125
133804472.9528404027 1470653.3730468750
129358764.1472313106 1214221.8959960938
128500273.3956064135 1100899.1928710938
128401094.7546447664 1092672.9082031250
128875368.5360723734 1155934.0629882812
128448435.3136469424 1096007.4804687500
141725179.2245779634 1540320.1699218750
131741097.8708799630 1389817.6005859375
129300409.8846514970 1206602.2495117188
129433721.8075520098 1221495.4570312500
132848643.5757105649 1442344.1093750000
140713777.1385677457 1538929.1523437500
136963181.7547075748 1528690.5957031250
137380999.5363460481 1531305.4794921875
129047465.0188129097 1180760.2055664062
129235275.0858467668 1199270.2294921875
129162645.2596036941 1192684.8867187500
137550731.2109679580 1532498.2060546875
133828186.2348772138 1470705.7392578125
134148941.1392132193 1480370.1337890625
139203941.0126540065 1536298.8447265625
129224270.7665355206 1196916.1333007812
129096878.9349014908 1187617.7866210938
132941665.4709933400 1443330.4560546875
129702848.1769391745 1244421.4809570312
129722360.1998069435 1246067.2221679688
133558000.8736716509 1464033.1367187500
134389234.0819838643 1486990.3701171875
136310616.2734500766 1522417.2539062500
129477777.4806172997 1224389.6171875000
129023658.2932826728 1174416.9462890625
129234226.6991301030 1197615.0688476562
136780644.3678328097 1526609.1777343750
128759638.5270247161 1141973.2875976562
133140746.7089455575 1449950.6923828125
132725908.3974839002 1435451.2041015625
137842384.8531247377 1532797.4287109375
132769128.0194713026 1438141.5273437500
129538246.9918031991 1230772.1503906250
134217324.8782352358 1483248.4697265625
136073600.2852902412 1517164.9765625000
129323957.2219387740 1211984.7939453125
136108921.3907413483 1518638.4423828125
136559132.7023709118 1524688.3867187500
131095000.0785377771 1354433.4218750000
136188254.1089190543 1520335.8359375000
137511711.6815571189 1531580.7158203125
130747657.1872634292 1332255.3891601562
130685584.1334905475 1325345.3959960938
128838625.9914429486 1153764.6284179688
128917440.0499685854 1163122.5385742188
130669552.6903033257 1325100.3930664062
131550465.9726386070 1378784.3505859375
133222959.4865277559 1452158.6591796875
133254836.6163809299 1453079.3574218750
131297134.9611494839 1365735.3349609375
131595141.6606856883 1381401.8583984375
132606521.8575291336 1431178.5332031250
132666892.1388204247 1432764.3193359375
142150720.9925854504 1540339.6347656250
132142029.2026297450 1411891.7548828125
129747061.1496980488 1251358.6113281250
131563986.3996706754 1379016.4667968750
128825925.4527478367 1148760.9858398438
133602817.4039138108 1464895.4453125000
129932833.7718036473 1269824.9956054688
129843554.4818976372 1260576.4052734375
129790136.8595375121 1255106.4814453125
129722470.4890681505 1249013.1328125000
130104205.5777084976 1282963.6142578125
131638688.0847920030 1383853.4570312500
128765886.4917372018 1142140.7495117188
131396975.4600696862 1372637.8183593750
130031178.4305069447 1274985.3144531250
131213245.3284633905 1359958.8730468750
130291470.2596379071 1296418.6269531250
131519347.8267564923 1378308.4218750000
130102758.6461205781 1280159.2998046875
129905717.2416472435 1265944.0429687500
130204768.3808546364 1290833.4101562500
130341438.7724944651 1300949.0527343750
130000062.4695857912 1274794.0595703125
129023082.3724071532 1171808.9526367188
130506335.2368332148 1312057.3481445312
130483833.6640942842 1311747.7045898438
130435813.7202885002 1310865.7963867188
130539711.5534186214 1318209.4770507812
129787685.7458757758 1253482.9287109375
130427903.4106117338 1309068.2363281250
130980753.9036242068 1347236.3735351562
130979384.8945608437 1345916.7324218750
129997556.8911436945 1270531.0932617188
130250549.0799903274 1295542.3681640625
130363177.1433380097 1304454.8168945312
130653649.2159358412 1323388.6435546875
130198895.1720650345 1289254.8701171875
130196211.7512130439 1289181.6972656250
130796879.5802118778 1332581.0532226562
130723176.2271874249 1328452.0126953125
130705720.3083560765 1328358.4941406250
130720492.8063354343 1328378.8398437500
130397946.7039656341 1304618.3911132812
130415956.2757690698 1306116.2402343750
130864323.3432302028 1340133.8281250000
130151635.2081544101 1286406.5820312500
130876218.7337454259 1342540.4956054688
130799239.2409825772 1335196.8149414062
130187262.3574595004 1287652.9819335938
130065026.4099901468 1277740.6210937500
130630412.8564574867 1323379.1904296875
131030130.3627632260 1349561.2075195312
130955075.6167694777 1345093.7963867188
140166151.6314147115 1538062.1035156250
141592052.6481254697 1539300.3105468750
130310832.2872780859 1296726.6054687500
138563451.4067643583 1534516.5507812500
139680821.1778537631 1537065.9218750000
139106685.6050238013 1535641.5898437500
138583609.1389504671 1534516.5917968750
138162851.4660924077 1533599.0605468750
138105405.7279640734 1533323.8242187500
139713302.9222951233 1537179.5498046875
140622581.0929263532 1538467.5146484375
139759453.7621521056 1537216.5888671875
139773633.2965568602 1537687.2421875000
140378480.2488203049 1538144.7822265625
138429043.5866313875 1534426.4033203125
138636116.0507135391 1535451.3466796875
138758243.9101428688 1535619.0507812500
139227811.2846879661 1536644.0703125000
141271109.6326898932 1539278.2763671875
137901422.8449539244 1532891.2216796875
138427739.3962545693 1533669.0419921875
139512621.4442498386 1536832.4433593750
140161673.0696078539 1537875.6152343750
140476806.7241145372 1538168.2919921875
141208298.8625511825 1539051.4423828125
