65868662.9195815921 24074.2367324829
64870183.9491886273 21399.1551447213
66228092.5091096014 24334.3238449097
65021697.8381785378 21903.9427806437
68349182.6871009618 24782.7238616943
66767642.8978128806 24588.3227539062
63983865.4636172354 16469.2676256895
65845975.9807244837 24045.6547775269
64771558.4549242482 21118.5203486979
64872494.0297262818 21444.3002624214
64904235.3725340888 21523.3657952547
65002350.3416488469 21902.1021314854
65124609.1281625852 22205.7490240330
64900067.8708943203 21523.2395356297
64982987.9376924112 21785.7426751256
65827149.5559298545 23896.6994400024
65900588.7457077652 24086.4628524780
65711899.7747256383 23740.8269271851
66139058.5090851486 24260.6029739380
66982053.9992196932 24627.3456878662
64725573.8226291612 21003.2198773324
65761915.2944294959 23848.5975265503
64734246.6035821363 21057.7657928765
67365742.8793596774 24710.9634857178
66005855.0170214325 24180.7646408081
64639327.6486702412 20727.0042805672
64701099.4902622849 20866.0635152459
64151280.0513983592 18450.9704501027
64776325.5200418457 21204.0789175630
66187400.4447015077 24297.0100479126
64771865.9541894495 21128.0296164453
64200194.7022421807 18800.3381222188
64089629.0421249866 18081.2245547170
64058059.0990893468 17725.8054153323
66987852.2907197773 24632.3351440430
64057491.9025729224 17708.0497863293
64005656.2325675413 17422.0749516487
68191963.2936895490 24750.6943054199
65106637.4561867937 22191.7619940037
64184775.6274342760 18783.3132294118
64077453.4606675059 18081.2244385183
66477350.2676265314 24521.5670776367
66968474.0353635177 24625.1317291260
68220346.3194572777 24767.9673461914
64534178.9182248786 20373.3177657425
65763486.0026500523 23885.8387527466
67047167.0525190681 24634.8084259033
66786695.0804492831 24610.6728210449
65697560.1420092806 23700.9696578979
63992613.6679192781 16476.4394582808
64027521.1944560930 17707.4856536388
67301470.2158630788 24690.8936157227
65419048.7861395553 23006.9565429688
64702206.8184977695 20932.1344980896
64608604.1283485517 20554.2149434388
64463243.7747465223 20020.6156401634
64846098.1262008026 21347.3412284553
64373957.1909933761 19679.3502336144
64229923.3945611566 18921.2851502001
65501476.3476248160 23188.3324155807
66446791.2008507550 24481.9508056641
65244105.8117045760 22603.6050839424
65593190.4930778816 23492.6788511276
67547970.2284543067 24730.5804290771
64891617.0790666118 21471.8833237886
66324765.7664301246 24344.5933532715
67232663.8441994786 24680.1763916016
65482601.7279284373 23138.1968908310
64639161.7550758198 20643.7080207467
66101253.2849217057 24245.1163558960
67500979.8318703920 24713.5357055664
65625412.8905209377 23555.4401779175
66433602.8296474069 24446.0800476074
66951093.2104947641 24623.2160186768
67050814.8483412340 24655.8398132324
67229623.6157688349 24664.0612182617
66568983.8553401306 24549.2273254395
65977347.6071502939 24180.1141738892
66357868.1078909636 24399.1076507568
66425278.0896735936 24440.3029174805
65959584.8645448685 24166.0850448608
65624253.2756617665 23509.1983671188
64495336.9694088474 20197.6623907387
64766533.5782826766 21086.5633830726
65673108.7352345884 23655.5873641968
65498620.0434476659 23173.7658414841
65180613.4458978400 22391.4936130345
65464315.2978049666 23070.1300323308
66782801.7326426208 24594.0536499023
64507785.6607434377 20231.4764322937
66701790.5344797075 24568.6614074707
65531020.2013074532 23336.0635251999
65566769.4320995286 23380.5689725876
66835906.3304521367 24620.7828674316
66770562.3043519780 24593.5385437012
66530038.0536237583 24521.9566650391
66707645.0776659697 24583.0119934082
66630462.7405911461 24565.6432495117
66563244.9199300334 24532.4381561279
66982934.7964456156 24629.2250671387
65338971.4756240323 22763.2466478348
65322366.5776460096 22738.9677476883
64182480.3957614899 18758.5348328054
66158979.8040871322 24268.3828811646
66338731.3232167065 24365.3192901611
65655701.8745700717 23582.5087509155
64486352.0751184747 20053.5471248329
66027297.5299632475 24223.6297073364
64834449.3463625312 21327.9735326469
65586439.2913652509 23423.3394088745
66079280.5344063789 24234.4903945923
65206909.8553764746 22430.6449649632
64107095.8508003578 18445.0269897878
66310583.8940618336 24342.6941604614
65421573.5836201459 23019.8326975107
67232056.6492516249 24673.8986968994
66214854.0983651876 24323.6950759888
67560690.5566201210 24731.0883941650
64411416.2462923750 19826.7592931092
64930533.5699099079 21636.9165840745
64151474.1243973821 18542.4167422380
65831312.1389725208 23994.3751296997
65466577.7390816808 23126.8610038757
64445171.3481088653 19913.8922896683
64502912.6680074930 20202.9668277502
65454520.3737096712 23025.4104461670
64337603.3154953346 19513.3686587512
65354499.4402296096 22779.2680922449
64950463.8677683845 21664.7766495049
67292715.8378723264 24681.7337493896
65332035.4967255071 22739.1600301564
65514845.2562946081 23331.9249296188
64415605.4913025126 19859.6332759559
64705104.1189315990 21001.9328422248
64728058.6495990157 21022.6744919121
64259700.2124105468 19206.2109533548
64613042.0174385756 20593.2246060073
65269098.2416603267 22696.1897483766
64625616.5226302892 20598.9487217665
65332386.0319162011 22763.0470557213
64399182.5758973807 19820.5892848670
64817465.0004143491 21319.2968320549
65192807.3758174479 22402.3865597546
64672408.1255666018 20728.7652969956
64343611.3274574503 19586.4360713661
64935325.5563146994 21646.6514511406
64214758.3670306057 18905.3661272526
65351967.5067333281 22770.0529680252
67644440.0543564558 24738.3908233643
64364749.4985877052 19598.6041556299
65312777.5950590596 22713.8335187733
64973115.1055977121 21754.6790982783
66020525.7806513906 24215.8962631226
65508910.9159235656 23263.0441908836
65498341.0627270713 23144.9620742798
64234556.5353436172 18937.0357276797
65084777.1231876090 22106.9811184704
65130565.0746411011 22271.3431036770
64786635.6770504639 21285.8164596856
65460431.8780298159 23045.1252150536
64920823.3947563469 21607.6244797409
65174110.2097584531 22324.7432606518
65293996.4992891997 22703.2663028538
65714088.0194522813 23811.4670743942
65685263.6220228374 23658.3228378296
65562504.4819461852 23356.0101852417
65139656.1601963043 22273.2948673069
65076363.9033137858 22068.2521500885
65381276.8924221769 22937.5999374390
64302753.9749790356 19263.2038083375
64206015.1505340636 18876.3387460411
65355119.4447915480 22874.9349532127
64292527.5232373700 19220.6351924539
65905817.4502784982 24103.8371963501
64304782.4467981756 19323.3367366493
64577604.8283456191 20437.8174758255
64911597.4765359685 21524.2032651603
65265343.2359290868 22618.9588522911
65540881.5478499830 23354.4315872192
65397820.8655288666 22970.2432327271
65420995.0737323016 23014.6157172155
65907276.4294632673 24139.1884384155
64685071.7582207024 20808.6311459243
64983442.3280639574 21835.1157822907
65024750.7706170306 21937.5459506810
64865029.2548143640 21349.6234169602
65075713.2794413269 22039.2471452057
64061750.9054639563 17769.0774824321
65631278.3931847513 23566.0547409058
65242876.6621522531 22511.6363826096
65048556.8912395164 22008.2857083976
65639164.2523800060 23568.1022567749
67767413.1227554977 24741.1984405518
67913469.7079382390 24741.8489074707
64368288.7684925273 19663.2476692498
65094808.2004281878 22114.5118251145
65415336.1261205375 22990.7343606949
68097364.1301872432 24749.5810699463
65222166.7836415619 22501.7611959279
65212202.0557519794 22500.2960164845
65101712.5636158809 22163.0586848557
64458009.7157520801 19972.0212874711
67179835.5350933671 24660.7658843994
65566764.8515253440 23357.0079269409
64456243.6752918735 19944.4468757510
64454835.2220714316 19920.8786731362
64522567.6796289831 20237.1185404360
