90230368.0767367184 124102.7322250993
99516634.2589569092 161259.0994873047
89074741.9215118140 109980.4708253677
91216845.5502761602 133261.1258707270
91434753.4952335954 134948.4954646230
91255388.6967774034 133658.7025365853
88303265.3965675533 92744.0177887404
88381811.7650347352 96353.1473539794
88334284.8465527147 94318.9697845900
88345494.2543761283 96136.9333160842
88452263.9317407906 98700.5364159072
99103617.1402445138 161251.1944580078
88522424.1353964806 100755.5478994158
95929935.0541808456 159599.2801513672
96269133.1320996583 159872.1694335938
93284079.4360371679 148886.1099853516
90697560.8383802325 128157.5414496958
96420410.9881220162 160034.7883300781
90344329.2041727155 125331.7420819998
90352468.7048982233 125414.9088777304
93409269.6097400635 150466.2941894531
95058454.8739188761 158513.8459472656
94996636.3115955442 158187.4842529297
94594315.6283739358 156913.4619598389
95060896.0589185208 158977.1796875000
95477453.4795753509 159260.6484375000
94428873.5315389335 155875.3756713867
94929071.1916888952 158183.2359008789
91078709.4472727180 131906.6139915381
90934156.7755474597 130444.0082769394
88825211.6110796034 106508.7331209238
89245794.6784609854 112307.7009630707
89430807.2944422662 114403.6283554967
89348864.8052325249 113069.8817734654
89322275.2922237813 112668.3770470671
89262247.3074754924 112619.4498886998
92297384.1996289343 141402.0768170357
92310443.5163416415 141588.8639602661
92453838.7553082258 142756.2564773560
90423086.0635613501 126154.6311195744
97567366.6939416677 160692.2957763672
88276682.3501451761 90922.3117755619
89661913.5001258701 117107.1544370353
89528052.2998519987 114866.7366477954
89380058.2745916545 113204.6155846226
89697173.4622085243 118007.9928986488
89741106.2020849586 118088.1977627666
89723194.5804186761 118015.4359829815
90105830.8787944019 122248.9616244228
92389927.5509407669 142294.3981289864
90773765.2327976078 128888.0551295280
96140855.1031980067 159730.7259521484
90149089.9099235982 122874.7095887959
90053105.2782599628 122009.0291000993
90122801.1087669581 122389.7769442946
90329610.3656344563 124634.4540902823
90764160.4321261197 128786.9577505589
93221069.0515903682 148205.8675994873
93149912.8462813050 148169.4404907227
88705857.7432335913 104391.8084832934
92789979.2977803349 145595.4939846992
98346704.4544249624 160941.4399414062
90927198.9899992794 130416.8248977148
92328627.7999635041 142061.7947039604
93020812.1233959943 146786.8908691406
89505749.4357740432 114857.0298074873
96332238.8756399602 159929.4238281250
94058677.7519134432 154339.7875976562
93560649.2872459739 151636.6942443848
93678513.4972921759 151952.9939575195
90846898.0807468444 129922.4042099044
91537244.5578688085 135997.8807251453
91556168.0753012598 136016.5674927235
90337252.8498131782 124857.3467204273
94288672.3311405480 155318.6525878906
89756119.4608820230 119138.7746296020
97424972.4819924384 160509.8024902344
98801048.4596336186 160998.3566894531
91226994.7723941058 133386.8607840538
93067301.4691558629 148080.0620727539
93342407.3418363184 149828.4535140991
93348270.2712147981 150046.2737274170
93770236.3665110022 152319.8275146484
97137108.6416295767 160318.2980957031
91344894.6760023087 134388.0224741921
95040357.2363171428 158265.1163330078
95370031.9950807244 159037.9450683594
90869229.4555404037 130084.6793358104
96234418.4591061920 159768.5167236328
93062172.8628716022 147446.4913482666
98978523.2128762901 161154.8504638672
99596484.5263221562 161306.6037597656
94866358.7060566992 157960.2454223633
91390327.5113571286 134774.2028360590
88478542.4292728901 100086.2430255433
88799907.9332719892 105904.6792434362
88654337.4108924717 104096.3123843578
88560052.9172114730 102238.0002748306
89597370.3541380167 116144.3037209511
89593299.3087089658 116048.4604016542
89573777.0800074041 116042.7748436928
89550619.4416442811 115917.4914803505
98134492.7500763088 160803.5625000000
97544436.8626091629 160550.7247314453
88836879.3478702307 106609.3919630232
88478002.6727806777 98840.2769242638
97169412.3848131597 160337.9322509766
94346091.0952370018 155567.8297729492
96336246.4656243920 159943.4384765625
88377815.1441361457 96202.9976711398
89948887.3939575106 120739.1619612053
97970079.8726398349 160777.9989013672
90717010.0329430848 128755.0175735541
99929287.2227480114 161458.8640136719
89936283.8981289268 120728.7274899483
91171059.2655308843 133241.8939456367
93238198.3268167973 148655.3112945557
88294394.9647208303 91233.9018449453
94551081.1117213964 156652.0955810547
89328912.7966443449 112991.3237494337
90173491.2991536409 123483.9419494271
88891341.5220226049 107903.2890321548
88806477.8868603706 106295.4585218611
90422922.0870151371 126105.2171625150
88547622.4252951592 100866.1344968193
91750011.1649331897 137371.6731266975
91831332.6080101430 137951.5866875648
91800287.6275474429 137811.7703118324
95692158.1339599192 159440.3706054688
91470288.7673328221 135207.3576941490
91940595.4625064880 139127.2923138142
88333649.9639793932 92918.0458564883
88424007.7512616813 96709.7106858996
89855332.0939564705 119697.3673281670
89138358.8970812261 110657.6686847146
89122719.4620294571 110599.4617052582
89815886.6261798143 119355.3846926689
90161452.8147082180 123142.3925209567
90198279.2176520377 123941.1270749867
98374362.9016239643 160973.8658447266
92223553.3118304312 141258.7063598633
91840056.1433518827 138080.4598259926
91878138.8480547071 139125.5004143715
90275668.6953492314 124434.0290701091
90122222.9437095672 122333.9270234407
89327990.7548957914 112783.6452520671
89233470.3075352758 112084.9518229273
89911695.8722158670 120137.5281460674
99829085.7340515852 161351.2956542969
99480870.9217856228 161254.1190185547
92542851.3628399819 143823.8460049629
92525635.4984397143 143434.2907910347
91972295.1180389971 139323.8553936481
91978998.0856382698 139503.8564422131
88955368.4791660309 108444.1206459196
91752789.1315038949 137488.9350208044
90774424.3787973970 129181.8625487685
89632737.3566369116 116516.6092938574
90137176.4769615084 122461.1417011322
89504583.2811658084 114718.4715099335
91296434.0360368043 133939.2559307888
90799674.2217071503 129740.1913342775
98944434.4866553992 161111.7432861328
92633744.6806245595 144156.8615751266
93753882.8527699858 152222.1998100281
92177259.2068922371 140721.3853487074
92120642.4485078007 140367.3490180075
92051375.7090450674 140113.1958617270
92977958.3158401549 146468.6788864136
93027590.5366469324 147250.0605010986
89802373.8200834841 119192.9083432853
91105949.3631410003 132294.1315161213
89401230.1990743279 114030.1691994667
91147618.3676931560 132604.6032318175
89918763.3743332177 120591.1876896322
94270691.0490162820 155024.5910644531
93633645.9210497290 151882.5643310547
93559797.7059340924 150818.3687133789
93860266.1840593964 153487.0124511719
92887347.0775281042 145877.6456108093
95125872.1903965622 159026.2139892578
94838646.5853445977 157769.2514648438
94486615.3829147369 156120.9705200195
94545972.4793400019 156452.9895019531
88438647.7643613815 98221.8929108107
92749059.9058973342 145281.8031005859
88715234.7307788879 104672.0536882189
88690160.9176206142 104333.9169694689
93752341.7942219526 152110.1672973633
93775553.3018337041 152720.6056671143
94137736.8381433934 154732.5932006836
89434131.4379233420 114434.6702679785
89178798.3907408863 110902.7719733027
89040219.6071050167 109395.0080236625
89081383.5462710410 110305.5827990082
97336574.2542407364 160497.3123779297
88423226.3923367113 96691.5369206780
97526118.2229398340 160545.1158447266
93460768.5664613694 150579.6268463135
91656362.6328123808 137019.5231967196
91599264.3420676291 136697.7976989970
89445172.1501928270 114635.4438405037
97010806.3318141252 160305.0874023438
92411271.6680556983 142464.7224149704
92601965.7291916460 143864.4216337204
92865218.3252834231 145832.9063138962
92689609.9148536772 144433.2070951462
91970174.2881398648 139184.9916691780
90614821.6603392512 127883.6941657066
90615286.1775804609 127898.6090152785
89688743.1568718553 117627.9474301338
90024732.6629791856 121482.8228268623
89685031.5533730984 117134.1357998848
88629021.8568527400 103818.1844789321
90462843.1397533268 126238.1109073684
90499302.3015836328 126597.2442582549
98242676.0530551225 160900.0219726562
88772062.6209125370 104993.6380860042
88728538.9206576645 104974.1934754085
88776089.7306933403 105309.6953980159
92735269.5937490016 144692.0510101318
92779371.6021548063 145423.5237884521
99703976.7588504255 161319.2750244141
92022009.2506656498 139888.7901048660
91030369.6309641153 131427.4231816530
91035105.2399085909 131503.8916529774
90985829.4534685463 131418.8179975972
90514390.9676698297 126664.6476049814
90470896.9077148885 126508.2893714012
90438348.2271104902 126194.6933845283
90936079.9886453152 131092.8168659233
93777585.8348605186 153425.8092651367
93653070.1499657184 151938.5386962891
88401432.9686961174 96654.6731302050
89161414.4600445777 110888.4411196529
93330749.6651657969 149548.3323745728
93287785.0520830601 149404.3326568604
90022090.6436501592 121329.9094080925
89795815.4477781802 119192.5049457641
88597716.9710917175 102264.3982397822
92362427.1561619490 142109.3204479218
92306066.3896385580 141558.5069293976
92298167.9695980400 141409.8946609497
90879992.8078608811 130409.2919731164
90596451.6804047078 127788.0024499596
98943731.1808656603 161080.8911132812
97224517.4999808818 160463.7327880859
98821201.3340007961 161001.0041503906
91091122.7896727920 132236.7799183130
94260191.0416569859 155024.5655517578
93489482.2139214724 150761.4445800781
94643809.2796447575 157388.4526367188
92864273.2937792093 145660.3189544678
96662189.9931953996 160058.3007812500
96890427.4867261648 160295.9716796875
97723358.7923177332 160729.7186279297
98215993.8068891913 160823.8947753906
90786261.4497455806 129200.7536593229
93933437.1585875899 153517.3096313477
88611211.2784147412 102572.3154374865
88953023.6369522363 108237.7528290060
89024053.7675604671 108988.1635649112
91381702.0117508620 134617.6404463276
89002356.1830571741 108768.2877042114
89830466.6334907413 119380.0949215889
90001832.0633887202 121220.0794933736
90705370.8291423470 128650.7366163359
90486958.8031988889 126549.0057813750
90866403.0545985550 129974.4499770576
96671896.2299227417 160135.6634521484
93739531.5892763287 152083.6759643555
94095048.1066271216 154387.3587036133
93198806.8070358634 148176.5870323181
88817341.5401589721 106394.7575380142
91815130.7345066369 137839.6762810051
94010373.2728662491 153765.9520874023
94209127.9086522460 154836.8303222656
92913558.5721808821 146205.1279754639
98942554.5950727463 161047.2617187500
95884225.5737561584 159510.5205078125
97278719.8912881166 160480.5744628906
90536350.5059231967 126671.8213023246
90334392.0372063071 124726.4107469023
92981319.5764875710 146571.2367515564
92927808.1828163415 146430.7135887146
90091204.3066565543 122121.5683686195
92258195.2753895670 141326.5212173462
88890077.0975574702 107071.8503476401
88875423.3036596924 107052.5519301315
91714996.3220643401 137237.4861650467
90245461.8985281140 124140.3001622857
92495268.6526714116 142979.3383984566
92204660.0366911143 141080.2916803360
91030835.3364169449 131491.2118853554
91382248.4086667597 134643.7010965571
91447997.6473645568 135149.3123052344
91501919.1916367412 135266.9582813978
95425411.7520646304 159062.7742919922
91516162.8140189499 135460.0419753790
89209109.5930433571 110916.6591282487
