50796696.0104549900 784915.1787109375
51643871.9732246622 867087.5458984375
50756542.3151224926 772287.2978515625
50724991.8223778009 758719.6115722656
50845137.8647759408 797626.7749023438
50908958.5167539194 806684.6542968750
51245174.8555769995 842282.9130859375
52608775.7824334875 906891.0336914062
51702200.6154291332 870115.8496093750
51491451.1936256364 861176.7412109375
52976581.7744087130 912189.9829101562
50741884.2108784318 769729.2580566406
50866237.9202129915 799794.1298828125
52936985.3314105868 911759.6176757812
50785740.7275986671 782793.8684082031
52047281.9498883113 886299.2944335938
50713554.4322752357 752342.3669433594
50790680.8134844527 783338.8195800781
50816591.1057048365 786126.6408691406
50939149.4944058061 811084.1425781250
50951788.4736512005 812590.0156250000
50795491.0502677783 783959.2858886719
50998235.2699854895 819837.8398437500
50732799.4515672103 765517.1848144531
50883110.7245568410 802064.3703613281
50885165.8307888210 802608.2783203125
50897387.0736939013 804694.0034179688
50960037.5719586089 814127.9331054688
50952825.3171686828 812975.6186523438
50982691.6823277995 817299.3813476562
51000923.1937864944 821076.1791992188
52088370.2571918815 890630.5664062500
54564836.6886804104 926462.3349609375
50716432.5936085284 755734.7521972656
50991284.1150945053 819455.7802734375
50944576.2188612893 811437.7011718750
51098852.5404196456 829230.1137695312
51453514.1183115393 858392.1728515625
51600804.5827487633 864721.1337890625
50740955.7212791070 769618.4445800781
50766312.8063151911 775946.5881347656
50806446.3331241012 786080.5961914062
50917438.0100644603 808600.6372070312
50983035.0167871043 817917.8627929688
50992674.0954791009 819538.2617187500
54378989.8813188896 923830.0781250000
50777268.0891715139 778067.8984375000
51121555.5350704789 831876.2929687500
51266263.4520982280 844361.2910156250
51620408.9325822368 864914.3779296875
51438104.9982643649 857446.5849609375
50720392.4448335022 756151.5671386719
50751911.0041354373 771739.7548828125
50706444.0526477620 749907.4643554688
50784812.2379993349 782683.0549316406
51223141.4630055502 838200.0019531250
51893739.6894324794 879188.0590820312
50818321.9776887521 787112.5778808594
50890322.9793467447 804071.5278320312
51149185.4012965783 832815.3574218750
51139599.0002670363 832580.4521484375
50765384.3167158589 775835.7746582031
51154553.6822824180 833841.5927734375
51872500.4111427963 878906.3857421875
50925687.1083718613 810138.5546875000
51196637.4448519424 835888.9189453125
51083652.2872212529 827310.1367187500
51459647.5153482854 859765.9497070312
51829497.4696362093 875121.1274414062
50752839.4937347621 771850.5683593750
50782208.1750573069 778612.8496093750
51006484.3682928979 821375.7573242188
51067398.7978822067 825394.9067382812
51858519.6097101793 876650.8808593750
50762589.8164038807 773015.9858398438
50776339.5995721892 777957.0849609375
50827546.3885611594 788247.9511718750
51424749.6278152168 854816.2055664062
51231390.5613129437 839737.9194335938
51187051.0438224003 835654.0136718750
54122370.6125561297 922070.3173828125
51475056.6353954598 860711.5375976562
50795767.5208556652 784804.3652343750
51101540.4642206654 830468.4531250000
51649919.0837470889 869987.8603515625
50901894.4224067703 806062.1787109375
50977130.5078214109 816999.8032226562
51087756.1699566171 827923.4594726562
51648101.4042646661 869641.8818359375
50879009.7194328606 800918.0029296875
52142233.9208288193 892504.0122070312
50730207.6014356762 761318.1667480469
51142739.9899444059 832730.9428710938
52172682.3962820694 893755.1411132812
50915356.8084407151 807007.7666015625
51307080.7954758033 850615.1044921875
51501252.7946496904 862801.9951171875
51115994.3605641052 831576.7148437500
51594952.8996949792 864064.0507812500
50738033.2250293046 766449.4172363281
51325124.2606723458 851319.2636718750
52246079.5889372155 895057.8569335938
51969047.0492715687 885915.5268554688
50873594.3877287954 800617.6274414062
51119564.8916861042 831744.5107421875
50732257.7973501682 763033.3059082031
51091901.3855286688 828848.0541992188
51055585.1055441871 824284.2568359375
51160764.4174098372 834007.0004882812
51093291.3659132570 828930.5356445312
52475128.7544589266 903838.6108398438
51821214.1048677117 875049.2041015625
51917834.9139506891 883239.5083007812
51169007.5786258578 834949.8544921875
51292626.8991323635 849506.8427734375
51598437.0752168521 864360.5117187500
53670118.4323386103 921315.5371093750
51725651.8015278131 872066.4990234375
50827913.5566634461 793808.9694824219
51260585.1148598641 843892.5493164062
51270593.5065609068 845423.9316406250
51083308.9527619556 826691.6552734375
51236925.7572695985 840744.9956054688
51278842.6048683152 846961.8491210938
51451023.1535880566 857630.1806640625
51535245.5219529569 864015.9755859375
51950026.9141324162 884070.8071289062
50738961.7146286294 766560.2307128906
51077747.7782555744 826392.0771484375
51172578.1097478569 835117.6503906250
51310651.3265978023 850782.9003906250
51431390.2870096937 856684.5927734375
51846787.1409847885 875414.0234375000
51237134.6241183951 841153.3842773438
51460583.7013209239 860175.1743164062
52990174.8970017135 914468.2568359375
51284377.8008249626 847968.9252929688
53316667.2036833838 921040.0312500000
52933341.7797431946 910771.3408203125
52015951.4084827900 886136.1401367188
51019946.7543268278 822321.3452148438
54118182.1139157712 921372.6210937500
50838868.8395197690 794868.8623046875
51107101.6387270540 830768.0312500000
50880922.7067537904 801389.8469238281
50990592.8938553482 817945.3911132812
53228099.0604958087 917439.1591796875
51033411.5269483849 823681.2910156250
51387816.0723740160 852786.3027343750
52062882.7964441404 889696.7133789062
50821642.4722889289 787914.0334472656
51627058.6287429854 864939.6401367188
50864894.2409081906 798442.7370605469
51014385.5798204467 822021.7670898438
50967491.4291294217 815379.4042968750
50730456.2557054311 762258.9006347656
50859025.6654230803 797786.9724121094
51125126.0661924854 832044.0888671875
51212386.7144495547 837239.6821289062
52641022.2464466393 907093.7890625000
51790403.5771836042 873022.6015625000
52407279.2679304406 900545.4082031250
52287281.8033222631 898961.2172851562
66238972.6424874216 958455.7958984375
51177402.0664763749 835486.4257812500
51863248.6058186442 876854.1997070312
65754211.1737214327 957557.9257812500
60755161.9183769077 936396.7646484375
61499440.9436524808 936998.8261718750
52132011.6135707349 891490.4028320312
52311782.3004612699 899144.3471679688
61972858.1740681678 939718.1855468750
59685067.4378257766 928400.4765625000
65469943.3420016617 957193.2382812500
51225696.7598930970 839561.3955078125
64788582.3682696223 954878.7412109375
62421691.8278329894 949340.6728515625
65407689.1467943937 955885.4677734375
59892996.1946677044 935355.0097656250
62248464.3174356967 947690.1787109375
64766603.6357257888 951089.0664062500
