81800664.0315318406 215275.6163940430
81886572.7829609662 216269.1530914307
77450800.0360744745 145704.7399104834
77443135.7490654141 145703.5033589602
79481054.7547452748 182687.7386776209
81183488.5752893984 207314.0060138702
78573809.5153746605 167793.9487354755
76362477.3606175631 110550.6496156412
76373162.5721910447 110826.7754869424
82422439.4839758426 220178.8334960938
76223994.5255361497 102094.0896432102
78268925.5544179827 163431.1289772987
80303995.4872401655 196312.9313182831
80220418.7380456328 193860.1850795746
76574968.9038547426 121620.0935906768
77674521.8043848872 150580.0212778449
77964802.7228845805 155722.4017812014
81895823.0075904280 216280.1479644775
76700032.2925326377 126157.3671224713
80554168.8062982261 198530.0122546554
79286902.5204761028 179043.0728902817
78513023.5208753496 167553.4400124550
77624617.1225702316 149826.1337116957
78145250.6926809549 159815.7629799843
80031951.1631501019 190721.1757981777
80854810.3616461456 203152.3285245895
80630257.0478369296 199494.5817070007
79839376.9766989648 188558.2818613648
76399084.8747799098 111228.7204753044
81854548.0601418465 216113.9606323242
81658018.9701989442 213525.6076049805
80790428.1319706440 201622.0159301758
80468548.6123742759 197529.2179927826
80246619.3726577312 194355.1228828430
81492053.8637755215 212034.1602325439
81647224.8761588484 213333.6723785400
81620437.5384744853 212873.9412994385
79603517.6215779334 184777.9500742555
76528673.7161161304 120800.3390733600
78585393.2795347571 167826.2131347656
78605984.4373836219 168092.6655868953
80479692.1626463085 197538.7979431152
79287519.0155653059 179430.7603585124
81384348.2732896060 210299.8425674438
79713500.6688189358 186199.0268338919
80064869.2184388489 191014.4313735962
79998077.5401589721 190558.9638023376
82129576.0862889290 218864.0495605469
77602687.9014272094 149825.8143941164
77520022.0322056413 145978.0082188845
77859296.5991240889 154702.3323130012
78978675.4549418390 175121.5060643566
79376444.5100618899 181412.0033682585
79049647.6082658172 176286.4355193973
81103523.6808529347 206014.1250305176
81522939.0302039236 212748.1377716064
78956093.5870819092 174468.6407252550
79090269.7271665931 177289.6923331022
77803839.1621576995 153237.4974562228
79765203.1603610814 186958.4445953369
78812523.5397191942 173167.3812979460
81827255.2388556600 215911.5541381836
79419769.0748734474 181655.3406602740
81728425.6108804345 214889.4337768555
77998875.4571840912 156685.9342238009
79898371.5358733684 188755.7661979795
79294115.3700602651 179884.9201796055
78017094.8957265615 157345.0992884934
77634936.2121422887 150100.3192540407
76367088.0313342661 110590.9267610269
77813306.9253440946 154125.9336624146
82073904.6267261654 218457.6276855469
82103341.3864858449 218768.0607910156
81901696.9530907571 216628.4411621094
81941688.8282710910 216911.6789550781
82494779.3652169257 220271.9235839844
79776669.2716397941 187552.8028876781
79883272.7962171733 188730.7173349857
82284671.6114954054 219790.4731445312
79027725.9045665711 175573.6293747723
80662729.0583889186 200225.9765977859
79339869.0230209827 180602.9741213322
80358140.2536353171 196671.1467819214
80438840.8614600003 197319.9507312179
79546519.7232761383 183561.8365805149
79079328.2848813236 176486.1430532932
79492495.0842462480 183430.4918525219
79308161.9729868770 180587.1145765781
80765235.3748423904 201206.4083547592
79029138.9580427110 175935.4745048893
78981260.7107682824 175317.8069326878
78546041.6233522296 167554.6770030868
76618129.0139346719 122319.3852327168
78949421.8778460920 173853.9252367020
80620536.2446801364 198966.1889907420
80112284.4749186039 192548.6478404999
76343801.2370497882 109907.2168720067
81692686.3342610002 213683.5353393555
77921021.6869925857 154828.8673421144
81643417.8709199727 213024.5350952148
81346106.5994587690 209827.4027099609
79920845.4793187827 189016.2756156921
76683429.8569363058 124660.8513225615
76498706.2143800259 118193.5207119584
80955864.3135673553 204428.8530502319
77760665.8789514005 153236.4335689545
79950528.1639769673 189263.1470502336
79270207.4203971773 178991.3277496707
80144155.7571766078 192892.8146800995
80122108.0334367156 192563.4780406952
80129667.7827863097 192651.9441051483
80048381.2016516328 190953.4268441200
76338576.9887231886 109638.1953809857
77822323.1179677546 154126.6729451418
76249706.7082996964 109452.7310330719
77513974.5386563390 145975.6955815554
77542562.5242825896 146779.2660670392
78651180.6653361320 171017.8329376252
77565593.6863395423 149322.8252773285
79899147.3516079783 188995.1491222382
79590202.8445777893 184742.1233448398
76560270.1532461643 121240.7346843779
78926556.5450161397 173852.7836173824
82217370.0444536656 219565.1628417969
81430786.6420271099 210941.5325927734
76426819.2648639828 113938.9169155583
78349002.2904350460 163528.4973136187
78372373.9681995511 164045.7312308550
78435167.3796648979 166410.5781515837
78638025.9111873806 168877.9148484766
78253905.1364106834 162745.8639993668
76406607.7092892379 112992.1525348723
80985381.6987173706 204454.9523912668
77947821.4183761328 155173.3520276546
76439264.5293584317 114280.2643254027
76423479.6422148496 113937.8207241520
76558618.8400462270 121200.4575389922
79730441.6810806096 186831.1158089638
79954752.1956266463 189487.0269086361
76323095.5302996188 109590.5993846059
80733116.9094595760 201029.4460436106
80617813.9902254939 198802.0885009766
79648944.4084961563 185440.0049681067
78378706.8504233658 166270.1860648394
78033398.8197179139 158025.5639945269
78238569.0296961963 162304.7106925249
76238381.0897840708 104801.0659453869
77276574.6342627853 139059.6494794302
80091877.6831879318 191400.7080374519
78607069.3802780807 168422.9608548284
77752963.9819516242 151185.3307181597
78747643.6424673498 171675.7514867198
80249767.8381619006 194608.9425043464
82080419.5348187238 218469.2324218750
81995570.3866677135 217476.1791992188
79429491.4889492244 181994.5985350013
82033193.5773624927 218440.4321289062
78081749.8770085722 158858.1640408635
77711826.0645244718 150706.5563069582
78190586.0485375226 162147.8750296831
80592298.8640854955 198711.2882080078
79478658.8610358983 182261.6911697388
78130942.6445269585 159295.6630628109
78100944.1964573413 158929.1709891558
80430245.2551527768 196677.7418174744
81133008.0541608483 206549.0498623848
77136959.0212073028 137038.9749365151
82903057.5148154348 220706.8759765625
78043058.9504412115 158727.7583914995
79727122.1320195645 186381.4802107811
77397057.3717611879 142169.8871790171
77300517.7908165306 139280.1157169640
77101095.2653013915 135160.4732069075
82946292.5547478795 220837.5769042969
82920525.0198754072 220828.7668457031
83699073.3243917972 221393.8000488281
80773771.9671315402 201327.5455837250
80082001.0300461799 191149.9190317988
82690817.2004703432 220686.3669433594
82137096.0793424994 219490.0556640625
80204083.2512584329 193526.3190670013
79244986.8376638591 178866.6818850040
76352272.3775385022 110089.0481644869
76359936.6645475477 110089.0884053484
77914698.1072071642 154745.5201255083
78955611.8423641175 174002.7892940044
77402566.8548463434 143081.4925757051
78963846.7691722363 174744.3708498478
77440830.3549096435 143648.6860883236
80063162.4720516950 190984.8664000630
82599092.4198803604 220650.0881347656
81195353.1997760385 207715.7099404335
83651258.7651551664 221260.4570312500
83184220.5668498576 221099.2651367188
77225332.0519493520 138581.0994391739
77128964.0129497647 135198.0818271935
77092433.2793311775 134607.9921546280
79696080.9474465400 185617.0189430118
80992475.6984999925 204995.4329190254
77075597.8168131113 134499.0655494034
80910989.2192074805 203271.4734334946
83073249.2261177450 221052.5053710938
81612081.6407029629 212857.4629821777
80742425.5118151605 201086.8945687413
80774551.1145075113 201529.0545635223
83395460.9601454437 221179.6533203125
82905185.6680775881 220798.3652343750
80166943.7373835742 193350.6142349243
80674031.5144441724 200232.9121334553
76768431.7218690962 126332.3281377256
77337959.4441736341 141823.6050539017
77303933.4086800367 141145.2947038966
77152692.1743799746 137663.6853984594
77261978.3399540186 138776.2301982641
77183348.9132947326 137725.1780657130
77312678.3022303730 141458.0512101352
77150730.3648702502 137425.8607502282
77239762.1922280341 138775.6968857944
77068633.4307652116 134461.4569291174
76884381.8893215805 130277.8897209316
84988408.3814727962 221826.5446777344
84102264.0853246748 221493.9108886719
84441424.2385527492 221530.8093261719
76443773.4614224583 116751.9052085280
84548045.2293733060 221790.8547363281
84029731.2428776026 221486.5361328125
84003840.9155341983 221449.8183593750
80514709.9147413224 197895.3938674927
82020658.0253567249 217649.3415527344
76961631.5084930360 130980.0841179043
79835826.1583473533 187552.9606379569
77029227.9260579646 133824.2192958891
76928262.4631344974 130939.8069725186
81277140.5564588457 208866.7908935547
81114619.5991929173 206490.0055541992
80547291.3732742220 198128.4046217799
80655975.8461725563 199682.0215651393
78716446.3889731765 171077.5548020899
80011181.3875456154 190661.2391753197
76669996.7365133613 122807.5505706165
80548554.4271353930 198327.1638760567
79545569.5421418399 183430.6496028006
78925871.7492982298 173407.9773721397
83680191.2172192931 221260.6877441406
80792076.8727614433 202224.8920712471
77045531.9779787809 133834.5469291583
83302215.7588108480 221124.5175781250
80572338.2223517448 198711.0733435750
80790682.2911997586 201998.1859850883
76946744.6399915814 130944.3274367750
79755927.2924675494 186932.0654964447
79967322.7640894204 190321.6373955607
76776047.9026739597 126857.7730827481
81291016.7813609391 209715.3482666016
76968549.6703288853 133033.7850817442
77022388.7449160665 133527.8139102831
77010037.3214099258 133273.1941227391
76846058.2593497187 129712.2358940020
76804450.2458564192 129405.5028751269
76967297.2054329515 131636.6399009600
77001516.2978611439 133066.6781427264
81759798.1022904068 214905.3922119141
80506205.2835457772 197881.1956381798
81227715.1786462367 208548.4285278320
81484943.8070398718 211451.8043823242
82827800.9469516873 220694.8908691406
79581046.6818279624 184201.5088281482
77193127.5460167676 138546.7200338840
81782973.6221054494 214992.0426025391
79366590.2385004908 180698.6885946840
79354957.3242033571 180632.7618466318
79184259.3173730522 178643.6758473217
81041826.2398130596 205589.5057358742
79945482.5150294602 189053.6265792847
78924443.6392838806 173222.4849311709
81289615.4287926704 208894.4817504883
81080535.1838292629 205991.1058959961
80706805.4000408351 200719.6571187973
80940146.8768108189 204266.4763183594
79468351.5609742552 182075.3488381207
79448436.0836211294 182043.5608614981
79158998.7448988557 177953.0378029644
80913994.3885844648 203919.7633042336
80792626.1871269792 202566.8289294243
81143828.9284805954 207187.8919677734
79983031.6337033510 190377.7700729370
80643502.2963827997 199502.3393054008
82307391.6123981029 220055.2145996094
82210593.0528405756 219551.9477539062
80645857.5446255207 199627.2603836060
