133330929.9315131009 3317805.0019531250
133823716.3379589021 3328142.0839843750
133016422.0903432667 3306375.9384765625
133288272.8262013793 3317622.4003906250
132867517.7016740143 3301719.5302734375
133059539.1719973385 3311539.5224609375
133846503.3542302251 3328575.0898437500
134396081.7712779343 3346493.6757812500
133518024.4942332804 3323801.1933593750
134298492.7089903057 3339929.3105468750
134029388.6112647951 3337105.6796875000
133868764.8799030781 3330189.5488281250
134319538.2474260926 3341522.4726562500
134137855.8379793465 3339093.0976562500
133695183.5290684104 3327437.5273437500
133994961.6785401404 3333647.0429687500
133911463.5485759974 3331695.1875000000
133670964.0142207444 3325635.9414062500
133781975.5141790211 3327508.3398437500
133474236.5003766119 3318920.6308593750
133623561.8822323084 3324731.0976562500
131659292.2656229138 3270789.3417968750
131283989.0662908703 3257904.3896484375
131828409.2773445547 3272025.0605468750
132737644.3317748606 3297268.2832031250
132526440.7064503133 3291385.3261718750
132910003.7762106359 3304127.2324218750
132184284.9247193784 3283715.7998046875
132140916.4239909053 3283523.7568359375
132604020.8709525168 3296356.4082031250
132341733.4128867984 3287464.4716796875
132596097.5043885112 3294230.7509765625
132216390.2535656095 3286387.4755859375
132855068.1013998836 3300812.2705078125
131582449.5543579459 3266579.9248046875
131368145.5640034676 3261494.8886718750
131069083.3299500942 3246511.8203125000
131264997.0245560110 3256199.0615234375
131146516.0418508351 3253087.4121093750
131333357.0131942630 3260135.5927734375
130994252.9131841063 3245458.4580078125
131939595.1238349378 3274793.9580078125
132064919.0797038078 3278137.2207031250
131512558.2412804067 3265706.2675781250
131779701.1785092056 3271179.3574218750
131086440.2460964024 3247730.3603515625
130771603.5443139970 3237408.7939453125
130482999.2085237205 3225067.3837890625
130431627.0881157815 3224811.7324218750
129998038.4632452726 3208697.1777343750
132135127.9813723713 3280667.1103515625
129620359.3337717652 3186114.7236328125
129159244.8470085859 3163986.2539062500
129126357.1425700486 3162636.0888671875
129517352.6212954819 3184813.1757812500
129059261.0375767052 3162293.5810546875
129485239.3449141383 3181100.4843750000
129274529.1281586885 3173899.9667968750
129297908.0183496475 3176320.1171875000
130710302.9141794592 3231878.0478515625
130724041.5260123760 3234909.5244140625
130343774.6079261154 3220575.8769531250
130223852.0985648483 3218123.0478515625
129837244.4382780045 3200076.1230468750
130120861.6801351160 3212875.1113281250
129897328.5102660507 3202403.3046875000
129659440.4554680288 3189640.4785156250
131085059.6610951722 3246667.5292968750
130940388.7668491006 3241483.8027343750
130526565.1254082024 3229950.5585937500
129992010.6869367510 3206205.6582031250
130272578.6837974787 3218948.1523437500
129814838.4343840182 3197217.7392578125
130881594.2088282257 3238368.4062500000
129451619.7811463773 3178437.6367187500
129776876.7225415707 3190414.3154296875
129778459.6333374679 3192331.0214843750
128746241.8734609783 3147237.7900390625
128871501.0329662561 3151804.2685546875
128877456.4913279116 3152228.5478515625
128721988.4718004763 3144848.9775390625
128800052.0314130783 3150208.2802734375
128620745.4059723616 3139814.7705078125
128679299.7160587311 3142622.9775390625
124247848.9825174063 2778274.9023437500
124177981.3179047853 2771745.5761718750
124230773.8476224542 2777817.3974609375
124250083.8219996989 2782646.0615234375
124139679.4049502313 2763490.6767578125
124031134.0506846458 2752932.9208984375
124190625.5423659831 2772685.8642578125
124039529.6003277451 2757803.6259765625
124136587.7609190494 2762744.1044921875
124109503.5137878060 2759642.9873046875
138814634.7112735212 3427471.7744140625
124469672.6078109145 2803781.8134765625
124560490.2934778184 2814959.9941406250
124618580.5358584374 2820018.9882812500
124385453.2676525861 2796729.7304687500
126789089.2242102623 3020638.7451171875
128461983.5990227759 3127245.2373046875
127707596.2193411291 3082459.1757812500
127671478.4663921893 3079053.0898437500
127659958.3479369581 3076180.2451171875
128033852.7029336989 3104293.8115234375
128257896.4854557216 3117250.2138671875
128116678.3127918541 3112618.3232421875
127857495.9288514256 3093655.8955078125
127941369.9288318604 3101309.8486328125
127574787.3851608783 3073937.6835937500
127529851.8922247738 3070958.2343750000
128205171.8568214774 3113563.9062500000
126289150.2179974616 2985025.3593750000
126764470.1409642100 3018762.8330078125
126362232.9411566854 2989276.2949218750
126364794.7290746570 2992578.3828125000
126682561.9380604476 3013449.3652343750
126369253.2572932243 2993948.2460937500
126016859.6172054559 2964279.4443359375
126059334.5105420053 2971676.1718750000
126127210.9384415150 2973731.0019531250
143935785.2334414423 3481111.3701171875
144471546.3906404078 3483976.3847656250
136687620.1870314479 3393600.8261718750
136959636.3018911481 3398989.5898437500
136189459.4508077204 3384799.3457031250
136099409.3145959675 3383354.1464843750
136524578.4157431722 3391307.2480468750
136418851.1142911911 3390393.4238281250
136219052.2631582022 3385088.8613281250
136198929.7044094205 3384905.8691406250
140930933.2288477719 3452886.3271484375
140578274.8257850111 3449382.5927734375
141408597.2737799287 3459433.7529296875
142958992.3799705505 3473515.4101562500
139570583.8230971992 3436552.9501953125
144409413.2177599669 3483612.5048828125
143681187.6897325218 3479209.2255859375
144024585.1394939721 3482071.1650390625
142398353.4258467555 3470418.3974609375
139501043.3715960979 3435507.8173828125
140855746.0858639479 3452465.6513671875
141870954.9739604592 3464998.3896484375
141840646.0994807482 3463541.3935546875
142533124.3370335102 3470816.1523437500
142018202.8246354461 3466119.2138671875
141683659.9495595098 3462796.4560546875
141619802.6870446801 3461091.9833984375
141562061.3021263480 3461003.4873046875
141272766.9178946912 3457358.1855468750
141182048.2181884646 3456903.3535156250
141126554.4676525593 3456343.0224609375
140097370.9789327383 3443946.1005859375
140049813.5923798382 3442704.0615234375
140418242.3668684363 3447631.5273437500
139573710.7179763317 3436733.1250000000
139270245.8683531284 3433409.0712890625
139757153.2697725892 3440666.4384765625
139608612.1046133339 3438324.1689453125
139888276.3548194170 3441804.1806640625
140204026.7596941590 3444820.1611328125
139169005.8011632562 3432296.0595703125
138397096.1941461563 3420336.6025390625
138634340.1088832319 3425678.0517578125
139007077.6280345023 3429996.1923828125
139096167.7168791592 3431892.4853515625
139432256.6642392278 3434853.8554687500
138989311.2398159504 3429187.4257812500
137413225.8494731188 3404919.9150390625
126801859.5811368823 3020721.5322265625
126208342.7606445849 2982493.6835937500
126316166.6799984127 2986832.8056640625
126037200.7135379314 2968731.7636718750
126269968.2447613180 2982980.1328125000
126175634.0669285953 2978806.6269531250
125946197.8323924541 2961779.4316406250
125875388.0492563844 2958361.0703125000
124867549.6298606694 2847359.6406250000
124722730.3854037821 2834200.1191406250
124553022.2456624955 2813333.6542968750
124721485.5130193383 2831933.7646484375
124741679.6041247249 2839374.0312500000
124665520.3201466948 2828600.0869140625
124790543.0045228004 2844629.0878906250
125623690.4686420560 2928550.2910156250
125477830.8016393483 2918291.5761718750
125423544.1379921138 2911900.1835937500
125085157.8363880366 2877438.1406250000
125766544.7412335575 2946007.7851562500
125816643.3876170218 2950316.7617187500
125534678.2670182586 2926544.7246093750
125663808.7432153225 2936261.2753906250
125689437.1453123540 2937947.1162109375
125696286.2434038222 2939250.3623046875
125596273.1876688898 2926567.1962890625
125297823.5533976853 2901476.8593750000
125501199.8751773536 2919552.7578125000
125858195.1242009401 2953870.1777343750
125600283.5752639174 2927757.6757812500
125443629.2795350254 2913504.5156250000
125143263.5852364898 2883436.0195312500
125222999.1590468436 2892596.8193359375
125170810.5689034015 2886597.3779296875
124924246.8357414752 2857074.1210937500
125032942.5523898154 2869108.7304687500
125059215.0421685427 2873658.9101562500
125291927.4871525168 2897558.8417968750
125003361.5378906131 2865736.5273437500
125382511.8963015378 2909746.0214843750
124882903.0303357691 2852722.0166015625
124335157.1766778380 2788995.3642578125
137027789.1903057396 3400049.1982421875
134987840.0029999018 3356029.9267578125
134745833.3904165626 3349795.5351562500
127086502.0428420752 3041888.0341796875
135482528.1648181379 3369085.1845703125
135379860.0613473952 3365802.3876953125
135211182.3801033795 3361367.9970703125
135287677.2430379391 3363702.6425781250
136790192.1803678572 3397104.3662109375
136323653.0841929317 3388579.7958984375
135788819.0654558241 3376057.5400390625
136021192.6752748191 3380986.4873046875
136015277.0390363634 3380040.3925781250
135079522.4205781221 3360109.6962890625
135686492.1428059340 3372933.6621093750
135674326.8115291893 3372576.5683593750
138049858.9290940166 3416941.8095703125
138412539.4910740256 3421175.2744140625
137954055.7092996836 3414861.6904296875
138579757.8330050111 3423374.3486328125
138211434.0218131840 3418327.0126953125
137520781.6956681311 3408683.6923828125
137799497.0960281491 3411661.1630859375
137555241.1819134951 3409115.6650390625
137906807.6151845157 3414757.7314453125
137687876.6880289018 3410619.1689453125
137276603.9199005365 3404341.6220703125
137131341.1017068326 3401307.8837890625
134982393.1807696819 3354455.7978515625
134647219.2373566031 3348504.1669921875
134949943.9879944324 3353785.9521484375
140681609.2655582130 3451011.6289062500
140992479.5132903755 3455079.5859375000
144403208.5695528686 3483486.0253906250
144993464.2830087543 3486976.3066406250
144490524.5870731771 3486067.7636718750
144232151.6077497005 3483081.5712890625
144221603.0649194121 3482573.6621093750
124331661.6231546551 2788235.5078125000
123564944.8577961773 2668039.1972656250
128995917.1946001351 3156659.0292968750
128300326.8559763432 3119465.8867187500
128277919.1249454319 3118021.9218750000
128221785.4379227757 3116657.7695312500
128537128.5579412878 3131778.4531250000
128093277.3751686215 3108294.8623046875
128067148.7542121410 3104960.8291015625
123754016.8623646796 2713750.4511718750
123737423.5690209270 2710633.7792968750
127518752.3361043334 3070210.2167968750
142837137.6689211130 3472270.0058593750
142139755.2326613665 3466314.1611328125
143167936.4871438742 3476016.0800781250
143262351.8173587620 3476114.0449218750
143523746.6229745448 3478327.8681640625
142658415.2605023384 3471259.9853515625
142997583.9335303903 3474361.5605468750
143514949.8809481859 3477815.9980468750
124155978.9338376969 2763965.5322265625
123943891.3059413582 2736189.3300781250
123944967.0866643935 2736199.4921875000
123963850.4905075580 2739377.7109375000
123922493.8856281787 2733496.8271484375
123772337.1035555899 2714712.9785156250
124224627.5287867486 2772935.1054687500
123820759.5665616393 2722468.3740234375
123812889.1880801022 2721746.4335937500
123682583.7693047673 2698210.5019531250
123659729.2111762762 2685707.9248046875
123576490.2159955353 2672764.7255859375
123706350.7584605962 2701229.9003906250
123646107.2206407040 2681499.1689453125
123600519.6598178595 2680493.3408203125
123586501.8009140640 2678146.5683593750
123546981.3658293337 2664970.5644531250
123502373.8018406630 2650637.7451171875
126483037.6165168136 2998637.5917968750
126967727.2852638513 3035422.3115234375
126813141.0933930278 3026524.0117187500
127175506.5687839985 3048973.9140625000
126738089.7870444804 3017608.5996093750
127341757.1949265599 3058486.2871093750
127010490.1216134131 3037785.6875000000
127136213.6319101453 3045310.5498046875
127156808.3916274607 3046103.4414062500
127102572.4608098567 3045087.0136718750
126882189.8509718180 3029615.5800781250
126961629.5009757429 3031573.6035156250
126539509.5498574823 3003281.6367187500
