124130008.2755642086 2737560.4345703125
124069958.7272163928 2730281.0087890625
124160501.3221964389 2747977.5546875000
123985173.1921461970 2706068.2392578125
124077013.0281302184 2732904.5302734375
124089584.9993150085 2736914.4072265625
124249461.0911004096 2761359.1601562500
124231170.5868120939 2755150.7207031250
124187532.1586813182 2749825.7314453125
124619976.8652932793 2805656.2197265625
124629392.1196574420 2814936.4628906250
124705656.7118498683 2815126.0732421875
124349945.7730559409 2775475.0771484375
124475818.8228593618 2792981.3652343750
124384543.9027515948 2783696.9335937500
124554125.8281522542 2798666.4580078125
124461541.1094748676 2787642.0468750000
124391943.0786902010 2785748.7421875000
124575578.6698704958 2803735.9345703125
124350771.3039910495 2781037.6093750000
124225011.2485665679 2751612.8408203125
124297475.5824412704 2770811.2421875000
124059620.1171007901 2724522.7753906250
123999189.0996808857 2720853.7880859375
125744098.0689533800 2922019.5820312500
125710072.8912443370 2918840.0498046875
136550204.3166373968 3383874.7089843750
144697433.7769518197 3482191.1572265625
139683995.2507445216 3433920.2314453125
139456683.9663035870 3429817.8876953125
139421076.8626098335 3428068.2900390625
139534818.8904068172 3432082.6767578125
138493833.8065426648 3415594.7402343750
138724888.6872006953 3421609.2978515625
138587093.8177857101 3417677.3369140625
138509582.7933304310 3415747.2119140625
134597853.3982087672 3339825.3505859375
133589507.5077589452 3315201.7910156250
134575094.3051136732 3337440.6601562500
134335244.4901556969 3332433.3945312500
134067461.5307250321 3326753.4882812500
140027032.1397045851 3437351.6337890625
139943201.5947322249 3435943.9619140625
133246138.6150524616 3303012.2255859375
133157774.4930886924 3301684.7861328125
133082668.6666902602 3298206.7802734375
133010999.2780238390 3297293.1181640625
132835923.4231223762 3289590.7197265625
132514158.8003795147 3281888.5166015625
131967115.8492070436 3259886.5400390625
132358995.0478703678 3274302.2509765625
130661283.6471011341 3217483.3925781250
131443829.1122071743 3247695.6728515625
130756013.2258846760 3223757.9287109375
131259396.3449287117 3240584.9482421875
131096909.3904433846 3235874.7597656250
131429016.9584802389 3244429.6474609375
125386096.3187924474 2882831.0859375000
125355770.4576144218 2882333.1425781250
125385149.7019984275 2882337.8125000000
135105791.5892513096 3349797.5117187500
129056087.7328995317 3147745.9570312500
128676009.1541416347 3129932.6611328125
128802555.8158543259 3143987.3515625000
130554706.7957866490 3215670.4433593750
130224618.2656672001 3202954.3564453125
136955112.5541140437 3391269.9160156250
137275142.3225089014 3394533.3017578125
137496230.4142345786 3403251.9501953125
126112644.2874325961 2961483.0693359375
126650556.6630758196 3003831.1523437500
126483037.6165168136 2998637.5917968750
127773612.7746481448 3085383.1103515625
128049484.9156831056 3098145.4521484375
127713849.3471679986 3079210.1259765625
128003265.2509091347 3095886.4638671875
127822315.8079805225 3088609.5439453125
132437873.3538215458 3278387.2539062500
132414542.3468847275 3277018.0615234375
143841181.0091522038 3477665.7666015625
144802770.8669953942 3483526.7041015625
145070161.3920373321 3484812.2861328125
145072485.4670285583 3485490.8330078125
143367284.1657600999 3473039.8955078125
143480054.6947596669 3473846.2929687500
144312004.6887262762 3479329.8623046875
144436142.8673398495 3480942.1162109375
144315413.9621561766 3480499.2451171875
143662680.9208953977 3476380.6103515625
143259898.5492248535 3472983.9335937500
143919264.1422650516 3478953.0283203125
143892901.9954207540 3478138.7041015625
143398754.7679225504 3473316.6679687500
142797808.2284954786 3467492.8466796875
143054852.9465275109 3471997.0849609375
142832486.4776589870 3468149.4433593750
142929386.3659728467 3469817.9882812500
143222507.1037809849 3472046.1875000000
128493772.6431244314 3124946.3740234375
128268135.3468342125 3114676.0000000000
128071818.7157802284 3102288.0292968750
127926245.4734303951 3093648.3710937500
127625623.8091010898 3075306.5908203125
127672178.4835530072 3077625.3466796875
127737112.8030522019 3084589.9423828125
127420793.2792183012 3066774.5996093750
132087320.0700532794 3267734.6035156250
132784366.7056218386 3289024.1425781250
132617075.6889782548 3285917.8076171875
132643449.1975088865 3288883.5146484375
132897163.4538125396 3295317.7373046875
132379382.6823099852 3276538.3642578125
132064588.1590245664 3266842.4970703125
132108135.3611484468 3270249.9335937500
132115619.2117221057 3272372.6884765625
132924670.5077774227 3295791.7333984375
132986471.9880802929 3295969.3437500000
131399642.4759847820 3244257.0966796875
130715651.4532150626 3221325.5585937500
130709507.0352215767 3221202.4765625000
129589697.7344510853 3178406.7080078125
129500715.8691544533 3176550.3798828125
129599709.2784582675 3180503.5126953125
129420583.0660940707 3173138.2841796875
130452659.6760695577 3213097.2412109375
130606015.1934033632 3215931.8564453125
130997702.2034106255 3231700.5097656250
130878464.9307365716 3230556.1337890625
130150886.2776663303 3202079.0517578125
129761038.0642075241 3187035.8242187500
130366889.2067086101 3209748.1064453125
130078983.2181146443 3199329.4003906250
130022624.5698139668 3197619.2724609375
129483426.2233557701 3173576.5019531250
129823413.4223847687 3189265.9863281250
129108153.2884715796 3154599.0703125000
129707863.9403871000 3184780.7460937500
129316491.8306500316 3171209.6650390625
129179045.6591017544 3161178.1875000000
129189998.6097985506 3165441.1923828125
129300340.7991398275 3165676.8251953125
129109239.8079512715 3156449.4355468750
128554942.5023269653 3127429.6357421875
128672143.3854184151 3129869.9511718750
128706015.7059204578 3138770.4130859375
128376266.6911525130 3119770.3378906250
128580795.2854818106 3129299.3789062500
128330676.4320174754 3117426.1015625000
128129677.7181626558 3107496.7207031250
126967727.2852638513 3035422.3115234375
126717952.3587465137 3013977.3417968750
126813141.0933930278 3026524.0117187500
127175506.5687839985 3048973.9140625000
126684855.1870717853 3011550.4033203125
126683317.4526174217 3009314.1347656250
126738089.7870444804 3017608.5996093750
128666367.8356891274 3129316.6425781250
127891198.5546870381 3090429.4365234375
128015884.9544442445 3098128.2060546875
127590472.4045476466 3073450.7041015625
127341757.1949265599 3058486.2871093750
127407849.7088406086 3058951.4013671875
127010490.1216134131 3037785.6875000000
127136213.6319101453 3045310.5498046875
126804704.5692442954 3020204.7832031250
127156808.3916274607 3046103.4414062500
127102572.4608098567 3045087.0136718750
126882189.8509718180 3029615.5800781250
126961629.5009757429 3031573.6035156250
126133776.7363527119 2964942.7412109375
126382399.4985248595 2989554.1083984375
126256242.5840008706 2978573.5791015625
126272264.5437298566 2979094.8691406250
126222018.7939471751 2977369.5722656250
126539509.5498574823 3003281.6367187500
126384129.2788442224 2991100.2949218750
126210752.6129273176 2965956.7548828125
125916150.9231557250 2941574.8320312500
125865608.1521164179 2940014.9736328125
125919670.8106833994 2945985.2001953125
125986550.0655867457 2948770.2314453125
125795020.4273218215 2937933.1044921875
125919706.8270789981 2946075.2373046875
126357442.8344210684 2983752.6171875000
126082302.1566476673 2961021.0498046875
125614611.5947247297 2918046.4355468750
125585273.8025601357 2914983.4296875000
125416147.0561544746 2895435.2177734375
125562295.2080889791 2912696.5527343750
125752207.0407025069 2927706.1328125000
134090469.7381347418 3329612.6835937500
134371549.2252928913 3334050.2939453125
142567169.6358998716 3464206.0107421875
141672772.0935786068 3455035.5898437500
141570259.9121591449 3453470.5156250000
141940999.1944167316 3458145.5869140625
142216204.3548634946 3461795.9423828125
142366692.4114305079 3462139.0117187500
141759997.2467634082 3455869.3798828125
142372139.8069618642 3463913.1406250000
141796857.9560800791 3456351.5283203125
141975981.9660119116 3459954.7197265625
141617251.6494932771 3454730.0439453125
142659917.6077287793 3465142.8798828125
141969488.9131348133 3458869.4150390625
125551766.2772700638 2906813.3525390625
125519913.9153237194 2904365.0136718750
125521693.7059205025 2904384.6074218750
124628949.6728783101 2806413.2656250000
124769047.8639656156 2824730.7656250000
124809325.5593035966 2827814.3789062500
124917404.8129265904 2841792.2333984375
124842242.3248011023 2838691.0380859375
124717634.5971105248 2821099.1875000000
124776218.7311945409 2825901.0693359375
124717109.4259489924 2817110.0527343750
124798626.4622254521 2827394.9150390625
124987515.6599698216 2847026.9482421875
124999859.0520207435 2848759.6875000000
125144728.6619424373 2858129.3974609375
125224358.2855588198 2874654.5195312500
125220252.2177473456 2868150.1855468750
125269365.6690159142 2875905.2734375000
125222301.5848233104 2869421.9082031250
125335393.5192964226 2881249.4785156250
125108196.8796757311 2856288.8886718750
125027012.4004615694 2849765.0439453125
125055793.0826224089 2852759.3427734375
140109591.9106088877 3439666.2128906250
140299748.7755696177 3440598.7910156250
135004003.2895372808 3348558.7597656250
134766674.1761121750 3344094.0449218750
135700067.5777495503 3364067.9355468750
135637421.6266606450 3361172.6972656250
134968025.8448605239 3347240.5380859375
134709630.0565274060 3342034.7998046875
134577824.6155617535 3337792.0166015625
134647710.9211127758 3340957.4111328125
135207357.0907478631 3353627.5302734375
135534332.9784286320 3360188.0498046875
138819662.4433919191 3421999.3242187500
138233022.9924428165 3410971.3017578125
139075214.0311503112 3424925.6875000000
137929388.7093891799 3406822.5712890625
138174215.3850266635 3410687.9814453125
138564552.1297875047 3416195.5087890625
138171128.7263883054 3410451.0537109375
138148826.0085580051 3409051.2509765625
137959206.3027310371 3408546.3017578125
138308313.2444878817 3414463.8955078125
137657192.8930994570 3403369.8408203125
137773780.4675932527 3406600.3759765625
137363374.8156431317 3399607.1728515625
136474199.0327908099 3379973.5205078125
137039308.1261891723 3391981.8642578125
136846605.3203088045 3387460.4501953125
136706514.0268570483 3386631.8134765625
136492470.6363516152 3380689.8798828125
137055913.7845738232 3394146.2822265625
136327984.4258655906 3378517.7207031250
136908918.2280288935 3388897.2548828125
135569257.8531575501 3361153.2763671875
136598555.6618265808 3385547.0283203125
135776561.6328304708 3365038.3447265625
135988300.9461296797 3373479.7666015625
135394783.4291142225 3357028.1044921875
136108385.7022326887 3374600.4033203125
135785152.3283181787 3367001.1142578125
136206702.1806801856 3377090.5595703125
135815013.6160058677 3369354.5947265625
133975570.5892338604 3323652.8476562500
133561702.1457114518 3311574.8085937500
133583941.6751894504 3312287.7802734375
133774458.8720967323 3316883.4921875000
133927849.3597298414 3319646.9375000000
133262010.2350357622 3304899.4150390625
133463721.7722788453 3308916.6015625000
141804285.9424887598 3457751.4648437500
139765799.2754067481 3435158.6611328125
139838943.0401969850 3435795.5244140625
141041695.7200102806 3450834.1953125000
141863955.3665771186 3457854.6650390625
140772956.8389601707 3447580.5166015625
141365925.7548280060 3452681.4824218750
140539391.0109595358 3444970.5439453125
141262032.6166825294 3451636.4101562500
141031749.5681557059 3448949.7265625000
141024178.9041512609 3448857.8359375000
139950439.5729691982 3437051.1884765625
140381848.6978868246 3441305.7412109375
140675797.5381387770 3446132.1103515625
140248156.7946445346 3439852.1132812500
132865882.4896627218 3289987.1767578125
131533998.2704952657 3252329.3564453125
131596746.8843171895 3253925.6718750000
131686849.2334779501 3256032.2148437500
131516130.0262186825 3251114.0703125000
131840343.8630512059 3259743.5214843750
131246957.3114094138 3240237.1250000000
131274351.0822311044 3243899.9765625000
