82946753.5935256183 9548.3767389059
83791058.1736745387 11981.8691074103
82557703.2854190469 7329.4924162717
86945876.8214328438 17396.1977539062
84079805.7431931794 12675.0235587806
82803949.4620575607 8893.9406067163
84251163.0765961260 13017.7690755576
87046078.6446540207 17549.3302192688
82890411.7291784734 9368.8928824693
87666266.0857356489 18338.7578735352
83447485.1959150285 11199.5501180030
87065703.5426428914 17606.8648414612
85621489.1849607825 15486.7486163378
89050329.2268956304 19380.4891357422
88896852.4224631935 19324.7164611816
83282530.7670906335 10817.8114781715
82988212.8964908868 9645.5732876062
83413422.0598898828 11120.4024381787
87052210.8969165683 17568.3731994629
85590396.2376894653 15395.7515918016
84128841.0895019174 12809.5969983786
82708089.6236721575 8585.1546951563
84833782.7194336057 14152.6494045854
86249113.4017436057 16356.2261057496
82781557.1965538859 8672.6858536035
84097989.0777575970 12696.8067443669
82888400.4557171166 9307.1768401067
84279091.1347728521 13060.9422789123
86263348.2088818401 16357.8696222901
87431044.5877968073 18081.7464752197
84257492.9336625189 13027.3591301888
84264655.7223224640 13057.8171903342
83316039.0984020829 10833.7124128491
82667334.0550269485 7965.0390738279
87673278.1273572594 18340.9305725098
84753254.3552674800 13976.4043374062
84610146.5190036893 13659.8863735795
82590703.9541427344 7657.6428435144
82804293.2429122329 8952.9819324352
85490610.1210965067 15261.7352153063
83561821.8170754462 11492.2412373424
86490196.4810553193 16740.2169581056
83157450.0059717149 10214.3684557565
84425993.3533629477 13339.2659054399
84507573.1826686710 13524.5767231584
83223024.4882039428 10601.8420077115
83075024.0978327543 9941.7105505690
87321028.2255074382 17879.4883422852
84521065.8283949941 13564.9340878129
84465264.8957654834 13449.7641506791
83084552.8039519340 9979.5924450159
89104720.5665425062 19404.3310546875
84275533.4156257510 13060.1549358964
82991561.3579749316 9694.0306091334
87768686.0703339577 18384.3739776611
84633966.6089480668 13770.3505764604
83133943.6551899463 10196.7061234266
85750497.0941525400 15688.3716297150
84733079.4538884312 13955.6121731400
83043028.8782213479 9872.3908462550
83459197.5975810587 11212.4510741532
83195723.4163313210 10559.9788409024
87178644.2729928941 17765.2881317139
88328630.6129840910 18868.2881774902
85298738.6014634371 14941.1487895250
84786541.1911097467 14022.2039567903
82559228.0137264580 7330.5415345949
87797679.3124808073 18465.2475891113
83535497.3260903060 11435.3774268031
86835889.0907878429 17189.8658037186
83229367.5604377389 10624.1975593902
82683162.6351812333 7983.2019505603
86856223.1392910480 17276.8682556152
84637656.6501117498 13803.6984616518
87586173.3529608846 18261.6648712158
86535702.2277232558 16795.5110894442
87841122.0797107518 18475.2906188965
86539302.2516556233 16805.3143825531
84698261.8399615139 13908.6434689760
86785656.3299560994 17175.3534088135
86778644.2883345336 17171.5159454346
82858449.2436082661 8997.9684812005
86911660.0096912533 17379.2679519653
83348158.4129515141 10918.6197448075
83197248.1446387321 10582.6155968048
87013647.1201128513 17478.1312332153
87511211.5212675333 18177.4169006348
89059480.0887885392 19400.2671813965
83597623.9522400349 11612.5763035417
82637289.6291404366 7862.2253628999
83002164.2729327083 9696.0226974066
83329774.2196960449 10911.6575983651
87365667.2877364159 17956.3332366943
84343764.2958817333 13240.9051526040
84261503.3906150162 13051.4239972085
88031886.6089859605 18640.0230865479
86550369.2417320311 16861.4036788940
83371707.9270332456 10964.3062614091
84195083.8842347562 12932.6470597237
88799910.1012158394 19268.4967956543
84435316.6259806156 13389.3003730774
84020632.5334126651 12529.4015026689
85130350.6684402227 14689.3109647036
83605517.1519199610 11677.2361977100
84452908.9754997045 13420.5910561532
87827307.0341905206 18469.1072692871
88053173.3544886112 18643.3391571045
86756332.9347155541 17147.0237102509
82883919.6050532013 9159.9264136583
89105940.5688712299 19433.3955688477
84311989.8225814253 13166.9163810462
83489789.4815045595 11346.0413940996
83481769.0595896244 11300.0833527539
84330231.7003584802 13238.5415614098
84571608.3199269325 13608.6776515245
88612726.8435980082 19101.1483764648
86543367.3356218040 16830.7504363656
86918672.0513128489 17383.1054153442
82857313.6004957557 8976.5058966905
83638088.7257660329 11690.7421446443
83193547.3227068186 10252.1473106034
88017050.2412637621 18609.9542388916
83190631.8670984507 10222.9589589917
85142033.3292813003 14704.2433520555
88335528.0616028309 18884.7536926270
85996802.4449543357 16028.0152416229
83978163.3811902106 12460.0647106767
83744916.1605969071 11925.5959454179
83398218.3262170404 11035.8680433873
87920531.2129199207 18604.1143951416
82666225.8347384334 7931.1563496692
83554563.4818217605 11467.0370723456
87193070.7446172237 17769.1255950928
83562317.9065024406 11513.1052138712
88159055.8047443926 18787.3398742676
82701578.4559267461 8155.2665639026
86716239.0045541078 17088.6550264359
86542427.0045842081 16826.9129729867
88085706.9095146209 18715.6231994629
85186227.3862346560 14771.2361613512
83941354.0439911485 12421.8994255066
88177966.9444951713 18799.4353942871
89735858.6214924157 19476.5980834961
87322838.2103927284 17896.8398227692
87578781.5205466151 18255.4815216064
88652356.8703317642 19195.9438476562
83390423.7501091063 11005.4755947725
89482995.1006633788 19448.2397766113
82974031.6191002131 9565.1147722118
88958387.3379870951 19360.8426208496
88117091.8095036447 18758.3350219727
83590187.1600979269 11528.2515508384
89926316.9619278014 19488.3420715332
82946736.2462440580 9510.9889292233
86642963.4478696585 16959.4583299160
85457518.4395220280 15182.1758628190
87692793.2337903678 18350.7351226807
87861136.2276608050 18494.6927490234
85606660.8487266600 15442.8586589098
86055759.8480523080 16096.2844066620
86143912.3583350331 16274.2721090317
86302442.9047583938 16497.1043033600
86626550.3448313922 16931.5939652920
89031822.9413666725 19370.1793212891
85713787.6140181124 15640.7102519274
85489274.4305887073 15257.5970622301
86371191.2480427474 16554.5990817547
86414422.2217371911 16627.4677046537
88634151.6483751833 19189.3482055664
87702657.3801362514 18372.7592620850
83417755.6860941350 11142.3962612450
86957389.4349412769 17441.4221801758
85364651.0393976420 15082.4465438128
85361596.8639791459 15066.4923436977
87005425.3986368030 17470.8142852783
87877232.3290823698 18558.0208587646
85856578.5444500595 15772.6581087708
83680772.5865565240 11785.0552007407
87162735.8607708961 17693.1236724854
87083822.8110176325 17638.3371124268
85320716.0659806132 14973.8740853667
87003027.3583200425 17453.3994293213
87150537.2015573531 17671.6008720398
85445339.4571717083 15179.0838556886
87119378.1497321427 17655.0947151184
86501715.8236601949 16765.0608125925
85566849.6578394026 15381.9351525903
85458872.0526949465 15185.5409594178
86511807.2699250430 16788.2513027191
83110147.8405847400 10110.8137746193
87404259.9803667367 18023.8653411865
85814539.6682133675 15713.6040512919
88869536.2930443138 19287.7178344727
83042999.5111871809 9842.5026712163
83987459.3125403076 12502.2554532737
83862027.9823657274 12209.0603022575
89616633.3779505789 19473.5218200684
83885874.6099837571 12316.3589285896
84577110.6984784156 13618.7348462790
83704857.9129193574 11867.2186333388
83738425.6868987679 11922.6106168479
88548807.2461695671 19080.4172515869
86377255.7507053167 16584.7351656556
86886118.5982385874 17326.3485593796
86389208.4737296849 16603.2601947784
83803025.6226011068 12112.0917722434
88222379.9357585311 18825.2799377441
86289116.7422460765 16488.2405319214
88951671.7100664973 19348.8789978027
88613585.5112888217 19177.3845825195
88599027.9486303478 19083.7890777588
85064184.7735034674 14601.4203668833
84603864.2648656219 13636.5255495645
85250540.3029076010 14894.4623070955
82976800.0586151332 9568.8013492376
83676158.4723362327 11741.3420621604
85444384.7459517568 15131.9143319130
88736946.1239601374 19215.7861938477
87337600.8490783274 17956.3331260681
88704092.0824948251 19198.6849060059
86345185.3849714100 16550.5347042084
83848663.5459798574 12122.3957120627
84226424.1746835411 12989.0432988852
83038639.0067129433 9729.2813577205
84037794.8626345247 12606.9651543349
84109525.5856111944 12787.2508398741
86070048.6317721307 16117.6381759644
86065380.5061146468 16110.9674806595
86209105.8928133398 16345.0420169830
84411248.4986690432 13279.4272490577
86169161.4767124951 16302.8997726440
87208488.7885181159 17777.0773735046
85834133.0509251058 15763.7879233956
85920611.8611847907 15914.9370040894
84198721.2129735500 12936.5705458373
85026967.3850123584 14497.4672887661
84306247.0567340255 13121.8321425170
86687231.3318468332 17017.0799751282
87486118.9699596912 18125.6983032227
86706856.2298356891 17044.6220436096
85141507.7639564276 14690.8672254421
87612710.3866693974 18310.9598999023
83876615.6706042439 12244.9986134022
84182332.0611535609 12894.6185534284
85941658.8946855664 15949.0495200753
88105894.9154723287 18727.4233398438
85709509.6597340256 15572.4297891259
84135368.5574719012 12833.4793922156
85958773.7686500996 15974.6987972260
84409854.6016379893 13248.3891876936
84068581.3540159017 12668.5792866200
88279964.4106853157 18829.9187469482
85873782.8141831756 15837.2859163284
84140036.6831293851 12840.2857381552
87874694.9399854541 18529.2730255127
85288010.3965007067 14910.2878857334
83826608.2241155803 12119.0743581504
85666744.1487051249 15514.8016648293
84009031.8613240719 12519.6442177743
86007243.3132024854 16051.3642063141
86077063.1669557095 16125.6441459656
85278001.9206374139 14906.2054582317
86584221.4559960365 16891.3981800079
84147051.2183129787 12848.4356595725
83857640.6815147698 12166.6552983969
85019544.8587951064 14421.0419130921
88296619.7127223015 18833.2276611328
86668582.3629137427 16984.3758010864
84820808.3418078125 14041.2624244228
87403219.6527420282 18001.4782409668
84899169.2851719707 14270.6359784938
88840597.1681354791 19287.0622863770
84812547.3169461340 14032.9679842591
84875945.5014327168 14206.6160474420
87274176.1670383364 17847.5838851929
85223185.1303102374 14806.6682711244
84880946.8848352134 14208.0544934869
88299825.3424842656 18863.0389709473
84888946.1655803025 14218.2295809388
86970843.7510311753 17447.9939880371
86264241.5901542157 16433.7739219666
85006621.3901528418 14413.3153391480
85015447.7144353390 14417.0072641969
86172000.8838830590 16330.0769829750
86316447.0424102992 16503.9763927460
86588889.5816535205 16901.6816291809
86449827.9357326776 16696.2169837952
84052358.1015673131 12612.5727292746
88503668.8140904307 19058.5508270264
84025844.8125683963 12557.0124646872
86114553.5700332969 16189.6185932159
88405955.6195253730 18982.3923492432
89004233.0187872648 19369.2429199219
86881907.0414623320 17278.1939239502
88482081.0050153732 19047.0971832275
88783739.2777161151 19265.9824523926
88376071.4147292674 18914.5330505371
88474232.6203581691 18997.5282287598
87873790.0573911220 18506.5377044678
88387846.8225991130 18969.9529571533
