88068598.8691423833 18532.5387878418
86709113.5196637511 16983.1513366699
87175246.7757989615 17618.1876220703
87026622.7546788901 17404.8482322693
86885847.1348463297 17248.9251670837
87129535.0187443197 17568.2748374939
87731334.2649070770 18294.1030731201
82528426.5595888197 8451.1184775271
82581875.2837703526 8758.5773980618
82603192.7504323721 8770.9974561371
82544031.1233336926 8597.4752661623
82661082.2439798415 9115.5798346438
85663690.3746820092 15334.9607043862
88811174.0361047536 19165.0195312500
88529562.0656834543 18928.9187164307
88979845.5488713086 19319.9439697266
86402683.3593917489 16456.7190397978
86499541.7141755074 16524.4909888506
86186563.3802494556 16140.6811522245
88694334.7628692091 19061.0011444092
86221851.0275520533 16218.4184068739
86418883.2098706812 16487.1072572768
86427586.4575365782 16518.4434652328
82469937.1759642363 8010.8765890598
82421835.4148551822 7627.1859962344
85388555.9970698357 14941.5924195051
88283109.7551952899 18759.3252105713
86151302.6664229333 16059.1930711642
82492512.6565795541 8298.1798600852
82491641.4190420806 8018.2741571909
82461330.6568138301 8006.6933421493
86092042.2705058604 16047.2538320683
86351625.4472415000 16374.9016493559
86061234.1574245542 15937.0355609655
86281774.6450980455 16305.2453016043
82512027.6521808505 8298.4585392773
82450251.7310552597 7999.5366159922
82431253.4902383089 7927.0055363476
82441981.0168307722 7977.9334449172
86286013.7525202185 16324.6074074507
86293358.5475019366 16336.0527209044
87482461.1017923653 18017.2074890137
87527502.0422862619 18112.9768218994
87812442.9243465066 18365.5246887207
85982745.3480787277 15872.4711984899
82572553.6760819852 8757.2968146242
85558433.8631397188 15179.7554279366
82826275.3833268583 9571.4858513577
86886024.0427121818 17254.0556297302
86669286.5303056240 16847.4616241455
82518513.2616591752 8400.4351740510
88208498.2144275457 18613.0072631836
87901550.0103852004 18424.0664367676
82870617.7157469392 9662.8052163310
82890215.0117694139 9703.9479155988
82795001.1959327757 9543.9223113507
82799517.2826290131 9555.6988987662
88784358.5656574517 19144.2619323730
88698705.7356623858 19082.4628295898
82517825.4870778620 8341.4734316766
82606706.0654558241 8771.8881769807
82655811.5564351678 8964.2736138254
87523929.8335874826 18085.7737503052
82698784.1479643881 9154.6213391423
82682347.1428990066 9132.6755111646
82771905.1882992983 9334.3979495000
88947256.6277541518 19215.0390625000
82697590.7891772985 9146.0900199227
82636501.1421832442 8923.5209313137
88904006.9561237991 19188.3298950195
88537490.6145822704 18977.7936248779
88213207.0171543509 18681.2974090576
88653792.4107155949 19054.4724884033
85370004.9139123261 14934.1112199426
85667357.7417829037 15336.1598936119
85888710.0635875165 15675.9972046018
85614387.0477637053 15289.3051392809
88302221.4738604873 18777.3044281006
87962099.8769342899 18517.4514312744
88089223.5966923833 18569.0444030762
88481966.7121546865 18880.6714324951
88564642.7493401021 19003.7409820557
86643239.2628892660 16816.3939743042
88214537.4154214561 18690.7224884033
86591241.8977633119 16764.8728370667
87655183.0638240576 18166.5709228516
86282003.5689501166 16306.0682653934
88342216.6322163045 18805.7415924072
85622330.8007084131 15324.2266679406
87909538.7651599944 18436.1109313965
82633260.8891228437 8851.6237285063
82564936.7286056876 8631.1754394025
86532004.9395069480 16609.6389899105
83899878.3651158661 12191.4623609456
87648001.1864157170 18142.7019195557
87860815.2001768053 18401.4690704346
87960224.5189367384 18491.5830078125
82888510.7824774981 9676.6784212422
87351769.3032941222 17854.4317855835
85589548.4136632383 15284.3734880090
85744611.5930555761 15540.2452737391
85857363.9603608251 15669.7388322130
86369199.2422305495 16450.6579781771
87820403.7613879740 18374.8988800049
87772435.4117238224 18329.2657623291
87673746.1476446986 18286.6469268799
86135984.9737341255 16052.9530797899
87271846.3472517282 17723.7548294067
86651656.3838678151 16841.4036216736
86845967.8462668657 17172.0558128357
86704108.8365214467 16878.8328580856
85741058.3654520512 15480.1599412560
83708506.9731327742 11762.6083126906
87535116.6557915211 18124.3296813965
87483468.3234481364 18019.0500793457
83371285.8799218386 11046.9605280112
83629344.1246549636 11580.4796777915
85938009.3498668671 15851.6618791223
87514713.8819889575 18047.8681182861
85709229.8524401188 15466.5108509958
85814107.8946460485 15575.7634144723
85892701.3900869340 15746.0422383249
87406971.6799882203 17970.4810333252
87217729.2293528467 17661.0657844543
86517236.0207221508 16594.1974372864
86191266.6182795316 16196.8278989792
85795505.7698240876 15560.2353860438
85334353.0744747519 14853.7421609461
85821711.5287621617 15659.1609364450
85503720.7859445214 15101.0895272791
86314812.9881097525 16361.0962739885
86077861.8397787362 15971.9043035805
87573155.7248978317 18128.7499084473
87177291.7977690101 17621.9534759521
87377615.6898820698 17855.3443298340
82758499.7540792823 9282.5572870263
87274105.4254267514 17746.5613098145
86160902.7297954410 16116.7436330840
83176870.5773096532 10538.7079084851
87479455.4343346506 17985.5909576416
83722856.6155036837 11812.2370038900
82718799.6039764881 9211.1936718255
87945820.1285086423 18470.8155975342
83737838.5847876668 11818.6507412146
86087910.0326239914 15976.3454196155
82995045.7031077296 10005.4873807430
82709746.5126067400 9172.3100030908
87281351.3970761597 17796.8109283447
83928272.6971549839 12236.9684503451
86826943.9592806399 17111.4960289001
85562615.6764652729 15260.4054605067
83660353.5948355347 11688.4404979895
87279458.9807752520 17747.0963439941
83542139.2744262666 11411.3739823054
82990802.0075582117 9980.5637717973
83537588.7592884302 11367.8331771791
83649290.7422426194 11620.6247469187
83421883.3964105695 11187.8721863031
83430082.0613135248 11252.3806427668
83000115.7221062928 10013.8090093116
89538115.8440946341 19390.9290161133
87114772.8087796271 17495.2503585815
85340985.3960313201 14875.8006326258
86021339.9515846670 15902.2374566104
87086262.6565476358 17473.4553833008
83454799.6405016333 11310.0199352454
82907121.3345091194 9831.8558860552
83390404.3388708681 11125.2735725592
83155980.9423170239 10492.6638107412
85539247.2156126499 15166.0567964204
85402877.2794044316 14994.4001344331
82945199.8547884822 9851.9323208760
82919016.1517147571 9834.8374381792
82956744.2157731056 9954.6513292231
83263137.5917257667 10704.4666644968
83256794.7233015895 10700.8596240915
83060017.7801924646 10330.0680286326
85687497.9197563082 15398.3840013146
86020518.7413539290 15894.1809424628
83131238.5651046038 10448.2870327085
89490871.8529797494 19389.5601501465
83019862.6150055677 10198.1205632667
83206418.8701995313 10640.0014227710
89647313.8657296896 19449.5489501953
84948938.9585157633 14173.8234868720
84929179.4615949690 14158.6732765436
83988013.6232504994 12373.8350427523
84296172.7877219021 12953.4731865302
87127303.8919026256 17516.9860992432
89991254.7416364700 19490.9125366211
83654402.7477646172 11626.7848926485
85184095.5943590552 14589.8542457223
82948549.7739038169 9937.5115046881
83161542.8707417548 10496.5951378085
86985230.3628688604 17324.5699310303
85458522.5630554259 15060.6179216340
85130935.1181365550 14441.9775726795
85215805.2990171462 14636.0232072473
83204315.1217319071 10609.4652907930
85322610.4827602208 14772.6775301397
85136152.3018745482 14486.0884951055
86986560.5025428832 17337.6168212891
87053271.6490809470 17444.2835235596
86783032.7258213460 17038.7922821045
87044674.5238873065 17443.3235321045
85342376.9153618813 14882.4226576090
89339015.7703970820 19360.5281982422
85270732.7908816934 14702.5185844898
85086705.5713032782 14431.2415167093
89480282.0656985641 19368.8498535156
84060283.0726938993 12573.2555656806
86801892.0004028827 17059.9703826904
87271582.5944226384 17701.5834960938
84363539.5902688950 13131.7370782569
85125308.3699021488 14441.5500371314
84877653.8629108369 14051.3257329322
89987112.7760670930 19485.8003845215
90211805.2894128859 19512.1329650879
84130972.3911623657 12657.5910683051
84898188.8744990528 14155.5508000709
84998689.9488727599 14228.4426305152
85060154.8002177924 14364.0795294046
89944522.3207364678 19457.2976379395
84124877.4176165909 12631.1995835975
89554599.2820489556 19433.0716857910
85334306.3368048668 14810.2841531336
85068219.5908922553 14385.3835455179
84056913.9128145576 12462.1000338793
82979064.3037394434 9959.8039759137
84025384.8945898712 12460.1939125434
83972998.9642870128 12347.1185264960
83945001.3249894679 12269.3920860663
84745647.2047862560 13797.1444535926
85239485.8768124580 14636.1640478373
84146153.3057632744 12717.2044192553
83585396.9921586514 11480.7705133706
86985199.5578263402 17265.8745727539
84812360.0710679889 13998.5451818705
85315125.4534129947 14736.5334200896
84081229.6643301249 12579.9470034838
86813821.4402804226 17105.5940628052
84643448.4153221250 13704.1916740481
83852021.2889284492 12085.4562759399
83851517.3510028422 12085.0464248657
88458569.4236307740 18858.9400177002
86538992.1359841377 16672.6688423157
86731191.8982769996 17011.2059516907
85246893.1399316788 14677.5643888712
84690951.5822114348 13783.0325072408
88619729.6326394975 19033.9354400635
83268854.4608216733 10709.3903921582
84151626.5762641579 12733.1674992517
84220531.5454549342 12818.3998425438
89153776.3900322616 19336.8277587891
83785141.5806971490 11933.2183817551
84591263.9356423467 13563.2470556498
83811165.6098860949 12044.5563448503
83154318.9280158281 10456.3633979019
84245992.9472659677 12859.9015385583
84185878.8417010307 12764.1309281588
84315385.0735646933 13039.8068272546
84804831.6953245699 13946.0963293314
84509573.1870848984 13406.9517866373
84881220.1671725214 14097.7296245731
88226138.4128663391 18694.2701873779
87844242.7666729093 18380.8958435059
83055559.7890617400 10244.9306978020
83054674.8504958749 10243.8186186552
86781966.3492149264 17019.2167243958
84183518.1232566088 12761.1114842370
83593049.1841011643 11516.6793645322
83587059.0351884067 11483.1671076119
88471248.1527231038 18863.4461517334
83859097.3526882380 12113.1072769165
88398676.6384325624 18855.0827178955
88236217.8608284891 18708.7073211670
87938457.6803001165 18458.1346130371
83052900.8076049387 10242.7566688992
84745741.0426288545 13815.6279989481
86563691.2617442757 16700.6213378906
86392979.7465811372 16454.4368553162
88073828.1477739215 18567.8855743408
83294504.8871751428 10837.4327098299
88304138.0249138176 18780.2217407227
84265071.9439104199 12924.7920842171
87837049.7443204075 18380.3002319336
83301967.9006633013 10848.2433273233
84752771.1589683592 13819.4204756586
84226666.6023393273 12857.7227787971
86558454.6882999986 16682.7144432068
84440655.0778014958 13242.4319827110
84352376.8118470609 13099.8872298747
84357853.7015236020 13103.8261839688
84442031.6616909504 13274.1526553184
84553021.3476879895 13484.7753512412
84582747.0509587824 13511.8501630574
87186658.5751467645 17622.1347045898
83717243.4692274481 11764.8515210748
84386967.0580768883 13202.2442060262
84451251.4055908918 13280.1655774862
