31248164.8018479049 32567.8286437988
30800808.7084769495 27401.0647659302
31119314.2262717448 31202.9217529297
30975400.0662457049 30391.5201187134
31168785.4234071448 32367.4314231873
31250836.7155570760 32583.2081604004
31251121.9933296144 32962.5271263123
31186141.5360736288 32472.8199729919
31406536.4249836802 34575.3728027344
31142488.2803447135 31488.9753684998
31330501.3717703782 33154.5442199707
30544747.4123163484 21850.9838008881
31125132.1676782221 31383.5868186951
31344189.1207167991 33250.6227111816
31016421.9141250141 30548.0497970581
30934169.4498521127 29343.9338607788
30496515.2618448138 21720.7118244730
30829939.9750461914 28380.4733037949
31103889.0718007274 31177.9177818298
30999065.8014585227 30458.7264328003
30739563.6415731013 26577.0110540390
30619054.9345124774 23828.0038700104
31368473.2405708581 33458.7796630859
30851605.5874862038 28519.4814529419
30763074.2847599760 27321.0560979843
31080254.1206809096 31128.5432052612
30721040.2283234522 26087.9937343597
31001035.1401383281 30475.9791183472
30418087.0733889230 18959.4674625397
30669571.9516117275 25539.3880376816
30845326.7490328774 28439.3295049667
30958043.9535792172 30304.0907974243
30853574.9261660092 28537.1333084106
30693206.9027315453 25634.6203079224
30827970.6363663860 28361.6203985214
30581164.9568184428 23754.7786931992
30794848.6082049944 27322.5267400742
30960013.2922590226 30321.7426528931
30893147.6019728072 29200.8977127075
31039232.2728016041 30985.5070571899
30561411.6134512275 22699.3986836039
30741532.9802529104 26595.8639593124
30365320.8556998670 17766.5177059174
30869512.6508529894 29105.6654424667
30729613.1343498863 26265.6760883890
30312619.2086087763 15743.8537864685
30753123.7775367573 27071.5985737406
30646061.3084248565 24795.3429937363
30616553.3709155321 23787.3894109726
30406627.7588712908 17903.6041806266
30648030.6471046619 24814.1958990097
30612939.2802634649 23756.2493352890
31500039.6905926056 34939.1535644531
30571214.4495952278 23505.3211689554
31428320.9113204330 34581.7701416016
30407696.4974374138 17958.9284305573
31276983.2743781433 32977.4660644531
30554808.0461046025 22541.5326137543
31168349.5613932423 31494.6437988281
31212002.8171221577 32478.4884033203
30354733.1405752525 17717.4553923607
30520697.4324959740 21841.7410759032
30446474.7390739135 19744.7368793488
31435059.2333366200 34591.5151367188
30392467.5642922297 17831.5843735249
30483666.1355815604 20756.9232692719
30637488.4023984224 24607.5605015159
30723009.5670032613 26107.8100185394
30460159.1829705127 19865.0785408020
30639457.7410782315 24626.1723179221
30732960.0742264763 26407.8403782248
30416117.7347091176 18939.5515689850
30388349.1510181613 17782.5168475211
30420312.2027678899 19513.0976004601
30460097.7173427232 19864.7210067809
30481696.7969017550 20737.1069850922
31101844.3560881950 31134.6870203018
30507012.9885993786 21767.7182539701
30955759.6852593981 29350.0776758194
31385829.3532373495 33607.6705322266
30449510.0022181086 19815.6586932242
30401002.0966099054 17896.8621727750
31232278.2268729284 32491.7303466797
30422363.2936257459 19743.5377750397
30396808.3551270254 17838.9961581230
30487942.3558183834 21539.1799831390
30552838.7074247971 22521.7163295746
31218741.1391383447 32480.3690643311
30562641.5435687974 23323.7893276215
31370442.5792506635 33472.0646972656
30659655.6341895908 24921.7499065399
30744550.8715103269 26890.0667324066
30730990.7355466709 26389.2285618186
30477772.5681905821 19866.1916488707
30572592.0507920124 23562.6209568381
30819397.7303399555 28173.8379063010
30821367.0690197609 28192.4497227073
30660999.0455852970 25347.2303013206
30860939.7448265590 28913.5077061057
30754501.3787335455 27128.8983616233
