141254886.4956002235 1690273.6630859375
139990586.7444163561 1588378.2534179688
140719198.3765605688 1656899.4941406250
140670203.4520345330 1652544.7246093750
140493445.9071109891 1642674.2011718750
140559200.3625016212 1647457.8222656250
141077851.5606263876 1680970.0019531250
141504426.5603168011 1710634.5878906250
141494988.0012399554 1707361.6738281250
141351014.9520422816 1697646.2451171875
141290767.6157050133 1696715.1894531250
141313133.3165298104 1696805.6669921875
141475216.2664073706 1706521.0957031250
141408855.0717889965 1704902.0996093750
142329857.1041243672 1749972.8183593750
142306571.5931491256 1745231.0800781250
139818917.6422369480 1570492.2954101562
140787829.5959832966 1663020.6064453125
140705996.3112092614 1656378.5263671875
139169800.0015957952 1489001.6459960938
139186579.3210053742 1492323.3549804688
138905936.6399668157 1430460.9790039062
138908256.9329271019 1432755.6352539062
138946092.5901334882 1438404.6997070312
138869480.5160346925 1430230.3637695312
139289695.5681458712 1503298.8964843750
140166828.5136996210 1604868.0273437500
142383768.1312635839 1750055.5566406250
138972209.4895991981 1456456.7006835938
142386063.2627660930 1750604.7080078125
138963046.1004664898 1439462.9829101562
139883009.9259619415 1578777.2788085938
139746407.2365602553 1562268.0400390625
143447059.5257205367 1767090.6445312500
140921244.8960560858 1670537.8574218750
140843649.5051070154 1666658.9755859375
142044034.4152347744 1736585.7080078125
143009302.8001125455 1763091.1718750000
142152480.1651214659 1741793.6718750000
141051917.1339951158 1680148.1484375000
141257567.2647903562 1691118.7763671875
140716814.8683271408 1656539.4980468750
141004324.6486040056 1677366.6298828125
139862222.7190916836 1575735.5654296875
143794287.5073064566 1769508.0136718750
140797206.8909928799 1663916.5029296875
140840934.7481063008 1665368.8964843750
141089350.8982488513 1682117.9941406250
139661204.1039757133 1550367.0087890625
139589319.1662227213 1545355.9052734375
139677993.4704109132 1553840.6445312500
139642843.8429557681 1549471.6562500000
144194967.0039148927 1769716.4101562500
141358494.2228746116 1699866.7236328125
142924405.7483819723 1762389.7402343750
142571247.4270333946 1753490.7128906250
140195081.4969366193 1609757.4912109375
139987071.4768702090 1586720.4213867188
139569819.2209880352 1541830.4726562500
139507992.5124063194 1541161.2861328125
139605073.1901023984 1548180.3476562500
139667590.1664751172 1553557.6162109375
139602327.1064959168 1546056.3525390625
139514947.6901612282 1541198.1972656250
142074032.1427188218 1737404.6025390625
141807271.9398173392 1727790.7011718750
141615840.3480131626 1713913.4423828125
141734276.9240715504 1721993.7089843750
141952875.0225697756 1731499.6142578125
141892081.8356549442 1729795.5126953125
141763550.3614750504 1724410.8427734375
140083250.8923267424 1594984.0039062500
140096848.2186735570 1596839.9003906250
140187693.4962053895 1607085.1455078125
140120189.4307995737 1604783.9609375000
140078226.3083329201 1594185.4257812500
140377753.1883776188 1629586.1562500000
140307352.6092672944 1622398.3632812500
140086859.8237811923 1595344.3916015625
139835432.1978026628 1573154.6225585938
139205486.5785847902 1495280.3696289062
139068435.1187145114 1457294.8134765625
139134234.7787321806 1477226.8383789062
139098758.0961335599 1469618.0410156250
139111627.3373698294 1476593.8955078125
142509981.1854420602 1752758.6562500000
139256082.8414429724 1499961.3027343750
139892341.8159586191 1581437.5869140625
143167035.8490030169 1764213.6914062500
140853386.7635707855 1669190.4511718750
140814733.3008121252 1664159.2802734375
140996671.4536355734 1676185.0820312500
140924301.3409786224 1670789.8115234375
138754946.9957384765 1381183.5937500000
138787674.0113927126 1381632.5922851562
139352580.8109123111 1512959.7153320312
139237173.0380060375 1499493.1430664062
139328485.1940559745 1512310.0830078125
141258928.7070388794 1691928.1064453125
138795418.3724434376 1386910.3525390625
141110231.9970204830 1687137.3349609375
142209954.4034021497 1742447.5078125000
140680075.3601254821 1653402.5742187500
143031019.8764601350 1763247.1572265625
143123222.6987336576 1763932.6835937500
142744363.1777293682 1761054.3525390625
142786862.4904083610 1761064.1591796875
142842186.5904827118 1761323.7216796875
139502002.5574430525 1534729.0605468750
140962288.7766906917 1674187.1054687500
142191121.8539417386 1742000.6210937500
140104403.6130374074 1598672.8222656250
139147686.8144138157 1478047.3579101562
139170227.7600723505 1490340.9692382812
142656451.2076898813 1759669.4580078125
141727328.1276433766 1721299.0312500000
141694370.6438686252 1718464.7197265625
140061247.2099217772 1594086.1679687500
142442059.2736248672 1752119.8789062500
142280663.8957077265 1745031.1074218750
139156362.6088651717 1482195.3237304688
143427673.2181300223 1766817.1171875000
140417869.5624613762 1631065.3906250000
139958848.7149126232 1583442.4208984375
143791927.9202209711 1768256.7734375000
140787572.5249642730 1662801.6630859375
140740853.3201313019 1660188.5976562500
144563418.6732252836 1769895.2949218750
140008149.5159772336 1590254.5869140625
140961894.9292545617 1672949.8037109375
140938661.6308650374 1671166.6855468750
139224323.4637744725 1499393.9165039062
142127269.4383600950 1739164.9814453125
142237471.0521002114 1744107.4375000000
139576631.6619792283 1542094.7880859375
139422840.1449917555 1530847.7460937500
142089035.9000843763 1737907.5400390625
138711517.6499786675 1348470.6542968750
138732175.3507176340 1357551.2998046875
139176091.6531476080 1490510.5620117188
141372641.7625736892 1699901.1972656250
141852064.2509323061 1729747.9980468750
141981987.0347568393 1732648.6435546875
141271635.3043778241 1694692.0419921875
138796706.9117347598 1388499.8110351562
141008067.1855935752 1679117.1982421875
140864479.9001907110 1669401.7695312500
139588663.4427005947 1542552.6313476562
143186789.0315997601 1764725.0937500000
139296565.3750701249 1507636.8115234375
140025106.9374123216 1592339.6005859375
141100635.9647647738 1684460.2822265625
139375052.1596804857 1518790.8828125000
140437104.9227594733 1633313.5068359375
142097547.5589368343 1738671.6152343750
142043633.2352564037 1735518.6132812500
143053687.5559770167 1763929.3710937500
140991436.2671958208 1674631.5244140625
140799493.4526795149 1664142.4443359375
140843167.9870332479 1666324.9267578125
140924453.7483404279 1671137.5224609375
141081830.2552362084 1681621.0400390625
140958534.1768001020 1672404.4384765625
139653193.8791027963 1549714.6386718750
139656814.5278794467 1549917.3447265625
142231081.0815798640 1743701.1269531250
140632651.8419891000 1647829.0654296875
143522372.8279184699 1767229.8183593750
139879670.0388565660 1577943.0000000000
141632141.1418164372 1714572.6904296875
140699205.8077654243 1655806.1591796875
141170949.9794258773 1690185.7685546875
143377275.5197471678 1766300.0878906250
141589410.1055993140 1712605.1230468750
139075749.8638550639 1464763.0180664062
142648602.6583722532 1756667.3261718750
140473330.6300176084 1637793.7138671875
140819660.5296601057 1664231.9267578125
142072923.8678251803 1736946.3310546875
139725372.6540872455 1558684.2021484375
139158536.0620881021 1484697.2700195312
139714034.5198540688 1557118.6987304688
141983765.5490816832 1735173.7734375000
141645784.6122702360 1714773.5263671875
141781170.1542297900 1725559.8720703125
141775530.7191151977 1725115.3906250000
142586297.9597710371 1755126.4990234375
140637592.6836764812 1649657.4541015625
139815963.2550848722 1569078.1577148438
139401570.7975225747 1525229.9404296875
139355626.2276079357 1515397.7236328125
139396098.9100659192 1521713.0429687500
142573364.1653492749 1754657.5166015625
138816968.6843364239 1396824.0639648438
138835703.1039883494 1420534.3857421875
138832719.1902604997 1408786.7753906250
138749790.1842119992 1373994.7304687500
138748492.0706540048 1373063.0390625000
138738518.3958467841 1366875.6552734375
139720526.9322843254 1557529.7416992188
140220784.4069378376 1613347.5205078125
140266961.7012557983 1615569.5791015625
140348443.6382217109 1625122.3496093750
140020595.8003296256 1590602.5849609375
138812596.0425777733 1390089.2490234375
139827451.2919529080 1571179.7866210938
139741692.2103501856 1562254.9125976562
141092103.1922757030 1684194.8847656250
141934712.6387865245 1731475.2207031250
142420281.4679509103 1751749.1259765625
142893641.8746263981 1762332.8945312500
140842774.9532212019 1665413.3886718750
140842850.6335586905 1665572.6699218750
139807775.4944507480 1566739.4096679688
140554396.3500564098 1643078.4833984375
140639847.0709139109 1651768.7099609375
140279952.1660064161 1618941.0517578125
140221742.2019021809 1614724.9501953125
140274139.3516084552 1616136.0214843750
140205867.5984257460 1613174.5937500000
141325089.5523014367 1697411.8554687500
140082271.1914325655 1594738.7226562500
142217595.3017193675 1743384.1503906250
142538750.6697084606 1753351.6455078125
141715403.5916385949 1720118.8291015625
139267007.9520049095 1503165.3652343750
139887238.2604471445 1580060.0458984375
139873427.1023709178 1577350.0244140625
139961931.6761181056 1586676.1484375000
143361839.1977459490 1765746.5869140625
143338632.5038304627 1765276.5429687500
139167200.1027154028 1487560.7290039062
142458055.6212601960 1752461.1240234375
142314635.4737541080 1746655.5800781250
139766480.6649470031 1564718.0815429688
142319448.1939989328 1747568.7451171875
142848973.0787362754 1761376.1972656250
141660640.8638000786 1715245.8310546875
139774832.3793053329 1565547.9985351562
142202702.0758224428 1742142.2871093750
142417044.9090078473 1751738.9003906250
142194353.0161948800 1742104.8320312500
139787454.8581689298 1566042.3940429688
139731775.1603297591 1560434.3515625000
142733703.1341794133 1759971.5439453125
139995938.8658426702 1588683.4990234375
139916557.3897393346 1583068.8388671875
139601539.6842796803 1545621.5454101562
142728531.4555532038 1759876.9443359375
139626268.2954850793 1549401.4331054688
139214172.9244194627 1495704.4399414062
141669708.1636863053 1717956.2392578125
143541950.8063909411 1768213.4160156250
142538581.1883878410 1752959.9873046875
142627252.0635574162 1756448.3603515625
141976155.8100172579 1732490.9306640625
141909279.9543199837 1729802.1943359375
142204360.0502763391 1742218.4355468750
142653801.9346512258 1758703.2939453125
142210543.4102527201 1742501.8701171875
141579929.1376005709 1712306.9814453125
140698102.8603208661 1653922.1083984375
140663577.6303388476 1651947.1123046875
139151531.3740520477 1479076.9599609375
139692261.0962758064 1557040.9711914062
139797150.7659827173 1566511.4921875000
139811814.2352528274 1568748.2226562500
140948651.6344767809 1672389.7626953125
144324701.2389763892 1769859.9570312500
142461991.7458715737 1752724.9873046875
142411224.9419829249 1751614.5224609375
142601823.7350645661 1755743.1533203125
140725424.7092868686 1657790.7343750000
140944532.5309622586 1671326.0009765625
142829436.7873320580 1761091.7695312500
