92630398.7082496434 253730.9116564393
92807046.3929797858 255429.5219573975
92657630.1024652570 254293.1414794922
92302569.8757881373 251177.9253175259
92812419.9021079689 255587.3029901981
92433551.1630798131 251910.0610697269
92320544.8455102295 251201.2793655396
92160476.0717067271 249138.7401160598
92351130.6235889047 251401.2715189457
92215543.9397395998 249564.5762366652
92107742.2077638358 248215.5300137401
92240879.7013208121 250034.7665860057
91983026.4547985941 246985.8073119521
92046351.1804567724 247771.9313809276
92245945.4007494897 250626.8084754348
91919529.0847068876 245833.3116574399
91590656.6548185199 242498.5309984796
91950884.5767115802 246940.0673672557
92501533.4968536049 252425.8382605910
91031531.9320133626 232654.5649389578
91923024.3663011342 246025.9186937921
92141344.2144919783 248638.4672695994
91880059.5289454609 245527.2448064797
91546187.2570227236 241898.6694890969
91832292.2101301402 244960.0201225281
91144651.6726452857 234895.1551097631
91791078.8671622127 244374.4724661708
91546009.8293967098 241801.2136723995
91338507.2789870352 239018.1704906225
91237450.3928385079 236589.7578505278
91382716.6744927913 239387.4358290434
91583183.0913994014 241943.8035508394
91499063.4117240161 241407.9883617163
91850203.8317964226 245164.7238103859
91245984.6560295373 238309.0864638090
91715668.7210106701 243812.2414149642
91687046.9601918608 243457.7506462932
91742186.0382489115 244258.1176356673
91419590.7535697371 240800.0648552775
91586018.1752734184 241954.7728938460
91805780.7660647929 244705.1913509369
91650163.7903754711 243269.4082231522
91261595.4382066280 238431.3695275187
91384334.4036578685 239750.6292741299
90878347.7151569277 230430.4943823172
90864106.7626563758 229653.7022471426
90971381.8358360827 232537.8376889378
90767149.0337537676 228361.3501548124
91213669.1246359646 236453.3200395107
91196939.8442982137 236261.5182511806
91119065.6770149618 234397.8700807095
91048477.1086882651 234032.0956991003
91120651.5557616949 234746.1155761881
91177630.1222359240 235290.3821964264
90905278.1207908392 231716.0847143484
91190767.8422285318 235431.4376506805
91159892.5311784148 235271.5178140802
90729817.5919432640 228158.0926877404
90700934.9030936807 226916.0889970027
90962507.3758868724 231880.9306070949
95157294.0310233831 279660.1065750122
94972303.9651159048 278150.8057937622
95098967.7571302801 279357.2992019653
94758409.4367483258 276700.5451736450
94898339.5370080322 277755.0866775513
94738118.1467374712 275737.9289627075
98525488.9739932567 297526.1757812500
98691157.0974184126 297867.9628906250
98184920.8288174123 296950.4248046875
98083251.7873328477 296872.3620605469
97889835.9745437205 296144.9794921875
98685192.6301007122 297598.0832519531
99403085.9492650628 299043.5263671875
98902531.4796337783 298118.2070312500
98303320.9517409205 297156.1716308594
98841452.1323091239 298086.8745117188
98494634.1159066856 297246.8225097656
96429054.7370730489 288588.9989013672
96666089.0991259515 290647.2889404297
96406825.1573666334 288442.1030578613
96741779.7419282645 291641.1478271484
97005918.5037275553 292812.3022460938
96437965.2713172287 288853.8531494141
96883397.5589479804 292088.5963134766
96951906.1632648259 292169.7738037109
97133940.7741934061 293501.5434570312
97430078.3783062398 293947.3154296875
97591600.3158639073 295422.2612304688
97471153.0171164274 294878.8176269531
97590513.4983095825 295167.5676269531
98064997.1705998778 296169.4833984375
98073452.4833978266 296346.0214843750
97875151.7778363377 295878.3674316406
97593411.0804352164 295789.4687500000
97273266.4574507028 293777.8032226562
89115430.8934047967 194678.3762421092
88823671.5197500587 190155.8047828066
88824941.6019467413 190478.2747457611
88872183.8151743114 191906.6051930773
89061089.2007012218 194141.9537507296
88911586.5016754717 192290.3779534685
89578113.5736088306 210276.7680962030
90861435.9417912811 229627.6630952545
90798328.2404245138 228510.6408124119
90319465.1502949297 222526.0580487400
90619675.0628346950 226127.0133934021
90558840.5575333089 226072.0548749119
89679637.7432915121 211404.1768355519
89925847.2323704809 216181.7202763706
88819689.6592745334 187557.6923176038
88798224.7137602717 185198.8459594846
88772838.9829101712 185036.0566974866
88764495.7212412953 179360.3685873139
89237006.9913809896 197916.0821406666
89052029.3478107154 193483.5387021737
88973606.5575405210 193275.3226268117
88969723.7293215245 192312.3518283192
89236062.9399007708 197216.5720698659
89149466.4457871467 196708.3739075052
89229336.3749526888 197017.2448624956
89225101.2096631080 196963.8380090520
89115897.2658075392 196517.6710688893
89606595.2081913948 211298.5083133566
89763211.9312535226 214499.8254901755
89487864.4636951089 208308.2238317176
89600536.0953570753 211044.6727923739
89587273.6947599202 210440.7366573202
89426191.8376024365 207848.3830426379
89263590.9532018900 202540.6105586874
89569662.6393433213 209638.9664527818
89054624.0997345746 193969.7566776101
89463529.1053761989 208187.5855182993
89237882.2425221950 201291.7341083872
89387899.8381225169 206662.9215938437
89239668.5202964842 201948.2537509787
89286712.0519284457 205052.2688679087
89345075.1550276130 206132.6560184347
89513806.5820153207 208789.6410524237
89408837.9158994257 207322.6273805487
90039619.5495729446 217719.1117463029
90396746.0142370760 222819.8809955037
90424278.9346278161 222943.3929448277
90112447.6648825556 219527.1756844438
90317871.0558941811 222257.1960990346
90233059.3058563322 220446.0291773416
90257342.5681231916 220808.0855717808
90083183.2754033804 219527.0314452566
89885160.9363699257 215365.1849346445
90070296.6855169684 218639.2059222162
90408519.2734163105 222934.7250374705
90456231.6886596233 224149.1255878885
90426340.4060641825 223329.6928771641
90557738.7744540125 224343.0827813298
90445425.4472274631 223611.1250060704
90164679.4110708237 220200.5539746433
89921382.9326097518 215985.8710159659
90028031.3064302504 217301.8840446472
89957395.7161200494 217279.7601323277
89945157.8104136735 216515.3147168308
89718020.3088816702 213773.6190190464
90674223.6468445212 226330.6902715713
89858557.2686516196 215047.1847451031
89697634.8251515180 211925.6497209966
90213132.7833842635 220351.3103796393
90045368.2801194191 218068.9071813971
90271374.9663002193 221257.5274874717
90297967.3957423121 221346.1845876724
92777885.3515314013 255352.6721382141
92533567.2979133427 253205.1454422474
92515989.7513889223 253167.7384598255
90842965.3817185462 228587.5793664628
90843483.6800038815 228887.9795129471
95233038.3028745055 280393.7510833740
95367067.8750774115 281595.5738525391
95000512.2363858670 279098.2553100586
94994887.0168833733 278637.0397949219
95135078.6944154352 279370.6628417969
95147709.3196116537 279425.1293792725
95197734.9589928985 279869.0568847656
95228832.4542772025 280194.8745117188
95631162.8390393108 283938.1197509766
95256815.8908502162 280890.3706054688
95344232.2613014281 281304.6232910156
94738262.8921904117 276197.5822830200
94851224.1435282230 277228.0620193481
94719870.6439994872 275686.4150466919
94966947.6068995297 277788.9059448242
94702259.2070693970 275138.6169433594
94246823.7634937465 272282.7935791016
93920700.8375676572 269190.3849487305
93889054.8770247251 268818.2013549805
94491970.0019546896 273843.3360671997
94559107.9875099957 274122.9160919189
94587388.8562023938 274436.0122222900
94451957.1578999609 273240.8758010864
93714212.7880570441 267025.6005382538
94166988.1896022111 271293.9471569061
94149970.0937905163 270589.3051280975
93753070.8676689714 267028.8278331757
93927811.2376956642 269216.9318370819
101369990.3769992143 301614.5947265625
100617806.5845049620 301095.6752929688
93101865.0288526416 259950.6304931641
93160738.7211278528 261306.0901031494
93807466.0202001780 267638.5274810791
93246231.2284757048 261717.5521106720
94120136.1007889211 270564.4993896484
94413669.2410195768 272905.7510986328
93712318.5915037990 266455.4576568604
94154803.5139315277 270780.1532135010
94236230.1246074438 271779.2581939697
93974573.3295132518 269286.6554107666
94041594.0322959423 270145.7330322266
93826284.0752568692 267863.1126861572
93449990.4932656884 263813.9599761963
93493483.4140988588 265127.9371490479
92452044.5856464803 252088.8359985352
92991175.6658984870 257828.8660545349
92489514.3690677881 252267.2407493591
92578248.1093803644 253456.4287605286
92741665.1242475808 255338.5526390076
92965268.9275834262 257632.8567161560
92671671.7314485312 255143.1078147888
92645615.5285548121 253987.4094810486
92568260.4177141935 253385.8949539661
92829989.6421306431 256467.0769405365
92869959.3506086469 256716.1427345276
93576035.7285948843 265465.2256164551
93052116.7129893899 259122.8094215393
93470559.2560094446 264158.5686111450
95423136.2278658450 281634.8453369141
95533964.1268914640 282641.9276123047
95581518.6362337023 282967.1484375000
95828185.4100829810 285333.7309570312
95781419.9327877909 284800.8336181641
95673773.4918455482 284186.8459472656
95510158.7979317456 281946.6760253906
95422410.3584689051 281613.5699462891
95624067.5441506207 283030.5334472656
96163849.3453473002 286342.5965576172
96400906.5916432887 288226.5152587891
96172227.3680448681 287068.0900878906
96164933.8654606789 286479.7693481445
96336648.2897551656 287576.8983154297
96458466.3809683621 290077.0823974609
96380252.8379073590 287794.9558105469
96230691.9940569550 287111.3740539551
96086728.6596997976 286231.3550109863
96016003.1058405936 285605.5002746582
96045550.7149585932 285611.6679992676
94556469.2751661688 273886.8908691406
94610881.5656847060 274882.5190429688
94640977.9897505343 275013.7687988281
94359739.9718468487 272819.2157058716
92943322.6010935158 257482.6100540161
92871835.6815840602 257104.0298938751
94354183.5205822736 272338.2362136841
93631558.1540030390 265880.1649913788
93298759.7755699009 262741.4297904968
93240423.8171494603 261596.6285591125
93347767.7320343405 262963.1244640350
93707581.2972904146 266420.4055919647
93030372.2991169691 258881.1442852020
92991055.3427077234 257742.1278133392
93272900.7492150813 262147.6585826874
93695108.8539315462 266268.3195266724
101481692.7688168734 301685.3359375000
101378632.6548030823 301655.4887695312
101865853.7433090210 301964.7946777344
101632279.8589736670 301811.4570312500
101201272.9048483372 301517.2241210938
101865085.3421168178 301849.6166992188
102393502.2159147710 302086.0144042969
101856583.4802386612 301846.7507324219
101544136.8409654200 301714.6621093750
101112453.7538878322 301448.1484375000
101431780.8360510468 301659.1462402344
100032214.1920228451 300392.2248535156
99777788.9670777023 299868.4108886719
100746214.5287526846 301103.5153808594
101096254.8516645133 301319.6547851562
100829919.4833602607 301182.2292480469
100349376.8345531523 300908.2004394531
100565477.4543961138 301077.4992675781
100538363.6350133866 301042.1884765625
102439741.7632186562 302277.5803222656
102577682.6000040472 302383.7963867188
102041846.9538909346 302020.4550781250
101932156.5889563262 302019.2829589844
99777888.3076295108 300338.9184570312
99678285.2219449878 299713.8044433594
99716006.5577967167 299792.2075195312
100331497.4454335719 300692.6760253906
100205945.6480040848 300681.9294433594
100043469.6654537767 300588.8642578125
99658411.0129182041 299501.5112304688
99445945.3682654202 299158.8625488281
99467160.2261475027 299477.2707519531
99074290.6646191329 298700.6918945312
99351491.9835679084 298760.8344726562
