132372128.0195893943 85782.7884989558
134126316.9137628078 124047.2903219042
133590695.3091925830 114586.0181966601
133590695.3091925979 114646.6513982592
133454194.2342499346 112672.9685083209
133454194.2342499793 112729.7757592974
133440468.3335824311 112058.8766008196
133068380.0952957422 104933.9130140124
134326449.1820832491 126124.8127389727
133270357.5574138314 108839.7210145770
133806221.1845494658 119167.4660230456
133806221.1845494658 119208.0806470690
134278017.8708158433 125607.1312204180
133367516.2489579171 110958.2218766985
134045831.2795858830 122939.9631963549
136291733.3059073985 144157.0982666016
132239208.7047130018 80465.0873902123
134045831.2795858830 122849.9357915698
132385000.2101440728 87257.8755022986
133164117.8083664775 106948.5773740588
134146093.8710295111 124116.3490987597
133953831.7339490503 121888.2783684731
134146093.8710295111 124146.7784200488
134310320.2312518656 126115.7707333565
133953831.7339490652 121989.7243523598
132239208.7047130018 80457.4659455102
133953831.7339490652 121900.2215447426
134278017.8708158433 125594.5524850665
132385000.2101440728 87245.4673754675
133495509.3383782506 112991.3637224017
133994481.4581375271 122569.1608281909
132229315.7493586540 78617.1054177983
133486415.0494576097 112935.0826059161
132238215.8932037950 80165.1370537560
133935933.0450408459 121578.7564949989
134278017.8708158433 125684.0552926837
133367516.2489579320 110987.4179216204
137332261.8058978617 146628.1680908203
132519836.0460882783 91588.0594493849
132229315.7493586540 78647.9323955281
132381846.1319963187 87210.9280535458
132935579.9015990645 101944.8866277514
133361772.4737526029 110781.5980363665
132273169.7785561234 82208.5691058915
132484489.8689149767 90046.2189661963
133361772.4737526029 110883.0440202532
134074879.6046487093 123257.1123052416
134077885.6024954319 123616.5181661425
134231235.8336311281 125438.6385885058
132515756.8624799848 91361.2877947791
132935579.9015990645 101905.3404088793
132230020.9881047308 78707.3779760106
134921984.7133210599 133653.6197872162
134914965.9119074047 133376.0178279877
132281449.5333793312 84068.9594242079
134150837.6871199608 124657.5475240527
132273169.7785561085 82174.3375575822
132230020.9881047308 78748.0332036717
133737692.6966769546 117600.8768125353
132240093.8175342232 81936.7948940080
134150837.6871199310 124498.9859395800
133921529.3735130280 121468.5061040698
133846716.9328332096 119855.1416631518
137332261.8058978617 146871.6075439453
133919669.0174577236 120967.2149663744
134644433.4779927731 130228.0118770599
133737692.6966769695 117641.6066938220
132195062.1364024878 77858.3283658503
133164117.8083664775 106790.3241391955
133737692.6966769546 117568.4270139514
132980281.1315304488 102957.0766454516
133252216.7721317858 108823.9677587328
134074879.6046487093 123221.8760991869
132629106.4301783890 93884.2242152197
132971391.9189075232 102692.8061033068
132633469.9706547111 94046.1103083594
135158826.9701895118 136440.2650814056
133860466.7522714883 120103.2589917956
135158826.9701895118 136371.2063045502
134647362.8444214463 130433.0895252228
134574410.7597969472 129341.1868152618
132499974.1978552490 90183.3470106898
133555162.6340215653 114319.3902784167
134528704.1218816340 128898.2941722870
136233090.3642682731 143905.8264160156
134647362.8444214463 130502.1483020782
132776802.2266890854 97795.2723452551
132736657.0126690418 97039.5892606555
132300669.9136726111 84324.9009220107
132411874.2413629144 87540.5516292555
134458681.4036857188 128039.8322086334
137650463.2975511849 147185.3094482422
137840791.6186775565 147238.5158691406
134593662.6166520119 129756.6606044769
134831280.1519149840 132429.5405483246
134455752.0372571051 127826.8354930878
133367516.2489579022 110889.4714494525
133144027.0283012539 106476.5486608325
132280062.0057903975 82292.6480915053
136550066.4908557534 145240.4373779297
135206899.9049474001 136847.4267482758
135239805.6199808121 137032.3652400970
132997702.3768781722 103513.4161954699
133144027.0283012688 106577.9946447192
133219117.2114816606 108166.5028539477
132612745.0388681889 93683.5213419897
133252216.7721317858 108767.1605077563
132732100.9967577457 96743.5361086829
135311370.3026502132 137850.2038631439
135934577.9465918243 142493.1437377930
135273528.5790283680 137415.5222854614
132478943.2527956218 89275.8867542250
133919669.0174577236 121057.2423711596
134542085.5480436683 129056.7602252960
132478943.2527956367 89335.4020549757
133752554.7509415150 117878.6289792834
132230020.9881047159 78704.6453290684
134787808.9491550922 132105.0552730560
132909603.4131128788 101487.0933233080
135126501.7584362030 135976.8328762054
133846716.9328332096 119956.5876470385
133060340.5292988569 104549.3709989367
132314886.0649747103 85172.4953891737
132314886.0649747103 85232.0106899245
134797374.2129668891 132194.0808086395
136152362.8150059879 143262.3260498047
132528768.8938906789 91682.0847308142
134370746.9127070308 126837.8704171954
134170614.6443866193 124687.9768453417
135206899.9049474001 136658.4358425140
135055949.9621337354 135063.5585689545
135618707.4820438623 140332.0793914795
135407032.1732678115 138997.3203201294
133093440.0899489224 105335.2129331408
134765458.4973751605 131767.7719326019
134975551.8156225979 134213.4087276459
135407032.1732678115 138825.4610671997
133135256.3361482173 106276.5603185473
135326634.0267566144 138074.7993240356
132612745.0388681889 93738.6705347998
133181539.0537142754 107442.6913305102
132305793.0118356943 85050.2828113539
132830702.8172359765 99232.1990361987
133241479.1069281250 108193.3530736743
138466359.5517786145 147712.4572753906
134975551.8156225979 134282.4675045013
132832113.1793653667 99264.0224614916
133011254.4244262725 103777.9588399706
132679814.0503008962 95464.6791598303
136042956.0118786693 143129.0747070312
132832113.1793653667 99233.1332174120
135904578.1437232494 142417.2267456055
135618707.4820438623 140587.6927337646
134839386.0177634060 132770.5490474701
132357793.0072792172 85763.4244935019
136957356.0849268138 145964.3728027344
132376005.0656647384 86919.5514308913
135860841.7794879377 142371.5609130859
135538309.3355327249 140138.3101654053
132877914.2145920992 100803.2516103564
133193680.7391329408 107577.4640775500
132358996.9015683383 85772.3685733778
133301613.0300955176 109700.6333280383
133011254.4244262725 103749.2873922167
133276538.2986019552 109569.9912992297
136721154.4254405797 145479.1590576172
132679814.0503008962 95477.0872866614
135780443.6329768002 141922.1783447266
133193680.7391329706 107638.2954374133
135767431.6015661359 141601.3814086914
137483095.2229128182 146984.6188964844
133181539.0537142754 107413.4952855883
132508594.8498248160 90772.9711919604
132700844.9953605384 96432.7513891039
133135427.4616534859 106333.7874608813
135707491.5483522713 140838.5236816406
135113489.7270255685 135586.9771633148
133348115.9581507444 110368.0364213763
134448109.2669285834 127736.6742238998
132802281.7274015099 99138.0115514575
132648558.0489037186 95062.7528920947
132515756.8624799848 91373.6959216101
136565647.1894192100 145339.0046386719
137201772.6837018728 146331.9805908203
134528704.1218815744 128808.2667675018
135376221.9877912402 138460.9491043091
135860841.7794879079 142115.9475708008
132580873.1636873633 93025.4131398974
135253681.9421321452 137092.8434524536
132944268.5081155896 102133.9271951495
132944268.5081155896 102244.3508897601
134685060.3508639634 130917.6220912933
137308351.0270104408 146530.7121582031
132946725.4371974319 102390.2043386279
132688748.5964042693 96237.4115453539
134685060.3508639932 130986.6808681488
133353657.8393111378 110381.1137891589
132860489.7184185684 100265.5160070239
136385746.0519075692 144233.1330566406
132745546.2252919674 97383.7019582568
132812615.2367246449 99166.1442571459
132638224.5395806134 94876.3669515429
134218172.0171683729 124823.2958150683
132911013.7752422243 101537.5140081225
137843740.4306529462 147481.9553222656
133059881.5080241859 104438.1521993456
132802281.7274014652 99030.8966909228
132860489.7184185535 100207.3586583911
132508594.8498248160 90760.5465322314
132556538.7581713945 92968.7399297534
133414720.4605526924 111600.0508428393
132860489.7184185684 100265.9722219286
132890380.6911667734 101012.4442411242
135727640.3364587426 140981.2561035156
133032377.4687074274 104217.7218633471
133093440.0899488926 105278.4056821642
132802281.7274014652 98979.7583165942
132991426.6671288162 103337.5897222338
132991426.6671288162 103296.1120000659
132991426.6671288162 103352.4377675829
136834221.8807871044 145954.4654541016
135113489.7270255685 135745.5387477875
134338049.6412313581 126224.7557668686
135176089.7194707990 136452.4854640961
133032377.4687074274 104091.1563344775
135003318.4029838443 134668.6172847748
134612108.2662394941 129915.2221889496
134672048.3194533288 130596.8251552582
133521157.3328107744 113633.1926885424
135053549.6738117337 134933.7372951508
132437731.7085802257 88291.9247691138
134713591.5707781315 131182.8584804535
134880778.3573248088 133211.0088253021
135732805.7154198289 141345.7680664062
135532085.4130867720 139709.7298202515
134612108.2662394941 129854.0824794769
138225121.7937855721 147561.7979736328
135343130.2345464528 138236.3536434174
135394845.2425974905 138730.5315246582
135176089.7194708288 136482.9147853851
132379523.7175631076 87112.1623446448
137204216.7895954251 146478.6413574219
134880778.3573247790 133149.8691158295
132414268.8673351258 87786.7829137621
133484608.5787787139 112850.8044576226
135587897.2965672612 140268.8466033936
136731600.2712183595 145560.0001220703
132309320.0523212254 85068.0404650671
132414268.8673350811 87728.1693502245
132442121.2387449592 88703.5190816699
134394864.4582578838 126986.0124807358
132427905.0874428749 88105.6615148364
132379523.7175631076 87108.1722285254
134515692.0904709399 128479.5507640839
134953730.4419493377 134123.9059200287
135525297.3041220307 139561.8998870850
134784362.1815562546 131873.2838726044
134557235.3417957425 129064.0424633026
133435442.0671426505 111824.8509946642
135538309.3355326951 139882.6968231201
133596731.6536773443 114764.9257512866
133657850.6543673128 116452.4664922534
133717790.7075811774 117232.3242803393
134678743.5639964640 130696.3132534027
133596788.0331257880 115147.5785337267
133657850.6543673128 116351.0205083666
133596788.0331257880 115233.5294385729
135465357.2509081960 139054.6555023193
133717790.7075811625 117203.1282354174
136225780.5252563357 143626.8380126953
134515692.0904709399 128577.4972362518
132442121.2387449592 88762.1326452075
133717790.7075811625 117044.8750005541
134515692.0904709399 128487.4698314667
133452523.1671434492 112133.1743665515
133564040.5373603404 114419.3246465502
133717790.7075811625 117134.3778081713
136486958.1930501759 144848.6833496094
133640056.1333104223 115610.0534177599
134455752.0372571051 127797.6394481659
136823296.7127366066 145575.4167480469
134784362.1815562546 131783.2564678192
135812621.7602127194 142052.7147827148
135110907.6453280449 135441.0202312469
134938136.3288411498 133657.1520519257
136546855.2977274060 144900.4940185547
136983933.8938160837 146258.2872314453
136674401.2286639214 145479.1358642578
136433277.7820649743 144710.1771240234
137234057.9812591672 146507.0955810547
136389462.6414857209 144256.0716552734
136286703.7938491404 144153.4649658203
136142221.3552049100 143144.4221191406
136276387.0270841122 144111.5777587891
134421599.4123355448 127167.5584545135
136399779.2561568916 144343.9331054688
136399779.2561568916 144641.8380126953
136548380.7153165042 144916.2799072266
136167208.0608724058 143336.6231689453
136182679.1074087620 143550.1306762695
