124575553.4191142023 66213.2990883142
124614552.2990821302 66238.5261696130
125827018.3362093419 68574.8227672819
126003930.1584615260 68584.9500103239
126068130.8948400915 68725.2419033293
118248838.3934811056 43980.4540772205
118440044.9452409595 44774.8531230083
131009461.6695278883 76860.5251922607
121927731.9319932312 58423.6613772549
121787112.6175474972 58095.6763919033
117778237.4781972915 41548.9075434280
131092120.3552611470 76875.4105606079
117498506.0249143541 39646.1656364623
131285360.5970239937 77079.7013015747
131410257.7164502442 77226.6887893677
126774187.0525659919 70258.1137071848
125444629.5447715968 67869.9049816374
127233418.6922567636 71657.8384190882
127493391.5817527175 71732.2961255312
127113909.5148969889 70875.3400045633
127145176.1763961464 71076.6554952860
127883943.3129879087 72519.9241849184
122836699.6410194486 61665.5956722796
125488430.5100065768 68086.2486164570
125011174.7118546069 66872.8763096333
124891664.9908795357 66745.3202497289
119581894.7261027843 50801.0437230617
119739993.1829948872 52016.0391977338
128724245.8257333636 74019.7090492249
126694303.2810289264 69921.9081140757
126441499.6544605196 69493.4440571070
126394113.3021284789 69368.6066852808
126502886.9964504689 69504.2179828882
126934049.8691379875 70607.7094227076
124285965.2687643170 65413.7309379820
127688160.3019740731 72145.6661014557
127590004.2929788232 72112.0111732483
128246412.9451218098 73672.9148597717
128133019.3285724819 73110.3911323547
128136747.4525716603 73156.5995674133
125449203.1240202785 67885.9817361420
127809507.6466343403 72346.5126495361
124159695.3737562150 65021.1093936209
125739968.2464385480 68309.9949779753
126091060.5681833923 68952.0201778654
123746245.4333358705 63972.7981301844
131227546.6953878701 77035.0148086548
131283370.3556519747 77059.4238739014
131092780.1674077809 76884.2005996704
130879728.8104655743 76839.1581192017
126525286.4338759631 69805.8758198023
126738982.0920753926 70018.8038316965
119953135.1371946633 52779.5325820951
120030661.7971599996 52972.7299545316
120150428.2155807763 53703.9078698673
124823886.2970368117 66449.4729120731
120698059.1978022754 54886.8023193637
120779173.2742947191 54896.2379622757
124136814.8753140867 64980.3321264982
130410779.2650020421 76154.2336196899
124207986.9981554002 65301.3147031367
117692184.2639398724 40784.2162287307
118419922.1967705339 44659.7078241361
122759696.3908285499 61207.1168743670
122453407.0033476651 60551.5369472802
126742313.4793588072 70087.9373117685
129535838.2688408494 74863.7653121948
126218782.7997224331 69000.2775642872
126281780.7355013788 69245.5614821911
126376320.1817871630 69284.0884697437
124187155.5369008332 65170.2677188162
124490992.5535457730 66032.3699150328
119458490.7111699730 50274.6511867959
127926947.9372429699 72871.0812568665
117816156.5455177277 41739.4489008185
123684089.9935551286 63960.9180518687
123371250.0446486473 63377.9074956477
123880142.2721985728 64460.2113477290
124459393.2088012099 65700.5507936720
124759046.4335754067 66392.4187185764
119828408.8718913645 52184.6372077970
117578035.7223244309 40215.8857902709
117666906.0480258316 40734.9045298171
117725298.7087096870 41080.4847401801
117606402.9436605722 40725.2859973979
117493953.5455566496 39207.8394086856
127110251.9156874269 70777.3336368799
122813082.6987052858 61267.2191231251
123260412.0655353069 63044.7491704524
123685436.6586081088 63961.9256273806
125299808.6006106734 67460.5752735380
125061225.6589565277 67157.4067661762
118183196.6175736934 43979.5556521183
119877023.2944220752 52766.4770248441
130271827.8861316442 75869.7779216766
123299284.4111669958 63045.7567459643
123160815.9027270079 62487.9140032530
130364860.4437672198 76151.7093334198
123530705.9163220674 63555.7123815119
130553985.5752455592 76224.6375350952
130348224.6014927030 76028.7808456421
122969108.5302706808 62147.1497887671
130670035.6457079351 76455.6069107056
130626873.8427885473 76352.0330581665
130832580.6183055341 76616.2578506470
121787386.0668898523 58125.1730883755
123633783.4044274092 63716.4501916468
129694191.5811722875 75310.2738780975
130150705.5858967602 75814.7555217743
129981180.6523347944 75705.1944255829
129944969.4458480477 75597.6748943329
123196474.0478636324 62649.3662563860
123040823.6817381829 62353.2469936907
126911029.2886991203 70537.4232012033
125711422.4449616075 68105.6653490309
118972955.4803885967 48228.7911799727
118824699.6775474995 47332.8252223311
130705295.7717894018 76608.7203750610
126969530.3732830137 70690.5366655588
125284046.5783689767 67424.6930523161
118848370.5929123461 47427.1966975508
131218096.2056598812 76892.1041984558
121464303.0679693520 57079.2689910103
122512861.4852381945 60799.2094326317
122367709.9419714957 60299.2727871239
126831675.2876358181 70451.2267900705
129599372.9961632043 75023.9428024292
119687938.4362580627 51859.6501262693
126028127.1282304078 68660.7693032508
126426340.5997374803 69423.3843240028
121779724.9968806207 58090.5030520596
124832793.4527156502 66586.6533466745
124813737.9032091349 66435.8391376901
125035011.0948276073 67045.3639507536
125136185.5491892248 67362.4514751676
125081032.8067471683 67158.5963115934
125637946.5388086587 68101.7793102507
124627907.1253085583 66252.2819998264
125358024.2060817480 67660.7610418797
123839091.8105144799 64396.5920721460
123364586.7386472374 63060.0412918627
123046898.6663049906 62424.6657558978
122897053.7118643373 61906.4275967181
132220082.9887388051 78168.7481384277
129607572.1378641576 75075.2205123901
119292247.6521575898 49501.9251137692
119348470.9971136302 50029.9198482949
124738113.2252984494 66376.4754009489
124382016.4292191267 65653.0408134703
122601740.9724861234 61100.8672695458
127564522.2481906861 71894.5474010706
122705825.7113240957 61103.4658167809
129017052.9623147696 74026.4143352509
126803024.8631669283 70436.2264238596
118268102.2533965856 44053.0807211166
118379325.6241441518 44580.6119808843
118329251.1955071390 44359.6936669042
122443474.8235958666 60427.8894575089
118100535.5031487942 43387.1921067999
118028348.3360634893 42889.1105800734
129721153.6555770189 75468.7906475067
129906042.5102726519 75582.8811931610
117923052.9615405202 42475.2625413702
124165136.3041203171 65107.5026861597
123803380.1817139983 64139.7633584905
117520459.2581335008 40115.8704305190
117452262.2034283727 38703.7734331388
125337085.5465421975 67489.3182384968
118610271.6306362897 46161.2792553334
129583976.3648284376 74969.1992778778
129429976.8153123707 74641.3550548553
129114582.0438690037 74589.7492198944
118178040.1948350817 43674.3436665228
131374158.9542346597 77174.5280609131
131436820.3303533196 77266.2885589600
120880895.3690173328 55471.9094023481
123004484.1395326257 62155.7720421851
118147302.9560209066 43403.1839006112
132822152.9137826860 78646.7669982910
117789500.4238964915 41557.0235802808
117946387.3090547621 42488.2151777958
118019347.6614815593 42781.1051049509
117961406.8356481194 42592.5305185483
118087816.8125252724 43274.5088162699
129450521.6832177490 74752.4670333862
121995952.8592879474 58962.0579679478
120984884.6211967468 55704.4373006134
117871091.8586404622 42468.2701604643
132402329.3258786201 78441.7313537598
132569511.3637982905 78450.9103088379
126252601.2966688573 69183.2763653249
118903562.6845244318 47631.5612223921
118813038.4350689650 47081.1667140303
118875992.5956278592 47626.6333659468
123952225.1840418726 64594.0190435816
127543310.0701773167 71790.4520641565
131990610.6723159552 77881.7394714355
129062720.6168030649 74242.6640758514
127186740.5594549030 71320.0312429667
126992564.0270692855 70721.7447344065
132258272.4683236182 78245.8746643066
118783491.8311574608 47072.0490153609
118739844.8040881604 46942.8351023970
118922555.6917598695 48152.8687785445
119008784.2813049257 48349.7031958876
130600952.5797673017 76256.4359512329
120955505.3761322796 55693.5352264403
120920441.9596665353 55490.6239004731
132074660.4613065720 77981.2881164551
131764187.2486152947 77700.7283782959
131921748.6566825509 77715.9802398682
131727875.2407793701 77683.4707946777
122135711.8669538945 59383.5446706787
122062897.7220802456 59175.7787931412
122143882.0358566642 59408.1980131119
122001582.2862094343 59048.3497636765
124009402.0676329285 64816.9193121362
131550066.8118647337 77505.5984344482
133082993.8256628513 78700.1961059570
121689840.7133898437 57946.7846004665
121642637.2283642441 57935.2911360897
121868082.8578699082 58248.4623656441
131986960.2644638568 77739.0591735840
119184051.3976376206 49194.2611657102
119111416.2158082575 49117.2014351804
121600242.1364319026 57892.3680987526
120831178.4057286084 55238.7488699555
120624172.7548311651 54356.2054817975
122508708.1081173271 60565.3057731688
123635223.2245797813 63849.1799844671
121474419.4936881512 57470.2563738991
121570518.7574924976 57875.6308837105
117743187.5504862815 41307.4180684366
119081869.6118967533 49025.5056725461
120350293.9364799857 53858.8916016370
118519826.8810503930 45320.4140979229
117864117.3983798027 42215.9056420603
123761114.0565864593 64090.6179877985
120434882.3288764805 53978.7537633851
122128844.5863694549 59301.6588044614
119045671.6684785336 48520.1492061168
119282099.5032444447 49403.4123515636
117703028.0722369850 41024.9351413526
117827977.1377190202 41896.3140195968
119515585.2875769287 50705.1165580302
122852338.3543373644 61726.3325868100
121277471.5625678450 56980.4385333229
122487966.5355534106 60558.3892692626
122232786.2908817679 60103.4924073666
118826116.0108112246 47351.2742961226
119041732.5060064793 48380.4320659190
122188992.1839253902 59934.3398893327
122744963.1520044208 61108.1158509701
122777713.8187048733 61233.3357937783
120632097.6752704531 54500.6650395691
121117058.8844363987 56102.1207890809
119304226.5578594208 49803.5518368203
118452262.1690205187 44994.2786856918
117496459.0916683674 39270.4835062099
117767586.8876711577 41318.6568231226
120830183.7672152519 55225.7374387085
122827714.3250232041 61484.9137731045
120665946.3619944304 54664.9968218638
120517548.2257459611 54330.1659144163
119457225.7836724967 50150.6630849617
119252114.9023393989 49340.4345196206
120075047.6480777860 53001.4943924695
121570392.3633302301 57568.5946878195
122304143.4699861854 60128.0475926846
122101743.4723650068 59216.1180272549
119618546.6240746230 50979.0788630992
118707096.7488526702 46832.7391398726
121359317.1784606725 57067.1333341599
121449832.5560472161 57071.3869506419
121165304.7043576092 56328.2310879696
118288582.2855025530 44087.9325605659
122050747.3894351423 59129.9629216641
119658574.4067231268 51611.9434566051
120785861.1832236499 55056.7011164427
121010493.0831553638 55826.9732999802
121214061.7934494913 56548.3361468483
121762101.7869675905 58066.9696871992
118164399.9965328276 43449.1411715923
119592391.2395477444 50968.2091559917
121277344.8799710125 56565.7820185181
119516570.5338846296 50735.5601062328
119417594.0258812308 50142.0290020425
119540127.2463936210 50767.1131493608
119500707.6421140581 50532.4465740232
120878191.7659470737 55272.5538511276
121015942.4617902786 56069.0555753708
118699335.4950403869 46199.4895251570
118439592.4761020988 44707.8357210336
118600936.0961681306 45509.4302034555
118767597.2506361008 46965.2289374648
118571286.6103951037 45450.1402812181
118576779.1228454262 45502.3369655786
120996501.4613653719 55822.0454435349
118357057.7603207082 44525.5924764154
