126807156.6849307418 63292.2906262788
127625294.0970739424 64815.8340175065
127321308.5384292603 64259.1077086926
127134589.0661240667 63962.5780904206
127463909.4260974228 64677.6012561235
127273704.6691837460 64078.4043958100
124581269.6745816916 60488.5666562021
124148282.4688421339 60066.2602146119
124350430.4502215683 60422.1635959595
123975339.5701280683 59624.5676403046
124187854.0735135376 60078.6083703339
124069662.0216417909 59843.0258076638
124228381.9305344373 60210.4336765260
124244703.7272951603 60296.7664510459
123811580.0526043773 59514.1263936013
124514361.7251974791 60430.4860069007
123203497.0750644058 57510.3382071489
120993460.5087151080 53076.1194850765
120742975.1648525149 52618.5906702206
120524487.4681491554 52232.9050317928
120749524.2809574306 52856.9983850643
120960155.9312705398 52941.1753060035
127491852.4602585733 64710.4890563488
127104230.7674524039 63820.0226819428
126150404.2450382113 61558.3271592471
120432389.7539410442 51373.6913019344
120477932.2283951789 51682.2985864803
118115034.4882012159 41114.8264804846
118633851.0597855896 43785.8976998646
119924109.2692396343 50086.6426338917
120194437.7152958512 50464.0152562922
120214984.7919235229 51141.0034176670
119775570.8358543068 48802.1888222462
119860194.1579309106 49439.4570004734
120051189.1717517972 50345.7185768848
126555568.4630278647 62892.9165942582
126556773.2329725623 63153.4305713090
126259349.4252973944 61712.4194629106
126498607.0327171981 62505.7846667680
126267411.9690401256 61828.1405627641
126339635.4941721112 62299.7200305375
125671749.2320198864 60732.8767808291
125836104.9800482690 61260.6088364932
119007987.9112044126 45625.2075539893
119178350.5276420116 46419.7784425272
118954301.8680781871 45595.9369500298
119368464.1045662463 47130.8936064858
119382467.6619874090 47925.4554511560
119060425.0157884359 45847.0036097672
119101202.0154909343 45862.0194223709
122867000.5722832382 56603.4599693492
122840902.7648105472 56489.7165530100
118873432.0112311095 44930.5083325524
119188114.5402661115 46478.0776837487
123758209.7343460172 59405.3429385722
133190233.3459262401 68342.5688781738
133051957.1539105624 68007.2927551270
133007750.3021188825 67467.5389404297
133570733.4220532775 69004.6871948242
133617020.9325763434 69218.7752685547
133468678.6272379011 68837.4223632812
132850129.1328578293 67103.1270256042
133227239.1139183939 68821.8816528320
133118754.6539091170 68136.9411010742
133001427.5826087296 67170.0500106812
127716696.7873839885 64827.1087853909
127763272.6658740193 64957.5547692776
122074591.3364361823 54472.4668252841
122503794.9629373997 55457.9297321215
122519419.9187740386 56245.2857654467
122732675.3761461973 56279.5169561282
122797230.4664412886 56326.5576850176
119318081.7990495563 47027.7412662655
123327300.2320556194 57774.2329320163
123497201.8912826926 58585.4212712497
118348318.9198043197 42388.6005857252
118428719.7068081051 43327.0332022682
118364250.7965635508 42672.0645480566
126054833.0203293413 61534.7259380731
126329028.9225368351 62263.7023913774
126971228.7945202887 63703.3849572751
126856091.8549800962 63607.8823327633
134306313.9996215403 70838.6087646484
118329773.8906244189 42311.0919361692
118225733.6140715480 42307.7892796472
121833945.8723905087 53157.4954437168
134254551.8142773509 69820.2202606201
128915131.5305778086 66711.8919515312
128845453.4522969872 66682.7862434387
127916666.5805031955 65814.5574166775
128688989.9111949652 66262.2255189419
128656445.7910769135 66224.8906571865
133981288.3431312740 69651.8859863281
133869371.1561501622 69465.1438598633
134074753.1781520545 69672.4688720703
123105744.0277936161 57438.0681121349
123323204.2947014123 57590.5147110224
127858168.1883551776 64984.4935505303
127545676.8178525418 64796.5877065274
128365831.9063064456 66146.3342589947
127859568.8737060875 65248.9997241410
123908715.0617127270 59561.8801374435
123378227.6309863329 58230.7428475916
123785951.2900306433 59471.7128431499
123581617.9653492123 58691.5527164042
123626560.9761176407 58725.0567819253
123405607.1352976859 58503.6252938807
123675027.2912161201 59254.2863656580
123670210.3067312390 58789.0311471522
123344533.5614359826 57925.0199472010
126299835.8732525408 61958.0670154008
118774704.0075699985 44501.9336442240
118783374.4156393856 44686.6819958109
119597618.8510359973 47973.0029336773
119040606.0835244209 45834.6422753511
123420760.5527786463 58540.4961434901
138089720.4426849484 71105.2308355570
137714709.6942295432 70997.8839956522
119682423.6770450622 48560.0381483799
122023578.4873348773 53286.3350410108
121845599.5094466060 53170.6409881953
119231564.8815842122 46750.8114461666
119222149.0208073705 46577.5002574688
119266377.3456199318 46999.7314161770
119133526.2214529663 46218.9640410561
122420135.4411099553 55370.6713817492
122230702.7040868998 54808.8398807421
119755735.6803229451 48584.4470338589
119831582.6213394403 49435.8670449024
123287221.7956860214 57517.3051590621
117806783.9211862981 39986.6303230543
122930739.2006105483 56799.1172239259
123008460.3036484122 56835.2067382336
122815409.4590489715 56443.8732288256
119768089.2792746723 48671.5489034420
119645704.2707446516 48268.1479944950
119756995.8299480975 48643.4751769891
123029520.4460637271 57390.0925504640
119160772.6360206306 46310.8740552086
118817015.9158604294 44713.2870324273
118882442.8581462353 45499.4604539294
118625090.0474010110 43633.9391821092
118630896.3769023418 43689.1306410497
118614773.0758259445 43607.8027827470
117695241.2004342526 39074.7593040261
117949676.5527853370 40202.8969150549
119120068.0290802270 45934.1602153545
118879313.8550703079 45363.7639001030
118690455.6253633499 44401.3835826404
118514342.9381714910 43542.9254950602
118625138.0345954895 43673.6073264200
118653198.6793201566 44344.5199774820
118100130.7969730943 41054.4641952999
118176082.0449827015 41684.5270700771
118547311.7045486867 43570.4225544054
117904337.7068525106 40081.2141837087
117802856.0899218768 39425.0719681103
117904937.7502712756 40143.0812373478
117955358.2756786346 40217.3470542375
118193343.1883793324 41735.3048377354
117783375.2509969771 39120.4915587660
117907102.5838077068 40192.4665146191
118361415.5841758996 42574.1814518552
118131566.6927018464 41515.7577187400
118220627.2255484313 41967.0977265518
118390284.7474645972 42695.8732173173
118217487.7429491878 41762.7678505760
117786692.6534907371 39223.3280757833
117971465.7488880306 40681.2730310578
118013198.0939389318 40961.0733196978
117991501.9020372629 40939.9706203062
117676569.8130334169 38314.3625248428
117694035.4578074366 38320.0917429198
117854215.9498195052 40028.0410548765
117796840.5423390865 39225.6349658314
117836232.5723624229 40026.5982076246
117643685.0273884237 37668.9420359585
117709530.0563745946 39118.5610052664
117554026.7563081235 37192.9869501966
117555518.2753154486 37408.1621774901
117570458.2037914842 37456.2545887846
117629252.8409285843 37572.8114505699
117591200.5447026491 37551.5290772235
117452907.1280346960 36504.6354268249
117655601.9013886154 38215.3246724028
117465931.7792599052 36519.9787320364
117524539.9618363976 36528.6598822987
