51205989.6590292677 3000453.1718750000
51806159.6302662641 3126640.0781250000
51859438.6888837889 3133361.2343750000
53131032.7501954734 3219019.7578125000
51647485.2645789236 3107624.4296875000
51693572.5171603560 3113500.7265625000
51681708.6848580092 3112429.6406250000
51872677.7544093281 3135609.2343750000
61045343.7498383522 3303910.3828125000
51069080.6798221543 2896088.2812500000
51275919.1705276966 3034886.3671875000
52584449.0697400719 3192832.5390625000
51524376.6747693121 3091917.6093750000
53402218.2411975935 3230743.9843750000
51992357.5742059350 3148188.9765625000
51714875.1432917342 3117085.9531250000
51860813.9221069887 3134538.1484375000
51976385.4221091047 3144048.2109375000
52341026.7525185570 3174652.1484375000
51043922.5310285911 2880961.7968750000
51061504.5001526177 2890295.3203125000
51098865.1859426126 2941608.2421875000
51721027.5383599773 3118338.7812500000
52013156.1201744080 3150613.8359375000
51924736.8835135922 3139618.0781250000
52531742.5601356551 3188726.3593750000
51050657.7394620553 2887045.4140625000
51115750.1298634410 2950532.6484375000
51108714.8782560378 2948016.8203125000
51168633.7562387362 2981257.6484375000
51240911.5277397782 3013326.1328125000
51488526.5496871546 3086015.3203125000
51980493.7419035956 3147117.8906250000
51852723.7013850808 3133091.0546875000
51868809.4805481359 3135200.5546875000
52849101.3924138248 3205903.6406250000
51508741.5139094219 3091173.5000000000
51810027.9041274637 3127048.7578125000
51700558.6188512892 3113899.2578125000
53769669.1331534684 3242430.4609375000
51047489.9757700488 2884119.7890625000
51125912.2926588580 2956954.0546875000
51127137.8186161444 2957059.6875000000
51101979.6698225886 2941933.2031250000
51778689.2623945326 3123513.7812500000
51768038.7294388190 3121542.3593750000
61719466.4946025908 3305764.5156250000
58154898.9961095378 3290844.0859375000
51673973.1468031108 3111408.9062500000
52577753.5223723128 3189483.4531250000
52703856.8520324379 3198382.7734375000
52426141.5487206727 3178416.6640625000
51054225.1842034981 2890203.4062500000
52260879.1172481105 3167740.7968750000
51074127.3245774582 2915282.2421875000
51685576.9587192088 3112838.3203125000
51187056.6965988278 2990300.5156250000
51827154.3869957477 3127492.8046875000
51772201.3692558631 3122058.3125000000
52644479.8340450898 3195499.1328125000
53270417.4656861722 3226798.4687500000
51071316.4888208434 2909633.4765625000
51658239.7629782110 3110542.5625000000
51531744.1512737349 3094799.7812500000
52716969.7772004008 3199773.2578125000
51078051.6972542927 2915717.0937500000
51419141.3591985554 3070756.3203125000
52642970.3130307496 3195456.0546875000
51378413.8092466518 3060096.9140625000
51065124.9743010774 2895878.8046875000
51136886.4137941003 2965181.1015625000
53483224.8542157710 3232406.6640625000
55718667.4783628657 3273788.9765625000
52454826.8606453985 3183742.3437500000
53525743.0516499877 3236111.4765625000
51429448.5422131121 3073234.8984375000
51306924.3848903030 3040905.5156250000
51156147.7525532097 2977373.2031250000
51476662.7173848152 3084944.2343750000
51598366.2604841366 3103837.4921875000
52010647.6038103402 3150094.9531250000
52512201.8486794978 3186204.8281250000
51915550.6672005802 3138535.4218750000
54768451.6843873188 3264353.5234375000
52054005.7500625998 3153445.8125000000
52226495.0441522598 3166748.4375000000
51749771.0064853653 3119173.3203125000
52087803.8608799130 3155031.5937500000
51379116.0572857633 3062124.3593750000
52133760.4867870137 3159608.6406250000
51233415.0889588594 3001347.3515625000
51275785.0008101314 3025460.1953125000
51373011.6065021902 3058167.9296875000
51436637.4154720306 3076312.2734375000
51130989.6037596688 2962246.7187500000
51137724.8121931180 2968330.3359375000
51245498.2281477004 3015788.2656250000
51355599.8902175650 3050793.7734375000
52445413.8918651044 3180168.8281250000
51551070.4694769457 3098895.2421875000
52025019.9524767548 3151684.9218750000
51946941.1048032194 3142075.8437500000
51068363.2386919186 2895966.1171875000
51533580.9348751009 3096069.6406250000
51753268.0355707482 3120293.3437500000
55074690.5152856037 3265349.4843750000
51165474.1618126929 2980601.7421875000
51233797.8832512721 3004853.2031250000
53002459.3410584405 3214098.8359375000
51776302.4297953397 3122536.9531250000
51318888.7318130806 3044184.7265625000
51975926.9023890719 3143836.7343750000
53150359.8161835372 3221331.5234375000
51349893.9461756796 3050203.8750000000
51562934.3017792851 3099966.3281250000
51830281.9909412488 3130085.7968750000
52887082.0391439274 3209008.5156250000
53570639.2220339626 3236553.0468750000
51332092.5515000150 3049282.4453125000
52447753.2320447937 3180287.5781250000
54180943.1175154597 3251176.3203125000
52443236.7230576575 3179334.5390625000
54006290.3529000282 3245382.7265625000
52114199.9956328124 3158942.6093750000
51323193.7617826462 3045636.2890625000
51422339.4639514834 3071333.8125000000
51357301.5861451402 3054726.4843750000
51718743.4171529338 3117494.6328125000
53135343.5818181187 3220316.5000000000
51175072.2385363877 2983042.7968750000
51462147.7035390362 3083041.4531250000
52120732.0617353767 3159461.4921875000
52777665.4722487628 3202853.0234375000
51448943.8838520944 3077943.7343750000
51474011.5358413681 3084112.5390625000
51609274.1318767518 3104345.1328125000
51633628.3855331391 3105888.1953125000
51507852.8678903654 3090110.7812500000
52173259.4913341999 3162319.9843750000
51196391.5823055729 2998012.1171875000
51097166.1248465031 2939207.0312500000
51122339.5625900403 2952705.2265625000
51495989.0355880335 3089039.6953125000
51732805.2777790800 3118592.4453125000
52555902.1993819326 3189292.5781250000
52520266.8739836365 3186236.3984375000
52203599.4120382369 3163417.9765625000
52816002.9730509147 3204855.5937500000
51706879.5848505944 3116423.5468750000
52321336.3366956264 3171503.4062500000
52149760.1297891065 3160637.5156250000
52668639.4732913673 3196065.3515625000
51404626.3453527689 3068853.5390625000
51094732.2089224383 2934379.4453125000
51494810.0818098560 3087236.2187500000
52930782.3898463622 3212096.2656250000
51091963.9081377685 2933289.5078125000
51644133.9474072382 3106364.1718750000
51935077.2725008875 3141004.7578125000
54289127.8476741016 3252815.1406250000
51412480.9497295246 3069723.7031250000
51253581.9428242072 3016899.9921875000
51223567.2256422713 3000998.1093750000
51461713.4577127099 3082945.5625000000
51479860.8221377432 3085521.7265625000
51911013.3363412470 3137793.6875000000
51689375.0822822675 3113108.1484375000
51455271.8533685952 3078686.4375000000
52579241.6809863746 3190143.0625000000
51443408.0210662559 3077615.3515625000
51491724.6544400752 3086592.8125000000
51703628.2635815591 3114810.9375000000
53913895.6016118899 3243596.3593750000
54894266.9716140255 3264881.4375000000
51385886.6628799886 3063427.4375000000
51432895.5621602982 3073481.9062500000
51955031.3255251497 3143522.9375000000
53528310.3695011437 3236187.7734375000
53110170.1440745890 3218648.9843750000
51337477.3764715865 3049798.6406250000
51846137.6239103824 3130316.4843750000
54414918.8263658136 3253899.7890625000
51791760.1811740175 3124679.7187500000
51148182.8505228460 2971492.9140625000
51779896.3488716856 3123608.6328125000
58940203.4345427975 3296197.7656250000
53620972.1000424922 3239813.1718750000
51233742.1161775813 3003021.6171875000
51847376.4594592154 3131251.7343750000
52038545.6822939217 3151785.6562500000
51891799.4154163897 3136341.9843750000
52328099.1099819988 3174573.8203125000
51394998.7346578464 3063986.5546875000
52633004.1478930935 3193009.1718750000
51573842.1731719077 3100473.9687500000
51579686.1366985068 3101481.5078125000
52269718.6819131821 3168946.3203125000
51561978.3408695757 3099402.8828125000
52212310.3377382234 3164715.7343750000
52267645.2467595637 3168569.0078125000
53356686.6602045372 3229981.0937500000
51090981.6116923019 2923838.6015625000
51828454.1742404401 3128964.4609375000
51903663.2477187216 3137413.0703125000
53589790.2143314183 3239735.1093750000
52202882.1794498488 3163289.1796875000
52967238.8465856835 3213656.8281250000
51764997.6133913994 3121321.3593750000
51159506.7792366371 2978619.6875000000
52326276.3975371793 3171595.5781250000
51798892.4048289359 3125020.1406250000
52651921.7821762562 3195643.6718750000
51417451.3987918347 3069862.8671875000
52372312.2213331535 3177146.2031250000
53192645.6052213386 3223480.1562500000
51125762.3493123725 2953346.9531250000
51122169.7914875820 2951252.2500000000
51404247.5791048929 3064765.1484375000
52314654.2768501118 3170993.4296875000
52217472.6026853472 3164892.3671875000
51680703.2935332954 3111557.2343750000
53075639.2179296613 3217195.1875000000
52485049.4952425808 3183918.9765625000
51269311.7247338369 3024426.1171875000
51460534.5039345324 3080697.8984375000
52110263.6743531376 3155783.4531250000
52168993.5979929417 3161070.0625000000
51119172.9165857807 2951161.0234375000
51309171.0518139228 3041831.6953125000
51617001.4635314569 3104360.6015625000
52208044.4443969727 3163465.8125000000
52496772.1654807031 3186059.7656250000
51458347.0566909164 3078711.9843750000
55359459.6872026175 3269634.7656250000
55825382.5956027210 3275635.7656250000
51400825.6985046491 3064524.0703125000
51633168.7401384562 3104437.7343750000
52681237.7260581106 3196530.5234375000
55741749.5249371082 3274017.5312500000
51237272.7617803141 3010762.0781250000
61611570.3287060484 3304574.7500000000
51806094.5862636864 3125230.3359375000
52764878.7003581896 3201134.6171875000
52389998.5098937601 3178330.9296875000
55421941.4375891462 3270010.2265625000
52367149.9563860297 3176969.5703125000
51762471.5793291852 3120547.9609375000
52440546.4007763863 3178964.9062500000
51894905.3891409636 3136927.8906250000
51383175.8209165111 3062462.7265625000
57663030.9692913666 3283343.3281250000
51369972.0012295693 3057365.0078125000
57054921.3629713058 3282261.9765625000
51399472.0608477741 3064514.1093750000
51764743.5127041340 3120584.8281250000
60792787.2929620072 3301789.3750000000
51352160.4167983383 3050326.1953125000
57701253.0106942356 3288102.4140625000
55223361.2068682685 3269606.7343750000
54077604.8351680413 3249144.7421875000
54305128.6885817349 3253768.9062500000
55135614.6259283796 3267737.8515625000
54587389.1837758049 3258284.5937500000
54551449.0008649677 3255628.8125000000
52210753.6282833219 3163627.4765625000
56911834.9288787469 3279130.1640625000
54424635.4383835047 3254082.3437500000
53110126.1423284709 3217673.0859375000
53006510.5807844698 3214884.3203125000
54636813.3809628263 3261148.2812500000
53446582.5187420696 3231478.5312500000
53995677.5319084078 3245156.2031250000
54974526.9201115295 3265003.3125000000
