31114371.9545511827 901193.1679687500
31085951.9923047535 899467.1992187500
30698949.6699283272 871449.0273437500
31040671.1261490434 896926.2187500000
31102014.0249246806 900956.0234375000
31366225.0615560859 913294.1835937500
31190924.7523953728 905708.6562500000
30493260.2634492032 846485.5273437500
31164451.1346004307 905279.5664062500
31036991.6306076385 896916.4960937500
30961133.8114014938 892249.5117187500
30708784.3139859512 873051.3828125000
30775899.2785513774 878928.8710937500
31078013.4784869440 899399.3437500000
30765452.1304366328 877022.1640625000
31000969.0340438969 895463.3359375000
30722023.3488018662 874326.0195312500
30500497.9439342506 847653.8789062500
31083982.6536249518 899411.8007812500
30921404.3013696857 889193.0078125000
31194493.0280773975 906879.1875000000
31060992.1770453677 898473.1757812500
30837891.7602326497 881994.1093750000
30763482.7917568274 876966.7656250000
31311515.4647303596 913253.6210937500
31470743.3486917242 916222.4179687500
30827035.2022766322 881853.4414062500
31144299.3246959820 904340.9414062500
31103983.3636044785 901011.4218750000
31216799.0201728083 906947.1875000000
31126267.9533962496 902739.5156250000
30858212.8111289702 883541.0664062500
30798189.6681275070 880531.2265625000
30860182.1498087794 883596.4648437500
30825065.8635968231 881798.0429687500
31044930.1444254443 896927.1484375000
31308705.2971842811 913188.5000000000
31113531.1256849095 901183.4453125000
30998999.6953641027 895407.9375000000
31383782.7067124620 914359.0312500000
31062961.5157251731 898528.5742187500
31583325.6680966206 917337.5507812500
31207789.6024621800 906888.9101562500
31449202.0441846550 915971.1093750000
31076044.1398071386 899343.9453125000
30589717.5702191181 860807.9296875000
30891692.0012757517 887983.4921875000
31035022.2919278331 896861.0976562500
31240433.9712926261 907361.2968750000
30687531.5424820520 871384.5156250000
30626488.8341349959 865254.4648437500
30869401.6116996258 886381.1367187500
30746564.1592506319 875928.3750000000
30744594.8205708228 875872.9765625000
30867151.1908269897 884769.6679687500
30796220.3294477016 880475.8281250000
31257943.0268697850 908435.8671875000
30519199.2483693808 849075.7187500000
31189758.2311624475 905344.6875000000
30889722.6625959501 887928.0937500000
31447232.7055048496 915915.7109375000
30531443.5899771899 851797.8203125000
30943102.4401017651 890351.9179687500
30773648.8576787412 877317.4023437500
31052257.5436722226 896981.6171875000
31477463.0868057571 916262.9804687500
31131562.4969846383 902784.8710937500
31392095.2664917782 914841.1406250000
31153471.1801980920 904396.3398437500
31135439.8088983633 902794.9140625000
31434784.7635369971 914855.9765625000
30960292.9825352207 892239.7890625000
31015975.1677466854 896672.8515625000
30940292.2725556865 890286.7968750000
30572985.6044637859 859441.4882812500
30942261.6112354919 890342.1953125000
30958323.6438554153 892184.3906250000
31176461.6567776687 905334.9648437500
31111561.7870051041 901128.0468750000
30660197.3511574082 866921.3320312500
31209758.9411419891 906944.3085937500
30679122.9243606776 868287.7734375000
31058012.7685074098 897799.7226562500
30974999.1489263698 893851.2578125000
30956967.7776266411 891953.6640625000
31259912.3655495904 908491.2656250000
30637580.9098740742 866865.9335937500
30973029.8102465607 893795.8593750000
30612271.0824853592 864053.3164062500
31192523.6893975921 906823.7890625000
30954998.4389468320 891898.2656250000
30990265.0619909503 893916.3789062500
31233714.2331785895 907320.7343750000
30548175.5557325184 859386.0898437500
30988295.7233111449 893860.9804687500
30702237.7088731974 872995.9843750000
30865593.0848052762 884418.4218750000
30743779.7233598009 874417.8242187500
