100668787.6953423470 33802.5725693703
99970837.4843367934 31930.5697009563
100678369.3107948452 33847.0621855259
100072978.5112116486 31992.0493547916
100230439.1276213825 32889.7177641392
101589052.1365105659 36087.3216649420
101493107.1046813875 35592.4318167060
101526681.3849547356 35628.9858571976
101678622.9628022909 36105.6194478958
101221594.5242243856 35459.3773214310
108978412.9426261336 49663.1827392578
108536579.0999138802 48891.1790771484
98872110.3173187524 28618.9013137817
98697345.2962376326 28606.5293257236
103496099.6539545804 40022.5762546919
107263874.1397318542 46864.4730999470
107176793.6738548875 46537.4633131027
105378607.8165401369 43548.8861603737
104938379.3960362524 42722.4234025478
105204341.9769986868 43279.3511369228
102869584.9394634664 38684.8110643737
102644486.8373494893 38191.6193529479
96788186.2074939013 22005.9767634273
96863809.6115601659 22079.5846125484
102528025.2260718495 37840.7795473449
107930521.4396295547 48047.9756164551
107786486.6629579961 47721.4581604004
108373501.0604098141 48867.3337097168
103300893.1670333296 39444.0380803228
99215294.3748125434 29596.3234643936
103021540.2134452909 39082.4129091613
103104111.8406915665 39110.6466892622
102915774.5110068321 38862.3316255920
106762398.8319455981 45995.7038749419
95415119.2773932219 17303.0387357622
102276105.3890880644 37330.0786642693
102550928.4852870107 38170.4833437316
102550669.7995769382 37855.3149668090
102690434.1218843013 38261.2205692977
105648916.1183635741 43886.3949601650
97628368.5573623776 24700.0506795645
103118420.3246317506 39129.9599374947
97903115.1209881157 25635.2509429373
98238282.1889092326 26819.6302874088
97942883.3516049534 25762.3461044878
98458048.2378357798 27710.0002577305
107006428.9572493136 46512.5048122406
97213723.6413978040 23529.1684138179
97108728.8369027376 23078.9413517416
107491729.6101462245 47168.1504049301
105134499.4865816683 42873.5558495000
105195333.7941846699 43270.7578148320
101028160.1207535714 34556.5730259418
108568669.3483463675 49119.5061035156
107252273.7583949268 46788.5736351013
102797815.8029684126 38569.7190054208
104903184.2636800408 42703.8256212436
107277033.7034232914 46916.2954652607
106852554.2654430866 46206.9932039082
102160799.1156235933 37277.8667627685
102614782.3494319916 38189.7963281982
101864212.5569651574 36393.7544809692
99168289.9642191082 29592.2914732993
99094415.3433879316 29409.6257950366
99119691.7819304913 29505.0862425864
97355700.5178533196 23686.3463740349
108289116.3823778629 48677.2819747925
107548189.7246176600 47190.2868070602
102906243.2989857495 38709.2641978264
106980931.7714645565 46313.0856771469
106956865.3198554814 46280.8416923247
96874557.9299962223 22617.2388483882
97276542.1706760526 23579.2897207737
108747540.4339900315 49486.6545410156
104699825.3009185344 42255.4454840422
106256325.1800074577 45141.8752158843
106435670.6597527862 45342.0391519368
105962985.3899682760 44499.5686515532
102122213.8202651441 37035.7559776306
108101877.8686807752 48457.6257324219
98157920.9895994067 26705.5380938053
107690211.5021089911 47475.6830692291
108202969.9612981677 48639.0217685699
107189596.4521841407 46644.0418653488
106781409.6792691648 46024.5370445251
98236995.1480761617 26767.1293671131
98465561.5506321788 28147.3608543873
98098861.1711911559 26369.2131278515
107848078.2127465010 47905.3769321442
106117806.7718531787 44870.0420249663
106282736.9907797873 45258.3121665679
97415119.6236176044 24078.5508135390
97788446.3060937077 24990.4803789686
104845490.1396793276 42630.9348167852
107715618.2772506922 47536.0190839767
106874476.7532036304 46211.4194968902
105919576.7815266848 44414.6270621978
99105490.2768457830 29491.8154122829
108496303.2615872324 48872.1393222809
108728909.9775464535 49307.0382385254
102415586.3888210803 37710.1447931640
102294147.8963418901 37609.1357370727
102408116.6622864306 37677.1024244577
100846386.6884871125 34547.4477560013
100493812.6674621105 33380.7811948746
100842756.9445434064 34271.9423496723
101115487.6648359299 35174.7466451615
98884755.7228194773 29110.1826247275
109530499.4929931909 50211.8975830078
102119289.3872428238 36928.9538156280
109736445.0545340925 50557.5329589844
109141552.1412261724 49772.1930541992
108078870.2838587165 48415.4473056793
98030221.8539297283 25809.3492443562
99686827.7117413282 31188.7868642211
99607537.0210513771 30987.0144083500
109253774.1530291736 49882.4124755859
101966438.6243719012 36765.1042200439
101668586.8492436558 36101.8565025330
100727450.6710789353 34262.8170797318
99292605.8460471183 30279.2249429226
96567700.6732346117 21251.1415931284
109417704.1328849494 50202.7700195312
108840989.8541665077 49540.8361206055
96516166.2010574639 21239.4739538133
102056509.8058973551 36784.7027801734
102012883.0301296413 36778.4542987347
108028140.2848258018 48200.7490024567
97110306.5180420280 23145.1924857926
106453215.5638360381 45402.3916872144
96946977.4594072700 22670.6250216961
99679828.3617928773 31045.1453742981
106561876.0980492085 45663.9948073328
106075680.8732967973 44737.3230741036
105764304.2730693072 44141.4123380196
99438934.9866756201 30354.9984731078
107294300.8870875239 46952.2093410492
97842290.6647735983 25500.0952736996
99394252.7804472297 30286.2736549377
98143531.4362269789 26425.7985973358
98257334.3255595267 27277.7384674549
102045134.2686738670 36778.4581566930
99908648.3927039951 31807.4109230042
99503987.5873606056 30895.4813575745
109064212.3281878531 49763.0654907227
106439990.7834262848 45367.7343925200
109049746.1411011368 49746.0780029297
97207407.2828112394 23511.0026054215
101897069.8865879476 36442.7175786495
101079579.3251944780 34686.4169371128
108629885.8988536298 49306.3734741211
109289708.8852886856 50117.8284301758
109336153.4752385318 50129.0869140625
97065051.0416915417 22920.2117902339
107394370.4361743927 47031.9912710190
96399305.9014646709 20852.3802728876
96400145.2587980628 20855.8133015260
99954909.5736990422 31874.3424303196
108933388.7499821186 49585.4102783203
100449876.2121260166 33121.4222624302
100413639.5554209352 33065.4778807163
98448607.6922367364 27436.2785167731
95890140.0682052672 19181.6665830271
97103977.6164426953 23033.3213615250
97487052.9529297054 24522.2756979156
107210185.0166385472 46694.2230978012
109037408.5810815394 49689.3823852539
100160669.8659612834 32692.6892800331
99282744.3618148565 30069.8623027802
95619171.5513052940 18214.9683011919
98386969.2575388402 27384.1712219715
96455408.6276246607 21059.2014318407
101455758.0756113678 35511.0908887386
100635084.9525875151 33643.6482633479
97637431.6688554585 24878.6092547011
101064778.8216282278 34582.3920133114
95983032.3545271754 19268.5710278451
104994873.7350146323 42735.4753911495
100634762.6549150944 33599.0382067822
100392325.3651544452 32958.8126394749
100560453.3049515486 33596.3907990456
100531812.8810634166 33583.2037222385
100078947.3520045727 32671.2741568089
98451335.2451561689 27473.6732215881
107717276.8898913264 47703.7080106735
98915668.5615594983 29137.5466854572
98988871.1941457540 29195.0148079395
97785428.0023718476 24881.6867967844
107118931.1685132086 46519.8775901794
96690605.6207359433 21981.1303039300
105857669.6576514840 44295.8734382584
98595196.4826114923 28253.7936089039
106754596.9750554562 45978.9712171555
105061269.7584691495 42840.2798614502
97384252.8425705880 23945.2509269547
106074616.1923961937 44708.6820958839
105160312.8303059042 43017.6572489738
107704702.7129739225 47520.0562310219
107565336.3470002711 47446.3731255531
105768555.8671198785 44232.9627530586
105585782.3301514834 43870.5289253190
105853237.2751251161 44240.4518818744
105498305.1713617593 43744.2549815178
105574880.7688894123 43749.7630381584
105227567.1332830787 43318.7105966818
99435375.5947328061 30293.6725273132
96152374.0521289408 19980.7643385828
96266265.6173365116 20272.9114638269
95873710.5852197409 19071.0739174783
97346232.4513443857 23603.8629600219
105722344.6649371684 43991.7972387061
96016778.7785286009 19360.9818983972
99234819.8475953341 30068.8598899841
110066465.4063863009 50642.4745483398
97186477.8239716887 23461.9382316284
97360811.7011194229 23748.1231986694
99831789.7393898219 31752.0105040073
106821088.8578213304 46026.3268442154
106535770.2871905863 45577.4471143470
104485942.1179776937 41885.6463999748
104593908.5872876346 42105.7276835442
105044171.7689762712 42798.6492499113
95732995.2240418196 18342.6494835317
95949304.4744899571 19261.7316344678
106105274.4738531411 44793.6236852393
106396323.2821121216 45264.5556348548
96224512.0843194425 20063.5339617948
96013526.9113700986 19330.5360954702
104060153.6931023747 40942.0662195683
105675435.4307885915 43974.3306379616
96289319.7686977088 20326.1631447375
103947043.1545974910 40760.4094812870
96962725.5250187516 22713.2471996099
104793662.0713577569 42408.8861765862
105753791.8539951295 44007.7208933830
98985707.7263128906 29179.3243820667
104005164.2117677778 40837.5858118534
95383532.7243367434 17234.1112308204
95121021.8893535137 15535.5010541156
104511850.6109758615 41918.4216685295
96406023.6983623803 21012.4878648818
96642455.3433253765 21757.1535190791
99581776.9094128758 30920.2986700535
96291762.0563015938 20845.0340837538
103668987.6209926754 40178.1649671495
95080321.1236555278 15422.6537736952
95194893.2697854936 16327.7523869574
94918186.6818346083 15415.8228215277
95219321.7610915303 16340.6965206638
95153554.4388406873 16324.3962726295
95148579.7613948882 16320.1006898582
96173605.0392327309 20000.4660188258
96037330.3053379655 19933.3224724233
96366063.7606784403 20852.0296148360
105327125.9968193769 43383.5152659416
103199761.2740045488 39250.2435679436
103352987.5986987650 39550.2473340929
103592754.0729922205 40160.9371221066
103286987.2331958115 39395.5512201786
103756291.7570903450 40438.4187891483
103905914.0524316281 40669.4997065067
103462748.9684794843 39838.4912226200
96131968.2249623239 19980.1750576939
103277236.5361491144 39340.9976115227
102793240.6244762093 38429.0680460930
101839976.3222249597 36371.0368235111
95445719.2954638004 17375.0142669380
95267262.9822328985 16605.2816314399
95236777.0135686696 16383.1602554023
95321574.3524468839 16633.2708282173
95326175.4784722626 17229.8530120552
95691291.7968716323 18255.1419243515
95871795.1573682129 19060.0861283359
101919564.4452432543 36565.6140111238
95752962.0260737538 18841.3404944520
104222957.7948025316 41184.0972173214
104163597.8643785566 41137.6600224972
104309115.4173574895 41529.5587041378
104582789.2216487825 41982.6081923544
104106223.7317093313 40988.0986784995
104030493.3157139868 40901.6410710812
103825534.4037406147 40620.0755274296
99774241.6572917700 31222.0790481232
95494583.8187496662 17929.3879127651
95555615.0260073841 18141.7825774848
95796592.4987356663 18943.5954007208
101801940.8412338346 36303.6358206421
101528560.1248454452 35642.7922104858
101731024.9000334740 36120.4375854731
101450834.6167396456 35461.8475842476
