117761680.4703631103 558276.2479553223
119294095.6065089107 654448.0372314453
121501335.0086221099 738093.1296386719
121094801.8863210678 727372.2014160156
118999811.9905238450 641845.1600341797
118775220.7672947347 632208.1717224121
117544833.0842010677 542202.0124816895
119926615.0242093503 683870.9848632812
122180659.0345208347 755718.9514160156
119997237.4773473591 688257.7116699219
119935010.0371195078 684893.2556152344
118693824.4774234295 626467.3253173828
121061904.8625769168 726023.9992675781
117527393.0244547427 532670.0225982666
119284109.2409597635 654437.4102783203
119902113.0133752823 683545.0534667969
117362449.6984526813 513367.1644439697
120121250.6196530312 693336.7456054688
120679355.0796389729 714177.9145507812
119451430.0426948667 661748.0437011719
117097868.2500203550 437348.8357772827
120311702.4022477865 700420.9448242188
123601886.3241380155 774657.7309570312
117230112.4156029075 460411.5682601929
124416099.3430429697 776583.3178710938
117897435.5306256115 571616.6229705811
118065660.8615657091 583958.1003570557
117801227.7318821549 563468.0792541504
117683618.0107855499 553567.9042053223
124916461.0122470558 778692.5922851562
117661001.4026240110 552914.3085021973
121370646.8589545190 733937.4870605469
124853948.5143368095 778302.6762695312
120582096.2578686923 710790.0571289062
117386706.7749103159 522512.9959869385
120363675.7740148753 702407.4987792969
118855579.5649354011 635035.2649841309
123771154.8796876669 775472.0942382812
117621062.0874711424 547846.7927932739
121915171.5943261981 750121.8112792969
117776134.0848579705 561684.5815811157
121466845.3329909593 737437.8144531250
117885011.9567764699 571458.0122222900
121376725.0120022297 736032.2114257812
120311562.6975332797 699521.9729003906
120994707.5332174301 723605.7097167969
120780285.2292406708 718153.5019531250
126782099.4714406133 779248.4536132812
120519868.8176408261 708385.8491210938
120590680.7060598582 711094.1667480469
120828722.0716577023 718904.7062988281
120702417.7107541412 716009.2773437500
120964113.7366534621 723216.5588378906
120525039.6320019215 708449.8710937500
118277943.2787171453 599585.9152679443
118389069.9916663319 608632.1630706787
120137736.3316264302 694149.0603027344
119618277.2015142590 672016.1973876953
118929228.6320467889 638157.4324340820
117308622.1276582032 511147.1042633057
121439119.1236077994 736153.6342773438
117462402.2555416971 522968.4870071411
118009473.6238126159 583255.4059906006
118954969.5938023031 639306.0200805664
117730780.1503495425 556270.5331115723
121433948.3092467189 736089.6123046875
120893414.1531549245 720171.2290039062
117301544.4619297385 480130.0722885132
122688026.9387203604 766973.2885742188
120923226.1814105064 721570.5229492188
119133367.9815019518 647730.6840209961
119028426.6974185854 643597.2763061523
118980772.2395134568 639836.6652221680
118064835.4607898146 583747.5939636230
121017237.8601795137 726017.4895019531
117862034.4539833814 570625.4951019287
117276714.1003475338 471802.5171737671
120611491.0274737328 711511.2189941406
118284696.1990019530 602058.7995452881
121213139.8385904133 730528.3666992188
119604586.5105303377 670620.7519531250
123023771.6008530408 769731.4633789062
119724907.9634158015 675790.9067382812
120833105.8604217321 720164.9199218750
119068698.2784308791 644374.8829956055
126900247.5396287441 779352.8110351562
118098414.0457503349 588133.3957672119
121016643.6333763897 724103.4450683594
120901628.9956287295 720204.5068359375
120735314.7344983518 717357.4794921875
118327160.7697223127 602982.6086273193
117909196.5935473889 573328.1240081787
123718738.6465975940 775230.1914062500
120548666.9299713969 710022.2719726562
118074915.6973260790 585011.7321929932
122796113.1219759881 768099.2084960938
117932174.0963404924 574160.6411285400
117708163.5421880335 555616.9374084473
124745332.6464723498 778043.7055664062
119135163.9350980073 647969.1566772461
118844774.6961562634 633664.8714599609
121246036.8623346239 731876.5688476562
122655129.9149761498 765625.0864257812
119075291.0466877818 644476.1748657227
119321811.7396250367 655304.3641967773
120426704.9085094035 703672.0712890625
120655900.8104622513 712410.7731933594
120186470.7240554243 694653.3520507812
120459992.5563922673 706938.5241699219
118994932.2490471005 641649.0816040039
127242448.9991600811 780023.2329101562
118616581.0096703917 620570.0157470703
118653861.8221786618 624124.2637939453
120277443.6632789522 699315.0959472656
120153430.5209733248 694236.0620117188
120430613.7349828184 704172.9279785156
118889265.9768019766 635814.3709106445
122378819.7377548516 760008.5583496094
120090795.8587519825 691979.8884277344
117907628.5649379939 572111.6079254150
122476608.1976852268 763748.1977539062
120339671.1035068333 701719.3039550781
120362337.9129652232 702246.9460449219
126815143.8351657093 779348.6635742188
119328877.3711255938 656299.2235717773
120492889.5801365227 708286.7263183594
118382317.0713815093 606159.2787933350
120483997.2269003391 707577.6535644531
119357155.7841165662 656526.3671264648
117954790.7045020014 574814.2368316650
126905418.3539897799 779372.9389648438
119115253.7019325644 646819.2363891602
117994037.9100442380 575458.9819488525
119101697.9832091331 646298.6723632812
118735258.1120499521 629865.1101989746
118718077.7190032452 626740.5490722656
119500212.7178659588 664047.3884277344
118798198.2700878382 633040.6888427734
118598105.0745850056 620476.5789184570
118670846.9746303856 625634.8081970215
118895542.2201802135 637378.3265075684
118633951.5890132040 622974.3435058594
123497244.8242931813 773895.6557617188
122471437.3833241612 763684.1757812500
118382023.8964950293 605973.9462890625
118558951.9794984162 617563.5645141602
124632422.3509863168 777897.7651367188
118162072.9677061290 590778.2146148682
119090771.9165901095 645037.4699096680
118515510.6617202610 615771.4055175781
118768944.5239165276 630644.2161254883
118663325.7721628100 624136.9280395508
118475548.0064754486 613428.3439941406
119211093.3694755584 650207.6246948242
124763673.9955126792 778278.4008789062
118210036.3945314586 595480.1881256104
119397118.4393613636 658869.4286499023
119276796.9864758849 653699.2738647461
118249999.0497762114 597823.2496490479
119236834.3312311172 651356.2123413086
119250406.4370678514 651901.7001342773
124706086.9480614960 778016.4096679688
118875325.9997325987 635154.6569213867
119717842.3319152296 674796.0473632812
118200183.8563578725 593488.0079498291
123374227.8452609330 773025.4760742188
118196847.0062569529 592648.8632965088
121183552.1213098764 728864.5168457031
118156884.3510121405 590305.8017730713
118579921.7991398126 620001.7075195312
119564623.8552855402 668277.6904296875
122259244.4104397595 758615.4296875000
117817988.7112772912 569980.4145736694
118169806.0656149238 590790.8616790771
122169768.9290871620 755347.0949707031
118232186.8669462204 597503.3479156494
118138662.7569657862 590048.9502105713
123482464.6699486077 773214.0034179688
118446776.7471562475 612856.3210449219
118371474.2312221974 605658.7749023438
118732059.6867268085 627052.0125122070
122693197.7530814409 767037.3105468750
118339487.8364465833 603620.5291748047
118331511.5759773999 603315.7133789062
123266141.6620052904 771899.5561523438
118406814.0919114500 610513.2595214844
121131689.5760457814 728181.4311523438
123713567.8322364986 775210.1030273438
123995991.9793195128 775888.5073242188
119480686.5017408729 662408.8305053711
118500897.5585984439 614430.7496337891
118118532.0638226867 589241.4548187256
117986599.0219132453 575359.3535003662
119520984.6789734364 666348.7228393555
124022665.1961098164 775958.6059570312
122760480.7594394237 767766.6865234375
122682943.4148229510 766417.5205078125
124500900.0434542000 777218.0551757812
123523918.0410834849 773965.7543945312
121451919.0532164723 736176.6831054688
122438540.3595799655 762335.9736328125
121501739.0325720161 738485.1142578125
122950974.1321596205 769103.5087890625
122201444.5845686197 756954.6474609375
121564215.3348238468 740289.2150878906
121676696.4192490876 743066.3217773438
126764885.5812172890 779213.7817382812
121728671.3645365387 744772.6711425781
118619884.4543846250 622344.7690429688
118252018.8290479183 599038.9140472412
120064367.0225789845 690752.7536621094
119481022.0237286389 664005.6613159180
121534636.0563162118 739833.3164062500
121841475.3249142617 748234.4191894531
122660300.7293372154 765689.1083984375
118486187.5462505966 614107.5332031250
118212056.1738030910 596695.8525238037
122887483.0245314538 768954.9960937500
121803407.4868090004 746822.1950683594
119940353.8802733272 685673.7197265625
119227828.5924821496 650620.1757202148
121545526.1617498547 740205.1728515625
119414342.6284121424 660454.5485229492
121990367.3904358745 751979.9526367188
121836304.5105531961 748170.3972167969
123110013.3710083663 770933.0786132812
122065103.5127083361 754029.4765625000
121761568.3882807493 746120.8732910156
122062283.7955705822 753795.6647949219
119374379.9731673449 658111.4869995117
119948283.7861328125 685812.4165039062
123104842.5566472858 770869.0566406250
122443711.1739410162 762399.9956054688
124064073.8902518600 776299.6137695312
118526150.2014953941 616450.5947265625
122638369.1641406268 765061.6040039062
120395136.7054357529 702714.3969726562
122285911.9833646715 759590.7221679688
119856431.0554583669 683204.0275878906
120404358.9037561119 703616.3273925781
122046307.6595064253 752523.2998046875
119816468.4002135694 680860.9660644531
122051478.4738674760 752587.3217773438
124479397.6410250068 777168.0449218750
121085760.9953865111 726057.0764160156
119791373.6200829446 679385.1804199219
122919130.1010082662 768969.3881835938
119992249.3563411236 687287.4294433594
121282924.5520593524 732685.7985839844
119683959.9648695141 674162.3928222656
122578066.2897192091 764784.8085937500
122226351.0768140405 758005.0158691406
122538093.8243789673 764091.3320312500
122924300.9153693318 769033.4101562500
123099083.8835184276 769853.9702148438
122419169.8228368461 760639.4794921875
122583237.1040802747 764848.8305664062
121482271.2138811350 737625.1533203125
119741788.2926933020 678493.5041503906
122413999.0084757656 760575.4575195312
120201826.2998197526 695488.8947753906
119648054.0398040712 672599.3298339844
121581895.6385791600 740661.0715332031
122985786.5420630425 769376.5444335938
119673320.4250943512 673535.8364257812
121694976.3127551079 744014.8991699219
119852375.2878866196 682120.5815429688
119585654.3820444494 668793.3412475586
120005593.7645162195 688638.9384765625
123093913.0691573471 769789.9482421875
122024215.9574653059 752383.4406738281
119347785.0046084672 656513.6793823242
120037920.6070885807 689466.5402832031
120348897.8118942082 701808.7338867188
121885195.0787421167 749256.8259277344
122057112.9812095165 753731.6428222656
120097264.0463231951 692100.9558105469
119973250.9040175378 687021.9218750000
121364601.6856815815 733612.1406250000
123938562.4024519175 775684.0268554688
120161933.7493942529 694545.5742187500
121724696.1305030435 744406.7758789062
121597857.0812436044 742763.6899414062
121320931.9538441598 733480.9680175781
121666380.2164505869 742803.2768554688
122092003.6133185625 754187.5415039062
119387747.6598532647 658856.7409057617
121699277.2401948273 744151.4790039062
121370686.4409133941 734141.4729003906
120191671.3878713548 695453.5456542969
120216489.6566784084 695707.4291992188
120211318.8423173279 695646.5708007812
123910015.8306040615 775553.9458007812
124187181.9793416262 776323.2543945312
124324300.3730880916 776524.4047851562
125179701.0951666683 779129.5610351562
124560397.6842548847 777379.7690429688
125110417.6064492464 778732.5874023438
124213855.1961319000 776393.3530273438
