109431555.1884888411 12074.3471590953
127713376.8209740818 54420.0658569336
110151958.8244099319 20594.7304089274
110041156.6071430296 19687.2262049820
110005869.1871622354 19519.4504984841
110279099.4427694082 21516.3423288371
110414862.6778737456 22245.2360276207
110182908.6750940233 20608.8381248917
109566259.4234013110 14951.2411981449
111078756.7572872341 25051.2562207021
109500925.3696177900 13842.7310610335
109419942.0228178799 11388.5058715448
109551853.6568167061 14876.4374504346
110003821.2138713151 19518.4984882399
110036603.5573617667 19686.2570536062
111641097.2634619921 25801.8712106925
110338006.9199842066 21547.4761006162
109913367.1813445240 18774.4836999103
112060176.8587659150 27255.0416181311
109978536.1662918329 19503.1825206313
110723530.0027423948 23502.0434976071
109529194.4023776650 14645.6312768194
110441968.9046339542 22245.4032377228
110247867.0137703121 20752.1934749335
112515978.9928890467 28220.8601072058
111129587.3544813693 25081.3053023145
110116671.4044291377 20426.9547024295
110009727.2867743373 19623.6463025361
111045534.4072780907 24980.4307246022
110248526.4405567497 21343.3096293435
109787317.9875187576 17707.4956908259
109588161.1332685798 15630.8814981017
110507979.6160009503 23046.8235646088
109596762.5855435580 15631.1940790042
110450150.0978545547 22413.0117341187
109866294.4100524187 18595.1735277209
109819886.6345244646 18292.4160095111
109984928.0411494225 19515.1813487336
112081738.2450335622 28056.7500531897
127420048.7238435000 54321.6381835938
110295867.1945295036 21516.4985405710
109700588.5932322890 16854.7121361643
109807429.6746449918 17754.3852041066
110155863.0667521507 20604.5689751413
127632968.8944395036 54356.0439453125
109861682.3542082906 18591.2529552016
110577290.7162140161 23334.6236540284
109603347.7908114344 15643.9456250441
110147559.5925067365 20535.4606086537
110028722.4483926892 19682.9570552316
109580131.3928192854 15564.0212369815
109902879.0069886446 18715.1900883466
109976438.5543529838 19324.8093568456
111684653.1169159263 25813.4108350500
109571712.0313250571 14954.7145493850
109943295.2367134690 19208.6147246913
109800021.7412892729 17730.7023348680
109772912.3815314770 17699.0647188649
109746327.0871601254 17682.7967410121
109730112.4327644855 17467.0880342945
109970828.4991586506 19287.4738139138
110874071.8709678203 24139.3266552724
112096187.0767000318 28206.1594693884
109826641.6662047207 18359.2762706313
109654765.6659868956 16547.0802132818
110064305.4056824744 20128.2739684728
111011685.0584924221 24852.4575704783
110800761.2172592878 23910.2196315005
111923476.6656660289 27165.0845105872
109508120.6853925586 13918.8051692649
109710923.2423338890 17395.9586234239
109573546.1875514090 15551.2696909416
109552861.6142034084 14877.6079613898
109633742.3193299621 15879.3956608546
110955848.6003150940 24178.8859058172
109512732.7412366718 13922.7257417842
109704531.3674763143 17383.9597953216
109833033.5410622954 18371.2750987336
109528270.9464439005 14644.6807820532
109518101.1048143804 14639.3401255119
109543043.0254091620 14871.3168100822
114016671.0441954881 30686.5404244661
113626599.8649809361 29783.6727758646
110854229.4688000977 24104.7707477361
109628289.7114062160 15875.9223096144
109861319.1973856390 18536.3915221837
109670617.1635598987 16707.9274869815
109605073.3134140670 15795.9979215518
109880120.5032631457 18641.2810420804
109868074.2290658802 18603.2517833039
109750939.1430042535 17686.7173135314
109677372.1952401400 16774.7877481017
109752718.9620177150 17694.7955691144
109463055.2548975945 13016.1700008209
109500001.9136840403 13841.7805662673
109845273.6710004210 18449.7081673571
109442643.7421045750 12145.3053106475
111050517.1770564616 25016.7003131658
109468149.0613506883 13742.7883325448
111041511.3609603792 24937.3848250657
109642331.5072365403 16542.8110635314
120520498.3839440644 44194.6076408848
109412756.1744444668 10598.4598027573
109452692.5962557644 12931.4992938745
109489832.0720545053 13836.4399097260
109427537.7212952524 11388.7768534527
110996961.2268872261 24279.1349139959
109739971.9622510672 17604.2206220515
114811943.2428730875 32104.2207318544
119893988.4930741042 43283.2820028290
111286105.0844581276 25148.0048127621
122458862.5059156418 48012.1234299168
109533484.0349699706 14718.9519326720
110372837.7619216889 21951.7867734280
109658792.8735484630 16555.8751904738
109635044.7430864573 15942.7825707346
109711286.3991565555 17450.8200564418
110391182.1334083527 22089.1490840241
109407792.0225301683 10598.1888208494
109943306.7869344503 19216.3444030431
109872819.0330422223 18606.7251345441
109836383.0463665277 18398.5264074538
109826278.5093820691 18304.4148376134
109824498.6903685927 18296.3365820304
109442783.6710076481 12153.2163081134
109505215.0022100806 13916.0517168861
109664262.0386508256 16629.3052466062
109634175.7069436908 15898.9672036688
110104927.8994566351 20360.2506530431
111704125.8783892095 26171.2856959328
109953312.3192322850 19219.8177542833
109738310.0117754489 17471.7129895720
111467498.5661849827 25724.7849366888
111828193.4974855185 27144.8204877600
122322108.8374559432 47901.0860764012
109709143.4233204275 17387.8803678409
109635576.4755563140 16475.9508024112
109831253.7220488340 18363.1968431506
110142593.7520394921 20434.1587340978
109715898.4550006688 17454.7406289611
109941526.9679209739 19208.2661474601
109826171.7008728087 18299.8099332706
127454224.5615445077 54349.6717529297
109558425.9555647522 14950.9286172423
109439979.9301530570 12122.9355374086
109659929.3030503839 16586.6560961530
109926877.1326014549 18798.5885081664
109416506.8592786342 11283.9116541224
109436252.5580437183 12074.4996867257
109602636.4334733635 15632.4346115622
109798511.4259973466 17711.7679297253
123153000.7488282174 48939.2673850358
122863664.6809887439 48069.2740036473
109958394.3404083103 19283.2046641633
109431288.4061294198 12074.2287048178
111786122.7964426577 26495.8380353674
109717678.2740141451 17462.8188845441
109611828.3450943083 15862.8581826720
109687175.1118718982 16782.8660036847
109537354.8100775182 14724.5394519601
109444272.2695912421 12195.8412195521
124585259.0437652767 52245.1412506104
110961982.7903782874 24211.4925972559
121252548.4483366758 47434.4202743992
125233461.9455874860 53333.2542266846
125247390.3210531771 53458.9737091064
116257510.4291334748 37071.2352661509
125690802.1680747867 53525.4591217041
119386290.5369499326 41995.6283833180
109430693.2930418998 12049.8700621205
123742692.6518402249 51640.1443023682
123973055.4195191711 51741.8081817627
121087168.2282476425 44994.0303369984
125981129.5199636370 54308.6540527344
111308586.2332537323 25309.8370371759
111734731.0178710669 26235.7415822968
125824725.5458591878 54221.2318725586
123252916.8516873866 49104.5411334038
123586785.6270665526 50202.0844192505
114326586.7079135031 31008.7408684339
113529399.8191019744 29311.9110125560
113448998.6014873534 29210.0383929271
113297177.4469800144 28402.6074720878
113422095.6292375475 28552.6972645927
114564034.4671722353 31701.5048647929
114675699.2004458308 31799.7744591642
114952742.7542262673 32716.9214048665
114979415.1330850869 32742.9554062169
114987966.1912781000 32821.1269798558
114691469.0337401330 31979.2275657933
114814028.4412479103 32544.1808462422
114772392.2268030047 32008.4055678137
114534702.5201689601 31096.3614254292
114792158.9349303842 32054.7339096349
114691469.0337401032 31909.1974144261
114914960.1857723892 32645.5056147575
114921708.3169712722 32692.8207218647
115157113.5382100940 33326.4836767424
115785230.6202547401 34916.3534399271
115537522.1781274229 34825.2611191273
115965727.9705257714 35452.2145464420
116029827.5437136739 35540.5220301151
115242751.0035001487 33640.1254595030
115318223.0698817670 33901.2837326527
115497350.5932690352 33994.8804206848
115507674.0964478105 34052.8923332691
115355432.5800767690 33976.5091316700
116247514.1127483547 35876.9321234226
116880690.6003586203 37448.5560950972
116945803.2337084413 37489.2084960677
117151901.2315797359 38406.0603484847
116945803.2337084562 37568.8270110823
117307330.4456385225 39105.3387165070
117487967.9264523983 39726.3102340698
117306922.1723750681 38842.0859870911
117895989.6672725976 40003.0808343887
117951333.5939859748 40745.9250135422
118175312.0434619188 41004.9419574738
118212597.0971244276 41564.0395221710
118404203.8078762293 41797.9020318985
118402056.3733061999 41625.3167581558
119573741.8165946454 42818.4270095825
