135541168.2155947983 1701179.4941406250
144898349.9077157080 1825942.2695312500
144743662.1520788372 1825044.6123046875
144565441.7404055595 1823269.0097656250
144184125.5962856710 1818387.3183593750
144467015.4610373974 1821945.4082031250
144013088.3419814706 1816893.1513671875
150233801.6102202833 1838510.3984375000
150086182.3630065024 1838048.0019531250
138316014.5546199977 1758577.9101562500
138284453.2370575070 1756278.6796875000
137967917.7060667574 1751101.5937500000
137730433.1726220846 1746237.7519531250
139278177.2319552600 1771692.7666015625
139259855.3058797717 1771400.4062500000
139379714.3211546540 1773267.0185546875
142326967.2021649480 1803478.6005859375
142176039.2340156436 1800100.3066406250
132036507.6782721132 1601393.4716796875
131711589.4731181711 1589986.0175781250
130737849.9714731872 1553929.7514648438
130969251.5821509808 1562419.5888671875
130422985.6422529817 1540554.0444335938
130433375.5551039428 1543941.8120117188
130662437.2671625912 1553615.2397460938
130977575.7655870765 1565090.5400390625
131662142.1969897896 1583815.4077148438
136624423.3843130767 1726352.7128906250
136248674.0420301259 1720888.5683593750
136156025.8359059393 1715995.0156250000
136969066.1874745488 1731973.7480468750
136679294.8999681473 1729826.9941406250
132679048.7904898822 1620295.2578125000
132968445.8585744798 1631500.0791015625
132747120.6034692228 1624504.7705078125
127380439.1265005916 1409595.4316406250
128100874.4640706927 1436891.6938476562
140597989.4314618111 1790597.4541015625
140934911.9482714236 1791071.2294921875
138421320.8091967106 1760215.3222656250
138998338.9429039359 1768341.7470703125
138842614.7938328087 1766865.5791015625
138723054.0938023925 1765592.9619140625
139212510.2795639336 1768951.6982421875
127440679.5725005269 1411652.3911132812
127443081.0847237408 1412705.7700195312
127503625.8075758517 1415714.6669921875
130008429.7334292829 1525348.4624023438
137422808.1242588162 1738170.8261718750
141481426.2325722277 1796194.7890625000
141509972.3669449687 1799452.6406250000
141244544.4125365615 1794787.6210937500
127260153.5762380213 1404093.9257812500
127390352.0816942304 1410528.3999023438
126824286.3437053710 1382212.9638671875
146357936.1388284564 1835714.2812500000
145789726.6045452654 1831250.8642578125
146180098.5156011879 1833673.3535156250
127621943.4770108908 1418468.5131835938
127675581.1827192605 1420082.7490234375
136094579.0358532071 1712753.2216796875
136070936.0522224009 1712729.8095703125
130603080.4207216203 1551767.9057617188
130818251.8394120485 1556581.3837890625
126356882.9085659534 1359749.0883789062
126439687.8339471072 1363026.5942382812
126413501.6104365736 1360681.7231445312
126600451.7983099669 1369758.1235351562
124628884.3082206696 1231326.9916992188
134884540.0765621364 1682435.7001953125
134900857.5570130944 1689340.6210937500
134974088.3859158158 1690542.8945312500
134895774.0826777816 1682822.3046875000
135353678.6925563812 1696960.0039062500
131283526.4069391191 1574782.4995117188
131274757.3952151835 1565913.0883789062
135287927.8147524297 1694809.0166015625
128121776.6149025112 1441062.1376953125
128449446.8006600142 1454450.2915039062
130939876.5603201687 1561894.5556640625
131393859.8616951555 1576129.4301757812
124424876.5967947394 1213251.2724609375
124610780.9782270640 1229824.8181152344
140400249.7669765651 1789443.3662109375
139502228.5006793737 1776702.8623046875
140949259.8407594562 1791918.2500000000
139968144.8727729619 1782711.2333984375
127218298.5386897922 1403511.6484375000
128864134.8260650486 1477052.0664062500
124242694.6431706697 1202366.9738769531
124257876.3013743460 1204482.1247558594
135268257.5352162123 1694437.4414062500
135696372.3583810031 1706442.7187500000
131580018.7888258249 1582395.9682617188
128371369.8585660905 1451308.2236328125
126493187.3649282157 1365814.9501953125
130542416.8648614138 1547609.1933593750
124340067.6452639401 1208711.5910644531
139966377.0197610557 1782513.5917968750
140049084.9979726076 1783902.7939453125
139495223.2012360990 1776275.7558593750
139962693.4464878738 1781942.3359375000
139812058.4038040936 1781353.5009765625
140125086.1533335149 1784798.0693359375
140171483.8649355173 1786392.0458984375
124829728.9975626320 1248579.1896972656
135247960.3449901640 1693510.5302734375
142337780.0676443577 1804288.5097656250
142324696.9124462008 1800659.8671875000
142927227.7838624716 1810446.5068359375
142878486.5789882839 1808333.6015625000
143023279.3526512384 1811162.2734375000
143199424.3958191574 1811560.5800781250
143296903.2518212199 1812334.0429687500
142562768.4491411746 1807644.6542968750
147001361.5125951171 1837374.9101562500
146328095.2436490655 1835254.3300781250
146909027.8819498718 1836863.6074218750
146097454.9649522901 1833340.3564453125
145963870.9732271731 1833234.1582031250
125317531.2415591627 1286960.5283203125
125209145.1021267325 1276511.7563476562
125032053.8417591900 1268915.6416015625
144572549.1790666580 1823626.3271484375
144147772.7386054397 1817557.1894531250
145190133.8650249243 1826499.4306640625
144403593.4948423803 1821060.6318359375
133193799.7472244799 1638846.9033203125
132781953.0762982368 1627322.7216796875
133721410.5971202552 1656328.6816406250
135694108.0207729042 1703999.0585937500
135076311.9497436285 1692239.2324218750
132152564.7865906954 1606404.3251953125
124154690.6446494162 1188306.5563964844
124932795.8993609697 1252557.4633789062
131769053.0842465460 1592586.5000000000
131665794.9960915297 1587976.3886718750
131822198.9214852601 1595260.3896484375
132253352.4804053754 1611594.4218750000
137532993.5410768092 1739987.2177734375
127310182.6723270416 1406727.2041015625
127247386.5716608167 1403635.9570312500
139729019.9348705113 1780425.8935546875
134139001.8694976568 1666823.5312500000
134052369.9961032867 1666101.5947265625
134288164.3807870746 1670940.9980468750
134186115.4300649166 1667565.3261718750
134215667.3848845363 1669994.1972656250
126743806.3824294358 1377579.9433593750
128769970.4200081825 1471653.2651367188
128263282.7539273053 1445903.0991210938
128617426.7911864966 1460926.7939453125
126679526.6055759043 1373956.5468750000
127952132.1789781749 1433271.9233398438
129080241.9885094762 1484580.4223632812
128989195.9533468634 1482694.0429687500
128933074.4992756248 1479557.1264648438
125353187.9827977568 1288760.5654296875
125053037.6827048808 1271605.4682617188
136535569.0722532570 1723419.1699218750
128195811.8924422115 1442476.1674804688
128223233.9029399306 1444199.4711914062
128250328.4341242760 1444244.4667968750
125216763.6035889685 1278809.4082031250
134316543.1232339442 1671958.7148437500
135174447.6319580078 1693197.1074218750
130030960.7115258127 1526487.6162109375
129725865.7079087198 1510666.8032226562
129765716.0483802706 1517146.1474609375
127907656.4685653001 1431200.6733398438
127862827.0868925601 1428662.8393554688
144001100.5872542262 1816873.0380859375
131669017.2235662043 1587996.1342773438
129319542.0166704953 1496685.0986328125
129658315.3349971771 1507788.1191406250
136247872.9023177028 1718904.3193359375
136121695.3243897855 1714575.8535156250
133494055.5812736154 1647441.5849609375
145417654.9459027946 1829803.3535156250
128312062.0220974833 1449980.0112304688
129712154.4379014373 1510015.9062500000
128202892.1460093111 1443151.1650390625
133384866.4457373619 1644849.5781250000
132610313.2934630215 1620207.7460937500
130835521.3573880941 1556734.6308593750
133238355.2790645659 1639037.0605468750
135956923.8516968787 1712446.0898437500
136546086.4805060029 1723963.3232421875
124497944.1636026800 1225055.6403808594
124741535.8317737728 1241353.7514648438
124630283.3047825098 1233353.8371582031
124532455.1185964495 1229206.1445312500
124655644.0314675272 1240857.4428710938
143791785.4602517486 1814443.6660156250
143575453.2005168796 1813981.7695312500
132411955.8822082877 1616943.5849609375
125335182.5577924103 1287519.4956054688
125121577.7469196469 1273099.9892578125
125154006.7164242715 1275063.7773437500
125740013.1617208123 1309816.6733398438
125486706.5564937592 1301218.4262695312
125600881.2247129977 1306353.1782226562
125525027.8288019598 1304641.6440429688
134252981.7415275574 1670472.4980468750
134583958.1568075120 1682265.2148437500
144235735.7864128351 1819909.3261718750
144726506.1382290423 1824639.4970703125
137517350.3862031102 1739761.8720703125
141288531.2364130616 1795035.3876953125
141153602.2447182536 1793991.7373046875
126962271.6579297930 1390893.1821289062
126906764.3396502882 1390110.5913085938
126783765.8030137271 1380804.0346679688
146571927.3803237379 1836356.4062500000
133173972.9507968724 1637630.2822265625
133572580.4159669876 1651974.9306640625
131481984.1180589646 1580733.2182617188
135170888.4552191496 1692362.4550781250
131584650.0896992087 1583343.6918945312
134366464.5682234466 1675382.5380859375
134352341.3795732558 1672771.8925781250
146257015.8030892015 1833984.6279296875
133043088.3565123975 1633333.0087890625
126639557.8365542442 1372241.6030273438
144688985.9234140515 1824133.8310546875
133521871.5340717435 1649290.9902343750
133902917.2400068641 1660034.5703125000
145877510.8600777388 1831584.3906250000
124187631.7081301361 1194818.5312500000
124365052.1339332014 1211551.6684570312
127774617.0988692790 1425357.1630859375
127110971.8993161917 1397266.4428710938
126891281.0584915131 1387844.9545898438
149710949.3132896423 1837559.1884765625
129479031.8899369538 1503498.9575195312
129460962.7347041965 1499289.3808593750
131461664.1638720334 1580262.6459960938
125740044.1405444890 1311243.1997070312
150195357.8363922238 1838402.0625000000
150654506.2879206836 1841338.7890625000
151081717.5988430679 1842306.6328125000
150338517.8872383535 1840042.0917968750
151090455.2501246333 1843538.3867187500
150270173.7557918131 1840008.7050781250
150010195.4884077013 1837592.8671875000
129911806.8810451329 1520321.0258789062
129848950.8850497752 1518108.2377929688
124459142.7165472656 1222620.9165039062
124239530.7812919170 1196457.5607910156
128200613.6846197397 1442551.4521484375
130103627.5621369779 1527182.9711914062
130160161.7059249878 1530443.1596679688
126522425.7191873044 1367351.1904296875
131735483.5644217134 1590656.4711914062
129539187.8544639349 1504262.1328125000
135876094.1125336289 1709349.5410156250
137285151.4259903133 1735731.0595703125
124152685.6490139216 1176712.3537597656
124114429.6669971943 1173183.2316894531
129963170.2137759179 1522364.4057617188
129141381.4892080873 1489135.1567382812
133276368.2999160588 1643145.7753906250
126588286.5041060895 1368612.2241210938
126615835.8241143674 1371007.8222656250
126234149.6261328012 1352124.6860351562
135466869.8064527512 1700251.5966796875
125631475.6824257970 1306640.7836914062
126258788.2774395794 1354267.9819335938
126412263.2925042659 1359949.6665039062
128620241.2640005350 1462076.8569335938
135289637.4600647986 1695796.6982421875
124816811.8028824478 1243772.3610839844
133082436.7233939469 1635873.2832031250
134002370.1603351831 1661989.6943359375
125743576.9525458515 1311893.9477539062
125653416.0942513943 1308727.3041992188
143522209.2620368302 1813214.8496093750
124034103.7057507038 1167847.9177246094
139070891.9550399780 1768542.1611328125
138296059.3629273772 1757101.0546875000
128761927.5176603496 1469330.7099609375
135299810.1971254647 1696022.2373046875
133693351.4551131725 1653316.1923828125
133378394.9776596427 1644468.2656250000
128892987.9451939464 1477650.6362304688
129242691.8883320391 1490718.9013671875
125976940.2899872512 1335302.8999023438
125976063.3018110842 1335158.5581054688
125878143.6490742117 1327218.5361328125
125755559.1300177425 1316719.2812500000
125831830.3542263657 1323736.3925781250
138189079.0584236085 1755097.3623046875
124994567.0313474089 1257277.7172851562
126095316.6159368604 1341767.7036132812
137196466.5446753204 1733544.5351562500
125890393.7005978972 1331884.4287109375
125513663.7160729021 1301607.9438476562
125000674.0499826521 1257427.2998046875
126121616.4236734957 1343575.2602539062
125979728.8755425960 1336891.7221679688
