119442654.9096520096 201937.9305950422
119396277.3856294602 201431.7955430765
119360214.3025187105 200580.7305101175
119188751.1247883737 197309.4845079202
119131135.9979269505 196073.1073106546
118956519.8891232014 192664.6803087015
127268985.9956960082 265947.6396484375
126845811.9486291409 265233.7556152344
121918953.3866489977 236100.0679855347
121835918.6790800542 235471.5440979004
121810186.9153272361 234123.8082885742
118553474.5459615141 185123.2394224722
121593319.8759575486 232046.8371429443
118173638.5957617015 177363.4975179899
121281294.6496511549 228985.6986961365
121301113.5733107179 229624.5798606873
116748188.7737257332 137353.8653218781
116818752.0479512364 140492.5221495067
123603225.9219981581 252731.3314208984
117451255.6359313726 159839.0709744990
121015319.5457527637 225488.7236195977
120800927.9538127482 223038.3077817559
120743100.3955664337 222373.2438031609
118348262.0416980535 181173.0140237808
121270781.9438037723 227852.5397014618
121199531.9816928208 227627.4085512161
122523370.3269069046 242565.5510406494
124374518.4630667120 257294.1757812500
124050523.3454404324 255928.2697753906
124181587.5929139853 257053.3437500000
119502608.5660061985 202752.8819679171
118830714.1328845918 189740.5760337263
122770790.2691972256 244599.2477722168
118766350.5567809492 188985.3893505353
117385953.3558324277 156827.2328526080
119544560.4000333101 203466.7660011202
116972647.1387171298 144377.2363292013
116905247.2178965062 143264.0743544837
120600804.0114242882 220481.9149022698
116657022.9553969651 133960.1257569343
116613659.7652944326 133815.3416830624
121104061.3652572036 227059.2474937439
117292908.5617024004 154396.8070336878
117391887.8055628538 158344.9832574427
117564691.7470372915 163472.3123380244
120572988.8211700469 219865.5460386276
119787913.7042407990 207985.5529925823
119904492.3289052844 209512.1534587741
120796026.4442102462 222880.6339231133
126390842.9967046380 264162.4729003906
121440242.5442823768 230680.6454925537
123312162.0808713287 250756.7310791016
116657514.4427269250 134623.5831542118
116542006.4340915829 130498.5488245590
122828755.2525042146 245665.0962524414
123022713.5854430795 248378.1370849609
122860491.2168949544 246430.8704833984
125608010.5249477923 262055.9870605469
125526506.0151745379 261923.9125976562
121049464.0221317261 226577.2681093216
125071422.9782035351 259824.9174804688
124746608.4784602374 259562.6125488281
124740583.4355962574 258952.9018554688
124701430.3357679397 258767.1091308594
124151931.7882244289 256711.2487792969
124289853.0377846658 257269.8612060547
124411478.3662792742 258194.2492675781
123982923.3546709418 255720.2738037109
123480029.8091360331 252105.3530578613
122773920.2451109588 245163.6900024414
117208239.3968610615 151256.6480396679
116927130.8375979215 143940.0350623867
117156991.2732380927 150720.7418824127
116978386.6832234263 146579.1027808925
117140170.2578140944 149499.5033741444
116008493.3829953223 91510.0171415396
123160119.5855646282 249242.3630981445
122941407.1869898587 247169.9701232910
120778189.9788265228 222857.6788449883
117542778.8002454340 162779.6520902216
128071377.0402997732 267197.9987792969
128583795.4396062791 267311.0290527344
128473460.3155317008 267261.6694335938
116808874.3584025204 138861.3143681251
126867253.8082797229 265254.7707519531
118509881.9164054841 184059.8762394637
116377067.1861721277 119455.9775460884
116316077.4273552150 115238.2183231041
120813828.0737602562 223775.4404048920
120338025.6003229618 216602.8362279534
124603509.1196569204 258485.9821777344
125504457.7008296549 261596.0156250000
125774368.4671261311 262694.0717773438
119321537.1796546578 199959.8794812113
116053284.4081461579 95882.8673809214
116092141.4888727516 99541.0370202288
116165744.2967342436 108477.5838784128
125269449.1306714714 260670.9025878906
125051080.7601775974 259821.1550292969
122088542.8141500950 237502.2215976715
126636649.2831891924 264563.7556152344
127144726.5623970181 265785.1503906250
126893299.3169137985 265353.5866699219
118329294.1215790212 181105.6418165844
118847159.3331918120 190438.8160515148
118762486.1503108144 188876.0214135665
120527492.0159125924 219710.2373815179
118092287.6948823631 175950.2254521102
118493466.6902847141 183842.1010863036
118275308.5280476511 179937.5652043074
116464789.8858364522 124751.5389490202
117829023.1528883576 170280.5466291010
117798448.4850655049 167817.0479277074
120887079.5003679693 224308.0832033157
127020234.9026823938 265499.5366210938
128425916.9085039794 267257.8623046875
122700814.8771423101 244436.9339141846
116435079.6749285609 124331.9831411466
125940665.3783294111 262751.0910644531
125729691.2458407879 262668.4470214844
118314159.5716153979 180588.0560290795
116949634.9705270678 144325.7353227139
121821636.1698840111 234342.9080276489
123289402.9861285836 250668.8147277832
122907842.8016008586 247136.1739807129
121911144.9060351551 235523.3205318451
120407545.2992893308 217572.3058934808
122793218.1482401639 245262.9756469727
125827464.8165683150 262700.5600585938
125997182.5498823225 263211.3552246094
116337811.2753272057 116362.8418571502
116704509.4468496442 135233.6048027724
126507210.3692800701 264202.3315429688
118823434.8838185221 189557.9593851864
123760509.7065870166 255398.4344482422
123718770.2349600643 254579.3682861328
116473656.2473898381 126353.6454995796
116511416.2879012972 128120.9979013130
122010455.9763682634 237431.5954170227
121811242.9817894250 234182.9663276672
121792526.1055736393 234024.2304573059
121634545.7650770098 233480.3635444641
116298689.3178565055 112881.8570697798
123644365.2284820974 253562.5177001953
123156053.1794627160 249074.4208374023
123480082.9143376499 252355.2783203125
123566083.2080594003 252606.3874511719
123320682.8207212538 251741.8366699219
117907128.4680347443 170815.5287665743
118236404.0260373503 178622.8177947421
118224164.4487444907 177652.5263251681
117990916.2396811694 174031.4499091525
119101667.3833393157 195185.1533664484
119125266.0080293268 195821.1168967634
119149370.4882807881 196323.8278556168
121328280.9528955519 230182.4214906693
117432981.2292622328 158664.3728982508
121442006.2869933099 231211.1786384583
117916168.8412280977 172093.4185391963
124379907.2846700251 257579.8256835938
117915533.1877597123 171486.5909024775
117142393.1193499267 149901.3414119482
116031607.8072562069 95621.0924359575
116115133.4299833626 101490.3589804663
116069884.5411613137 99540.9530046625
125238692.7163243294 260609.6228027344
125388523.8263950646 261405.1887207031
119964436.2229034454 210377.8435709476
122659934.5206522942 243985.4266815186
122219942.5936820209 239624.5242156982
122682655.6037179679 244140.2689056396
122592244.6861300170 243836.7310333252
121285880.9448625147 229479.0242314935
127547484.4778981209 266657.9477539062
122967453.8359086066 247869.9564208984
116215714.5855374783 108642.4472619444
116226849.0319885015 109150.4012424052
116216636.3026957661 108706.7437474314
116151329.6709446013 108135.0569726378
119637616.2145604342 205239.9472696185
119465373.4588580579 202206.1387046576
119740252.8908500671 206588.7473184466
117887493.0832491517 170620.9766187388
118359059.4222008586 181366.0299724359
126169047.9980744123 263476.3784179688
117613964.5058748573 164111.1073030531
120089048.6580423713 213074.7456365228
116113150.6017495543 99846.2090727134
119661419.7802244276 205656.1069375873
120041279.0816876441 212766.5363809466
119920886.0981693864 210170.8662572503
119678027.6484107375 206328.3203164935
127898456.8578196168 267019.1901855469
116350769.6306861639 119360.5293582603
116408549.1599688381 122934.6535705253
116889763.2088137269 142383.1281207167
117212480.2774547487 152223.5140673220
118693352.2861218899 187682.1787815411
121098119.5097023100 226749.8997205496
117129308.8247498572 148864.3929349631
117085044.7235172093 148774.7052784413
122512591.2028420568 242166.0245513916
122564514.8335039914 242588.6945953369
122409647.2739424855 241870.2370758057
116538550.8084965944 129721.5427053422
116598731.7863712609 131377.7590847462
116727146.9236477762 137105.0160832849
116528082.9572745711 129432.3605853428
116627916.6305301487 133869.3202452098
116839788.3347710818 140800.7035154735
119747909.8366755992 206903.4667100906
116772622.2456453443 138792.2043612413
119821866.1712542772 209271.0276834369
119992223.4542997330 211257.2808978558
119858995.5236478299 209356.8448016644
122140605.4717426747 238833.8551425934
117229349.6450330466 152377.3426596224
125296286.4889163375 261370.7424316406
120978590.2189123333 224839.5578975677
120358797.2482942790 216885.4121556878
120143564.1307859570 213813.6938024163
120581560.7170294076 220168.9024205804
120213572.1495773345 216008.0945134759
120579164.7903557718 220011.2632299066
116400811.5347536206 122575.9864810631
117151268.6588230431 150083.5624883026
127296129.6358587146 266231.2170410156
127794180.8981754780 266714.6208496094
127442633.0231536329 266374.2995605469
116508331.1503506452 126532.1449547336
116401567.0230284184 122608.6060260460
125133859.5780817717 260175.0686035156
116523524.5763445944 128543.1420612062
118033262.7729933858 174054.0988980830
116397143.2245225906 122532.6924060509
116323172.3866343349 115792.3341341801
116387018.8445544392 121874.7135864720
116393484.0866488814 122320.5280494317
117735934.4647359103 166371.8223573882
117737410.8790484667 166675.4730257094
123203430.1032357216 250059.4542541504
123116649.7945768088 248877.8963928223
125775130.9726842642 262695.1992187500
116720160.7027871013 136693.6631623951
116247869.0211995542 112257.3680077940
126769980.4611049294 264669.7253417969
117331881.0817131847 155806.6373715103
118148354.6413178146 176738.5784043688
121410867.3408291340 230223.3820648193
116820280.8562619090 140677.8450289999
118471190.2121087015 183404.4715370256
120761022.2465551198 222833.9302373528
120752513.4038861096 222693.9670415521
122229798.9046494216 239950.5797882080
125489852.3910527825 261593.3918457031
120193383.4169431031 213965.8165369630
126026331.4214094877 263461.1247558594
118476992.4650540352 183560.1360851545
118547845.3661185652 184195.6034923811
124992735.6919078082 259693.4707031250
119030456.3412605673 194034.2506299019
116858640.2427731901 141475.8580870067
119233537.1093365550 197738.1065342277
126613355.8371571600 264389.3566894531
117381056.2813710719 156570.6704404056
116348534.6077275872 116396.2177664340
126200722.1287101209 263784.2641601562
118974041.9889870882 192815.4763410669
120650255.0361726582 221224.7670984864
119081113.8323361278 194851.1834548134
118657062.0606564134 186818.2114039678
118614348.5674996823 186463.3422313947
120430900.5329222679 217577.3973475099
120352339.1085354239 216627.7458043694
120120176.6822909415 213455.0863123536
117534981.1299657226 162447.8797208369
120336451.7950476110 216557.9114466310
120495042.8563850969 219232.4522710443
119974286.3377025425 210530.3080449700
120396308.9263642728 217110.2265172601
120056526.1880917400 212987.9154821038
119937812.6475994885 210360.7135972977
117670171.7386460900 164886.5812042616
125674175.4341436923 262324.8730468750
119729069.8237820566 206379.7623949051
122108847.9420218915 237609.5923614502
119625525.5949596167 204130.7703905106
117485100.0366385430 160653.8604158461
117825107.3860019296 168233.4183382094
126375613.9002478868 263865.1918945312
121573047.4455193877 232044.5799045563
118721601.5834487230 187829.9376049358
119540157.4732538909 202764.8440926224
119293973.2963831723 199294.8153332621
117741477.5378336608 166715.0311311781
121971333.5512440354 236157.3790283203
116762920.5012283325 137975.2120603953
116755252.1433768272 137860.9373411571
118486500.7350944728 183697.0242992658
125523720.8178412914 261620.5056152344
