31236409.6928352527 1356565.6132812500
30868355.4201576859 1331687.5351562500
31724881.8213971406 1365604.8710937500
31522254.8452626020 1365285.9882812500
31499029.4585241303 1364310.3789062500
30499179.4911351837 1291894.5898437500
30809134.3654713370 1327702.5507812500
30378847.6909936033 1266084.3632812500
30597513.6300054081 1307397.2695312500
30883294.1955864169 1334117.1289062500
30518282.6937646717 1293548.9101562500
31505054.9235284552 1364431.4257812500
31842127.3790848218 1366539.4335937500
30751304.8256458081 1324897.6445312500
30667363.7378392890 1316605.9414062500
31046528.2121049091 1347529.1367187500
31295399.9691606015 1362641.8085937500
30614033.0886164904 1308735.6289062500
30601784.6756466515 1307589.5507812500
31021399.1558536477 1346058.4023437500
30928955.1353109367 1339979.2382812500
30715832.9503439739 1319862.4726562500
30928503.5164993815 1337797.7773437500
30468089.6571635157 1288562.1289062500
30367610.5556768067 1261442.5351562500
30665394.3991594836 1316554.9335937500
30616002.4272962958 1308786.6367187500
30462463.9949021339 1286679.5273437500
30302031.4934841730 1250367.4179687500
30914815.7675529569 1334763.6523437500
30470058.9958433248 1288613.1367187500
30955666.7669078931 1341398.9648437500
30417292.7781542651 1276046.9492187500
31114865.9575084597 1351315.9804687500
30990859.4012013301 1342363.5898437500
30691751.3020344973 1317564.8007812500
31362228.8986391537 1364112.5429687500
30393242.7983338907 1274337.6757812500
30980054.3311030976 1342357.8242187500
30993669.5687474087 1342423.6132812500
30474335.2160801440 1289866.5820312500
30388971.7526926473 1266376.6835937500
30512863.9350317828 1291940.6757812500
30434967.6290021315 1278545.3789062500
30881324.8569066115 1334066.1210937500
31153573.2719919086 1355820.8398437500
30689781.9633546919 1317513.7929687500
31128553.7064548843 1354350.1054687500
30599815.3369668499 1307538.5429687500
30859105.0274770558 1330770.5664062500
31622406.8530651629 1365365.9882812500
30916785.1062327698 1334814.6601562500
30646730.3024545275 1312152.8242187500
31018411.8616645485 1343792.3320312500
30851857.1226597466 1329378.6289062500
30537689.1488938145 1302259.4414062500
30560228.8127491549 1303512.8867187500
30816449.5432214364 1328205.1835937500
30621630.2367003299 1310551.1445312500
30339765.9172011428 1252557.0507812500
30535719.8102140091 1302208.4335937500
31108535.1423466764 1348782.5820312500
31019228.9091378339 1344757.5117187500
30460097.7173427232 1281857.3789062500
30851838.6878407635 1328356.9179687500
30773723.0511612035 1325805.4960937500
30867225.3843094558 1331031.9960937500
30449510.0022181123 1279547.8164062500
30857543.9865053967 1330073.1367187500
30804537.9239901379 1327103.4726562500
30344036.9628423862 1260518.0429687500
30527738.6416705959 1295022.2382812500
30458139.1499402970 1281324.9257812500
31260090.3972647674 1357074.2851562500
30850394.4225278459 1328245.3476562500
31095179.2578024566 1347569.3007812500
31360259.5599593446 1364061.5351562500
30802568.5853103288 1327052.4648437500
30619660.8980205283 1310500.1367187500
30775692.3898410127 1325856.5039062500
30644169.9005556740 1311804.5898437500
30814480.2045416348 1328154.1757812500
31425557.7658565119 1364152.7070312500
30525769.3029907905 1294971.2304687500
