84504632.8362508565 80376.6448995275
84653388.6117071658 82062.1859614365
84196924.9273497909 77924.4985610880
84252797.9897958338 78290.7545777581
83325219.6688005179 64076.4353793822
83353519.3195616007 64249.9266437255
85559241.5358193815 89482.4502988905
83109426.7328702360 58104.5343290269
83185136.1575995237 59877.0343481004
83244491.0706656724 61283.5976239067
84265241.8850885481 78564.3326408863
84094801.4354331642 76282.5177090168
84086038.7322906256 76240.8467647880
86217722.9045825750 94503.5011997223
86207845.1683703065 94319.6517295837
86138427.4942800105 93684.6447544098
83594632.5562765598 68250.1927112304
83580821.7690721303 68036.9817233685
83364669.6284880787 64511.2694019042
83517233.5290242136 66570.7047155797
83454290.0593020767 66479.0273092985
85421375.0549290180 88804.7605836466
85401343.7150539011 88700.3979274035
85309033.4774906039 87534.6168166920
86088579.9864566773 93419.5657138824
86034991.6428487003 93305.8408527374
86006346.0986320525 93018.5568027496
83959985.7955794930 74193.3484238237
84133696.4922711104 76311.1351345470
85921394.7961000800 92428.5750637054
85786502.4906731099 91334.3570461273
84938211.4023213685 84525.5964614673
88547143.7349249274 105959.5590820312
88372756.4185786247 105356.2498779297
87346953.3439607024 101428.9879760742
88051299.1097162962 104161.6232910156
88287420.4305312485 105232.4831542969
88421568.2904347032 105753.2568359375
84054086.7914838940 75389.9633331860
87438192.4315637499 102025.7247924805
87522625.3070175201 102280.9115600586
87509132.6734674722 102172.1300659180
85295206.1408340186 87353.8873515129
83324480.3383887261 61837.2561214297
83127771.1110426784 58177.8123887955
83826673.4710019529 71894.3100564929
85620530.0442846417 89751.0444797613
85627206.7478319257 89973.0193218328
85459954.0523461699 89015.6922458746
84945217.9988994002 84626.1568678916
86913829.2173682153 99016.0831146240
85708252.8318125904 90861.6678848267
86217669.9066292942 94462.3236389160
83439706.0561938435 64690.6962360106
83281874.5934349298 61831.9464411764
83171774.4928487539 59775.2737852037
83177944.2338774800 59804.2765916764
87635045.1697445810 102570.6453247070
87481059.8448568285 102136.8893432617
84901598.4193195552 84233.0254793167
84311540.2470753938 78786.7762246951
86107505.7850787044 93662.3283786774
86502861.0554265827 96344.8571624756
82809356.9053430110 50184.5688603222
82846018.1917899698 50192.3090292215
85375161.0001679659 88416.8430759907
83950684.0291263610 73706.4223490171
84259719.1261965930 78311.4806816578
84457716.2530786991 80059.4655723972
84364598.3641059250 80058.4411055250
82964070.0490798950 54056.9563799112
82989888.6881044060 54301.5049239631
83557905.3013083637 67047.4828648567
84251578.4189991206 78025.2992598219
85197275.6508430243 86759.3038368076
84925680.8548950553 84283.3629035652
85511064.7710861564 89050.2675585747
85253686.7256585956 87318.6908068657
83182384.3850333095 59804.4262652426
83217655.8780209571 60303.2203350536
85626804.9535562396 89840.0204696655
83008837.3918015361 54516.5123810172
82882982.1722108573 52385.0202874541
86293107.4054248631 94907.4785003662
83272563.7629532516 61345.0501970253
85897101.0663279593 91963.9721603394
85038354.8636310399 85958.8877417445
85342720.3874090612 88086.8835300542
85119986.3150544316 86209.7033390142
85333678.9729319215 87995.3735119700
85145158.8586237431 86244.0233039260
84680725.5261265486 82282.7098283768
86222316.1518131942 94746.8009319305
86122036.2574522197 93670.4752731323
86793512.8092182279 98649.2918548584
83003693.5297060609 54348.6194313336
85206673.5474027693 86896.9326258898
86396967.0097891986 95700.0049533844
86469307.4321212918 96019.2569675446
86306633.7691461891 95420.2798767090
86149494.7077932507 94282.3282260895
86489650.2275374830 96123.2448825836
86488863.9120956659 96032.3779602051
88257833.2297467440 105035.4637451172
85810564.1341535598 91704.1358852386
84077243.2421685606 76136.0012750030
84147389.8670134991 76592.6549303960
84293696.8719416857 78669.6496159621
83163238.4285937250 59058.4893815033
84834253.6196382195 83731.0132099688
84901353.5189610273 83967.1431539059
84785617.8993996531 83704.2931993008
84573874.2358506024 81697.8713642657
84753998.3361576498 83017.6821421012
83822688.1987966895 71829.3573968860
83845976.3148553520 72078.8027980529
83702848.0627367944 70013.9945886584
83661111.5717135221 69546.1694896221
85015939.2388795614 85330.0184741020
86143236.2534471452 93701.8276767731
86231382.1264235526 94819.9845066071
86104230.7792730480 93656.4919967651
86380604.2817430943 95674.0827484131
85000157.8132569045 85285.5489611626
85146416.7792160809 86506.3403120115
84851542.0465137213 83837.9925642088
84984311.0855687112 85091.9475202635
87157515.8213971853 100309.4048461914
83449545.6152265966 65413.2730667479
88104576.3530077636 104585.6696777344
85948790.3534864038 92526.1203384399
87010801.6068452150 99457.9453735352
87034821.7399973571 99500.0626831055
84076952.2210854590 75530.0485855639
83086209.1303769797 56186.1040225430
83103972.4424843639 56281.0051185294
83026321.9451713711 55978.4897952481
86515421.2763027549 96713.0449066162
86297816.4316183478 95188.2919769287
83769061.0427217782 70207.9226712883
83946824.0301335454 73494.9189941585
89256743.2132277787 108005.8112792969
89345483.1808506846 108296.8137207031
82849393.0139330924 50225.8845616877
82920195.7761628032 52477.6035804451
84922257.8121380061 84265.4190394115
88705866.3360230178 106512.5552978516
87242260.7034510076 101026.9566040039
87158758.3434437811 100343.5072631836
86372071.7624031454 95547.5371398926
83623493.7051021159 68726.3939666748
84492821.3114580065 80236.6351249218
85560717.1971303821 89705.6751593947
85669877.6785977781 90349.4578628540
84777361.3398398310 83345.8126740456
84553314.9187629670 81356.3614154682
84719430.4078189284 82813.4656702708
84563075.7361895889 81556.7445537448
83606137.2414521724 68496.8044464588
87084850.7877260000 100169.3628540039
83971091.5408156663 74292.9927385738
83917449.6531969756 73331.1159933498
83593661.7921949923 68042.4477565698
83509455.6472149193 66542.2798389159
84687014.3946457356 82644.6446149331
83959118.4508825094 73779.2747333460
85996619.4665986896 92812.9745330811
85721496.1190646589 91087.4589748383
83875862.3730286658 72631.0551221184
83802329.4081892967 71442.5332155488
83706773.2510155588 70045.6608942004
83786835.4365804940 70962.5150441728
86890212.6572960615 98988.2770996094
86455232.1153043360 95950.5215911865
86926530.8478515297 99243.1560516357
86602259.8636786938 97223.5454254150
87059979.8337049335 100149.0096435547
88391477.2700674683 105399.4152221680
86643532.3571899980 97295.3638153076
86516647.3612980694 96771.3242645264
87039558.5836901069 99800.3897705078
86933208.4364643097 99288.2848358154
86577950.1115007401 97204.4765472412
84015927.3577120602 75114.8124960354
84158148.1281977594 76753.6343789920
85077557.4637300968 85970.2007300258
85524515.9961663187 89355.1635627151
85471256.8943049312 89028.4620404094
85919987.7170500904 92369.0258836746
83209316.1581453383 60044.3842662676
83165293.7551110685 59491.6872140496
83159316.6908715665 58296.7998360983
83108916.1489650756 56297.2778338632
86060733.0492167622 93411.1179904938
85793664.9323458970 91389.2225551605
85853038.8063549995 91902.4896755219
85034168.8371102661 85452.9897371531
84615171.1845437437 81765.2388856411
88777161.6481541693 106855.3849487305
86759982.5591421723 98365.2090911865
86667197.7692715377 97879.4183197021
87131626.7652173340 100286.1805419922
87112773.1758773178 100253.9980468750
87646247.3233091831 102620.6078491211
84732595.6034064591 82837.6348664761
84876306.2215790749 83842.5466172695
86855777.9176311195 98944.2222747803
87189842.7315288931 100728.0228271484
84838120.7703842819 83765.8824983835
84518644.7409084588 81307.2992107272
84646236.8682825863 81809.4047715664
83081925.3879804313 56091.7819953864
84176604.7283760011 77177.3978152117
84344192.1708549708 79116.2890748978
84503950.6133289039 80283.0198755264
88085505.0092681199 104499.3018798828
88163668.4582750499 104964.5649414062
87414738.2756097913 101736.0203247070
85320145.0586457253 87548.8777813911
84832855.2025607377 83722.0242414549
87847177.8169701993 103652.5008544922
83207323.4782672673 59991.9538666039
89542216.1189146787 108347.3342285156
84981507.2846067995 84659.2642545700
87554779.6272112429 102286.5101928711
87681359.1149451435 102718.7035522461
87380439.5977150053 101464.7485961914
89057553.3082976937 107694.2160644531
89241864.2657304555 107991.1104736328
88919946.4943757206 107154.4780273438
87959250.2875256389 103958.6511230469
87976069.3876317292 104087.0706787109
87762107.4599834383 103354.1284179688
88563003.8640312254 106196.7525024414
88717292.5217821002 106594.5070190430
88500041.6295494139 105866.5679321289
88839577.4549023956 106950.7307739258
87729647.0293650776 103248.9165039062
88789919.1978361309 106925.2622680664
88787494.7452126145 106897.3408813477
87747193.8290424943 103283.3299560547
84301643.0748203844 78675.6617729962
88278396.2647613436 105086.5480346680
88605490.0077704340 106375.8682250977
88732622.4399901479 106801.2436523438
89070310.8579796553 107741.8275146484
88927673.2323453128 107157.4674072266
87305547.5909317881 101287.7420043945
86842736.7999315858 98760.4963378906
87640654.4918388873 102573.8388061523
87644872.4267193079 102575.2001953125
88997954.0654317439 107434.1933593750
87007065.4697199762 99319.1563110352
87689397.0772799700 102947.3411254883
89279535.0690174997 108285.7114257812
89630198.6334271133 108669.8565673828
87385302.5319145471 101605.9697875977
87842017.2740421444 103381.6095581055
89138312.7147494256 107977.7706298828
88317504.6847381592 105284.8223266602
88859604.8533538878 107054.2440185547
88141056.5658612400 104690.4448852539
88057967.0231315345 104302.5997924805
87915050.5769452453 103925.2052612305
88008638.2670556307 104123.6701049805
88412951.0876108110 105419.9481201172
90782865.1252116114 108906.0378417969
