84041848.6275722086 74737.5322563648
86949382.1427114010 99751.5810852051
83822193.8732691258 71632.1217021197
83280455.5442080498 63957.4466399290
83832487.4505871534 71825.1727942377
87074747.3071786910 100348.7382812500
83561375.8276092410 67677.6957244016
83763152.2164399624 71010.0666419864
83075118.6084580421 59278.8085276484
86031824.5604832172 93546.9825592041
87997840.4510859251 105595.5722656250
87407680.9026635140 102542.9255065918
85389690.0606085211 88363.0956770228
84640164.0264753699 81995.6626818180
84717042.4599097520 82745.5255443454
86042871.7654413134 93573.1012115479
85198563.2995405346 86811.8092357516
85130173.2071677744 86314.0906078219
87278545.5855566412 101275.5994567871
87604127.9210670590 103708.2593078613
82619356.5116126835 48484.3508390782
87407263.6442367882 102051.7109069824
84431663.2998700887 79960.9879787536
83075135.4232106358 59300.6359258294
87854932.6082234979 105160.8135986328
88111912.6406249851 105995.3380126953
88404979.7421489805 106980.6430664062
83066261.7219791114 59053.8418338010
82815876.3387177438 54952.6501579136
84885590.9297355115 83984.0724539906
84014943.1157403737 74714.4325176477
82970353.5393003225 57504.5320890211
83214848.6611735821 62513.9241897389
84005843.0996737480 74053.0386408120
86002006.3742054254 93170.5993652344
85817070.8736364841 91741.1863708496
82921857.1995118260 57244.3309007287
85262536.4005118906 87328.4578825282
86009805.1313322484 93408.9207000732
84059347.8736720830 75352.3707865924
84531275.4359342754 80598.7029661424
82589379.3649158925 44500.4942870191
85295242.8431638032 87703.1092540622
85617743.1248751730 90158.4109649658
84052136.1621772349 75179.3870210648
88125439.2977133244 106164.1943359375
84314975.7085744888 77977.5306685977
84706808.5586693138 82295.7439586520
85666909.8430287987 90573.9499893188
88731673.3501515239 107453.0935058594
83976162.5536547452 73870.2247617990
84557189.5177738816 80836.2512409091
86381634.8100562841 96155.2504577637
84906653.5099661797 84256.6010448337
85146236.4543478638 86321.1530500697
83503444.6808291078 66977.7114029229
85022673.3685166240 85127.4943975285
85087789.2305616885 85662.0202764347
83423446.2747696638 66768.2409865111
83364602.2710056454 65081.1337477416
85882797.5168300867 92479.1556167603
82834132.7373388112 55206.8408568501
84637160.1444913149 81950.8121102042
84608909.9302147776 81630.4958703220
83540418.9661689401 67666.8711020052
89826059.5697996318 108906.0378417969
84816892.1120427400 83636.8255626559
84858861.1642332673 83699.3752452731
86521163.8350707442 97085.7206115723
86487314.1532447636 96754.5609130859
85618999.9892375469 90224.8429107666
86706214.7207134664 98140.7497863770
88343983.2618967742 106946.6047363281
87120998.2756418437 100868.3651428223
85686548.2338214219 90980.5871124268
84723216.4504035115 82776.6679600964
89475182.2243968993 108682.7867431641
83169737.6621494293 61924.3047942258
87945230.1208264083 105501.4862060547
84236438.0042073131 77402.7145250589
86347262.2398499548 95867.6358337402
82781209.7628417164 53156.5275512636
89450335.1549644619 108656.4339599609
83044813.9913131148 58103.8485843539
88194248.4945966750 106467.4018554688
83764803.7666189522 71053.4297686517
83630184.6728604287 69172.0583242662
83073200.5401390493 59277.4877029629
87302091.0242072344 102038.7680358887
86201973.0458477736 94614.4792022705
83683576.7501912415 69985.6417457461
82819085.2245092690 55189.6693969667
86081741.8780998290 93942.1925811768
86682237.2536053658 98049.4465103149
84762470.6975396276 82940.5248613358
83532502.7201137394 67565.8380107135
86931580.2790580392 99297.8230590820
83153821.1812999994 61578.2701872922
83639054.5264251828 69794.5187372565
84011161.5026447624 74084.2609283328
83854670.7161261141 72663.9601078853
86163254.9889069945 94602.1267623901
85948934.9715774059 92716.6573066711
85752922.0539143682 91198.5693817139
83955684.7672813535 73857.3839752078
84771126.3041947633 83249.4469136486
82612305.5258717686 46750.0877454667
87141304.5362790078 101011.2953796387
84181093.2522908151 76745.4660883837
85913125.5877089500 92641.2925567627
85038075.8194616437 85179.2005908489
88870573.3676613122 107602.8404541016
84768122.4222106934 83218.3044978976
83514574.4002003521 67273.7288684100
86306297.7159401625 95390.0721282959
83083509.2629926056 60063.7546544075
86419891.0779988915 96463.7667846680
85961035.4415001869 92990.3996353149
85834887.6630388498 92130.0485382080
84680153.0081192255 82198.6784229726
85086154.0809848011 85551.9804980755
88041874.8314538747 105948.2620849609
89311557.4061593264 108433.1828613281
86652894.4017155319 98031.1421966553
83573418.4039643854 68960.8361071795
82919830.0281442404 55966.4423063062
83045608.0647034347 58308.1015438559
86149334.1563466787 94340.7293548584
82730465.1400739104 49071.0097581083
83867224.5922138989 72995.8289686888
84589984.0703336000 81161.0371116400
87716806.8757815510 104247.5312500000
85873987.1126271188 92219.7307510376
82660375.5747790337 48566.1143354771
87726214.5495433211 104384.7021484375
87694146.1202952564 104133.3409423828
85997431.0826795250 93079.4306793213
87555630.9363131225 102911.2698364258
86372261.5164908469 95967.9570465088
83065154.0036100000 58461.5672759153
86858409.3629544526 99200.6716003418
82939858.8010876328 57244.3458572598
85602831.1575267315 89879.2941360474
85084137.1191311032 85429.1879481266
88724389.1836960316 107432.3597412109
82605490.9812217057 46462.2720954730
84698958.2032234520 82206.9586964101
86415749.5366473198 96179.3578186035
85002997.7187312245 84923.4781132191
82721944.9619062841 48689.1110174719
86958121.9413286895 99800.9947509766
84540685.2875759453 80608.2306156605
82983072.5181838274 58007.0385588743
83851666.8341420591 72652.2325249538
89240187.2739129215 108405.6484375000
84873758.9938700348 83723.5995772965
85826077.2588358521 91870.6236724854
84381820.0229982436 79408.4408223380
84954228.0288991928 84504.9570484608
87502223.7267276347 102873.6266479492
83341685.4433815777 64688.4276881052
89204044.0918069035 108399.6564941406
85788421.8105111867 91399.8466567993
85656242.5102910995 90430.9412384033
88909843.1223869026 107715.6462402344
84514404.6705539525 80063.3299727906
87641948.7985546589 103717.7897033691
82725782.9822553992 48966.3708280919
84591266.6362165660 81338.0373875846
86070663.9345272928 93759.3013305664
84913779.3376656771 84279.4500941227
84667199.1830379069 82119.3061161488
82759715.5231212229 49593.5931105015
82906737.9899834394 55706.2560745450
88268948.5636705458 106542.2607421875
84960182.0048629194 84517.5147648305
84763878.7266611755 83136.8513355702
82775182.2802204043 51656.1308119993
83717143.9914184958 70619.0906792507
84801534.1749858558 83370.0382899235
86251294.6223699152 95226.4411315918
88948870.2897141576 107888.1082763672
87027547.8247894496 100185.2429504395
83395228.5783825666 65270.6255445480
87681614.7445605844 103890.2787780762
84963306.2310992330 84778.9048060367
86216100.4818901420 95017.4233398438
86643881.9008145779 97974.8422851562
87120738.8283172697 100577.1062011719
88658451.8403306454 107312.2731933594
86486433.8267648816 96682.0305480957
87829817.3870774657 104671.9553222656
83148886.9656211734 60153.6121443845
85050623.5403303802 85401.9531745613
83836014.7634824067 71958.4736959189
83880138.8570549041 73088.2297020778
84147324.5151565671 75928.8796459462
84355461.5293396264 79137.7922693640
88631670.3260608613 107065.3055419922
88854646.5498457253 107585.4681396484
86935102.4021626860 99611.7400817871
84874750.2851310521 83933.3358402699
84721986.6113104224 82746.6678997765
83922591.1014477760 73499.0884877890
84003418.0166341662 74021.1548330039
85173399.5304218829 86464.7940559089
86520180.1578527689 97079.8835144043
84407396.3160684854 79443.5274836442
84268872.5977079123 77550.7179030627
84292855.0514072627 77910.1557920203
86427801.3561440557 96635.3076477051
83990964.7413274050 73966.3654713854
83456499.8373949379 66896.4034315795
84654741.0599015951 82054.3969876061
88908076.0029117763 107681.2347412109
83849862.2998716980 71988.0129873008
84118560.6452876776 75638.7185716629
86731060.0837935507 98442.2106781006
86134365.4266954511 94333.1961975098
84214143.9075451344 76844.8162119615
84710180.8143358827 82338.8595063686
84221307.6964232177 77325.8258104324
85403840.1561504602 88593.7543706894
85257633.7190936208 87286.9737615585
83628338.0086398423 69057.1766797751
84098667.0633717328 75442.7008409500
82569825.1238008440 43677.9981198050
85491154.6451585293 89063.4518804550
85307160.6125271767 87826.1262273788
88597606.9334011227 107004.7322998047
89015248.2350156903 108118.9340820312
86837310.1243362874 98887.6585083008
85959118.5189293474 92767.2540092468
82772946.5257996172 49610.7704588471
85497890.3440285325 89400.0912551880
86838422.8585393876 98911.9081878662
85416450.5189557374 88780.2561550140
83767193.6234192401 71144.2982084006
86633316.3173829764 97872.6333007812
85478468.2614418268 88971.9033398777
87016396.2380346954 99968.4481048584
86793185.9689917266 98507.9314270020
83860341.9513137043 72898.9573535174
85168289.3003772795 86399.8319208771
84384713.2276518941 79442.8249864578
85330909.3941882700 87942.7508349419
85278934.2845724523 87356.7950937748
88883296.0991573483 107649.5991210938
84268334.7632550746 77516.2196865082
84524475.8869830221 80170.0276021252
83823216.5936309099 71808.4568196982
86304125.6055815816 95286.9272193909
83324791.0691770166 64336.6128432585
85201956.1843266189 87085.3854618073
86715005.7067714185 98339.0634155273
85040098.9598294944 85331.0522494316
85611729.3480494469 90090.9118251801
84812648.4164932221 83555.3724003285
85377105.6005309373 88002.6070804596
84256502.1460682154 77442.8894595506
84498245.8581307530 79985.1225039959
83743903.0795753300 70994.2813321799
85556400.4801359475 89710.4452867508
84934335.7917579561 84410.9036106020
85496340.0617542267 89240.7477769852
84626618.7696519643 81872.6964188069
86928060.8220620900 99237.0984802246
83724997.1223928034 70993.9779528826
86535164.1308898777 97105.0051574707
85095334.3610666543 85771.9557628632
85254201.3922193050 87102.8749065399
84944216.7186592817 84456.1189336436
85595132.3689508885 89849.5081241727
84476499.6924351752 79969.2916860208
83481220.4287708849 66927.6942614764
83993442.4575370848 73983.4519323111
82750191.9069682062 49564.1848057059
85629971.2442854345 90274.3435134888
83989784.3949444741 73961.5029878616
88933032.6309669167 107844.8582763672
84904464.3351058066 84115.4463262217
86580554.8213675916 97236.1629676819
85619098.0968432724 90268.5845594406
83772499.1350225508 71382.4276677817
85777910.6419710964 91296.1588630676
87565691.9419632554 103438.1262207031
83969123.4587866664 73868.9189988822
87839838.2895681560 104721.6622924805
86607392.3060643077 97237.2222061157
87835769.3448516876 104698.1001586914
86890379.4703258574 99210.2574462891
89431045.5887095034 108625.4570312500
87177124.1827124804 101147.4103088379
84132923.8840626180 75898.6076402664
87247046.8617208749 101253.5307312012
86988291.5887774974 99868.0297927856
89111687.7439717799 108134.2927246094
89716547.8622106761 108683.7812500000
87037054.3663438857 100228.3676605225
86832207.9169562757 98710.8515319824
