81411260.2008608580 117119.4514923096
80674626.9699527770 108862.2498588562
80402306.8856037557 105377.9736185633
78844775.7241466045 77117.8942726147
78708956.9049589336 73488.0998299532
79285612.3588432074 87760.6711039543
79404877.0336661935 89942.8408732414
78421863.6319009811 64998.0734156780
79058328.0952945203 82315.4764701133
79166433.6330401599 84548.4358317070
80439177.8406925648 105804.3000989705
80448344.9637579918 106011.6286223046
79971820.6571349502 99441.6662463024
80033632.4325326234 100282.5858019665
79133914.9704519361 84296.0302669820
79205811.1784563363 85951.2349843979
79069031.3939678073 82613.1000548606
79774543.2093946785 95736.2844446972
78355176.3254035711 64732.3670373377
80374208.1667093039 105148.6257792078
79855180.4103772491 97493.1355074719
81976220.4120845199 122614.4286499023
79872686.5017169416 98023.3171252087
79529108.1041396260 92202.5622320175
85875751.1701644808 124228.4865722656
79297715.3841678500 88177.9432363510
78347134.8259814084 60917.4330956889
79867767.8240796775 97845.0677584484
78494844.3736449927 67035.3477843222
79121402.7320601344 83236.0946489982
80249040.3706126213 103741.0480212048
79287012.0854945481 87880.3196516037
78589581.3499728888 69118.0834364113
85772976.4943281263 124221.7319335938
79294871.7136721164 87916.3317975998
79923397.7448994517 98449.0764025524
78504899.9295160025 69013.4341187892
80290036.5899106264 103856.5183016919
78895456.6617913246 79100.6177858491
78612466.9456619024 70622.7015737710
78584764.0384203941 69023.7348684487
79330485.4626789391 88448.1829824448
79620953.1526171267 93875.9763784409
82261781.0054822564 123369.9320068359
78305607.0437511802 60917.2779555432
80229948.6596525311 103434.1945140027
80405147.7220912874 105764.9599444531
80454178.2591337711 106212.3380953930
80553510.0539938658 107487.6993727684
79671555.7216941863 94461.6977910995
81968226.4925414920 121907.8907470703
78812249.0598289222 75547.1360104829
79359121.9713570327 88638.2201601677
78771635.9314978123 75354.6162350923
81828865.8776095212 121376.1674194336
80528801.8287246227 107114.3420855664
81976332.6473892480 122632.5682373047
79449642.7470731735 90671.7962713242
79909050.4004366100 98256.0654772595
79019826.8187843263 81059.1550445785
80284622.4665836692 103773.9346704483
78666964.4782322943 73368.2521126680
81668581.2598838955 119773.4486694336
78417342.8414706290 64978.9773267922
79847560.6156848818 97464.7743624523
79007921.0183701813 81058.3850250472
78986391.8498759270 80826.8145379056
81773584.2855080962 120848.7608337402
79707626.6367269158 94693.8346738815
81197433.0921389014 115614.9379425049
81001600.6745820045 113663.4161758423
80305096.7269424945 103897.3702459112
80714374.1341864467 109439.2211394310
79153405.6346155554 84454.4207560234
81233518.8672076166 115701.3647589684
79488543.4642094374 90946.1614141464
81544681.3878148198 118871.5942535400
78484141.0749717504 66737.7241995749
79842885.3630537689 96700.4093389511
81054820.2820566893 114454.7072906494
81364688.7107422501 116845.9431281090
81177684.6432437748 115483.4267706871
81896198.5825315714 121441.1907958984
81240322.5934866071 116252.6770782471
78876798.9651472270 78912.5044320039
78467653.7391478568 66669.1913313088
80041239.9821749926 100324.3231066540
80029386.4294966310 99796.5895251110
79995772.8825517446 99451.4119128063
79951520.6208241135 98535.6015337780
79821901.9856114835 96529.9554204941
79966311.7007369846 98570.7173174694
81172818.8405818790 115373.4212164879
81235456.7908246666 116142.6715240479
79961234.1974984407 98568.3368395641
81033630.6192904711 113693.4882330894
81390836.6564126164 117098.4959411621
81487452.5864879340 117989.6412658691
81717522.9235862792 120008.3109130859
80228899.0946678221 102606.5925338231
81115085.3487498313 114559.3726959229
80572680.8258842826 107729.0175154321
78657383.9142515063 73225.4918587618
79397711.4379919171 89913.4614973068
80819569.0223755240 110856.1303229332
81041871.9385350198 113789.6583991051
79685583.4231454730 94667.2674932480
80993752.1518126428 113589.2868170738
79088885.6305149496 83196.5193888359
82180817.7705606222 123329.5924682617
80899741.7438223511 112112.5311408043
79649360.6547602713 93890.5264654160
79799939.6204780638 96488.2181158066
81810831.4671104550 120880.4254760742
80845288.6182321012 111549.0331556909
81897813.3604125082 121691.9550781250
82127557.9455583096 123324.4123535156
79862351.6955977529 97499.8901461437
82098343.5748892874 123172.0980224609
82034030.0078503042 122948.3558959961
78839912.8950340301 77113.8670501937
80860330.9648586661 111637.7650504112
81590049.3203389049 119202.7380676270
82021851.4424085021 122838.1707763672
81232088.2788715214 115694.3109869957
80921820.7496103942 112429.0561652184
81960475.3765990883 121897.3916625977
82071307.4836250097 123153.9584350586
78799729.7660729736 75382.2587044649
79751728.4431410134 95718.0986089706
79388152.9623214453 89857.2467145920
79569187.9333134294 92634.1256475449
79734632.1124009192 95621.9284429550
79169208.0851359665 84639.1316324882
79620379.7973719388 93717.9607038498
81001993.4710572064 113685.4569830894
79610065.9369424582 93670.4066762924
82084807.8673984855 123159.1385498047
81627326.7961135954 119408.3406066895
79804555.2541404665 96494.8396368027
79821455.4238646030 96508.2651739120
78966088.2756328583 79613.9322607932
80869686.8604290634 111777.6960692406
80959213.4667593539 112706.2117438316
79204250.7244549245 85182.1072069816
80015818.3810187727 99580.5860194042
79374912.0924615860 88871.4889933616
79420643.8683700413 90043.4581403732
79184258.9126308560 85037.8557669334
79178620.2657579184 84701.4186941795
81531673.9114858210 118225.4458618164
79835362.7832085490 96694.6052007675
80015463.2679389268 99533.0319918469
78814489.7614814192 76927.6556244125
78985941.0390945971 80684.1216528830
79047430.8238463104 81475.4127676901
79427053.6794576943 90154.8702993393
79609136.3020205349 92911.2812261581
79134161.5275292397 84452.9202067070
79208793.8581698835 86225.1957289726
78733117.3887241930 73593.0121833496
81325869.5022002459 116537.4816284180
78675333.2333312482 73371.4120858125
78940665.1420802474 79427.7208350119
79362246.4834067225 88758.9672040939
80305293.9911664128 103982.3661565557
78682807.0478041172 73411.7032845430
81579128.0359836370 119160.7966003418
78859765.6584957540 78689.2414093246
79262648.9453290850 86774.4938923866
79130045.6772727966 83532.9286011686
80510427.1321220845 106820.8213591576
79330966.8593449593 88581.9316205978
80372640.2664272785 104764.4814290777
79027404.0796420872 81471.1507475791
80709892.0419191569 109382.4922919981
81626987.1271568984 119258.6867980957
80345492.9328405410 104620.6667720489
79352218.5895646662 88611.2327680588
80737547.9744926840 110089.7318358421
79317320.2504221201 88309.1526435614
81373246.0963411778 116899.3092651367
79245234.1980493367 86553.5229451209
79507698.1485617012 91842.8345327377
80134550.9827153385 101566.4259454869
78839848.1460633874 77001.2771759261
79556126.0498816520 92595.4952993393
79086690.8599273711 83002.3509737258
79229878.8668180108 86504.2541462928
81559718.3180706650 118978.6919250488
80185994.1876768172 102363.5211984776
80767401.3780871630 110522.3143553734
80580020.9498470873 107751.2569060326
79788016.4845533073 95903.7053026557
80444193.2722844481 105805.5392775536
78749766.9857392758 74687.3140606475
79528734.7978811860 91844.1200799942
81352301.9029491991 116746.9949340820
80700675.3684602678 109110.4865965843
79438936.0901685357 90586.4337148666
80921530.2998713106 112209.2594847679
81697685.4100580215 120003.9908447266
81281924.2725570500 116312.1661376953
80148257.2004110515 101731.5229913853
81552569.9465327561 118882.6303405762
80765649.6335721463 110521.2952513695
81301524.0434010476 116536.2122802734
80631951.3077108115 108614.8446631432
78636828.9251648039 71295.9069824447
81122911.9442898631 114848.1110534668
81747346.6380069703 120143.0416870117
80868310.6923966110 111713.5175414085
81122301.7209541798 114635.3658752441
80120630.8958807737 101464.0454577282
81896824.3642914742 121559.3101196289
80654502.7598165870 108694.7504262701
80625456.2772686779 108470.7594594732
80593012.9750648737 107903.4593114629
80211074.1813178360 102536.4099924229
80182027.6987698674 102312.4190256260
80793527.0202590227 110627.5706419945
78380107.5347316712 64920.1528768619
80444827.7780020982 105926.0526950024
78751904.1125467569 74912.7010090766
78833148.5644812435 76992.1013336410
79780868.7393107563 95873.2466249466
80193669.5011007935 102522.8141061924
80336881.3692954481 104545.5891916417
80178878.8462246060 102304.6272775792
80311035.4415658265 104331.9649850987
79667155.1878172606 94165.7214117050
80472929.4370815605 106357.6161105298
81753554.5956474543 120271.2446594238
80605271.6904923618 108201.8595187329
79058136.6920498013 81522.4517081198
81390406.3258729428 116899.6362609863
81038133.6421349198 113704.9128546715
79473571.6694050133 90831.3633963615
79775429.5683435500 95853.6856451035
81679137.4150232971 119895.1882019043
80207925.3287725747 102528.6182443760
80105283.6649909616 100689.6487161778
81290814.3248117566 116312.4931335449
81741345.7360332757 120051.3001708984
78856148.1676738858 77178.3127594222
80338227.5074401200 104555.9559518956
81507047.9534998536 118057.1138610840
80955948.4228187054 112619.0124816895
79717388.0636850148 94891.8429495841
79706755.6439325213 94668.8710867912
79080319.4293834716 82731.3167893104
81531897.0168738216 118267.4927673340
79589942.9820692837 92864.5052420646
81515747.4895863086 118095.1778259277
81460174.9639336765 117904.3957824707
80092528.6242739260 100545.8870432042
80720285.0608680248 109662.9817495123
80487368.0562112331 106698.6839648187
80486288.6924072802 106686.5905199945
80519447.1171085835 106915.3665209711
80692447.8730778098 109048.3816161156
81404260.2287749946 117100.1451950073
81452249.6297532618 117886.2561950684
80060277.1721793115 100475.1221735142
81748463.2696062177 120214.7734985352
79481431.2975825965 90867.3755423576
80655475.9342414737 108787.1023802757
80695618.1002444774 109057.3219847679
80164780.0355373621 101821.6355783604
80692800.4979386330 109049.1507201195
80101758.8949707597 100636.0348093174
81818757.7516387254 121034.5801391602
85282761.8130836636 124203.6213378906
80666571.6176965237 108833.3310179710
84935145.4354975224 124201.7293701172
81956131.3572528511 121731.6043701172
82246853.0964313298 123364.5751342773
84806465.1258796602 124182.2979736328
82697664.8644243330 123721.1409301758
82245422.5080952346 123357.5213623047
82767208.9553337991 123816.5203857422
83450905.6129821390 123896.2867431641
82563577.8358299136 123703.0013427734
82896818.4886071235 123823.3027954102
82276067.4671003520 123516.8894653320
81811294.4082991630 120922.3627624512
82642554.5963720530 123709.7837524414
83127442.8054037243 123883.6061401367
85616955.0767366588 124204.4340820312
83028389.0076393187 123832.1997680664
83700150.7756417394 123926.5520019531
82431876.9378436208 123533.4755249023
82513905.6061152816 123646.9945678711
82446555.7020569593 123561.9980468750
84903587.5756926686 124195.5523071289
83764315.2063806951 124064.0446166992
84574795.1337221861 124177.3105468750
83959020.8743127137 124159.1709594727
85743181.1796568185 124204.4690551758
84727963.8950128108 124177.4127197266
