121085024.3252161145 107500.0694961548
122808379.1746318489 118249.5995941162
122069812.8202766627 113977.2755813599
117469291.4577655345 73757.7113623321
122098399.2891037464 114169.5227966309
118456738.7187941223 85345.9008902221
121854295.6565623134 112919.9906234741
121273944.9609479904 109131.4130172729
121552389.7683748901 111107.7321701050
118117227.9266634136 81845.3266220151
116796308.9503104985 62462.6996690743
121923692.4146466553 113470.5253753662
119345745.2695399076 93753.1758966499
122569817.3166875988 117106.8774871826
120760908.4783714861 105137.4836263657
119638538.9488633871 96558.8023503013
117305216.1636093110 70840.8327221572
121092502.6118153483 107721.4493349940
121494752.5011440367 110701.2803878784
118847934.4278154224 89250.4136990218
119101978.1217558682 91495.2945774703
124595944.4960429072 123990.2589111328
122234645.9595163763 115335.7921295166
121684678.4337885678 112107.8825073242
121995631.9786583036 113952.1586608887
121769391.7327957898 112599.0736312866
121922463.0772281289 113155.5327987671
122280574.4906035662 115526.2471923828
117176318.6352802664 68794.5598791577
121733268.0443371385 112482.3165893555
122396356.8912040740 115598.0561065674
121787186.0973032862 112645.7727050781
124354067.1216396391 123781.5515136719
117292323.9504121691 70288.6159365773
121583666.1309604794 111366.9706726074
121919172.3238233924 112959.6281738281
116644927.5620112270 57996.9194478802
127159132.2956594229 126855.3254394531
117423674.5554808378 72696.9899473377
117384309.9175950885 72668.8959479034
117065915.0598574281 67230.2112563290
122122692.2901661992 114238.4302062988
126985585.2239398211 126722.1610107422
125652528.8258984089 125954.3426513672
117353969.3561495245 71528.4557367004
117583433.5264026523 74947.8659632951
118501060.4194062352 85698.0836933761
123541077.5151108354 121437.9592895508
116712440.7991189957 59851.8333802037
117342423.3657519072 71204.3372168243
124160848.1997439861 123472.6336669922
121463870.8935925663 110538.0151367188
118670697.1199589670 87427.7865494399
120185218.8574951440 100926.0494820960
116966219.0273174495 65059.6476212181
126743936.6811683178 126708.7487792969
122789859.9024396539 117768.4406585693
122387313.2496112287 115562.7794189453
116877540.9356662035 64545.8195956349
125755503.5940204114 125960.4039306641
122195516.4030035287 114779.2070617676
120373814.7439481169 101862.5208946764
117114207.9799346328 67936.5601721928
123333411.5816942155 120407.6057739258
117292742.1864596009 70691.7455377281
116924182.9752834290 64677.3776690755
118122514.3148748875 81972.7549591959
116973753.7932540774 65128.3557681032
117979580.9779761583 80329.2471180319
120535445.7853273898 103363.1999505758
116854677.9781596065 62731.2818963323
120733247.5105253309 104968.1896508932
119436927.8941151798 94798.6832573600
121393740.1983159333 109960.3685531616
120641869.3071558028 104436.0454372168
128533860.7585532367 127119.8195800781
120406131.3423754722 102319.9617497027
117021406.1703895330 65991.7523790784
122506469.9478732497 116644.4459838867
125811100.4346197098 125999.6147460938
117607734.9147924334 75330.7976673543
120262596.7986858934 101586.6796345320
116671840.6566102803 58699.3089966588
116979385.9054140896 65456.8251971193
120490038.0070212781 103126.4464704990
122446756.6447277218 115863.7010879517
120077980.7281435281 100130.4517342933
118922064.8750467598 89775.5565786415
120455069.3082937896 102830.9612854607
121092334.0451851934 107628.2758458853
120609177.8007305861 104321.4298828728
116691712.4112370312 59603.6084394269
116718592.6210470498 59852.8313398175
123051738.9590297788 119430.5696105957
122807220.6417913288 118058.6788330078
117224188.3805528879 69199.6847339794
118775800.6040162146 88240.4220266396
118822482.7831684053 89151.7837303787
117045528.5958574861 66346.6883473173
122741942.0600079596 117732.3467483521
118884599.6150620878 89487.7733849197
123897540.9004182667 122016.0625610352
123381889.7588996887 120899.7871704102
116824468.8447621316 62633.4789107218
120024203.9443639964 99952.7200310417
120086625.8396813571 100433.3201356232
117792219.8451298624 78433.4336164906
126291755.7112022340 126700.2786865234
117978729.2177661657 80281.7944970488
123857519.5292490125 122010.0452270508
119232350.0766735077 93079.6069343144
118138635.6494352371 82212.5017857908
118166910.9474736750 82252.2198825426
122169109.4585480988 114353.6773223877
125387507.1917657852 125840.0471191406
124527862.0257117003 123979.9969482422
116721976.2272419035 59942.5280866437
118134418.4157552868 82169.3140168120
121448449.7529197037 110370.9876232147
122480063.0034178197 116218.9162445068
124002531.2053302526 122407.5577392578
116997034.4681543857 65877.6964798607
122192660.5683042854 114411.9741230011
117707052.8652334809 77549.7893700956
121437055.6472230852 110082.0114078522
123152741.2653691173 119453.7833862305
122148623.1867353618 114322.3377380371
121441814.8715750724 110304.7618427277
124116941.4288870692 122694.6890869141
125381008.0624929965 125569.8377685547
117030717.1154980808 66013.9830461666
120059515.4947960377 100063.4470887482
125541753.8083730787 125937.9063720703
117949440.5039304048 80095.7170151382
124954865.0365580171 124876.8367919922
125132658.7678170353 125278.1213378906
119930398.7872245014 99252.7546593249
116754314.6922710389 60319.7801738083
117760629.0439311266 77650.8323057055
119661284.8911470026 96950.5253567994
120553888.4245616943 103858.6637163162
123255740.2094945163 120192.2769165039
120614087.5784211606 104328.8580420688
119451133.2327475697 95045.2834912157
128122149.3364668489 127000.5832519531
120738292.4225859940 105075.2602332309
121413023.6966471672 110012.2691402435
120186402.1250006855 101497.8271546662
119569403.7029868215 95770.4904010501
116781367.3048822731 60918.3709309399
120497355.6698704213 103232.6876588166
125098488.9090674520 125265.7552490234
123006728.1671604216 118872.6231994629
117621498.1873870343 75568.4770947397
125229517.0474327803 125491.1121826172
123293357.0332198590 120342.8305053711
118076166.7478966564 81621.2947306990
117068393.2781239748 67492.5637385640
117650820.2354836166 76082.1024609506
118932874.5263452083 89824.2279422337
126161250.8047349304 126315.9519042969
119480340.8718926311 95062.6137429094
117679724.2963942289 76713.7513871405
120087790.3417329639 100534.3554139435
118945710.3251074851 89985.2470397165
123963493.6973724365 122146.0993652344
117033125.0147319585 66312.0724971090
118095250.1762855351 81708.2850083022
118886702.3442397714 89721.6585720687
119171713.9253904074 92489.6465251651
118561625.7074584961 86578.0426701217
117689584.0177860856 76965.1276746153
116983761.6295791417 65760.4477678463
118612498.4381776303 86852.1681412368
117634968.2008929998 75979.8282272874
119748304.7718179524 97410.7829804718
119671759.5904334038 97005.3551318850
124098190.6395000368 122624.0755004883
119998607.4060731083 99845.8491730988
120122490.5234813988 100742.9661050141
127765668.6830264032 126938.7868652344
118228988.4897808880 82745.8285645156
119778260.5098235160 97966.9043262210
119855353.2885726243 98524.2302460968
118548975.9746545851 86232.4000061660
120825437.2104537636 105992.3674854040
121263416.6866589636 108906.5233879089
118703084.4670914263 87719.8330200820
121263951.0477916151 108954.5595493317
120305264.5410351753 101703.4887833893
119987153.5876581818 99473.9587617218
120276896.9227238446 101652.7957368195
119528505.4729329050 95683.7362048831
121165210.2395368069 108481.8360996246
119311874.7375722378 93659.8678119387
119104825.0784397274 91700.9749191012
119126764.8615846038 91702.5943058639
119369918.6791425794 93963.6019530025
121210858.2100006193 108525.8524036407
120885655.2974312156 106609.4901905060
119514524.2963373363 95419.7910602298
121125518.8985750079 107849.1991596222
119374396.9804960638 94193.2676074710
122977296.3341042399 118816.3513793945
118354613.0460001379 84229.3549209184
120862031.1656263322 106243.0036780834
117490248.6406686753 73928.8050770760
119055074.3070116341 91398.8522534668
121300041.1456605047 109214.3586444855
124934846.4902594686 124845.9261474609
121285791.7779608369 109142.2725849152
117095531.9100011140 67766.7373012491
120881518.2350630611 106316.5203021765
118356225.3547917753 84358.2402161269
119306962.4217766523 93479.3355090823
118368594.2225958109 84493.3000655717
118457082.4959888756 85457.1828430801
120974838.2330911011 107297.9964313507
119132054.5960025787 92161.9282596316
119282503.5018303543 93412.9084766116
118858823.1073371768 89438.3247420993
117265230.2502356023 69746.5007952228
119617688.4085927904 96482.0133197512
119401057.6732321233 94458.1449268069
121675614.9038854837 111607.8506336212
120657154.9879374802 104701.0616534948
118340767.3364247382 84200.4388874679
124687977.1992777139 124253.8465576172
118966767.3402293175 90295.2394244876
124712436.1192240119 124310.8587646484
120677138.0587998480 104805.6912803650
117859984.6585151553 79166.3883732855
117859945.7641781121 79135.0347810984
118235524.3267679662 83263.5954775736
118264066.8311110139 83530.1848133712
118250085.6545153409 83266.2396687179
117828840.0882150829 78596.5968753009
122888192.7271254957 118658.6658020020
120762106.0531868786 105459.5503237247
119902522.9809860885 98774.4321656525
119918803.9930428416 98981.9695191681
123678415.6796879321 121488.2907104492
122687151.6569323838 117508.5356445312
124756017.3246176839 124588.8001708984
123152972.8990491033 119974.9127807617
123016875.8554579318 118963.3960113525
125034234.7704270780 125177.4799804688
123368587.3098026365 120464.7848510742
118518475.9516852498 86022.4881161361
117579645.8387120217 74725.9171813410
117659698.6832525581 76238.0940483718
119723713.3413095176 97147.9759126008
120672923.1175269932 104771.0440828800
117430008.4579796493 73195.0618224633
117383373.4454986304 71897.5409961119
119484492.9635819942 95110.2397035983
118751659.9081019461 88104.8863676696
123789837.3627941161 121782.9414672852
117537759.2868688405 74686.5251365197
117849733.8459945619 78789.7635697036
117229716.6355845928 69294.5356095210
118217135.8483226746 82676.1363684955
123730475.4959145635 121609.4238891602
117511454.7503489107 74617.4139486849
125149325.9583508372 125334.3300781250
117755964.1937010288 77562.2454003005
124894444.4022400826 124764.2509765625
119203138.9309840053 92639.9638094333
123755520.0435962379 121613.8821411133
117240882.2840680927 69536.2953980342
118989472.2547107637 90762.2018735232
118035994.4476139992 80946.3325699477
118572306.8258496374 86623.4234493881
117889730.1765834242 79411.1980179458
117602307.3837869316 75108.9728142321
118986814.9623536915 90557.5712649646
117770813.6992106885 77844.5197323470
118009979.2936207056 80588.8432663589
118426042.5548191071 85088.2888973861
118049975.6242095679 81210.2777146011
118779356.4849821478 88686.7707737594
120921536.0795675516 106693.0021514893
122876326.3276350051 118273.2831802368
118789267.6553819031 88729.0600278201
122410505.0855182111 115806.9060440063
118633092.2139516175 87148.6006382613
120931023.5310675502 106773.6478843689
125787035.1561480612 125994.9639892578
122473390.3785175979 115943.2167968750
123380027.5846702605 120613.0468139648
124804284.9363488257 124746.1168212891
124602825.7912558168 124043.0445556641
125922390.1578759700 126086.0109863281
120429447.9169486463 102755.0851598382
126026460.4026518017 126194.7465820312
120423491.3640350699 102751.0305695832
120276480.8701288700 101643.6869454682
124963108.8354816884 124900.2297363281
120457858.6325256079 102995.2195554078
125141293.2633382976 125314.7457275391
