122194975.9818506837 838210.1859283447
122216655.9599787295 838448.5128097534
122159050.4698465168 837786.1979064941
120954545.0082599819 781241.6635265350
120738715.9006663859 770736.7014904022
121013252.0120983124 783088.6939220428
120825861.1298481524 771624.2847912312
120851628.4045251012 773150.4556102753
119827215.9400062114 701996.3438220024
120086770.9624179751 721991.9655871391
119429634.1658729613 680288.1213049889
119627709.8487052321 688053.0989413261
119647289.2689405680 698931.8831820488
119667588.8491357416 699981.4076638222
119806251.9538642317 700493.3571200371
119442317.8439999223 688040.2923884392
119820244.1924203932 700507.5498032570
129175194.3012914360 1032132.8408203125
120904533.4427210391 779398.8418712616
122053126.9976714253 831961.1723842621
121683498.3455411047 818198.8635463715
120575562.5223300606 755900.6290965080
120561719.8593080044 754452.7975673676
120638319.6862808466 764285.8368358612
120894175.8300312161 773187.3401012421
121392570.4513988495 806543.6140880585
120220156.7580500096 730964.6137804985
120718992.5815369934 766657.4833965302
119897682.9346317500 710984.7609362602
119833462.2019630075 702610.6812243462
119944453.0164515376 711875.5860095024
119917379.0899071097 711068.1644396782
126624730.1372423321 982765.3806152344
121048979.3140068054 783258.0720348358
125636907.8102326542 957588.3565673828
121686304.2577077895 819445.0341339111
126205395.9773827493 971457.7776489258
131892510.9265977442 1060413.3554687500
130145756.4182201177 1046189.7402343750
125282803.3680847883 949346.2316284180
124943598.1538850963 939173.3532104492
130674199.5570427626 1054017.3945312500
130490819.7969387025 1052734.3227539062
124722488.4720150977 931594.3006591797
130892402.5177152604 1054896.6088867188
121661068.2984369397 817963.2323131561
121409554.0013189763 807795.4556484222
121164797.9144440740 798252.5205898285
121805985.4820020646 823378.9806652069
126342761.1529514343 977499.7167510986
126217844.6232503504 975416.4245605469
121067187.5068013221 785223.8460826874
131680025.0944592655 1060047.0327148438
128254629.4819864780 1018057.5683593750
128182083.1296487898 1016923.3505859375
130892814.4964094907 1054969.4765625000
130673147.3292344362 1053822.1464843750
121006117.5949265212 781315.7644176483
121522104.2609510571 814313.0109386444
120584597.7440132648 757857.2858119011
129683962.3003344536 1040147.2343750000
129538075.6442016810 1040122.2802734375
129717354.3187388629 1040511.0405273438
125039003.6498476863 941210.5260620117
125675584.0819734335 960167.5968017578
125111528.5573939681 946710.3766479492
121010107.3464121819 781351.9500865936
121969052.9007467479 830773.2558593750
121285789.2678823024 802909.8308849335
121797152.2294004709 823149.2589855194
121790383.4588746428 822825.3585948944
121930026.9267604053 828956.7397308350
122072345.2960750312 837232.2631683350
120137929.7710447311 726946.1926003695
120354872.9609597474 741199.2276186943
120363546.9742893577 741898.5506777763
124538309.2019592226 927857.1114501953
124708689.0040352345 928763.5958251953
121350469.2123201191 805811.3452968597
121396641.9064256996 807167.7047939301
120896988.9144537151 774041.6926250458
125888139.1786849350 967301.0503692627
125501549.2688160986 956524.0796661377
123089409.3841894865 869685.8169250488
129781416.6137183756 1045124.0371093750
121083539.3780773431 786173.6962871552
120161703.8882906139 730666.6257433891
120045924.6911488771 720192.7546496391
119841963.2604798675 708976.0314402580
119744538.1495573372 700456.6749377251
130339470.4430562705 1049928.1806640625
130588653.6721057743 1053675.0000000000
120025390.0245015919 719356.6173815727
119983553.9400629103 717579.3453213573
125039268.3500276953 941446.5899658203
128982987.3179929107 1031047.7358398438
129466683.4919801652 1037763.4609375000
129238484.9856742769 1034245.2343750000
120233531.1343720108 739172.0727725029
120475691.2843149006 747615.6743197441
121898362.6332127899 828166.2934417725
120520181.9081082195 751661.8775820732
120302626.1304558069 739736.2268862724
120382023.5848443657 746234.6195750237
119956205.9289654344 716911.4884142876
120161337.0766328722 728579.0653872490
120155469.7296758592 727790.0163645744
124811137.7423892766 936297.5313720703
125982895.0331642330 967586.1472778320
131244265.0873425454 1056879.4580078125
125021709.8457802534 940324.7696533203
121674448.5061494410 818084.8861293793
121504586.6313724220 814165.0358409882
125792999.2311851978 962503.0987701416
125978986.4567110389 967553.4671020508
120140373.0904908925 727417.3113512993
128378836.1804716587 1020565.1308593750
123024721.7389693856 868069.1032638550
123256533.4266293496 876156.1555709839
123100127.5816556215 870357.0251159668
121640688.8084469289 816908.8915004730
129254915.6884324402 1037109.6435546875
125218656.5783877224 948691.4063873291
125584964.4617986828 957355.5724029541
121099160.1418121308 789471.5360317230
125354824.5787032098 951857.2246246338
126855031.8553473502 989328.8948974609
126663077.4765822887 984507.7459716797
126014576.6701364517 967920.9996643066
125812757.8955047578 962681.6788635254
126198449.2363317013 970959.3719787598
122227387.8194814920 839327.0433242321
122729392.4653335661 855854.9475421906
126781274.9574256986 986649.8681030273
132465395.7914173156 1066297.2822265625
132069753.4450370371 1063796.1245117188
132597156.9756371975 1066530.3486328125
131926852.8926558346 1062261.6586914062
121443516.7194976211 810253.6220836639
121948443.9037715644 829555.3331146240
130446858.6620502621 1050834.6650390625
128226386.2152292877 1017689.9948730469
128809963.6644651145 1028418.7348632812
128521532.4193839878 1021985.2661132812
128555038.0789326280 1023209.6391601562
131527833.3761213571 1057982.2011718750
131362717.5603789240 1057766.4863281250
132634847.7922152579 1066735.9301757812
126540638.9679645896 979455.0809936523
126599105.5136869848 981118.6923217773
126147666.8120888025 970558.9948425293
127201291.6889906675 996752.2584228516
128687774.0702804774 1026823.0341796875
121824155.2770832181 825121.3545074463
125278858.5324723572 949318.8161621094
132945408.9511785507 1067506.7836914062
125685911.1780757308 961562.0216217041
126386241.1627892703 979334.6204833984
127075664.3482875228 991682.3256835938
132795998.2593119591 1067005.8041992188
132190114.4294266254 1065320.8471679688
126062499.4395576417 969725.7116241455
125836672.2824437320 967014.5152893066
125072657.2421904504 943928.7822265625
125421570.0711375177 955651.3390045166
127294205.5016488582 997262.1586914062
121495028.5565086454 813759.9508819580
132376359.3465561867 1065796.3027343750
120486540.6199338436 751621.0414614677
132752047.5502632707 1066936.0996093750
132332976.2715035975 1065726.5981445312
123831529.8823255301 897103.9411849976
124214796.1231516302 912912.2970962524
126640668.4490424842 983816.1229248047
128270993.6148470193 1019796.1484375000
127135322.4925235659 994273.8245849609
126671072.2563143522 986384.1968994141
128114353.9859729409 1014640.4594726562
128040866.8682973683 1013807.5869140625
128137321.1955977976 1014821.8603515625
127553337.7456205338 1004898.5173339844
126927637.7506734431 991104.6782226562
120371947.9384989440 742589.8382449150
128971884.3260212690 1031012.4760742188
121572537.2498379052 815395.7592926025
127553749.7243147492 1004971.3850097656
127870494.0391409397 1011580.9309082031
127897054.7298902124 1013418.8266601562
131476621.7777491361 1057854.3125000000
123839299.1553690583 898165.1239242554
126482838.5638982356 979406.5056152344
127111057.4354896843 992414.6108398438
123891496.5123277158 904592.9747848511
124075220.2436234206 909899.6603775024
127862687.6141235679 1011229.2883300781
127290296.9251956642 997240.6523437500
127539800.6249538511 1003566.5373535156
130385950.7447598130 1050295.9736328125
121979367.2742183954 831205.5406646729
131602970.9060219079 1058119.1113281250
131277171.6754419059 1057424.0917968750
121699275.3578457981 820940.6136627197
131647485.7750087231 1058233.2407226562
124224506.3783947229 913067.0505142212
123120143.2524571866 871488.2259414196
129073927.3931700587 1031544.3022460938
126061399.9548567683 968675.5299987793
123769504.9320993572 894545.2059555054
123463144.7953830510 886460.5641098022
127650456.2550766021 1008734.1779785156
123757256.0779141635 894450.0958480835
123379831.6047425121 883820.7224349976
123600624.6402172744 891402.5506820679
124056442.7418167144 906605.3894653320
125758138.1176481098 961978.3056182861
127430268.9366335124 1002122.8181152344
128889372.9903750271 1029095.2500000000
122955828.1538254321 866145.5941054821
122863609.4340169430 863700.2569472790
122319468.7325723767 843659.8797500134
123634840.4025958776 894193.9852523804
124156715.0313566178 911530.7692871094
124043305.9587936997 904954.1926498413
128637212.8885904700 1024029.1401367188
128476106.8816275150 1021054.5239257812
132462114.0622967631 1066149.5605468750
132172092.2729609013 1064062.5849609375
127359053.4578003883 1000201.2292480469
127762168.3527631611 1009342.0009765625
125110214.1434635371 943965.3313140869
128968382.0966181606 1030023.3076171875
129130909.4940703809 1032107.8867187500
124762290.4955651611 933284.7944488525
124304757.8371687680 918382.9274673462
128551422.7062043399 1022893.0371093750
123356705.4122543037 881567.5471420288
123012634.7551131994 867214.2309188843
131094218.2413607091 1056470.5810546875
128417146.8995851725 1020644.7797851562
128678638.4833468795 1024669.6372070312
124358598.4176083356 920329.8610610962
123783782.2462689728 896247.2816390991
123302049.4907948673 879607.0204086304
122056831.7460377365 832498.6974990368
123532812.0210522115 890542.4283676147
123822942.9254123122 896807.7510452271
122240880.9897728860 842349.6716811657
126550055.9278230667 979808.7086181641
122538534.2000865042 851312.3802382946
122739131.8259626031 861050.5785350800
124438949.6851600558 921523.2452545166
122316847.9022239149 843093.6395492554
123079667.5825334638 868713.3767852783
123118250.5563380271 870513.5965447426
123296191.6622932702 877005.6761345863
124474085.4001366943 923309.8741607666
123202188.9224623442 874536.1092758179
122985201.7747725695 866628.6270623207
122574006.6359522492 851388.3391551971
122633526.7645894289 854154.0538158417
122444113.8394154459 848262.7677440643
122856081.2921179086 861773.9292736053
122729171.2905551195 855386.3646373749
122449563.2180503458 848662.7018260956
123275752.8624211699 876392.0328598022
122876708.8404945582 864208.3368148804
122227475.6406196505 839634.2789745331
122657174.6370440125 854452.8390331268
122352439.2689843774 845399.7584056854
122014881.0083744973 831649.0690810680
122443345.5921782553 847942.9435253143
