133427598.8858059198 1377696.6660156250
129182105.4870244414 1050680.9101562500
133003792.2469049245 1358259.8330078125
131210607.1004991829 1243916.7319335938
139695569.3776560724 1494872.4492187500
130285193.4922021776 1174774.3789062500
130374658.0119840652 1184162.4340820312
130598983.8482643813 1198307.1772460938
133457872.9320646971 1379986.4238281250
128861716.4387944490 982631.3334960938
129568952.0580716580 1085752.2626953125
129761143.3065530658 1115991.8364257812
133854895.4345778525 1392816.3876953125
130359996.6023211181 1180634.3818359375
140051250.0599552691 1496161.7402343750
129513231.5694978833 1079062.9316406250
130680333.0242763460 1206499.8554687500
130468248.0407637954 1190882.6982421875
132470979.2794016302 1332356.1835937500
134352273.3755523562 1411020.6523437500
128857550.8516510427 977421.6596679688
132516390.7179201394 1333428.8945312500
129131746.2439283133 1038936.3554687500
132691985.0805717111 1345578.1767578125
139241965.5769614875 1492950.7714843750
129809719.3675286621 1124098.9082031250
129699490.8998536021 1110667.9018554688
131090888.2450765073 1236931.7373046875
131082711.1831530631 1236107.3603515625
132361830.6812186539 1322445.7138671875
130094347.4566245377 1156574.9584960938
129093477.1711186320 1034284.7382812500
132334708.1145851612 1320349.6455078125
145399594.6161266565 1511893.9550781250
139864497.3586404920 1495954.0234375000
130401481.6622950286 1185092.2778320312
129214249.7711867243 1052939.1459960938
130971452.3290507793 1226892.0761718750
129484925.5254890174 1074935.6274414062
129648789.0299005210 1098033.3325195312
130336160.4941517711 1180165.5366210938
140004576.9790120721 1496054.4101562500
134101635.4182229936 1404009.9189453125
131617376.2470545322 1274884.1225585938
134379797.3698823154 1411253.2187500000
133159907.1643103808 1362266.9873046875
128871584.5874997228 983281.8764648438
133035197.7595106810 1360192.3994140625
128918368.8218758851 1002300.0561523438
129327700.2594829649 1058274.0385742188
130061947.4560806453 1155981.3359375000
129504196.5238009393 1077257.5742187500
129406530.8151952624 1071164.8134765625
130609287.7870582640 1200167.6318359375
130892475.4572748542 1223131.3017578125
130530180.7135739774 1196439.1992187500
129336973.0054024458 1060239.7148437500
129017787.1622008830 1022729.4511718750
129371839.5533267409 1061615.0395507812
129043698.6918844134 1025143.7202148438
129298168.2684558481 1057133.4243164062
132870150.6640362144 1354796.1923828125
132602274.7013899982 1340276.7343750000
129348538.8911436796 1061409.0883789062
128902896.8511375487 1001731.2368164062
128942299.9250943661 1013901.7133789062
144610349.8548346460 1510231.2441406250
129309562.1950479448 1057239.1992187500
138174740.9274387956 1483505.2568359375
129586979.7680487931 1086939.1694335938
132913770.3234339654 1356952.5869140625
130009688.1877145320 1141196.1723632812
130473117.2537536919 1191349.4331054688
138702569.4305714071 1487079.2050781250
145069182.5305733681 1510678.5527343750
130214446.5784174651 1167742.6274414062
130200397.9625532031 1166685.6088867188
130128269.3954723179 1164389.0537109375
131383377.7144534886 1255800.0058593750
129087707.8883488774 1029123.5483398438
139328871.7187418640 1493840.8750000000
142817079.7155850828 1507694.2207031250
128940380.2409010977 1009590.5932617188
139188945.5349405110 1491449.0468750000
130445601.3907374889 1188254.3798828125
131532315.7012037635 1271961.1137695312
131363054.9771454781 1255767.6640625000
132455877.7219098359 1328733.6591796875
132739162.5271517485 1349035.5302734375
138439357.1722547114 1485595.9736328125
130742145.3763989955 1211481.2089843750
132791435.2121545076 1352099.7578125000
130281160.3230158389 1172902.5913085938
129782540.2300385237 1120730.1928710938
130116383.3602167666 1159277.3002929688
129863062.4232352078 1127647.7250976562
130814275.0495218337 1217280.7700195312
145415595.1346575022 1511961.4316406250
129725232.5008497834 1112222.8774414062
133511063.7109657824 1381410.9033203125
143483894.1111946404 1507871.3261718750
128886002.8250820190 991911.8784179688
130792614.9382492006 1213312.4335937500
129953197.6268033385 1134775.7016601562
131135518.4567628503 1240133.4907226562
143676180.3182566464 1508687.9863281250
132205463.1208484769 1314759.2617187500
129656303.3507383168 1099683.3793945312
136896574.9907660186 1463523.5947265625
130794154.4887236804 1213464.4985351562
129720700.9316649437 1111201.7036132812
129874090.5533190370 1131047.2690429688
143896494.3098313212 1509023.4277343750
131022872.2657933682 1230158.1235351562
129060268.3229984492 1028861.9204101562
129121706.6616556644 1034681.2172851562
143966989.9381959140 1509567.1699218750
129005458.1160015613 1017814.6040039062
128978560.9303270578 1016187.7041015625
132136652.5613376051 1307815.7802734375
130430627.0958224982 1187256.2231445312
133144277.2707821429 1361669.3544921875
128875620.6601027250 990375.7475585938
132169289.8023860157 1310832.4560546875
130866547.7345246226 1220344.9975585938
133379796.8185299039 1374935.1992187500
130642810.4523948729 1202298.6943359375
129012182.9115580618 1019829.3793945312
132568386.5200435221 1336142.8955078125
129902012.4356562346 1132273.2934570312
129980305.9009205252 1135322.1264648438
129443812.0405453593 1071892.5527343750
131027639.8921200931 1235409.3784179688
129972349.8847494274 1135153.7084960938
132664537.2084288448 1342763.1318359375
130678597.5857728422 1206111.6269531250
130502655.0610691309 1194455.5625000000
129981119.5091406107 1136001.7260742188
130328244.3416874111 1175799.1186523438
130698718.1465710551 1209927.8984375000
142155684.8083088100 1504882.4042968750
129157688.5982899517 1044289.8784179688
130371055.3593180478 1180731.1176757812
129392241.8154648244 1062455.6879882812
129568333.3874492943 1082632.3540039062
139469262.2984467447 1493954.0078125000
132181063.8114087284 1312106.6523437500
129773155.6532428861 1117762.1826171875
143567983.7809658349 1508482.5449218750
139511483.5912825465 1494076.1972656250
130046106.5465628952 1143883.5585937500
130986559.9037060887 1226908.9267578125
140316688.8350729942 1498109.2246093750
133640445.8361731619 1384368.6630859375
137889540.8698703051 1480105.2900390625
134415935.3336097002 1413753.1015625000
134304007.3925378025 1410153.8652343750
137415714.1773222089 1473264.3906250000
137410335.2384716868 1473245.6562500000
129612865.4682930112 1095088.8208007812
129639767.4319216460 1097386.7465820312
141822885.8225204349 1503732.5878906250
142692978.0875149369 1506929.0449218750
133950558.4956093729 1396571.6318359375
134628286.4445801973 1417227.5615234375
128927371.8675239384 1005794.7670898438
135036770.2603933215 1429814.8378906250
137698063.5598917007 1476260.1679687500
135082197.6705003381 1432279.6337890625
133988142.3160998225 1397719.6513671875
134957518.0623590052 1428770.8203125000
134840270.7784117460 1423838.5371093750
142182379.8278690875 1504920.7128906250
128892270.3966821432 994529.4296875000
139082837.2503903210 1490332.1523437500
133590036.7218390703 1383454.1230468750
130963088.4732145369 1226011.8076171875
130050745.9873818010 1146170.5571289062
134026239.5240780264 1398702.6279296875
130917383.3492506891 1225039.8330078125
135132860.2015943527 1432486.7431640625
133669361.0354048014 1385372.2324218750
133524833.4575406909 1382349.1191406250
133664322.2312468737 1384472.6533203125
135120465.2661332488 1432415.0957031250
142367609.5543258488 1506035.3242187500
140499763.2378536761 1499025.9902343750
137313779.8527174592 1471506.9277343750
132449677.9748406708 1327323.8701171875
133741316.0664781779 1388763.1650390625
129532204.9742229581 1079496.3574218750
134272378.0715726614 1406918.9414062500
142611399.6267127693 1506726.4003906250
131176679.6015481949 1241478.4770507812
135973144.0066631138 1450209.7207031250
140606863.2913959920 1499857.0605468750
134229277.2057981789 1405843.7402343750
135945373.4820738137 1449724.7880859375
133453152.1497030705 1378461.5820312500
131220849.2971552610 1246074.1831054688
133322065.2520407736 1372337.7412109375
140494384.2990030944 1499007.2558593750
132534378.9927788973 1335845.4345703125
142310684.9168341458 1505393.8906250000
132717853.6608229280 1346988.9951171875
132684100.3556320071 1343583.1445312500
130963037.8464285433 1225369.0312500000
131242561.7173441648 1248401.8725585938
142050617.1770643890 1504769.8222656250
133164670.8607216477 1366203.2275390625
133232814.0032291263 1368281.1787109375
133028432.2564291656 1360094.2900390625
133089655.2953207195 1361326.1250000000
129559039.3627045155 1080693.1875000000
136595047.7682017982 1461212.5195312500
136562990.4207979441 1459606.4580078125
135060564.5438475609 1431672.6777343750
132189645.4700022936 1312600.7001953125
143830966.2360216975 1508830.7109375000
131322427.2319605201 1253253.7207031250
142305305.9779835641 1505375.1562500000
134401598.6673280895 1411752.2812500000
137858475.4168930948 1479702.0927734375
141547377.7527981400 1502200.9394531250
141996063.3021768034 1503839.7304687500
131703883.5006484687 1280938.4355468750
139777660.7590270340 1495088.3203125000
139783540.7144464552 1495107.8945312500
131759552.1353596598 1287227.9306640625
137460206.7339531779 1474773.2871093750
137852925.9607078135 1479108.2333984375
136075524.2881220579 1452974.0546875000
136679405.8787450194 1461363.2060546875
137878198.5392877162 1479704.2841796875
136554076.1784103811 1458803.4599609375
136214987.8074272871 1454411.4755859375
134503318.7822087109 1414708.1494140625
131950087.0997809470 1300160.1572265625
137716408.8916031122 1476357.0214843750
138404835.0896649659 1484283.0830078125
132252407.6119844019 1317117.7578125000
131910490.1935811639 1298239.5996093750
131355683.6111239493 1254040.5922851562
134903102.2288525403 1426118.2441406250
137917863.4625138938 1481141.7050781250
136958497.4231098294 1465715.2568359375
134914102.7339960635 1426653.5937500000
131440237.2817130089 1263524.6552734375
131404640.1738910079 1258306.4150390625
131974353.4781139940 1303407.4062500000
131957037.4404119104 1302944.2285156250
131405225.8313079923 1262036.0732421875
131499122.9327888042 1267232.6357421875
132051704.6880062670 1306527.1308593750
136819253.0090435445 1463104.1806640625
136813874.0701930225 1463085.4462890625
138383782.0906653702 1483719.7880859375
131571602.5520236939 1273007.1582031250
131680516.7665212154 1279195.9111328125
131745162.3024026752 1285801.2207031250
131831324.6230343133 1290354.2871093750
136031214.3816334307 1450515.5771484375
139803558.3754419386 1495505.6660156250
138096850.6431868970 1482336.2744140625
137552998.0350832641 1476225.5996093750
132155268.3813906163 1310707.4052734375
131719336.3171089292 1282486.5117187500
134755731.4931140840 1422988.4433593750
134535998.6448959410 1416291.6250000000
138977800.1357687116 1489777.5156250000
131681324.4583767056 1279202.7138671875
138172716.4875733256 1483442.0166015625
138972421.1969181597 1489758.7812500000
138875925.6281029284 1487614.8544921875
138657286.1263069510 1486548.5097656250
134736813.0397131145 1420946.4082031250
135370073.3069082201 1438028.6201171875
135339723.0052178502 1437857.9130859375
137746130.6168100834 1477673.8339843750
137360115.1601153612 1472501.9277343750
136393193.1942482293 1457037.0156250000
136387814.2553976476 1457018.2812500000
140943579.3113467395 1500406.0019531250
141135436.0327866971 1501056.1406250000
141629761.0296039581 1503722.8789062500
141130057.0939361155 1501037.4062500000
138936527.2235981822 1489614.2089843750
135727067.9719060361 1445786.5527343750
141390743.4262067676 1501733.6855468750
136473124.9752740264 1458085.7783203125
135793571.8109277785 1447970.4140625000
135667777.1805821955 1444853.3515625000
136963414.5052472353 1466009.4941406250
140059516.5616336763 1497416.0332031250
137022294.9091752470 1467387.8554687500
135761440.0472609103 1446034.9414062500
137187845.6723260581 1470412.7773437500
135550286.0021148026 1442817.2617187500
135469697.6415727139 1439259.9511718750
137049586.6377940178 1467682.1005859375
