86035634.1194535047 588778.9980468750
86402347.9509668201 601413.1450195312
86402507.5738948733 601477.7539062500
85528654.6857969314 569661.0544433594
84110725.7290059030 486089.4442787170
84130839.5088153630 487793.1901779175
84398684.7249672413 508267.5658531189
82485295.5327645987 287218.4257490635
86571580.2278168648 608770.0170898438
86457661.8712368459 604650.7807617188
83602794.8697258830 439824.5733394623
83619357.7985404730 440401.8002681732
85213503.8669917285 554937.1469726562
85212448.0013051480 553750.0762939453
83252624.0134236962 409724.8616094589
83566119.8987901807 437419.2771835327
83464583.8334458470 428493.4419918060
86743476.3075776547 612125.5859375000
86122209.6146606058 591017.0415039062
86780165.4618263990 614376.8281250000
86541455.8118510693 608048.1313476562
84436064.8376504928 510484.4257278442
87442511.6641924381 628924.0283203125
84362353.0596773475 506789.4042320251
84146744.8541614711 489925.8867759705
84348042.5602952540 505610.2399368286
86674577.6462491006 611024.6372070312
86937554.9725265056 619027.9145507812
85375133.0487182289 561052.8935546875
85197140.0192413479 552671.4146728516
85185843.3340193629 552262.7615966797
82662850.7565151304 327142.7362342104
87419928.3071971536 628844.7011718750
83245389.8917469531 405924.3726387024
86668733.8946282119 609605.8457031250
88331848.9394262135 642891.7109375000
86138452.2708858252 592237.1796875000
83795694.7140284926 460667.5270538330
85402812.5278792828 562137.3360595703
85182128.6825853139 551885.6934814453
85317629.1332111359 560931.3718261719
85474375.7148029655 565869.1568603516
86264477.9766083509 597125.9865722656
83714377.4294191748 450681.7128143311
86387486.9940566272 600946.6850585938
86858303.2267304808 615034.8925781250
86493378.3744547516 605104.8491210938
85226847.7649815828 556434.8582763672
86406952.9524023086 601519.7475585938
84274050.3687971085 500888.6918296814
85857138.5774158090 584763.3046875000
86141384.4047890753 592781.4980468750
86171887.7990661860 594999.0913085938
87063417.7911690772 620272.2583007812
83535581.4771424830 433312.4060802460
86497810.7907899469 605517.9213867188
82799303.8105602413 352967.9093890760
85406491.8837827444 563538.2108154297
83263789.5689150840 412083.4630317688
82918733.7497277260 366168.1149055865
86445129.0605069548 602486.3017578125
82566640.8064036667 305721.4593287334
86447627.5463839918 602770.3242187500
87037628.0486783087 619401.2856445312
86905827.0134264529 617102.0483398438
87974189.9886997342 639142.8149414062
87508050.0548298359 629559.5815429688
88599830.5984007567 646041.8886718750
88408253.8992988467 644741.6503906250
86367982.9314017743 600240.1142578125
82471485.5289476961 286129.8422945742
82460222.0406425744 285711.6275770962
85963542.9741674066 586405.5590820312
87563688.5751973391 631473.6411132812
87847844.3161593080 637327.1098632812
84629364.0242032409 521376.0841979980
83788897.6372914761 459800.7455253601
82448216.6765445471 277898.1178635787
85741022.5414391458 578248.8425292969
86230048.4710605443 595183.8481445312
85997724.6287484467 588430.4824218750
85900123.7064856738 585678.7128906250
84896281.1662817150 536606.4961547852
87079849.4196829498 620797.9121093750
82683234.5538813323 337426.0457267761
82750800.7177398205 340959.3319827546
85623930.5075533539 575487.6572265625
84814428.0909093618 535106.0113220215
84906366.1824923307 538580.5581970215
83730997.0031998008 450713.9579334259
83674164.5718682110 448305.4286346436
86833653.1848718226 614377.1879882812
82729807.3645166457 338832.6077991524
82600789.5668139458 313750.2318661441
82649480.4488586932 326604.7279163399
83896883.1279494613 470702.0493888855
86847928.7290625274 615031.7224121094
87125804.6678390056 621482.6518554688
88913480.2169649005 647399.1806640625
84784876.2958416194 533547.7964782715
83379425.2485747337 419645.8792076111
83231521.0585618466 405392.7045249939
83359715.3759585172 417521.5265693665
83185355.0410926342 401498.5049009323
83320107.2200125009 415953.1947593689
85810649.2629978955 579687.0358886719
82504619.0678580701 291997.9487786507
83761597.6643827111 457214.1289978027
87119454.4590994716 621467.4687500000
83569282.5523674637 438207.0533885956
83654171.6946102083 444136.3767528534
82515047.3288355917 292302.4019991225
82562077.4023380429 304169.0822359389
83733484.2065234482 456700.4902343750
82616736.5328983665 322157.6754388809
83139948.1279249340 396988.0895814896
83020862.8523478210 377146.5823316574
87183140.2317197919 623953.6303710938
86422811.0033997744 601698.7954101562
87252796.3645559251 625813.5649414062
85696094.7828733623 575538.4875488281
85707912.8203587085 577437.6396484375
85696096.1483598500 576847.2646484375
85617349.8400392979 572975.2604980469
85853933.7234063298 583790.9501953125
85831881.8616241962 581342.4531250000
88224175.9750929773 640914.6787109375
88232077.0493242443 642827.5908203125
83846914.2391226292 465325.2146606445
83818579.5135560185 461138.7503814697
87394767.8728476763 627642.1562500000
87881065.8743878901 638682.0751953125
82735664.8822135925 339515.2217893600
83086414.7790024579 387734.2775186598
83077073.4220377207 386355.4961703271
82634853.1666212380 325977.4926824798
82595335.3278758824 312802.3629624844
84219090.1424863338 494530.7296752930
83219938.3781475127 403312.7505569458
83378492.4933178127 418993.9509658813
83949363.1555430740 474604.5554809570
82854306.9824090153 355953.4751407774
86062759.3001187146 588792.1098632812
83663335.7633470148 444429.8447265625
84879101.2853106707 536303.0065917969
85521306.0022336543 567016.5441894531
85755637.9132352322 579608.1289062500
87316818.3908332139 625885.9184570312
83082950.4633554071 387426.3994542882
83034886.2525351197 379620.5354562290
86968576.0418986976 619275.8471679688
82753108.1782827526 342494.9668921243
82520340.1792405993 294314.2167747496
85174336.5048167408 550534.0581054688
84916084.7860602736 540063.3299560547
85135562.9685318768 550091.2451171875
84970195.0123855770 541707.0270996094
84935399.8702365160 540851.9589843750
84710940.8609116375 529455.4999694824
84732962.5332264751 531172.5705261230
84511205.8986095786 516706.9813537598
84647056.0465619117 526654.5848388672
84637117.7725928724 522949.4079589844
84646660.3338659853 522977.8357543945
84144988.0078408867 489694.7699279785
83984316.7927145213 475796.7421798706
84177918.9194156379 491501.2245445251
84456512.4462507516 516170.2707519531
87538254.1128942072 630750.4296875000
87625282.2870813012 631741.4165039062
84303745.4794364125 502936.2731933594
84412904.9880416393 508629.6773071289
84618236.7284842432 521112.9176940918
84967231.8027155101 541340.7620239258
88090872.2896710038 640719.2402343750
84744780.4167166203 531658.6629028320
84516612.2086765170 516762.1554565430
84544979.9703454822 520364.2583618164
84427447.8685757369 508790.8690185547
89421312.3549567014 647819.0595703125
85574457.6864473671 570611.0153808594
83705618.3713365495 450664.7780990601
83699593.1927129775 449679.0452117920
85447331.3183221370 564494.7224121094
87771357.2951316237 636277.1689453125
87152630.1314315200 623475.4160156250
86667317.4563063830 609345.4326171875
87237096.6936071813 624718.2788085938
84266479.1145456582 498128.7419433594
84202073.0832692981 492314.7824707031
89484290.3890578896 647842.6523437500
89714147.0512152016 648790.8203125000
83616803.9667286724 440391.7259140015
83560983.7060414553 435786.9305381775
83666737.4140493721 444508.6793975830
87607342.7942659557 631710.2050781250
84342952.0591434836 503334.6885986328
87349619.6252829432 627586.5585937500
87668431.0659414828 631747.8691406250
87671434.0517089963 632721.4375000000
83832356.8278497159 462767.5732421875
84249458.1389177740 496642.5906982422
87513163.3631343246 630316.5312500000
83520387.3793528825 433210.6214952469
89406055.0973729044 647582.6328125000
87140002.0805208385 622058.1298828125
83500314.0941435099 430158.0387802124
88697365.1092763990 646098.9423828125
83577235.7039847970 439399.4003381729
83622596.5291027278 442386.6043624878
83466307.9692593664 429866.9148035049
84089129.7270974517 483273.8483810425
83456587.7418318987 427102.6925935745
84164767.1571505517 491065.7941207886
83385361.8369279653 420713.4913909137
83934743.5259363055 470881.0500411987
83301864.8123587370 414835.3377885818
83408191.7117022574 426017.8339338303
83323247.8983605504 416190.1780433655
83613496.5307142138 440381.8553161621
85971845.3876344860 587473.5595703125
87679109.6879722476 633642.3129882812
83945853.2428159416 472660.0305328369
83766394.3522497118 458227.6990814209
83098150.1738371402 392765.6790094208
83278005.4928659350 413679.0114164352
84021129.2587818950 480797.6876754761
83060229.6047330350 382471.8369428441
83389560.6566775441 420974.4747905731
83161101.3000998199 399654.2793371007
86665326.1121022552 609058.7778320312
86333632.9526112676 598911.4204101562
87828132.8874436617 636462.0449218750
83945492.7704708874 471169.6544799805
83368611.3729507029 417756.4116439819
83355616.7511729747 417461.9518661499
86333849.7932148874 599886.7968750000
83869728.3912106454 466731.4061660767
83890768.0566692054 467839.4459609985
86323093.0165517926 598861.7763671875
83005015.7708533555 376227.5434307456
82994016.1340977103 373973.0391607173
86310130.6317138672 598763.5239257812
87340560.5136337280 625949.8637695312
82418117.8117250502 262193.0916860215
84162543.2603032142 490482.4208984375
84261954.2433909327 497178.9757080078
82937619.9233483225 370440.8159517348
82983955.3034349233 373038.5697596073
82868610.2377621084 359554.3725800402
83068911.5778044015 382993.6871125102
83550348.0239454061 433626.7175536156
83250337.0214659125 407671.0353369713
83059271.9782200903 381513.5757790208
82918967.3838063478 368941.8398651965
86277760.1650671959 597719.4921875000
86159161.2701141238 592824.0673828125
86088462.5954593122 590912.4985351562
82864546.2014998049 357714.2827579649
83818633.3428228796 462013.9599609375
83551214.4379661679 435339.4209556580
82824108.4401757419 353921.6783380583
83505118.4865298420 430279.1129379272
82855868.4531872422 356917.7829034005
85302070.7867428660 558447.8908691406
82888898.9048704356 360615.4536740109
82897105.8349177390 362569.4707740545
82629353.1881849319 324996.9340493679
82718064.6138800383 338398.5111516118
83130552.5160564035 394547.0149060488
82700708.0706835240 338250.7830750942
82889403.7374587953 361046.1118771359
83193092.9154601246 402260.4273505211
83200881.7407768518 402355.0881347656
85299024.2038277686 556585.1132812500
85064605.7580364645 547640.9210205078
82754839.5835939348 342635.4253249887
82604200.5730068088 314187.0194688048
82523293.1002694517 300784.8460679948
85156565.7195816040 550158.7315673828
82574293.0568644851 310216.6714591980
82612738.3301752955 315569.4021829828
82555111.5095953196 303387.2877167687
82542793.7928769886 301499.5173106194
82515641.1804037690 293801.9384545088
82443673.0084538758 273179.0083919987
82488894.9117005616 291147.3798871264
82518432.1084379405 294077.6676332327
85599973.8318920285 571743.4296875000
82907493.5799540877 364918.9721898437
85092496.0794511139 548380.4720458984
85041429.5012194812 545988.4715576172
82575441.5861631483 311878.6484866142
82555290.8657734394 303760.7007822990
82768204.3995985538 347249.7964806083
82672300.9908041805 332229.7324132472
85128110.3307797015 549537.6595458984
82797216.6998633742 348498.9774683064
