52322497.5043209270 132776.7624115944
53285472.9342981726 166824.8119049072
54466841.2546048015 196846.5269775391
52028862.5595246926 121699.9713646770
52618297.3193662986 147859.0915088654
53849448.0700487345 185259.2695312500
53788556.4769726247 182253.6330566406
52530732.4634384513 146029.8111500740
52581447.9139920995 146757.6714582443
54464815.9725667611 195829.2622680664
52709212.0172793642 149710.8328781128
53469867.9731632695 174123.0489807129
52613203.4097742960 146955.7836842537
53438032.1970771179 173997.9107971191
54279773.4947092086 193492.5545654297
53210285.1090094969 165959.8084716797
52277654.7617900372 130521.9184427261
53740411.4781109020 180650.1654663086
52240505.1318269596 129864.2729765773
52178213.8458022401 129202.4852151871
52861704.9383223653 157810.0775604248
54086292.6993986890 188784.4705810547
54810466.2543406039 200590.8261718750
52823496.2355215624 156492.9940643311
51987870.5771109164 114962.7787273217
53682207.8497886583 179510.0558166504
52978156.7912503779 160621.1984627843
53786531.1949345842 181236.3683471680
53531395.1236496493 174608.5631103516
53138269.4132883549 165569.8328247070
51832133.3923722804 98725.5517282584
55010826.2672461942 203503.7426757812
52523981.5696486831 145552.7112431526
53572054.8225781769 175677.3926391602
55315567.8750501797 208796.7895507812
53410935.2188338786 171700.9505310059
54896201.2991248816 202635.7846679688
52152963.4176121131 123691.7163863182
55264526.1736358702 206979.2675781250
55256885.2978239581 206427.6542968750
54378689.0260198563 193933.6104736328
52465318.6764199585 140975.7550582886
52033942.7063956484 122764.3676614761
52727087.9037337825 150876.8897705078
52740009.8321309239 154183.0809090734
53847422.7880107090 184242.0048217773
52972583.0237703174 158441.8961181641
52435775.8701920137 140040.5662236214
53293248.1645301878 168170.4455566406
53681478.7237815112 178228.0670166016
53576879.2830630690 177714.8883361816
54512633.3799673095 198135.5046386719
53954776.6367743164 187054.4370117188
53952751.3547362909 186037.1723022461
52442526.7639817744 140517.6661305428
54067058.0771582946 187088.2830200195
53269923.8367287517 166519.1651000977
53783919.4849449620 180799.0334777832
53553482.2137368694 174878.8880310059
53304891.2211871222 169129.2064819336
52409282.8229579180 137869.4573063850
54069083.3591963202 188105.5477294922
52509962.5734261721 143133.0850229361
52974290.8652130589 159575.7636403441
54703685.8839547411 200371.7280273438
53085985.6193459928 163954.0849380493
55073661.0093885139 204430.9521484375
52815293.6031904593 156389.0347900391
52552009.9971866310 146172.5266878605
52348890.4915947467 135640.6027688980
53275629.5740804970 166601.6953125000
51799181.9790477529 77731.0540546179
51992644.8703721389 117252.2226419449
53110981.1648798883 164487.9910278320
54833140.8470777720 201467.1225585938
52626741.0709435195 148784.8603439331
53339653.1073536053 169226.6028442383
52416033.7167476863 138346.5572133064
54442390.4364962727 194543.6652832031
53678533.1856535673 177792.2213134766
51919944.2559186146 104056.9233293533
54700224.4431524575 200110.2951660156
51950960.6323128417 110316.8558244705
54829679.4062754735 201205.6896972656
54418820.2012840733 194296.6156005859
54873272.0223419815 201830.1276855469
52733787.0329355821 152610.6442415714
54375227.5852175653 193672.1776123047
53288771.8910118937 167250.5551757812
51804821.6719556153 98034.9561214545
54125215.8906044960 190591.1234436035
54665905.6715612859 198260.6428222656
55107392.3220957816 204612.1147460938
54904045.8968603536 203284.6445312500
54673746.7084764540 198483.8405761719
53053440.5623099208 162827.1523437500
55152507.2571498901 205003.5556640625
55533289.5349517539 210591.9570312500
52173781.4960160404 124352.1279570460
52244195.2956668884 130043.2240995646
54438374.8855366781 194418.5270996094
54944807.2870177701 203409.7827148438
54276998.9431703761 191942.1440429688
53435103.2530845776 172208.0921020508
52099067.1945272833 123690.3401956558
52372418.5026961192 137055.1063446105
54187636.5220324174 191697.3870849609
53842760.7045157328 183735.9278869629
53243999.6281110048 166123.5700073242
53381499.2601741850 170967.5327148438
53418275.9373751059 172170.1756286621
54149237.9195404649 191435.9542236328
53075527.6523971558 163484.5057983398
53252331.8731459156 166156.2378234863
51904993.0695164651 99368.8174131438
51804126.5623568371 84345.4993996620
53364641.7199832797 169458.0152587891
