65098812.3468931764 1022286.5527343750
63874444.9294425398 843445.2121582031
64262810.4963792041 942956.8427734375
64804634.5533954799 1004947.5214843750
64107994.9042216688 911689.8876953125
64130941.2936259136 917596.3657226562
64284284.8882820308 949662.5434570312
64333391.1424669921 953458.6313476562
64698888.1418589801 996477.3828125000
64096314.3602740243 909170.8720703125
64970154.8085205480 1018275.1083984375
64634699.1830394194 989114.7348632812
65011363.1768116876 1021181.2578125000
64297437.4297311082 951382.3364257812
64729472.1855235994 999935.8251953125
64842827.6363850012 1009815.2534179688
63859685.7471590191 837803.4572753906
64072199.0294778943 900346.7539062500
64452113.2457601056 970505.1206054688
64604889.7320203111 988173.0727539062
64845762.3669653460 1010756.9155273438
73041225.2133628130 1046180.8652343750
63886416.9464627355 847265.4978027344
63871444.0261671245 841059.2326660156
64498526.3173661754 973132.4653320312
64920924.7348372340 1015768.6118164062
63986993.5626831055 875962.5883789062
64873411.6800496206 1013273.6958007812
64033393.8712900877 888610.9951171875
64107352.9635771662 910529.9218750000
64337748.1815722883 954258.2348632812
64786925.5592828467 1003252.2089843750
63896413.0620515198 852911.0270996094
64841480.4922371656 1007308.7568359375
64725109.7560741603 998994.1630859375
64757121.4986078963 1002452.6054687500
72796270.9654599130 1045896.1250000000
64144577.0275585875 920115.3813476562
64435759.2237886116 969489.8745117188
63895696.2356682345 851141.7119140625
65593881.8779732138 1031497.8046875000
64568403.4272018522 981326.2109375000
64587101.4744595289 983583.9335937500
63906700.3222708404 854457.0595703125
64332077.2943926081 952181.9399414062
64583944.1935056895 981868.4394531250
64387144.3039508760 960483.6337890625
64350792.3715894446 955295.1840820312
64403753.3148819730 962311.3750000000
64400296.8453999460 962203.4267578125
65580383.0949373245 1030336.3144531250
63945088.9337705523 864940.5532226562
63889417.7344650105 848994.1687011719
64357340.2432759032 959684.0302734375
64421154.5440044254 964147.9277343750
64227790.1798546463 941360.8496093750
64021635.5922819674 886783.6787109375
63879998.9702635407 843818.6330566406
64085834.7634105608 902865.7695312500
64216459.0229893103 938841.4531250000
64168711.0962327495 928417.4560546875
64660920.7972545922 991631.5151367188
63923144.2613552287 862373.0676269531
64492328.4719753340 972762.8432617188
63916148.9337687269 858456.2092285156
63913148.0304933116 856070.2297363281
63886416.8311896026 846608.1892089844
65670292.3931679651 1031730.7373046875
63933431.5215745494 863919.1000976562
63853267.7709598318 834356.5925292969
64001171.5414350480 884442.0722656250
63884945.8124008179 844898.4462890625
64557768.5069947839 978504.9824218750
63915432.1073854342 856686.8940429688
70985455.2556935847 1045852.3125000000
64040650.3991855159 888687.2658691406
64281145.1217129827 945273.6972656250
65428077.8119211346 1028950.9375000000
70780441.1641089022 1045340.9570312500
68663416.8716730922 1041350.4296875000
71019601.9961629212 1045895.0175781250
64052586.2697370946 894866.4501953125
64522305.7379499152 973771.6928710938
65179029.5757165924 1026589.7021484375
65688575.6962102652 1034891.3691406250
64536996.1063209251 977510.1435546875
63954091.6346614435 870187.8510742188
64263743.8925905302 943437.1445312500
64530885.4430385605 977351.9824218750
64193163.2465027571 932935.3559570312
64709780.9961900413 996632.9277343750
64556015.8941915631 977875.4404296875
64523843.5648718327 975790.3505859375
64416617.3519362211 962812.0883789062
68507508.7517762929 1040429.7343750000
64134084.1628808528 919991.9624023438
68409373.5080113560 1040008.1679687500
64042454.0785621032 890604.2036132812
63972714.0428297892 875041.3022460938
64041719.7001315430 889685.2231445312
64274203.2514607236 943988.1943359375
64688949.6576321125 992981.7597656250
65131516.5209290087 1024094.7861328125
64561469.4867031872 980810.4248046875
63873941.7257982045 841583.0986328125
65350832.9254520759 1028761.8251953125
64181832.0896374136 930415.9594726562
70333597.4208806902 1043830.7021484375
64157716.7588412836 921591.8413085938
64510054.1044806615 973700.8144531250
63905749.8299087808 853599.9248046875
67414613.1564445645 1037126.1904296875
63994193.7582669929 877759.5341796875
64018309.0890631154 886583.6523437500
63997520.2614858299 877959.5605468750
63977056.2106389180 875617.9541015625
64000437.1630044952 883523.0917968750
63922427.4349719360 860603.7524414062
63950596.7081077024 865471.7824707031
64015521.9452314451 886042.1074218750
64159055.8389968798 922510.9780273438
64059110.5128386989 896123.7656250000
69725051.6302349567 1043557.1201171875
64164862.2297596186 922625.5786132812
64064266.8136847094 897385.4658203125
66892570.9723547399 1035097.8994140625
69048367.8973183632 1041582.4443359375
64158321.4605663344 921591.9975585938
64058376.1344081387 895204.7851562500
64063532.4352541491 896466.4853515625
