45327986.2966354042 1895.7237809373
45293279.3202779591 1795.0384122801
40874277.7775468305 1243.2156419492
49576307.3004765511 2377.6736526489
49082043.0404220894 2348.3153305054
47871390.3415042162 2284.9105529785
49256863.9074600711 2351.9455108643
49258689.6891513690 2376.5259094238
44844428.8268576562 1789.7445698453
43929916.5976769775 1690.6493940688
47846140.8768097907 2125.8631973267
48828012.2331083342 2336.9546585083
40804445.5355941355 1157.2625990248
40848946.7599479705 1162.0393194294
47388248.8959828988 2013.5221757889
46989222.2717973813 2005.9217271805
43944958.9027020857 1712.4588161183
43511502.9444470108 1676.9858535004
41052566.8505536094 1254.6239332295
48411228.5958019942 2329.5665817261
42837295.7690001354 1571.0066424084
47435086.4139056355 2111.9101104736
40655338.6058399156 1133.5307875348
44481167.1104608402 1754.4324700118
46559609.5638847277 1958.6083259583
42802588.7926426753 1470.3212737513
40551559.8862881362 834.4687112034
40584210.6621778160 926.5955934918
40549503.6858203560 825.9102248347
47854391.3412170187 2137.4850044250
40586266.8626455888 935.1540798605
40544211.3215328529 817.9458666242
40613681.3737909198 1032.8454188777
40559443.7156244814 923.3852748347
41597715.3331909254 1279.7631525731
41725381.9009820223 1378.0078225470
42544451.9387679175 1437.6811739653
42168943.2502898052 1402.0857213866
43327524.2218626067 1589.4314253926
