44497248.5168571696 500577.5400390625
43076529.3514687195 448977.6502685547
44176367.4620512053 493279.3579101562
43636161.5639209226 475130.0251464844
42425719.9830209687 404178.3796997070
43271753.8418373913 460232.2580566406
42641380.0036516562 421547.9000244141
42809792.4627826139 430893.5056152344
43033027.7335164770 445721.3525390625
46735050.0026256591 513059.8901367188
42305162.6833679974 396065.8995971680
42167337.1247958019 383345.0370941162
44142209.4688445926 490894.3256835938
42111644.1624977961 378628.6219673157
42572276.9125915542 416151.6445007324
42718317.7667122781 427982.0942077637
42676822.0674540475 425963.0985717773
41962315.5433769599 358373.9362936020
44190234.8071918413 494235.1235351562
42266204.6685123891 392421.3068008423
42563255.0889810845 415768.5390014648
42709295.9431018084 427951.2059326172
42324648.1493429840 398856.5852050781
41823912.2228858471 295855.6400483549
41920090.2373126596 347898.9385218881
41991103.6923737749 362829.0963859558
42285591.9528803825 394899.5803222656
42831025.0973969027 435177.2091064453
42508215.8614180312 413757.0167236328
42479871.1403505206 412129.1047363281
42312922.6601718962 397698.3355712891
42654256.7155387551 423762.4599609375
42359807.4115923792 401785.6198730469
41945422.6655121669 352667.5520634651
42104499.3491931409 378226.1802558899
42475128.5437931567 410493.0579071045
42378401.5237467289 402201.1083374023
41909292.1929854080 347833.2777840197
42615413.8162060082 420564.8627319336
42431632.8070011139 405243.0651855469
42605275.2226766571 420251.4514160156
42891212.4983252361 439221.7426757812
41978581.0733807310 361659.0526628494
42188638.8782859817 385596.3013916016
42082675.5410205424 376696.1836967468
42872742.3498455063 436169.2115478516
46142130.2494290173 506673.4101562500
42644801.6941388026 422526.8449707031
43326215.3615593389 461120.3645019531
42282853.8196551800 394523.0762329102
47137735.7136039883 519446.3701171875
41966560.6656348854 361232.9627475739
41923967.3514491990 351334.4995247424
42538824.7184383646 415007.3370971680
42111346.4991398305 378621.9998550415
42029134.9478414655 366201.5409851074
42116896.3702672422 378870.9407958984
41951724.7912128791 352675.2841892242
42740568.8408654258 428421.0122070312
42886609.6949861497 439141.5802001953
42020891.3001028299 366069.7416801453
42384955.3261131868 402515.8630981445
42459234.3685559407 409275.4288330078
42273866.4637092873 394094.3784179688
42498290.5650185496 413025.4482421875
46497595.7092583850 507408.1860351562
41979831.1772388369 362507.3781833649
42077153.6465114728 373973.4361038208
43860697.1516101435 481704.0981445312
42478430.5535958335 411901.4335937500
42196466.5567643046 388013.1305465698
43147341.9141330197 450922.5819091797
42488569.1471251696 412544.5932006836
42158382.8830288202 382282.2176971436
42092858.3399485499 377744.3943672180
42110365.6404949799 378341.7070770264
42007679.6337785199 364850.3534049988
41842083.0604067594 316019.6274572909
42074354.8461453766 370155.5062656403
43332936.0946269333 463712.5009765625
42124101.9981548116 380671.6935920715
42307140.3581915796 396701.2800903320
41849404.6410113201 324681.9657894671
42295024.0898386613 395929.0341796875
41883237.5455498546 335932.4203316271
41977892.0260494649 361609.7081108093
41827214.2326885238 296392.7159455717
41850831.7726455405 324766.3087248504
41869169.9360395223 327581.5822637975
41845385.0702094361 316556.7033545077
44626793.4199263304 500621.6035156250
42407380.3528598621 403994.0132598877
42182644.6680652872 384179.5913696289
41884625.2777698860 338233.4546255767
41831233.8034904078 303555.3372058868
42042222.2810303569 369247.4878330231
41863478.4292411581 326754.5588278472
42017862.4327065274 365898.5640754700
42376592.1145446822 401868.5574951172
41908843.7683589011 341053.2213678360
41895451.6417642832 338320.8016946912
41836757.9844157025 315132.3751672208
42527968.0947312042 413852.2424316406
43018079.0586418137 444234.3139648438
43147915.0271279812 453620.2629394531
41951836.8308426663 358036.3907260895
42438676.5725185648 406272.5190429688
42031074.0990308374 367117.9523506165
41852706.6508139968 325427.1253830492
42568502.2481510192 415834.1312866211
43924097.4557609037 486455.6210937500
41834535.8132930845 304300.4967994690
42014208.4302762300 364918.1244964600
43355060.1544259265 464472.9089355469
41840059.9942183793 315669.4510644376
42151348.4484065697 382030.4082794189
41965048.4971669763 359726.5123081207
44450062.6829365194 497280.1459960938
42538106.6882605404 414165.6537475586
42978093.7695402578 441100.0734863281
42605196.9065607265 417224.3026733398
42245987.4030643031 390314.8001098633
42765134.2404101938 430499.8656005859
42140875.5824823827 381684.9049873352
42233871.1347113624 389542.5541992188
42593055.7709653378 416688.3568115234
42246322.3797023371 390434.8001098633
42244009.7282407135 389679.4196166992
42163073.9375776798 382835.6101837158
43467287.6972026154 470357.3068847656
41871195.1344565600 335889.3200241625
42459156.0524399951 407233.8655395508
42183050.8770285398 384395.3095741272
42234206.1113494039 389662.5541992188
42161841.5527399182 382458.9017868042
43044004.8363211825 446261.0817871094
42222145.6455402747 388961.0773315430
42293194.7060472816 395347.5573120117
42819190.6460022032 431024.6046142578
42253601.5288910344 392282.3356399536
43989005.5968954042 487550.8740234375
42221700.8645279035 388136.5962524414
42181483.5155527368 383672.0883255005
41895899.6498090327 339823.5194832385
43044986.6935947388 446975.2933349609
42145822.9654532075 381774.6177902222
42185028.8634139970 384559.0142517090
45031008.9517765045 503666.6259765625
42190404.6448691860 385634.3654327393
43453420.3520619646 469401.5412597656
43653118.9801013619 478778.7021484375
43304154.2700390667 460521.8127441406
42168122.0327341482 383360.6332550049
42068343.0945075601 369657.2327919006
41860116.5032691061 325967.7079636157
43895606.8689416498 486120.9477539062
43134047.6819873154 450647.8942871094
43452439.6705507413 467778.2629394531
41940383.6111562327 352390.7333173752
43409253.1452459767 465662.9724121094
41991690.9573893175 363284.6436271667
43672897.8240259290 479113.3754882812
42015919.0038515627 364943.8870105743
42331032.5316875875 400847.3855590820
43202927.0911280885 455809.8638916016
43598629.0507710949 471391.4562988281
43368967.1125496626 465004.9763183594
41869432.1153874248 327825.9177452624
42150563.5404682159 382014.8121185303
43257886.4966967478 459276.4924316406
41907172.1649439633 340150.0834407806
43111762.2549689710 450063.2669677734
43183359.0293167233 454454.8776855469
43650792.5339071900 475555.1618652344
45245296.2451462895 506136.3549804688
43610506.5012108833 474897.1657714844
43246971.5886039957 457786.7529296875
42954351.8420839682 440408.5877685547
44105605.8043633178 489258.7495117188
42979747.8522894159 443521.6787109375
43808354.0882475004 481283.6457519531
42762181.8033622801 428921.5456542969
43067275.7487006411 447667.9936523438
42934578.2208792418 440113.7077636719
43234801.3184205145 457045.1545410156
