135506746.1799670160 2163875.9394531250
134283343.6507229805 2093828.8027343750
133759580.7918094546 2054896.8632812500
134540590.4545248151 2110020.8457031250
133261419.4234215319 2006920.0859375000
132656484.9590425491 1907550.1503906250
133071518.1264740825 1980249.8417968750
133029296.1521993577 1979687.3300781250
133329396.3521220237 2014040.2617187500
133832640.4502930939 2061173.8671875000
133525722.5719874054 2033742.3125000000
132563952.2131030113 1887592.9941406250
132990513.6101302505 1969628.3906250000
132720379.9316017330 1924258.6191406250
133753303.8288483024 2054586.6640625000
134846458.4098544717 2129501.2890625000
133139840.4094574898 1994169.7109375000
133777080.8447757959 2056495.2011718750
132375350.9593800455 1795085.2587890625
137873356.0289127827 2221448.9765625000
134836933.5516346693 2128577.3359375000
133373351.3740015775 2019704.7070312500
136667308.8001832068 2207084.2402343750
132428132.5529661924 1811938.9970703125
133870284.3777556866 2063402.6933593750
133573620.8110264689 2039861.0820312500
132899489.3668730408 1951098.2109375000
133673587.6891057789 2047256.3632812500
132597016.8629143387 1896933.0019531250
134409349.4484623671 2102546.7753906250
132843375.0545371175 1944290.9492187500
134747458.8166466057 2122762.4394531250
132361783.0194182843 1782629.0693359375
136776324.6967366040 2208895.6093750000
136325223.1723894179 2196310.7421875000
133818619.3447280526 2061061.6035156250
132611774.9290363938 1897300.3085937500
133147783.0626411140 1995459.4511718750
134639568.6581079066 2115806.8476562500
132447752.4710141867 1831199.4980468750
132436446.9772535264 1812846.6435546875
134399824.5902425945 2101622.8222656250
132521143.7289982289 1874578.3027343750
132835432.4013534784 1943001.2089843750
133101321.4138244092 1982540.4003906250
136959592.5023655295 2210519.8945312500
132750804.9154795557 1927965.8007812500
134628502.9246618450 2115504.8457031250
135722542.3586295545 2171283.9843750000
132700626.1170317680 1915931.5488281250
135085811.5472885966 2141412.5136718750
136887281.6687662303 2209538.7128906250
134164387.7587382197 2086571.2089843750
134955889.4436194301 2135834.9296875000
132794240.0466995388 1929700.9687500000
132696238.5323183835 1907959.4023437500
139590837.2825703621 2224849.7714843750
133458212.3079433739 2027220.1640625000
137108616.0914877653 2212974.3671875000
134056657.5506715178 2078475.1875000000
135064367.3904892504 2139801.2207031250
137494672.4033577442 2219040.2695312500
133925007.9609479308 2069158.6054687500
135393185.2517231405 2158899.4707031250
132712648.5905560851 1916283.1738281250
133694281.2159118801 2049087.1562500000
137378349.0329757035 2216377.4843750000
136526005.6964560449 2202423.8730468750
132810650.1049372256 1938024.7402343750
133794150.1450358331 2057552.5761718750
134875005.4896122813 2130858.4609375000
132519986.9187178761 1872279.0332031250
136888188.7393102944 2210449.7949218750
135166695.5012957454 2146388.9824218750
133945330.4614591151 2071067.1425781250
133262522.2228863686 2007539.4960937500
133487366.6667462438 2032453.0371093750
134704130.3986358345 2120481.3144531250
133470252.9332936406 2031908.1289062500
133354178.6485382468 2019016.7304687500
132894199.2657468617 1949904.6015625000
134774870.4757488370 2125072.4589843750
133741870.4277098030 2054433.0234375000
133115058.1130411923 1989193.2421875000
136259608.6136090755 2192875.0878906250
133838081.3909291923 2062561.3125000000
135342524.8768766224 2155779.9179687500
132975641.4615287781 1961573.8535156250
133238839.0328046530 2003269.0136718750
136556975.9996590614 2203718.7871093750
135261640.9228694439 2150803.4492187500
133245265.7458564043 2005230.9511718750
133922176.9487977773 2068060.8203125000
137692676.2723353207 2220309.1113281250
136228638.3104059100 2191580.1738281250
135311554.5736735761 2154485.0039062500
132483580.0150982589 1867901.0507812500
136092265.3540797234 2185747.7636718750
133133413.6964056939 1992207.7734375000
133172565.3590573370 2000435.9199218750
132943480.1630342305 1959611.9160156250
133277990.6954562962 2011497.1601562500
134683904.2275928259 2118806.2500000000
135501023.8905847073 2162581.0253906250
136294252.8691862822 2195015.8281250000
134259566.6347955167 2091920.2656250000
134032880.5347440094 2076566.6503906250
132954044.4552045614 1959963.5410156250
133193258.8858634233 2002266.7128906250
133029059.9379346669 1969670.8554687500
135161505.9090059996 2145017.4472656250
133109907.3954020590 1987784.3320312500
133723474.6060396582 2050302.9609375000
134311013.8464986980 2095289.1816406250
135644913.5104295313 2168210.0898437500
136262079.2297332585 2193482.0253906250
133168476.5894471407 1997290.2441406250
132974365.4661162049 1961020.8261718750
134811924.8303574324 2127738.9082031250
133276833.8851759434 2009197.8906250000
135192520.5396143198 2147076.9589843750
134151836.4267287999 2083824.2441406250
134835805.8688045740 2128426.8847656250
136402207.8160099089 2197816.1757812500
133906941.2822773457 2066673.3750000000
132426139.7329266518 1799471.1396484375
135949425.2749905586 2180118.6992187500
132912869.1940588653 1952344.2910156250
132652803.4010983109 1906224.2343750000
135980395.5781936049 2181413.6132812500
132900625.9787986130 1951866.5390625000
133670504.1999843866 2047178.6191406250
134094273.7522110194 2080619.7910156250
133109758.7060087174 1982772.7187500000
133889059.9650457501 2065195.4941406250
133470127.6553564519 2030622.2441406250
132977673.8433310539 1962024.7773437500
133298684.2222623527 2013327.9531250000
134518780.4822273850 2108880.4160156250
133391627.0562367290 2022957.7949218750
134555834.8368359804 2111546.8652343750
132634384.5403710157 1904024.2695312500
132956980.3165250123 1960193.9843750000
132924255.3669251651 1953927.7753906250
133412320.5830427855 2024788.5878906250
133868366.4382396638 2063364.7011718750
133646130.8172003031 2044937.7812500000
136467822.3747902513 2201251.8300781250
132652691.4611920118 1904963.8261718750
133608486.8897376955 2042708.9550781250
134618915.4960908294 2114666.4179687500
132934126.0451563299 1958132.7480468750
133666824.3440063596 2046768.5742187500
133524482.3503430635 2033294.4179687500
133377184.8213821203 2020992.4023437500
132482932.9090636373 1838493.3281250000
132457608.2859100848 1837825.6015625000
133724631.4163200259 2052602.2304687500
134738802.9260000288 2122694.0273437500
134757099.1383831501 2123600.8671875000
134179668.8748538196 2087193.1601562500
134240604.2679094970 2090547.5859375000
134329006.3710550964 2096881.2265625000
134470815.0199512839 2106202.4414062500
135361402.3521926999 2156618.3457031250
136328743.3292692602 2196917.6796875000
133468970.8450761437 2028322.9746093750
134462218.1646523476 2104977.2480468750
132888500.2651374191 1945005.3457031250
135633476.4279233813 2166307.5156250000
133971666.9169085324 2071489.4824218750
135003025.7293261290 2136673.3574218750
135096101.7907504141 2143930.9511718750
133540635.4222524911 2036012.5820312500
133573428.1340253502 2038747.0253906250
135006241.5062508285 2137597.3105468750
133857486.7104263604 2062938.8535156250
134241649.5861826539 2091025.3378906250
135222743.8299296498 2148151.3632812500
135015217.8367432356 2138954.4824218750
135185342.4204336703 2147050.5039062500
133337035.2360293716 2015081.2734375000
135285463.6916273832 2152873.7109375000
133557810.2445541471 2038235.4843750000
136664730.9883176982 2205530.1562500000
134925357.5522436798 2132620.8417968750
138640466.7058292925 2224034.4316406250
133630638.5978977978 2044539.7480468750
134857793.4273375571 2129706.0000000000
134465250.1057948470 2105267.4843750000
133605168.5441486835 2040410.0175781250
134007711.2257894725 2073701.3242187500
134266698.8968499601 2091923.0351562500
133537728.9430782199 2033817.2578125000
134132714.9192301929 2083043.3984375000
134213491.0608111620 2089913.8691406250
134388410.1903737187 2099933.3476562500
136115986.7474617362 2186073.9804687500
134075875.2449219972 2079923.8457031250
134159627.1491731256 2084527.5917968750
134102160.2754089683 2082371.6250000000
138305050.9180105627 2223987.2539062500
135907173.1824507117 2177275.5722656250
134201101.0105364025 2087247.4199218750
133687478.2722059935 2047659.3007812500
134839965.4927771688 2128867.5722656250
135934995.4197458923 2178439.9746093750
134068297.8575375378 2079151.3984375000
135149729.3237779737 2144710.2578125000
134769636.6019150615 2123891.1035156250
134210876.0691768080 2087614.5996093750
137460838.2909862697 2217319.5546875000
133714308.8980820477 2050087.2871093750
134710398.0326866806 2121609.9785156250
133442817.1026107818 2026131.6289062500
135998223.5127540529 2182252.0410156250
135194327.8325704038 2147159.9785156250
137889285.7439713776 2221580.2011718750
134270330.7351193428 2093033.4218750000
134906393.5074523687 2131987.1250000000
135979593.9285382628 2180889.6953125000
135252722.5748213232 2150127.3554687500
133465823.2754546553 2028107.3007812500
136180254.3636293709 2189509.6347656250
133608191.6694293618 2040702.6484375000
134162017.8488038033 2084948.1503906250
134410313.0372602940 2102751.4863281250
134023458.1134025604 2075129.2597656250
137170901.9597930312 2213173.1406250000
134535100.9727088213 2109569.0761718750
134259291.8458286524 2091896.7597656250
133705265.9315548688 2049873.6972656250
134575995.4467747211 2113513.9570312500
134324387.8510589600 2095343.4414062500
134859047.7283238173 2129714.3105468750
135050616.4688135982 2139421.6250000000
138821106.8106788397 2224768.0625000000
134692907.8988485038 2119870.5429687500
134778785.5150430501 2125081.4531250000
138079771.7466137409 2222847.3886718750
137771860.1160023510 2220757.4882812500
135254629.1316988468 2150637.1992187500
134944104.4992243052 2133672.2910156250
135797808.7325290143 2171753.6875000000
135574866.5158388019 2165842.1152343750
137625592.7621186972 2219533.6835937500
134623102.1720335186 2115237.6855468750
136150333.6011819839 2188214.7207031250
134431460.0136770904 2103678.5000000000
135868943.0312083662 2176437.1445312500
134806097.3348790109 2125769.4296875000
136164336.2722260654 2189442.2031250000
135821005.0958462954 2175074.7988281250
136090232.6200532913 2183514.4316406250
135837972.7280052602 2175142.2304687500
136289995.5469316244 2193697.7421875000
134468122.8729785979 2106105.9121093750
135800226.9845639169 2172324.2402343750
136988597.7403087020 2210918.6582031250
135560863.8447947204 2164614.6328125000
136043623.8176213503 2182785.3261718750
136133365.9690229595 2188147.2890625000
139410916.6180751026 2224825.9882812500
135615738.6485637426 2165852.7167968750
134505575.6260993481 2108139.5195312500
135815134.5080901384 2173331.1992187500
137235789.9512079060 2213354.9472656250
134492790.5191236436 2107217.3808593750
134549480.5894308686 2110097.7265625000
135279296.7778438330 2151748.6679687500
135543896.2126357257 2164547.2011718750
134524812.9432858825 2108986.2578125000
135467100.0038933754 2159638.1640625000
134682283.7424297333 2118193.7480468750
134530243.2722443342 2109250.9882812500
135440996.6979148090 2159570.7324218750
134344480.3885792792 2097117.1933593750
139692982.5959463418 2224896.9492187500
134487360.1901651621 2106952.6503906250
137406071.9669708908 2217176.0273437500
137244057.1767278910 2214893.8554687500
135479624.5414189696 2159981.7753906250
134756947.1697091758 2123144.6933593750
138095242.9245586693 2222879.6406250000
138024178.1270098984 2222253.0410156250
135499489.6964219809 2160933.0781250000
135081694.9504213035 2140947.1132812500
138256296.6365585923 2223392.9062500000
137423039.5991298258 2217243.4589843750
137303619.7999548912 2215600.7656250000
135482522.0642630160 2160865.6464843750
137261024.8088868558 2214961.2871093750
139250111.2754485309 2224781.2636718750
137287352.6569785178 2215456.7597656250
