84312868.0493095815 468193.8793411255
86074895.4847443104 561534.2209472656
86344949.8793143630 570946.0273437500
86586172.4157826900 580363.1000976562
86773693.7334686816 586373.3786621094
86355230.8800585270 572482.0708007812
86347184.7976141870 571720.1845703125
86450983.3481067717 576831.7705078125
85955226.8798836768 557294.9335937500
85852249.4353957772 553848.1391601562
85908684.3509729505 555831.3989257812
86127304.2067772448 563499.1254882812
85682610.5510419309 545100.1225585938
85070830.9295174181 514190.1455078125
85140104.6908310950 516955.7148437500
85022169.3313026726 512121.9814453125
86174509.8436773717 565701.9086914062
86666599.3842260540 583095.8173828125
86629852.5757657886 582914.3598632812
86600313.0598095059 580517.3168945312
86413111.1301957965 574636.3339843750
86384189.0057749748 573306.1362304688
86150363.4706934392 564358.6962890625
85834571.3660139441 552902.4741210938
85924909.0065952241 556448.8320312500
85061969.3571099639 513978.4892578125
85127386.6566489339 516642.7778320312
85174624.9207080007 518619.8625488281
85440418.7340035141 535293.3745117188
85204125.9574453533 521469.1110839844
85570237.8407578468 540311.0085449219
85376733.3773948550 531209.0578613281
85587031.0873767734 541660.4853515625
85732063.2537531853 547683.6765136719
85783945.8722933233 551687.4038085938
85274076.9125465453 524482.5199584961
86302313.6782773733 570702.5122070312
86518019.4700908959 577853.3129882812
86188962.3411010504 565728.2885742188
86201545.0296193063 567268.2062988281
85767505.9336485565 551036.3784179688
85776102.5125974119 551559.6625976562
85499709.1228732467 537975.2170410156
85666950.0810146332 544675.9797363281
85436543.8828442693 534320.8598022461
85995864.4880968928 560355.3281250000
86089980.2236611843 562544.3666992188
85886334.9579319358 554611.6708984375
85884041.7372542620 554066.0002441406
85590717.4149110615 542428.2282714844
85798447.3305432200 552726.9790039062
85387948.5704748333 533314.2019042969
85613567.3277935982 544462.9042968750
85566159.6364277601 539837.9016113281
85687067.2900477946 546419.6699218750
85549617.5642172396 539262.2246093750
85741847.7203323245 548031.6113281250
85475896.4427609146 537228.2624511719
85425227.0303966701 533640.4466552734
85357028.6610815227 528187.8547363281
85336877.6964261234 527832.2158203125
85469701.0302688479 536816.5739746094
85251444.4168618023 524078.3564453125
85295843.2277446389 527368.8801269531
85085566.4342229664 515634.1455078125
85107903.7135890424 516425.3681640625
85180619.0240552425 520020.1594238281
85173291.0804919302 517748.9589843750
85111173.7453919053 516538.2236328125
85374016.5589634180 529382.5314941406
85283225.6654165983 526297.9282226562
84959805.6945002973 508630.2861328125
84712591.7229093611 492714.3149414062
84561689.6352875829 482928.1952819824
84479844.1868838966 478026.8101806641
85054921.8788372874 512198.9931640625
84744459.2034402490 494580.0988769531
84677897.6003685594 490560.0983886719
84239643.0377551615 461987.7876510620
84259217.9758114219 466317.3345794678
84126083.8295650780 456682.8799858093
84334502.1585742533 469614.7176666260
84228604.0502078235 461812.8791656494
84144668.5527620912 459340.8917083740
84256548.4533164799 464137.2424316406
84386022.9805103540 473099.9065551758
84412739.8990735114 476472.3254394531
84212465.9563156664 461694.2329711914
84538242.6639651656 481413.9319915771
84481790.7276566029 478167.0243988037
84546549.6963135898 481750.9456634521
84309596.9788354933 467262.5228271484
84648189.1130486727 489287.7966308594
84623442.8187980354 487529.6867675781
84653414.0294921994 489634.9470214844
84810024.1872017384 497946.7906494141
84408157.5776070356 474035.3997650146
84567507.5428276360 485409.7016601562
84376890.4096831977 473062.1469879150
84524047.3040368855 481378.9072418213
84351022.9285423160 471627.3609008789
84165052.5128391385 460518.7895660400
84334697.0737622082 470995.8650054932
84093175.5378192365 452775.2224235535
84224906.1172936559 461752.0580444336
84249095.2245561481 462781.0445785522
84068411.2043461502 451813.6827621460
84292486.5383372903 466668.4816894531
84000523.3947584033 448744.5865707397
84116103.9182872474 455689.4350814819
84102320.4951292574 454277.4191894531
84022057.4191834033 450497.7945098877
84010505.1132162511 450352.6639404297
83847725.5290059447 438017.7543792725
84061224.0428443551 450823.1506805420
83805840.6558268368 434808.8141937256
83948845.7146171629 442844.0931396484
83933017.5105376542 442617.4914550781
83836672.9138440192 437979.2436370850
83800975.1731914878 434519.3031253815
83772287.1005363464 431698.8491058350
83787692.4199338555 432037.5998954773
83853413.3207023442 438480.5051116943
83852793.1406928599 438177.7934417725
83873381.3294515908 439492.5595550537
83725676.7810139060 428407.2953491211
83795932.8339917064 432979.1415863037
83745644.7897631824 429416.5250854492
83771588.4518417418 429911.4480829239
83504510.8954294026 406590.2219996452
83705354.1864705384 427209.5527186394
83473986.0305073261 405875.3765034676
83507617.3336080909 406901.3969869614
83323848.8394255042 392635.3388514519
83574814.0192625821 415010.9194793701
83559788.6509763896 414164.6378016472
83519118.2972462475 407442.2413172722
83425811.8217524886 403607.3650965691
83612143.0142464042 418321.4262537956
83541224.7093492746 413515.2139735222
83419868.6281563044 401681.4130792618
83602300.8926923275 416982.5932331085
83684065.4457325339 423260.4601097107
83668588.7592705190 422473.7625999451
83323771.4561433494 388828.2625885010
83577571.6361877024 416014.0349844694
83452785.4116481841 404733.5098686218
83345850.7332703769 392805.1011160612
83310755.8031734526 388508.8748892546
83384239.7728725076 400642.4495962858
83228218.1953874826 381137.2539175749
83521294.5209547579 409733.8965567350
83363091.3137769103 396635.0545767546
83225756.7865927219 379082.6590218544
83090851.8504872769 365102.0542060978
83253817.3761545569 383424.4871484637
83258061.0717040747 383856.1000852333
83290754.1239743084 383934.9073169762
83108505.7480806708 369190.5558140464
83101255.1309123635 367970.9891991243
83199733.6595000625 377636.6073005386
83087068.5542059988 364696.1909498610
83072654.0193454623 364208.3825916480
83091477.2564043701 366370.5415206974
82983949.6627617776 358901.6180569151
83043413.7204619795 363962.6976467589
83188914.9496260434 375835.7119339556
83163917.9270466417 375027.0066169389
83245846.5844764113 383222.2740161950
83146250.8591257930 371944.2494137896
83128745.0071025640 369644.9105160845
84480627.5641699731 478066.4656982422
86717018.3282706887 584853.7119140625
88204518.6202490926 623928.9101562500
88393565.7912401259 629530.2285156250
87923444.9917116910 618209.1796875000
87801968.6840786040 616283.5820312500
87975575.0952754468 619315.8964843750
87799649.5561649799 616074.7529296875
87371492.5756191760 606298.9423828125
86354550.3788254410 571872.6555175781
87262680.8741680980 603734.5800781250
88254025.0454754233 625478.6367187500
88110883.3555128425 621508.8652343750
88130499.5201788396 621767.7070312500
87744502.4225524515 614988.1025390625
87928431.0970029980 618760.8330078125
88122470.4903977215 621639.8544921875
88158606.1221368313 622610.5800781250
88021798.4484195560 621215.0478515625
87566392.4589714259 611561.8999023438
87765711.0357247889 615513.4912109375
87505023.1860167831 611172.2910156250
87362568.8749735057 605955.9472656250
86864051.4581306428 591184.7075195312
87034545.7137001455 597095.3491210938
87252131.0730901659 602552.7915039062
86994824.9446857274 595923.8706054688
86920551.7266735137 593034.7163085938
86915765.4232392907 591682.5605468750
86734387.0516715497 585076.4299316406
86716194.2755244374 584076.8581542969
87663958.4753880501 613438.8989257812
87674154.4310636967 614040.7612304688
87498128.2252803892 607940.5639648438
87890596.2033801675 616444.8627929688
87159304.4628473669 600294.4072265625
86804646.0112035722 588416.4758300781
86758320.4701896459 586318.0539550781
86613845.8033324182 581937.6755371094
86383045.7385330945 572801.5446777344
87434806.7097525895 607904.7885742188
87211560.2639372796 602247.7651367188
86998769.6410266012 596073.9841308594
87378840.6426557899 606702.2153320312
87272707.9381687045 605870.0131835938
87180731.8013113588 601479.7192382812
87163047.9474829584 600628.7084960938
87572917.6623934209 612121.0546875000
87213485.9662494361 602388.4663085938
87388488.7180332690 607430.4399414062
87558151.4543850124 611529.8901367188
87653099.3500124514 612168.9301757812
86826961.0670938641 589229.2043457031
86524253.8088633865 578317.3620605469
86491853.4137223214 577145.8835449219
82617129.3183474392 319659.9714938924
82611755.8056746572 318498.2966749296
82981618.4767892510 356905.6094683036
82917496.2488715351 350288.7520991059
82856693.9754405171 344108.0924280286
82908395.5886222720 350150.6362831593
82781616.1176592559 337241.8162364364
82817692.9426421821 341506.6960805372
82980915.4348247051 356105.3896836787
83005473.9994641691 359289.0755183212
82821051.6996258348 343104.4631497562
82954529.7582287341 354741.6303803027
82949491.2955132723 352958.8489570708
82663874.9136252254 324926.8815227965
82600496.9581637979 313972.2434495015
82462680.7762252688 286076.5950758718
82454772.1514247507 282414.3304184489
82393530.5519433171 277456.9670202937
82384316.6572631150 276074.6366856618
82465404.0305482447 289794.1062973551
82431498.7028753310 281933.3736578504
82733955.3046942502 329243.4068370981
82589114.2425793260 310434.8975022359
82570858.4895179421 309936.9338791890
82589382.2470794022 310793.5832932515
82553276.6690732092 307688.1833909078
82544903.1196181029 307567.0367463155
82590191.9456897378 311791.2532151265
82647541.6938181520 321161.9504731817
82609381.9482343495 316997.7697728200
82734703.5259929448 331014.7269814534
82504481.3743811697 294163.2928941770
82491247.0024089515 294035.6440866999
82534779.4874479920 299934.6580002828
82509366.9350850582 299437.7133253140
82535838.8026568145 301395.4380219502
82621679.5101524442 319717.0433877034
82562388.9901012182 308042.2745943386
82708159.1188881397 328069.5920666976
82731351.2287623435 328880.9670666976
82804946.9060793817 341325.9357433562
82764757.3239438683 336881.8168557137
82866027.2999920100 345729.3820510358
88535393.0070747882 630404.5444335938
84767347.0367097408 495345.2590332031
86406267.2814166546 573415.0769042969
84934678.5847660899 504362.8962402344
84767255.2809285820 495054.5310058594
84916939.5647637099 503663.5837402344
84722438.8263091594 492754.3737792969
88708740.8064084798 634230.4472656250
88301707.4832442254 627236.2592773438
88820606.4327365011 638484.8417968750
88340713.2741593719 627529.2534179688
88390707.6257347912 628965.5190429688
88594622.1220760792 633378.6508789062
88538781.6525465101 630420.4848632812
88545693.5055589229 631984.9062500000
88588078.6835345179 633083.9765625000
82747219.7549786866 332026.8760723374
82682907.5627443194 325971.5703548691
82977751.3139862120 356039.8781601181
82883443.2513700724 347640.5718149040
83034590.9393667579 360592.0148218721
89103959.3610966802 641201.1669921875
89479170.1796955168 641310.5839843750
89260483.8902591616 641298.9218750000
88948296.4877069443 640139.8916015625
88649062.7287313789 633955.3916015625
88709228.4660154730 635675.4257812500
89085706.9968522340 640167.2304687500
88131574.9680247754 621936.5722656250
88244424.9730501920 624623.2119140625
89826637.2845743746 641902.3476562500
