103368108.2069206387 240669.3476365206
103237455.6643353403 237563.0654099581
103494725.6074546129 240971.8161423799
107774166.1595006585 278016.6189396381
108285550.2394678444 281624.2365220692
106600319.7649546415 268849.5574467108
106703417.1387246400 270159.2244388983
107148955.5029009432 272711.4231693670
106959224.1235162318 271839.0239002705
106441469.8002374619 267897.5156986639
108785522.4826281667 285614.0486462116
109443511.5706728250 289955.8345348835
108909486.0580274165 285676.2713024616
101894436.2008320093 220249.4462665328
101895724.4050828516 220841.8177676201
101821717.6344928741 216875.4941592216
102203149.1474546045 222682.8169131279
104295861.3996945322 250078.0385051370
104722602.5468419939 253945.4011917710
108674529.5814387351 284653.4487809576
116148667.0614517331 333303.6538887024
108709924.3150137663 285046.1545231342
108619586.1788640171 284465.9540836811
102998029.9453638196 230265.2318134308
102862162.3522588611 229759.1231708527
102854292.4616724402 229431.2835712433
102587850.5819172114 227353.1408942044
101781209.4866836071 213387.7659649985
101793878.9683174491 214475.4473157065
101720373.2623172700 212860.3635831015
116148720.4057686031 334278.4840278625
101538407.9463025331 210513.2858460085
115651826.2287060022 331024.3804512024
115415751.3644033372 329879.5163604021
105469459.0041727722 259406.3283982724
114637509.0748343766 325557.5125050028
115014863.5642671585 328744.8637725115
115308592.1130213737 329077.6308841705
103725615.9414349198 243545.3709309694
103806060.7149242461 243779.9705403444
103766780.8899741918 243593.3770344850
103550092.0330473930 241867.8313801882
103785741.7506924272 243760.1780900955
103571648.7760405988 243365.8787434694
104789315.8488253802 254662.4285326004
104392604.8645719439 250977.0300951004
104626615.7199212611 251334.3684740067
104543326.4020171463 251274.6050317287
104456777.1655880362 251241.5474290848
115238468.6181806326 328926.9168634415
115481721.0462765098 329887.0855646133
104949180.6628582478 255571.9029605985
104714382.1827427298 253240.1119676083
105495010.5148411691 259641.1536302567
104635595.4297087342 251922.0818162411
103197185.4979926944 236216.1547533867
108771878.2732350677 285223.7858995106
108777463.2584289312 285396.0785953999
108393371.5073946416 281751.3727848530
107794204.7459628880 279773.9739201069
108478681.7932911217 284121.1015484333
113580811.9297143221 318534.1798173459
102335958.3463817090 224738.5864256471
102471015.3880000412 226441.7878437042
102241153.6849631369 223179.5310688019
121221197.5028229952 356597.7075195312
106825736.0815878958 270651.0847554207
102297066.7565284222 224550.3814105988
102402735.0260854810 225283.5305805206
102273422.4934242219 224295.5967426300
106177789.7698031366 266152.0102796480
107269656.0799676329 274760.8480377197
103253678.2844183892 238713.2306111452
103244426.3183133453 238082.2789509890
101672345.1712373197 211017.9329724448
101803887.4103319496 215010.8920636313
106647186.7221303433 269209.7153138816
101480327.3499331325 207152.3625596453
114523215.4520189166 324449.2040948868
103034851.0579825938 234315.1559041140
103220204.7670053989 236826.7654011843
114740784.4598160386 327120.9932794571
114265607.2977783382 322921.9801147254
114713177.8968484402 326620.7459650040
113883692.3283779621 320531.0553100379
114291696.1833965182 323449.8894382468
107395143.7361807525 275015.9680607319
107512286.4875927866 275643.0588810444
106825362.9727627337 270643.0159187317
109317025.9754917324 288345.9904893544
108996265.7266728580 287730.6748155262
103650023.7943631560 243460.5611165163
103109725.4118780941 235940.9609803554
106615349.0208099335 269049.6484052655
106648204.7691825032 269357.4218571186
105280228.2455461919 258072.5802450627
106853428.6971471608 271143.4287599265
105611774.6063563228 260412.1656725407
105100229.1800867766 256164.1322195530
105551713.9440878034 260259.1305105686
104415142.0646884292 251000.0256404877
104061936.2633236647 247867.8786912411
104629154.1889979094 251618.6982204914
105060526.5283455104 256136.8194754124
104641642.2704471499 252782.2085279226
106285093.6250572950 267193.8833265230
103487925.8707783073 240900.0999348757
112076179.0646146536 308939.6193075180
111823249.8242452443 307772.3892863542
112060477.9896995425 308759.9311962128
104927203.5101193935 255489.6338181943
105313739.6605946571 259179.8236532658
106981357.2155472636 272335.3176701069
106867723.2899933457 271739.7288029194
103030103.2967508882 231175.8478033841
105510529.2606209666 259868.1698140725
102764085.4306632578 229406.4550189972
102544964.0089788139 227002.2379779816
102114369.1062407196 222241.4198627472
102673298.3153797090 229131.8106708527
123557118.0225260854 358826.8922119141
123576168.6094349623 358909.7147216797
117667570.7442878783 341821.0033798218
113857356.9470282793 320157.4919715468
108070627.7306850851 280307.5329656601
105242776.3427296877 257880.7972941995
115321035.2203056812 329752.1557483673
115977984.8628022373 333122.5561065674
116086376.8704665899 333223.1442699432
107436340.5708388388 275534.0586369038
121114766.0250144899 356539.8376464844
121324494.4779076874 357752.0018310547
107904722.4239012897 279978.3188908100
105749857.4878366739 261280.3828155994
105726322.6178627759 260911.7785732746
114393657.1671099663 323964.2791869910
107590412.4364489913 276606.8530704975
116769688.8401246071 337946.4935025275
112588924.9226019382 312376.0885133743
105218594.8357776552 257194.2042766213
108401922.6969609261 282751.8096134663
124420430.8492645323 359556.0198974609
101704411.8772428483 212481.1326565878
103034694.0221109390 233495.0151125786
113112343.9039082229 315381.6898315223
113749108.6874373853 319823.2274291785
116431028.4203148782 335600.7181148529
103343242.2823406458 239209.2050015327
116983875.9846259058 339518.4942932129
116259772.4906165600 335405.4517211914
107196613.1592268050 274418.7497990131
107767684.3101141155 277894.9866230488
103868825.9896943569 246816.9685349911
105671410.2990809381 260676.9553253651
111364134.8873756230 304426.5101359636
111602322.2941431701 305819.4691203386
106481498.9096422940 268777.3240482733
107160497.2445314676 273654.7092676330
106828836.5949144959 270810.7881596014
108278260.0261529088 281321.7795231342
121272607.8375181258 357673.1492919922
121229953.2349534929 357455.0384521484
114002073.7047000229 322006.8018920692
114954268.7289032042 327354.8072443008
114353954.5153687000 323724.6453979285
121339802.6953357458 358687.4295654297
105155595.2745964825 256399.1678640842
114128895.9783712327 322905.6541869910
107675623.4390159696 277199.4684879780
106124051.8956567049 265569.9958298206
105904629.7699859291 262995.0314133167
106064793.4385613650 264547.5741989613
105772657.9881533831 261673.8046677113
104159870.3205938935 248378.8183885068
104225293.4271219522 248680.9214158505
110965677.5059104264 301037.5230309367
107153538.3726239502 273265.9924747944
117940631.7828659117 344322.2199401855
117841774.9627144039 343580.9187927246
117792678.0036652982 343411.3287048340
111898752.3931078613 308032.2777545471
111912147.5258818567 308226.3463578820
106070400.3378895074 265256.9523727894
120604582.5173456967 355892.7189941406
119426235.2768096924 350762.8634643555
119893029.8477734625 352065.7846679688
106068614.2676654309 265057.8273727894
113248433.6078744829 316635.2174175326
119506140.9681402743 351291.4507446289
118995110.9553696811 348910.3420104980
118890171.2285535336 348896.2057800293
111400787.3868613541 304733.7738078386
113476609.0757994652 317492.6543860976
113957243.4769463539 321333.3552527968
123684973.6589130163 359004.2821044922
120546296.3469999135 355802.0715332031
120771002.5856929123 356402.6368408203
119943168.7941397429 352959.5979003906
120097157.3646509647 353193.1910400391
111332355.0645290017 304102.4078410417
120303168.6051985323 355307.8146972656
117489179.1036268771 341483.2688293457
111048575.9398868382 302082.6902107596
111275182.3426184058 303414.9674126506
109790534.1170697808 292337.1507164836
116639018.4075291753 337328.6488647461
111865850.9745357037 308029.1512897033
117490284.8083744049 341815.9914855957
110833222.4678519368 300243.3109206855
117803690.7563121319 343462.2864685059
113797862.0973262191 320109.5556922500
112505527.0721212626 311187.5432036594
117156623.1732695699 339720.9905395508
117420839.6881554127 341330.9721984863
109442011.3477687538 289029.9463707805
116899392.6467769742 338932.2868270874
117740135.1660093963 343260.3208923340
118529603.5522091985 346413.5918884277
118370076.8220911622 346331.0931091309
123935719.5169318318 359171.9224853516
123711067.8100358546 359058.7362060547
118800279.1484885812 347866.4175720215
119218732.3564129770 349750.3064880371
123913579.3587658107 359084.1907958984
115681324.1016192436 331413.7305459976
110325038.2267571390 296454.3011071086
110031024.6736386418 293522.4930667188
120193951.8019552529 353247.0561523438
118658978.7677974701 346488.8608093262
118793734.8271476030 347470.5538635254
116821618.8769070506 338107.7019348145
116966514.1742873490 339392.2903137207
120236820.0697704852 354042.5026855469
117374393.7011719048 340583.3869934082
116844633.2139793336 338456.8383178711
116487858.4184472859 336513.5903930664
116366731.1067337394 335539.3853149414
117685094.7133792639 343077.7339782715
111029047.4825354517 301159.0416992307
118671911.4931898415 346681.2259216309
118762107.6992041171 347368.0205993652
111124573.7891845107 302790.0495117307
111573567.9174561501 305307.6565673947
111927138.6575530767 308357.2655761838
110297852.0643540025 295886.4855593946
110365320.1193312705 296835.7570437696
111042563.7985725105 301660.2838189006
110572505.9582396448 298531.3492028117
111643623.0497248769 306912.3605468869
104279111.0450360924 248695.5365070105
124256104.4565020502 359206.6617431641
116454446.4902931750 336017.9519653320
109922266.4406281114 293225.3587242961
109955337.4297862649 293489.5835778117
110234055.8598249257 295603.4458824992
109240573.6333923936 288097.6164757609
119690991.2860939503 351668.5419921875
118368063.1912744343 345869.5589294434
118109131.2789126337 345006.6888122559
112028789.1636592448 308584.8019083142
115623771.2434653640 330876.9676055908
123681178.4649105072 358935.3348388672
118850435.2425523400 348041.4112243652
113358262.6790712476 317395.0833843295
114497198.6533343196 324069.6754014492
112221756.0156641006 309663.8932617307
112339836.2936592400 310884.9440429807
112286928.3452416658 310881.7958496213
112944115.8331170380 314850.7828472201
119129133.0167028010 349010.8739624023
119481483.4812479019 350763.2294921875
113159612.5338549018 315804.3885615617
109678214.6579420567 291221.1110476758
112535935.9803622961 312320.9345214963
112645563.1923151612 312693.9083984494
119515448.9891594052 351578.0549316406
109667279.5647422969 290829.9805753231
110180620.5721103847 295080.5263766553
113232174.1783092618 315884.3863566667
112940334.6776791513 314114.5399328973
126939183.6116850674 362237.7779541016
112783134.4853057265 313023.6264330745
126700407.3232980967 361900.2694091797
110787935.0101145804 298902.4931277540
126475981.4311673641 361258.2982177734
112844378.7708101273 313401.8544632103
126368221.9182783663 361245.2603759766
126121487.2178494036 361143.3189697266
125499332.0926471055 361125.3292236328
126340910.7067284882 361186.5482177734
126358125.5132704675 361202.6673583984
125450045.4506120235 360491.3260498047
126223551.0577635169 361181.8436279297
124789299.7412311286 359846.3294677734
124533963.2879420072 359756.5994873047
124691971.5866378993 359774.1368408203
124971211.4051010162 360192.3831787109
124887451.8640738279 360005.6131591797
125235452.2960276455 360455.1485595703
