109967341.8013914227 296172.3431728482
111403881.0137305409 305653.3028542139
108005762.2756719142 281236.9454677701
118752302.6953863800 348953.1027832031
110570416.5929876715 298957.6847533609
110844302.3401522487 301185.1892911792
113397365.8424602151 318909.9320538193
112171016.2949628830 310545.7743634395
102002126.7990593314 215842.3031527996
117649849.3018917441 342517.3327636719
119463745.4165398031 351026.5479736328
112725987.4636400342 314749.5476329923
106814156.7980077565 272179.5766714215
104176398.6795640886 246757.2097089009
102386382.7148861885 222122.8613002300
108969420.1105506122 289021.9183681607
104175611.2670509666 246368.7821881489
103887085.3341761082 245011.3280827717
118602343.7374846637 347571.1568603516
105138691.5275644511 256565.9325250909
104328721.5148613304 248665.9490808770
118528770.0065248162 347331.1214599609
119352104.2000625432 350605.8826904297
113024241.3794910461 316580.9892071895
110018312.1953654289 296230.7767665982
102920705.2608905435 232560.4883785248
103718970.0508882403 241808.3700749592
119301475.8871109635 350428.7098388672
110334623.1963631064 297953.5278899670
103258044.1668932140 236407.6004390717
104050347.5635991096 245762.7393071369
113373189.7845303714 317931.6574200801
112709007.5810789615 314462.4689435176
103135873.0853314102 234314.6222186089
103257415.7010264993 235616.7484393120
111786655.8267435580 308213.7956036738
109263783.2719993889 291147.7467024326
111051651.1583172679 303270.6948204041
118213013.3588530719 345984.2962646484
103380674.9679766893 237078.4400062561
118164833.1080185622 345977.8206787109
103364499.5613276660 236441.7618632317
105316329.0669791698 258653.8945115672
118250372.0633681417 345992.2857666016
118081200.0003741980 345747.8911132812
106016311.3781272471 264522.4770162702
114634849.0146801174 326757.3963996992
102069696.7863619626 218303.1317470074
104157528.7606339455 246165.8823454098
108552844.2150122374 286432.9859951138
103623128.7782362252 240319.8336219788
103060250.0051717758 233097.8448710442
102844351.2776072919 229902.4420413971
102864108.5651986301 232515.6156229973
108747571.1805677116 287651.9837830663
117652473.5616090149 343017.0036621094
110321108.2636944503 297822.5890224576
108918449.7165766209 288963.4847744107
108788661.3202155828 287658.4593690038
103617743.3859590143 239392.5028114319
118348091.7443618774 346071.0128173828
117939310.3119263351 344300.1079101562
112259576.1327190548 311873.5365704707
104626940.9932940602 251611.0291345716
109149267.9463047087 290635.8387635350
106292983.0494909734 266428.6287486271
105444399.3510001898 259754.3114965558
108456563.2690484524 284344.0112488866
103568704.2560569644 239371.8018836975
103527614.1164090782 239365.3262977600
103657920.3252024502 241720.9321500973
106010578.1538090110 264296.8405331241
107956366.2826595604 280499.8530228734
105676284.9952968806 263322.2700985537
113602069.3353753239 319844.6370808929
104783935.2979491949 253711.3265726284
112421618.6652047038 312576.0398053340
112966197.1643131822 316027.4569897652
105320124.0345633030 259496.6828945742
109649571.0917851776 293700.2779873013
107153522.6072663665 274324.8640640378
105589693.9840791672 262389.4304989444
102299222.4317487478 221598.9152553082
107894167.5265801549 280363.3444779515
102224113.1854573190 221525.0231654644
117516239.3013594151 341472.0118713379
105649634.3429098278 262459.0130184756
103471017.4207171649 239299.5182242393
109069005.0689672679 289839.8683193326
106906120.3465518355 272379.5582201630
104982785.1285606027 255649.5708340273
108442186.1820860356 284010.6685975194
104108637.7160074711 245843.2431852536
106069620.6164463460 266306.1250790225
105322003.4773721993 259509.6735515594
108187936.2484768182 283165.0789979100
103986750.3648768961 245721.9779327975
104264829.1807209849 248504.8347513394
102809272.7480859607 229639.6144769192
118851367.7757278532 348965.1928710938
106144168.6388396919 266392.7963581085
105220626.0399261564 258349.5497722626
106865127.1919817775 272238.0102651715
106936982.0308133364 272602.6040151715
107064689.8939478397 273861.9861878024
109915392.6361453831 295232.5863754749
112239088.3736363947 311347.7796869278
102787892.7004625499 227730.3405075818
109613153.1638165116 293341.7219422460
109109071.9174339473 290373.9373963475
123321982.3335887641 358201.3453369141
102189060.5434021503 219038.1663644314
103379134.0877517462 236862.0784053802
114008041.5516156703 323469.0413602889
122932069.3229697347 358137.4041748047
109682086.5588661879 294496.2484315038
113911113.9718338996 322089.8750638962
114940088.1589070857 328285.8914517462
108675716.3417361379 287287.3900330663
112294474.4273714870 311955.6801417879
114797940.0295998752 327547.7487285137
104669062.6283286512 251758.0161241160
113608865.8045363724 320932.7586412430
113670459.7063143104 320944.3724492183
114416729.1524782926 325587.5616239607
114054357.2338352203 323475.5169462264
111777198.6008741558 308095.2704738192
113490765.7251183093 319608.6316923201
114082165.2333687544 323534.7779325545
110077085.1908069700 296606.5207922459
123422215.5054277182 358209.6124267578
114123255.3730166256 323541.2535184920
107859896.8635562062 279849.7238564794
112832040.5821368694 315181.3387994766
108289159.8372105509 283615.8242829442
113484426.4804140180 319349.2913312129
103380517.0370793045 237019.3599961193
115226397.6457339227 330412.3270048201
120333044.0998165160 353047.1767578125
115913179.7473291159 333552.4780765073
102707809.6100935638 226852.6876147389
109507543.1215606332 292611.4988162518
116077469.5907734036 334200.6477050781
102669690.9444415569 226477.2266671658
123914282.2017500252 358264.8475341797
114155615.5995092839 323870.5510777533
102327605.9972133040 222065.4025094509
109395467.7009897977 291643.9644228816
112932168.7488527894 316020.1189072486
103090999.6091410369 233589.1936166286
112669268.5201744884 313663.3142197486
115017699.0551922172 329514.3995103836
111159931.7253651619 304792.8450965025
114368693.7282790840 324681.6698570251
112680812.8728361577 314229.2673447486
108970885.1789892912 289290.5635135174
107709889.0503193140 278550.5071170330
110684515.5680646449 300622.1730335355
107713074.2522155941 278580.2971920584
109727094.6251449585 294702.5356182668
113344151.2264607698 317514.5038881302
118721900.3796173036 348069.2030029297
109644809.1953095943 293415.0542361736
106337858.6494720727 267514.0208046528
110380258.2860373855 298646.7136600018
106726825.1349105686 271334.5271786319
106331907.4857974350 267514.0207851992
112527336.3810999542 312906.9797470924
111760503.3125154674 307651.3833236694
106681324.2633407414 270408.1631649600
107783173.8434575051 278621.5789935589
110421348.4256852716 298653.1892459393
110189974.4133203626 297341.2004764080
113882703.5978600830 321677.5327810645
108984235.1388136297 289319.3349978924
112589429.9265228808 312933.5715439674
124391946.6206210852 358567.7061767578
106655175.7768359631 270406.0849049182
115976870.3209222108 333586.5832710266
111932058.3345309198 308444.0627670288
110214851.2369226515 297346.8809921741
119890034.1382833719 352270.1815185547
113988738.1841285676 322468.6385240555
107742083.7038096040 278615.1034076214
107292758.6815571338 275260.6734188662
111742355.5920174718 307631.0556869507
109057200.2282888442 289325.8105838299
115665402.1498421580 331960.5265083313
115826885.3854573965 332948.4629440308
114976608.9155443311 329507.9239244461
113255528.1305835545 317209.7660951018
104335468.7290868461 249325.0916551219
110917521.2275380790 301959.2588512376
104912638.6686354131 254601.0231279002
115691482.3974687755 332457.6371854842
112992005.0196223855 316254.3990221024
107689446.5346763581 277981.8339241429
108504308.5064464509 285402.6404178143
102650016.6566957235 225954.4916207790
112103310.0492454022 309387.3116848823
114669618.1686948389 327412.8614461273
104891367.0317021757 254380.2145341502
114710708.3083427250 327419.3370320648
104850276.8920542896 254373.7389482127
124432668.0614021569 359531.3338623047
118678354.8777175993 347611.9321289062
111079124.1472698897 303638.3186072446
107454042.0042064041 277129.8641541600
110158374.0078691989 297106.1137644388
105177927.5424688607 257397.9142869578
113118277.5910606682 316618.9927721024
104978441.8030849844 254876.2221025095
107174910.7778752446 274682.9759091006
105523565.5980370194 259771.8818691836
110656167.1583999693 300440.8573509062
110774015.0620818585 301018.5548606718
120560794.5194042474 354538.6315917969
110584312.3195684105 300076.2636009062
111674758.2218764424 307305.3027292825
108093883.3701096028 281527.2405575381
107288017.6998509616 274997.9789436741
107103055.9390436858 274318.3821591006
104565695.8355362266 251316.3533883095
102545218.6352215111 225838.0599801540
117536340.5286758840 342284.2885589600
116717584.6682799309 337848.1779685020
107582687.8211458921 277498.7773550153
102504128.4955735952 225831.5843942165
104485394.3251862079 250458.7616532908
113310799.2834599614 317399.3306627274
116386748.8891633749 335832.6123237610
102450824.1523105651 224731.4427156448
122036992.8806131482 356889.2069091797
114501212.9434621632 325806.9764188826
104703840.7906561643 252114.1530197726
106454402.6648043394 269216.0069149600
117235519.0155973434 340601.8439788818
106408901.7932344973 268289.6429012881
117366062.5783801228 341062.2212104797
116974190.7127427310 338905.6632995605
116599888.1046540886 337527.6872749329
106750810.4575421065 271341.0027645694
106495492.8044522107 269222.4825008975
116558797.9650062472 337521.2116889954
116429576.6809667349 336340.9731636047
117097304.4594991207 339707.8215522766
124066784.5756318420 358549.1434326172
116799504.9734009802 338283.1499214172
114301626.7145258933 324478.9048814774
114326835.8154532611 324484.6888212264
114953647.0721255690 328427.9068511613
116013714.1389753222 333601.5410346985
117043505.4603889287 339143.6102027893
115403142.0696932375 330464.8296284676
111581188.7324002385 306505.7045847513
110989789.2241497934 302579.5583445169
120546707.9530525208 354167.1655273438
115225948.9360352755 329716.3482450545
114799282.0085989386 327675.0987333357
109856419.9906539917 294746.9462699890
116510187.5812358856 336719.6678810120
110903198.2129320800 301646.7187449075
104238331.0284578949 246971.5272722856
120423575.4541005343 353799.8190917969
104224605.3424611092 246883.3256121294
111391485.9898867905 305563.4133249857
112115158.0084201545 309752.4540964700
121838722.8251135498 356875.6475830078
121298744.1260822117 356069.3742675781
120729735.0439039171 354542.6516113281
122424066.7983834743 357919.5560302734
121769959.5367215276 356139.1143798828
119646820.9540245384 351534.0875244141
122013684.8571064323 356886.2689208984
122053884.2556666434 357624.4019775391
119695399.0831101388 351550.5338134766
117548927.3142497987 342304.1331443787
116473369.5514778346 336439.0516090393
118879733.4139042646 349167.5571899414
118931620.0542938411 349246.4097290039
121110832.0534021407 355540.7492675781
121162718.6937917173 355619.6018066406
120866536.5755240917 355387.4157714844
120918423.2159136683 355466.2683105469
115670324.6337735206 332013.3446618617
118442660.1793167144 346772.4381980896
111571904.6935226917 306203.9996333420
117817685.4331308156 343658.5328025818
112665879.2355997562 313246.1185152531
115530228.6494676769 331265.8794692140
116197182.1286897361 334555.9958022218
111855102.6220491529 308233.9400484562
112024872.7003289908 309202.6600191593
119623388.2081529349 351283.8945312500
111917962.0968512744 308412.4478304386
112387464.2505758256 312329.1424105167
119814163.1148687601 351874.6633300781
119215396.6891968697 349938.6902465820
120067676.9859667569 353025.3627929688
120411875.1420240253 353409.2949218750
