116837702.0879200995 330327.8341236115
108011353.8495170772 261996.7810631096
111830778.7290157229 296654.4983010292
113120170.6401514709 306245.3951707925
120421767.0022900403 345549.4745483398
112254199.1545066833 300060.0564867104
122170663.9853938371 348944.0800781250
118834559.7122811079 339422.4157066345
113247458.5640551746 307015.4202571954
115225925.8880816996 320424.0208296776
118195780.2086862475 336823.5396499634
110401200.0399288386 283735.5638117790
113625898.7874369025 310429.7815233315
112498268.3244115561 301855.5614438057
110057809.8812533319 281982.5384211540
112874096.4420674741 304467.3988831639
113614748.0078459829 309315.4177538003
113402672.1865517199 309150.8254686440
111608253.2590744793 294109.5088353157
109326980.2591221780 275599.0839729607
107940788.3235766739 260882.4172935784
108283059.6330031306 262867.3377037346
122713861.3824845850 353119.2672119141
114844283.1920615733 317694.3681729878
116994135.4075439870 332358.6668872833
113880460.0358301401 312037.3171678628
112797047.9365048707 304079.0905335546
109016659.2350111604 271547.2090950310
108816218.9459527582 270913.4600715935
112537149.1451935619 302089.2173753823
115914401.5182510167 325582.2737603188
116681999.7425516248 329987.0200657845
117803131.0883239508 335735.4908218384
112556570.7020626962 302455.0092354859
107850659.0540267527 260843.0127525628
122552326.4663259685 350729.7613525391
124918805.7768629342 354544.6508789062
111559522.3919203579 293852.1392064095
117124622.2906551361 332536.5580005646
117754694.6068306565 335323.1995620728
109870922.0114165992 278802.9516291618
111370068.9111984074 292363.4948258400
111625870.7184404582 294314.8689064980
109483687.7569275200 276246.6175422966
119693865.6357307583 343476.7413291931
115458339.3705225885 322722.5249810219
108357735.3445041627 266748.2313118279
109313840.0050582886 273300.5687141716
108431340.8460260928 267564.6511116326
109907384.9852555990 279354.3952522576
111298487.2579317540 291525.0141129494
117920552.3902372271 335967.3616714478
108521470.1155760288 268568.6630745232
116274994.7212432921 327776.3510780334
119795307.3292275965 343678.5902061462
116440852.5046497881 328420.5131874084
117728040.3125524670 334731.9610366821
120700154.2969135940 346405.6525268555
108518430.1399944872 267901.9996223748
109444537.8347926289 275659.3948860466
116827960.1270409077 330245.7137622833
111503922.7833402306 293155.9141087532
113082631.9280831367 305571.2362352456
111705811.1550438106 295593.3176369667
111201533.7995139360 290850.8551774025
113524618.7382960916 309276.0132127847
114042995.7998298109 312949.4255663003
109472741.7030457854 275980.7111702263
110624655.1253839284 286680.4617805779
116205547.7648462802 327322.7624549866
109701461.3111114949 277950.0134163201
109958305.7010404319 280814.4414973259
111721968.2183656543 295694.3481545448
109292916.9466014802 272823.8427620232
111168453.7128558159 290543.2225052118
111795940.4245937467 296597.3295998573
110584817.4153928161 286578.3271160126
122600762.9478192478 351142.0526123047
110988757.6053016335 288938.6017640233
116162736.4072461873 327034.8740272522
125642724.0517972261 354551.9418945312
115189682.9857993722 319999.8453345299
119342980.5643484294 341776.0937461853
112489973.1396011412 301361.0787035073
117452715.2682293504 332814.7883758545
109534667.1043425500 276663.4068489373
120235835.3782321066 345345.6447143555
109812351.8848195821 278592.2587776482
119645700.5513946563 342551.5067138672
114064527.3812754899 313095.5941454018
112691644.1061424911 302871.3424866796
110732127.5825160742 287056.9579753876
110766657.2434858829 287990.6195964813
110921967.0666351467 288735.1288738251
112329278.3441108167 300207.3103929604
119612806.7149494588 342457.5695762634
111150773.7387906015 290487.3109925389
108360775.3200857043 267414.8947639763
111635245.6291034073 295443.5612893105
121050781.5050839186 347079.6690979004
110559008.7099534422 286267.3921587169
113827757.8070028722 310925.1006151284
114809712.9248979688 316857.1468587960
110232774.7719369978 283281.8206477165
108791592.3847403079 270592.9880256951
109651657.0893292576 277438.4904671013
114443040.6578626484 315411.7221423234
109507271.3640155792 276288.4980354607
110661562.0565756857 286907.2016277313
116323431.2027365267 328188.6423377991
109226783.5058431476 272417.9393196404
115101553.0490019321 319792.6106248940
108630897.5892499834 269439.2197151482
109562870.9725957066 276984.7231331170
120989416.7581904978 346599.2521362305
117637911.0430025309 334688.4056167603
116867495.7038715333 331379.6395301819
112896944.0392662585 304966.4391161050
117484759.8399203867 333215.9166030884
109036656.3226861358 272398.4937019646
110128375.4071937203 283096.9021906853
118120584.2907030135 336591.6688003540
122677826.6361712813 351199.2213134766
109934099.8543523103 279536.4765510857
108701463.1151903719 269588.9760628045
111012655.1434286237 289110.5053284764
120069888.8706002682 344338.3286743164
115296583.2250280082 321055.2911353111
111949857.2500929087 297216.8687317967
110477484.9280712306 285046.5674340427
112482981.9609452337 300828.9609666909
112076022.3846134245 298062.8501771092
114412706.1226258725 314799.5158780660
113811439.8651796281 310895.1037889565
115457278.0205183327 322209.0594458580
109967680.6117033809 281943.1338801384
114328319.9733750969 314515.3234606828
116029279.9542425275 325809.6465630531
119129218.8953220099 340669.0412559509
118717138.4103678167 339190.5448570251
113325827.2978728265 307492.7889696206
112166151.6541633606 299066.8621399999
115196836.4496790767 320206.0805955972
115031511.2621459514 318970.1977830972
115779799.0420186520 324202.1109185219
115804807.9790824056 324639.3704400063
115031901.7965126485 319204.9421539307
117536240.2159864008 333353.3460540771
114252011.3271355480 313645.7475675191
115497157.6947839558 322923.1548638344
117084264.6770938933 332361.8558521271
115831462.2733606249 324811.2740044594
114168495.9696751088 313418.8855272378
115639060.5735179335 323957.3880171776
114208853.5832363367 313593.5876756753
113104389.4685177207 306013.5243211831
119577968.4105274826 342400.4008750916
117562715.1250193268 333767.1385269165
114683588.3965712488 316540.5998624410
120435867.2786979079 345969.9518432617
111513810.2842138857 293790.7827942967
111329257.7881118506 291586.0443863869
118942940.0967146158 339783.4757652283
117589369.4192975461 333939.0420913696
112128315.6766775697 298241.9683411717
122237718.8631985337 349037.4483642578
114437220.4192117751 315241.8039640035
112051571.0354947001 297913.0938294530
112417856.0336161405 300550.3742967690
115800905.5988481194 324605.3798663616
113756489.3614235073 310705.7202115059
120105491.0933898687 344534.7681846619
111342333.7785603404 291970.9471009374
116958764.5072485805 331892.3958911896
113271645.4040995538 307083.6383968438
115523811.9890621752 323095.0584282875
113366937.6615656912 307726.3188167657
119219348.1648719460 341131.9316368103
113057638.8347565830 305564.1314989175
120138511.7692894489 345172.9344444275
115161130.4088492095 319799.4530005455
111076388.5728578568 289915.2409195900
118578572.6593246311 338315.3632164001
119870553.3890572637 344316.7564659119
124613087.2101796865 353365.4750976562
119688002.6329326779 342689.4404258728
113016926.3397478610 305193.1564012612
114929562.6981935799 317939.2978807534
119107089.8508749008 340390.4545860291
117617118.8323284537 333995.8077239990
118070889.5863490999 336299.5035247803
115696327.2012548298 324171.1065239906
121461889.2828787714 347620.4903564453
113737628.5374529660 310462.2102342690
113358099.0943954885 307588.4564500893
115236326.3268323988 320720.7200903893
112766975.1696273834 303359.5689989175
122301991.0150056332 349551.4842529297
114309976.7840341032 314258.9052823628
112735592.1316154152 303104.3002000893
113215211.6893293858 306462.8146043862
109846664.1516245157 278651.7158254004
115894071.6983356923 324912.2722954750
111503028.5740506798 293124.7154114842
115408841.5390250534 321796.7681860924
119267784.6463652104 341544.2228965759
114334491.0806199759 314701.1933683003
114960945.7362055033 318820.4414354409
111250540.8406103551 291325.9284241796
109883904.9735374749 278835.0634816504
114936431.4396196306 318378.1533495034
118668701.9288745672 338778.2535972595
122232248.2327199280 348986.8787841797
122432477.8981167525 349729.3753662109
113036288.1348766536 305510.7751756753
122392120.2845554948 349554.6732177734
114811518.0969978124 317675.0155806541
113877670.6122966409 311565.2680955972
115606197.9317049235 323708.2161431313
115318712.2694751471 321333.8778052330
116031849.7177369744 325911.4976372719
113857413.9761823863 311152.4734178628
115902240.2342409045 325011.6663384438
114675039.8720756620 316336.3288130760
109685969.3561342061 277497.9475148536
111471656.0686781853 292875.1801285744
124678735.3292153925 353599.3020019531
115097126.2351099849 319531.9216600503
114495187.0395949185 315981.1474698628
116010942.5478572547 325787.9573540688
112775143.7055325806 303458.9630418862
114452960.4921802133 315854.9616788472
115970133.1666155457 325604.1929497719
113972962.8697628081 312207.9485155190
116469324.0405678153 329086.1670699120
114735578.1889804304 316592.8383345604
122541847.9331592172 349941.3912353516
120124639.8122591972 344686.0258178711
119849411.9938101768 343829.8478393555
114570381.7940934598 316086.8325284566
122278076.4767597318 349212.1505126953
117457076.8763659149 333208.3035554886
122112218.6933531761 348567.9884033203
117366415.0109425336 332796.0122957230
112960352.7976087928 305055.0194383706
119464598.7909083813 341996.4396362305
116087449.3263170868 326607.7227349281
114133657.6652531028 313361.7168260659
122546034.8569919318 350068.3284912109
122202880.5587764978 348980.2796630859
114796563.5039769560 316784.1688208580
119102518.0925133079 340278.5936851501
118544224.1741764247 337859.1214103699
119182665.1441779882 340677.1823692322
124753931.2471985966 353831.1728515625
119034591.6127469242 340046.7228355408
118268996.3557274342 337002.9434318542
119653164.3285107017 342632.2717247009
115786989.0666781962 324583.3977837563
116062935.0297312289 326165.4346489906
118932001.8256433904 339535.5097961426
119086504.7390010655 340122.9871940613
121230139.6213315129 347553.7436523438
118404831.4415990263 337189.4605216980
114279170.7818933129 314134.3354468346
121653539.2504615039 347856.9460449219
114395954.3457214683 314769.1293921471
121799595.3820852786 348446.6914367676
118473256.9698471278 337594.6470451355
124472072.4770096838 353232.0571289062
