91213398.8954588771 3678051.9101562500
89634610.6323517859 3569772.7460937500
93192970.1861812472 3749686.8750000000
89859270.4015711993 3591298.4218750000
89563271.1265926659 3566530.1054687500
89990234.4945862740 3602821.1640625000
88763127.6227716953 3416134.9531250000
89316639.9364112914 3530328.4023437500
94044331.0450358838 3767686.5781250000
91235980.4557532817 3679207.0781250000
88874713.9894569665 3446696.3476562500
91528270.0932998955 3692892.5976562500
91574447.4990617186 3693393.3554687500
89839710.8050280958 3590045.4765625000
90084607.9411282092 3611358.6601562500
89689656.2439543605 3575507.4804687500
92899931.4379271865 3738920.8515625000
89701081.6241377890 3581019.0546875000
89768730.5789888650 3583800.0898437500
88888864.1492054313 3447843.3476562500
89694861.2420586795 3578089.5000000000
99732224.2913835943 3811209.4960937500
89394087.8928818405 3550744.7460937500
93399660.7520467192 3753328.8320312500
90023551.5518289059 3607470.6953125000
89355281.8430253714 3545720.1171875000
96116870.6724827290 3798976.8984375000
95210856.8226454854 3787871.2265625000
89926264.0411380976 3595821.5039062500
89429151.1799555570 3551430.7070312500
89547316.6403226852 3560869.3242187500
96247273.3175556660 3800363.3437500000
93845718.0001819879 3764801.8164062500
90744600.9237312227 3653081.8007812500
90651498.9840983152 3646520.2343750000
94181603.5597629398 3770086.9375000000
89723663.1844321340 3582174.2226562500
90829493.9907490164 3659393.3281250000
89489401.7896624953 3560819.5156250000
93953498.8489640355 3765730.4335937500
89466039.5317374915 3559383.5468750000
90736392.0511161089 3652831.7617187500
92918708.8830590248 3742200.3945312500
93054762.6482010037 3746110.9492187500
95875383.2666161358 3797480.1953125000
95007487.2624363899 3786029.5898437500
90002069.8848823011 3604696.9726562500
91393502.1360384822 3685966.5937500000
92714147.8130511642 3732222.8906250000
91265465.3884803355 3679970.8046875000
98929751.6516525447 3808655.3281250000
89939758.3781588525 3599402.6835937500
92352052.3655549586 3722649.3046875000
88908013.5301473886 3456644.2695312500
95636986.1528629959 3794292.7656250000
99783314.6370706260 3811297.5937500000
99269082.2809298038 3809855.5585937500
89549315.5460638553 3564589.8554687500
91689275.3694246560 3700964.5195312500
88861587.2234451473 3440841.6132812500
96235423.5462886989 3800184.6171875000
93076958.4994689971 3748402.3125000000
97144237.8068705797 3803662.4179687500
92174169.9029758424 3717702.7304687500
91417119.3279449195 3686288.4218750000
91789607.7918651253 3704411.8398437500
91685791.7735850960 3699554.8945312500
90604455.6582220942 3646103.9023437500
91298291.9624766409 3684250.2617187500
94327384.3196783364 3772721.8867187500
99843775.8380566239 3811464.3867187500
95769932.5805392861 3796279.9648437500
90955574.3894645572 3664594.5507812500
95830901.2818123102 3796725.5625000000
97023911.9837883860 3803271.3046875000
88830886.2970345020 3437544.1328125000
92812666.8586917967 3738536.2968750000
94377979.4373216629 3774027.8203125000
91742703.0577142686 3701854.8476562500
91248980.3403982073 3679477.1796875000
92770568.8170341253 3735108.1562500000
90628817.0105512440 3646371.8281250000
92787053.8651162833 3735601.7812500000
92275690.0465756506 3719539.8007812500
94455668.6574453413 3777138.4921875000
88852479.4104507118 3439582.5898437500
89658493.0820185095 3573257.2304687500
94943190.1218951046 3784784.2343750000
94777372.1089407802 3782013.2929687500
90542144.1514987200 3640947.5429687500
91073423.2234354317 3669882.8632812500
90937189.3200694919 3663937.6289062500
90483747.1764704138 3638148.4140625000
91034207.3128557503 3668899.7695312500
91128965.2698864192 3674260.9414062500
97173042.5001182854 3803791.0156250000
92441196.1168838292 3726584.1054687500
91418985.6071708500 3687041.4492187500
91855506.2648526132 3708631.3867187500
90519562.5912043005 3639792.3750000000
94285369.1818218231 3770927.5351562500
92049887.7639477402 3715611.4101562500
90880726.3083477616 3659707.3125000000
99836768.1745626181 3811458.4492187500
88920954.9446780533 3462417.9335937500
89836377.2556643337 3589926.4296875000
94746966.8262967318 3781434.8554687500
91884559.0223326832 3709123.3281250000
89425784.9976687133 3551278.9648437500
89691733.9362457544 3576073.5546875000
89074195.6379477829 3495451.2695312500
91815072.0562953353 3707099.7226562500
93324354.8816899359 3752910.8593750000
100225620.9117948115 3812041.1093750000
92424914.1277558059 3724860.2070312500
90558425.9740805030 3642080.6640625000
91971421.5815623254 3711288.6992187500
100019846.7034035027 3811677.9062500000
95051969.2472401857 3786800.5000000000
90659857.2812451273 3647006.2617187500
90123151.7504442632 3614402.6992187500
97545114.8392823339 3805440.3125000000
89104034.2238938808 3495572.6054687500
97255986.9800260067 3803799.0585937500
91685544.5901751220 3698998.1992187500
100468067.9714587033 3812529.1757812500
95281060.3457477391 3788833.0039062500
90026179.3235750943 3608785.5664062500
88892135.5605547875 3453110.9062500000
97531213.5625057220 3804460.3828125000
90659839.9832164496 3646741.0742187500
94582660.3184580207 3778785.1835937500
89817157.7064282596 3586784.3710937500
89854954.0883642733 3590944.0000000000
89909945.6013460606 3593977.2812500000
92540580.7399485409 3727063.3242187500
90664939.5479201376 3649179.0468750000
90460175.2737246901 3634711.6445312500
97156803.9493464231 3803786.9960937500
90279292.5882475227 3627699.7929687500
89866576.0193251371 3592286.3828125000
90199922.1650420576 3619723.5156250000
90216638.0485981256 3620362.1210937500
89604778.5365484059 3566798.5234375000
88929776.6028207242 3465875.3320312500
90574191.6609974951 3642451.1875000000
91334551.4418765754 3685580.6757812500
91112657.0503768325 3673685.1757812500
92373272.7652945369 3723912.9531250000
91430972.0142914951 3688530.0507812500
91639308.5039644539 3698839.5312500000
89907903.3185384572 3593927.7070312500
95290018.6003726423 3789945.7929687500
94290854.6453226209 3772223.4218750000
89316811.3331795186 3532529.5429687500
90110659.2978010923 3612832.7773437500
89646599.8146158904 3570805.6289062500
91287510.0231923759 3680584.0000000000
89939450.9572390169 3595945.2890625000
88923286.2209541500 3462575.4570312500
95938558.8052074015 3797898.2226562500
90982435.3412471414 3667497.7304687500
89109700.1139555275 3497638.7187500000
90093943.4142450243 3612194.1718750000
89323546.5339687616 3537227.9062500000
96035259.7226690501 3798543.4335937500
89270154.8532781899 3523682.8867187500
99493589.0620856136 3810745.1953125000
89638614.9948576838 3570466.9765625000
89061392.0714710206 3489629.4375000000
90269120.3641611934 3623054.1953125000
96770979.2344883084 3802445.0859375000
89167217.2113845795 3519138.3945312500
88945909.8304511756 3470364.7382812500
91167125.8231822699 3677161.5507812500
90229720.5725726038 3621632.7890625000
91085141.1511166096 3671708.8867187500
90361545.1917487681 3630132.1289062500
90372706.4143845886 3631617.5703125000
90927165.7197991610 3663226.2265625000
92153158.3033384085 3716167.4765625000
89984248.6418915540 3601223.3671875000
91086572.1103052497 3672220.2109375000
89809175.5637467355 3584859.2734375000
90401152.7910431027 3634538.7812500000
89238075.9404664785 3521255.0156250000
99825115.2553489059 3811444.1093750000
99724666.5365738273 3811203.5585937500
89015122.0315106064 3482613.7031250000
90185550.4130550176 3618254.0507812500
89164153.9390806109 3509702.2929687500
95229648.1828869283 3788298.5039062500
90143551.9611886293 3614461.5976562500
95605626.0727005750 3793630.2929687500
95727832.7774922103 3795396.6171875000
89247754.1995633990 3523392.2109375000
89238861.0927976817 3523034.5859375000
99181179.4637342840 3809841.5117187500
90322720.9673161060 3628475.5937500000
89063736.9216841608 3491269.8476562500
89142320.6457215101 3509483.7734375000
95263318.9215400070 3788456.0117187500
88996015.6100432575 3480663.9531250000
88962873.1563150585 3478571.2226562500
90711871.9117369205 3650302.5195312500
89137789.8494002074 3500905.6367187500
89000618.4724401981 3480814.2578125000
89288462.8240012676 3527911.3203125000
89322513.6019245684 3533951.4843750000
90278550.8077985197 3625096.8554687500
90873904.4549104720 3659706.7187500000
96303915.5636733323 3800799.1171875000
95181756.8634002209 3787851.6054687500
99331589.0925059468 3809965.6679687500
88976862.8295708001 3480517.5937500000
91430804.2942973524 3688424.1171875000
99585429.2414624840 3811136.3437500000
94887662.7394014746 3784150.8281250000
99936732.6967175305 3811566.1171875000
95711076.7587774396 3794830.5234375000
96107789.5993225276 3798814.4101562500
89060462.0233444124 3486973.8984375000
89321277.4067152292 3532592.2421875000
96452667.5836135596 3801394.9414062500
96772177.8276694864 3802735.8046875000
89105632.0573272258 3496038.9140625000
96287311.1744015217 3800467.7265625000
96607894.9107312858 3802004.0664062500
96207261.0312380344 3800107.2500000000
90490295.1082407087 3639350.7578125000
96123028.2574633211 3799735.9882812500
94834878.2687099576 3782855.1757812500
95565606.4074729383 3792590.8242187500
90883520.0967119336 3660733.3359375000
98243380.5741569698 3806226.2968750000
89140756.2097888440 3507162.1210937500
91614275.0198635161 3696059.7500000000
89815663.2108239979 3585253.3867187500
91736530.3490841389 3701669.9921875000
92227383.6437359899 3719143.1484375000
92285882.1421550810 3721580.5312500000
89275536.9182696193 3525267.0820312500
96148282.6165313870 3799741.6250000000
98989466.6867244840 3808928.9570312500
99301361.7589560449 3809924.9531250000
95413118.7967180461 3791128.5000000000
89127537.7579540461 3500845.4882812500
98560307.6430646479 3808078.2656250000
99157932.6120383888 3809295.8867187500
92588181.0701532066 3729418.1562500000
98389286.7597867548 3807674.4570312500
95484529.1686775982 3792399.9140625000
95949405.0112672001 3798027.7812500000
95416679.3581825197 3791490.1289062500
98474120.4619227648 3807727.0156250000
95280576.2106221467 3788475.3828125000
92795235.8513331562 3736003.3945312500
98159283.3786062747 3806013.1914062500
98293408.0420046896 3806960.7929687500
99398763.2568733394 3810216.6484375000
92543715.9315982908 3727928.7460937500
98643092.1279166490 3808500.1835937500
92590364.2510993332 3730352.6718750000
98950128.0408031046 3808774.6640625000
93240527.0177343190 3750280.2031250000
93438488.6381701976 3754046.3476562500
98244109.7213369310 3806633.6015625000
98378114.1571272761 3807245.6328125000
93638624.8887438625 3760099.2460937500
97394285.4803127944 3804082.5000000000
97353886.0425709486 3803924.6484375000
99444173.7838121206 3810520.9062500000
97861356.9291040003 3805874.1523437500
93454723.5425318033 3756746.1835937500
93610927.0039743036 3759459.1757812500
98088224.6714440584 3805934.1328125000
97308475.5156321526 3803848.8789062500
93391797.3479638398 3753061.0000000000
93663941.6000264883 3761631.9140625000
93613863.9197542369 3759589.2539062500
93720348.7512703091 3762335.9882812500
93356342.0058700293 3753050.0937500000
94819406.7036283612 3782348.0703125000
92910787.5797748715 3740025.6679687500
92849817.9417342842 3738836.3515625000
93828332.3365970701 3762910.1250000000
93799985.6967968047 3762891.9296875000
93834448.5740166456 3764087.1093750000
97477189.0299241990 3804106.2070312500
99020062.9864612073 3809177.0859375000
94345317.7321200669 3773711.5820312500
99048502.1064051837 3809248.0039062500
94410757.4538240582 3775226.1953125000
94073463.9383746833 3768791.5468750000
94443448.7477448285 3775233.6015625000
94186801.1225885153 3770501.9570312500
94667405.0789803416 3779957.8398437500
94160849.8057044446 3770043.8320312500
94063074.5308530480 3767801.3867187500
94543988.6264100224 3777369.7109375000
