128701354.1259557158 24430.1626869440
129164420.1203580946 24650.0955177546
122814208.4349298328 19067.0453281386
122368285.1536727697 18463.0666713102
122706301.4840863496 18986.2114009245
119320916.7599897832 14426.0666466848
126387114.7424513251 22614.8358201338
126710499.5008014590 23032.3284997882
126687757.6363916844 22854.1340570392
130870726.6298027188 25806.2925853729
130402170.2426677197 25453.2759215832
127944562.2444719374 23825.9427284352
127769126.0411510170 23788.6453460805
124739552.4096357077 21038.5258769393
118114874.7072967589 12243.2034962372
128316399.7147217393 24201.5163684057
124453383.4110373706 20966.2552599311
119508862.3468259871 14744.9559520975
118575286.7953103334 13030.7377318040
122459204.9740761220 18669.7404888393
122195964.5650330335 18333.0399502040
122372503.3020334691 18641.2611140592
121709208.1756886393 17748.5817741014
121758932.7738936543 17749.1127351419
121351832.5978675336 17377.6597322122
121356984.4774200469 17398.9596530095
130965005.2435839623 25842.0099220276
130433188.7736276537 25609.7628612518
133474251.3216321021 26796.2283935547
133982050.5996029526 26951.7960510254
131771798.0054077953 26295.9230804443
132396048.9728574306 26539.7955474854
131955627.2507329136 26397.7718048096
119193838.4228584766 14309.0450329081
119261139.2363456488 14373.5029491679
119148941.5407664478 14070.2371250287
122678378.1000234038 18833.6934814751
129704257.4963772148 25191.2860369347
129972928.1728116274 25233.5094940662
130238187.0494200438 25422.1013296843
123494047.8148841113 19884.4010658786
120742253.3125089854 16519.1981202244
120994467.6172541827 16849.9678059696
121022973.0711001307 16964.7085419773
120601951.8256914467 16476.3532987133
120997039.3608935028 16907.1777254239
120791303.1820742935 16839.8804474949
120580282.5912344605 16469.6454907536
121212104.7615565509 17211.3334504246
130121014.0756264180 25278.7536272667
130022061.6255542636 25256.6314384937
129425479.5118693560 24863.7715754174
129961844.3615971953 25229.5384311676
129311690.9227624387 24841.7416071557
119808715.0160119087 15083.8762228981
120173011.1335176975 15633.1065390602
125353888.3517974466 21713.8047844768
125332619.6573967487 21700.2294022441
127471922.4493076354 23490.3851022662
125969315.0260355920 22218.5837714672
126344100.2026763111 22590.0367743969
126212454.7365525961 22406.9481890202
118853520.9585617632 13660.8520243362
121188866.5522182137 17186.2858585103
125125330.9802745432 21548.1945658773
124873449.3383223563 21302.5404215902
124791395.8963437229 21292.1578578204
125841965.5754599124 22183.1620641351
121508003.9430973679 17582.9482542397
121248898.7945475429 17211.4952513100
125816478.8790412694 22084.0374616981
120053292.8822281659 15442.7854698896
123642609.9152932912 20093.9124817252
123381374.8263324350 19847.7957234383
126280678.7822255343 22511.9205325784
126131478.6469057947 22395.5397507548
127699495.8771606088 23678.4251617543
127318628.6289909780 23454.4897255055
117988806.6615155190 11848.1959736542
127083585.9088995308 23194.4539766253
119984910.8418744951 15436.1798475877
128218084.7691850811 24007.7504476659
119660569.8346813172 14976.5345211521
118963902.7801541388 14002.0499462382
128443537.6888384074 24258.6624008417
129462709.8721220046 24923.2843796015
130929555.2760123909 25825.6602497101
131155843.2073872536 25981.2818260193
118275906.7716344446 12618.9645962612
120547788.4194101542 16190.3596705691
128994024.3340315670 24592.9018778950
117310618.4323233664 9726.0620101164
117317279.1422213912 9732.4997676085
127596205.9065163583 23602.1763806285
131120222.7781185210 25950.7385597229
124138662.7847337276 20629.1518849730
132263086.6072007269 26471.3559417725
133209522.2546917498 26764.5249176025
132903519.4325662106 26760.3367919922
131422114.3009779602 26091.8670997620
131538191.0089349598 26191.7480888367
131714136.2713921219 26288.3638114929
123910730.4411306232 20339.1183729155
129087402.2422462255 24649.3809324251
120249636.0447571427 15796.6522753119
130632768.6198212653 25677.9030857086
125582588.8668248504 21846.6451579183
121378189.3141536266 17494.5148841039
121077901.2579507083 17010.3780680791
128019666.7663414031 23838.7155956030
128304151.3464968354 24104.4986967994
117927624.2918836921 11775.7639534668
117893723.0413758606 11775.6682827667
126005510.1900430769 22333.3133163394
117517446.6762785316 10473.1169813047
129552285.4758527130 24978.1075740010
122681572.9249231964 18837.8622798903
121636519.0229744464 17650.1030925649
119470000.3134806603 14661.4634636537
122614757.2313986123 18783.6210125209
122336202.4837551415 18428.5487011196
117401328.9312120080 10097.5150130461
120097084.5065126121 15630.6836565629
128077791.0270401686 23937.3977397680
118762842.6142336279 13443.1315308706
117369372.2940190136 9763.3675093129
117243850.7382937968 8540.5834764391
131308396.7805416435 25991.8523559570
121594911.0463711470 17617.6394209862
117565420.8262690902 10501.1462297142
121895534.7313801199 18004.1888340236
122377752.2311756462 18641.2614086391
121799638.0560189039 17896.6381824733
120458219.8934370428 16134.3618553861
118905086.1517442465 13821.7583496318
130754775.7547831386 25702.6635723114
133813717.7470750064 26900.5520935059
122187235.6414656937 18318.6202086194
122896355.7579705268 19176.0394248664
128247665.2740026414 24103.7191882299
118786723.1546831280 13630.5969433085
117661737.7807413638 10809.4859047006
117513495.4564227462 10463.5211508940
124273834.7149651796 20681.0938696265
122959995.4033542722 19438.4983310683
119792603.9819948971 15077.4144373433
119728456.4026636183 15032.0095205799
119429085.2251563668 14655.8233126298
119163208.3431038857 14284.3703097001
119608200.5682190359 14787.6990908281
119377438.0379616916 14603.1845339433
127958946.9672413170 23828.6111584902
118002966.5542129725 11859.6347744659
118612844.6519812196 13291.5844269887
118651360.4685377926 13292.8042274610
132384046.6471180320 26509.5958099365
125418184.4770837575 21787.1153721213
125601129.8941533417 21931.5059666038
125280891.7724627703 21663.0669718832
126135359.0751629025 22400.4785543622
128186944.8467795402 23991.1546379328
128541589.4756896347 24325.3102585077
122031150.6763166934 18269.8084057094
128948846.0192172676 24592.8180214167
117616616.2509991229 10797.5759566496
117490871.2586818337 10426.1229537199
117735441.8918205649 11090.3443100075
121820330.1644560993 17947.1672056897
128053571.2116009295 23880.6390732154
126222858.9637466818 22408.9345129132
126260319.4709091336 22409.0249242187
126586364.6716464311 22778.1518258990
124747688.8174768537 21107.4432316422
131021983.9027275741 25927.5089740753
130423346.3982687742 25549.9814879894
125667320.0775284916 22034.3850228190
131318413.4845588207 26017.5026187897
131054759.8137065619 25943.9184818268
130856876.8269666582 25725.5719852448
126303507.0582768172 22575.2937668562
117391429.6429426670 9794.7172881737
122165183.3802582771 18295.4376301169
127534979.5109632909 23529.3424923047
119079840.8855864406 14027.7847522841
120061268.4694402665 15443.1638544694
120001398.9193500727 15441.9458082811
119829779.4343747497 15259.2306536332
119619763.9749104232 14951.2252390877
133628725.3832414746 26885.1648864746
127187127.4259479493 23350.3020710887
126883224.2039608508 23106.0871778668
124215072.7103562504 20633.6668300033
125351266.3758867234 21709.5739669204
125483293.5802825838 21823.4640088677
125361610.0513832122 21737.5077971816
118733067.5516934544 13375.4854932324
122542060.3268710822 18721.0001392348
122842118.9358649403 19067.2361200452
120478611.7838779539 16166.0510977403
126601598.0995356888 22780.2760762326
120942403.6910318583 16840.0422483803
129034269.3125858158 24606.5707145929
117270085.5031814873 8711.7463487536
120095332.5450177044 15612.8376256108
129973914.2622483820 25240.1152421236
119842069.6059326380 15261.6535361306
118581742.0041344017 13056.6822859094
117691601.3175971210 11006.1776604950
117780579.2162638009 11376.9870797098
129176409.3032433242 24801.6156898737
120353522.4280944020 16096.9744416355
120447177.5179490298 16133.9820318835
132891534.5720157027 26690.9407806396
125702593.7250306457 22037.5719212890
118078103.5485284775 12193.8594601349
124653202.2297731489 21000.8618292809
118082732.8414530009 12230.4749043182
118483285.3089476228 12976.7459500030
125664211.8018807620 21957.5904651880
118315752.1114689559 12659.6391842560
125795300.6328322142 22053.9477694035
118772927.6346653402 13598.9597656474
127219271.9733614773 23403.7815027179
126840328.5335695446 23076.1239294948
126790911.5955999345 23069.6258821429
127459083.1978199035 23477.5401807965
117744932.7704826295 11102.9314925522
117843463.1809506714 11474.6643538624
124932016.2384227663 21326.2447444052
125071439.1902422160 21474.8868337274
125027379.0823215991 21452.0110059381
119502932.6796690077 14699.8805962697
122000158.2710102946 18050.0086624622
123501509.4514759332 19918.7548638284
122882828.6800748259 19137.7966672778
120061897.1910246760 15449.1207181095
132394514.6711867899 26529.8840026855
123153645.6742695123 19548.8077793105
123680525.8704944998 20181.4043369277
123473469.2742440253 19874.5788159370
123242240.9052122980 19809.9513339980
129614970.8294012398 25055.6061023040
129886514.1802246422 25197.7102910080
129889994.2689080089 25197.7559130950
130194370.8414197117 25343.7474651337
128890225.8614924848 24535.6719889806
125255216.2005467266 21623.4348446131
129437053.9469124824 24866.8841670317
120297369.8719491512 15952.3056022421
123540190.4768761545 20074.9329633696
123887968.0491253883 20280.2650347278
132774785.7382798046 26652.8807373047
118682938.3551512212 13333.9360153422
123984629.2177892178 20508.9969587310
127717942.0964229852 23689.2036799542
130126767.7513328046 25316.5938854218
127168089.0421365052 23292.3499078692
121532434.2841364890 17599.0923130037
132222769.7227705270 26417.1676788330
131807764.5658719689 26326.7362823486
118173814.6271899045 12552.0370422200
118218981.0238864273 12605.2929470734
118558559.1254689842 13025.6674192742
118484936.3243539780 12992.5684558199
130853709.4343272299 25708.2850112915
120353072.0613033772 16023.4694816367
121965868.9905074984 18048.2025707485
122259435.2542537302 18400.0696209194
117470506.6335330606 10128.7720939294
121153705.8062884957 17054.2930565373
117281392.2913988233 9070.8993413150
117307628.0457366109 9076.3558575809
117698242.2906946242 11077.8543472514
126639171.8161629438 22803.2814639749
126459938.5123728365 22729.6973270120
122671651.3644556254 18795.5821549417
118425898.2745959312 12951.4366679386
131418177.8473446220 26061.4868736267
131000929.6731519252 25844.3121871948
126983534.9831940383 23118.9320993365
119128747.3674118370 14049.3627091543
127666583.8157464266 23603.5057606639
127686945.8835843503 23640.8031430186
118036317.8211099058 11932.0778495818
124326549.7619347125 20700.5727057457
124191518.8247135133 20629.4088263512
123828522.7288296968 20258.2233173549
123595261.8044687957 20088.2217132151
134312123.9550324082 26958.7213134766
128894844.7220035046 24551.8313766718
132787174.1788955927 26662.3379516602
129396604.5072932094 24844.8983198153
132480689.7682360560 26624.3096160889
124997752.5378336161 21380.9754834771
128728120.5545512587 24467.4600692987
123651467.3794189841 20166.1824533923
120182296.5907579809 15762.9099846958
131664424.3384667784 26216.4268341064
124749610.8632756621 21126.9944105744
124663616.8284992278 21017.4666548371
