139972545.3694076836 624383.4938378334
139949727.5155317485 621819.2679214478
139992369.9247572720 627238.7447280884
139696855.2960669696 585638.0338193178
139793020.8156226575 599079.2243652344
139878650.3747413754 610194.6152057648
139808666.7358933389 608189.1640396118
139797306.8347447813 600197.3327636719
139890531.4910746813 618328.8397216797
139922928.6158024967 619666.4989776611
139962834.1167185605 623093.3028564453
139879370.5346490145 613058.6708984375
139937038.5067909062 621751.8397216797
142871942.0100035667 851153.0599365234
142701064.4472993612 839859.4332275391
142918525.4256594777 852546.8225097656
143285920.6144478917 871882.0463867188
142975528.1397922933 856299.7023925781
141979994.4477624595 787661.0875854492
142006048.6231099367 788192.2194213867
145440235.9946192205 964660.3010253906
147962160.9582940936 1025111.6875000000
145362326.1957523823 962946.2360839844
145822029.1533883810 980937.9650878906
143363903.4711528122 874837.1357421875
143524644.3789852560 883696.3801269531
143414385.3139856458 877551.4709472656
142850239.2668552697 849563.5631103516
143237363.1466963589 868972.0441894531
143125174.8110800087 864034.7823486328
143241388.5708878040 870178.2124023438
143057277.7423489690 862207.7281494141
143052534.4386258721 860479.3059082031
143128559.4507926702 864927.1328125000
143104147.4664607644 863251.3750000000
142759950.1696807742 842580.8928222656
142627786.3074147999 835383.8527832031
142871847.8822194636 849809.2489013672
142813126.2374660969 846746.5495605469
143214977.8074940443 868306.3876953125
143308884.7037376463 874105.0756835938
143406829.4449888170 876864.8579101562
143184325.0014472902 867415.6440429688
143001574.5235885084 859803.6334228516
142815714.8111164868 848510.0067138672
143035515.8052897453 860010.5427246094
142978384.0177820325 858754.5583496094
142876088.6326785982 851241.9785156250
141959302.6967436075 785106.0047302246
141933375.9349397123 784592.0486755371
141570076.9789572060 758672.4224243164
141461179.7581461966 752606.8565063477
141925887.3542533815 784549.4850463867
141907729.3572328985 784403.1276245117
142006092.6626316607 790759.4685974121
141882013.7125809491 784290.8737182617
141727569.8910676837 770489.6330566406
142041172.2237923145 792994.1185913086
141714726.4435154498 769514.3915405273
141851974.3192024827 781700.4918823242
141789317.4190273583 775537.2936401367
141545099.9641014636 757732.5029907227
141806159.3438730240 776173.4731445312
141822837.1927795708 777803.1520385742
141664817.1006748378 767946.6868286133
141751176.0232323408 771214.6262817383
141631770.0080525875 764353.9436645508
141565497.9208587408 758032.5905761719
141563426.8227012753 757843.7904663086
141422804.9647513032 748727.4067993164
141439084.7168022990 750091.5747680664
141345010.5525738895 744570.6558227539
146366162.6995498538 997809.3334960938
146135177.1184311509 992399.2255859375
146240064.3622973859 993842.4453125000
141275970.7695541680 737749.3117980957
141189183.9085594714 731192.5010070801
142564885.5618209243 830862.3561401367
142681398.2440240085 837118.2761840820
142692159.5047469139 837542.3145141602
140523540.9588689804 675134.1688642502
141300793.7479335964 741022.4004211426
141207585.9476352036 732398.5129699707
141228866.4068174660 735074.7392883301
141255325.3307206929 736921.5188293457
141139386.6835359037 730866.6389465332
141241269.5028181076 736193.9374084473
141079805.3556009531 722893.7948303223
141123665.5086548924 725178.3822326660
141222228.3102425039 733309.6810607910
141069202.4516884685 718359.7291564941
148990854.6672873497 1032806.5380859375
148692459.3450228572 1031592.0449218750
149064092.0225341916 1033449.2148437500
149222292.0730246902 1034442.0683593750
148445552.4010006487 1029301.4697265625
148428351.5270329714 1028500.9648437500
149683399.8065159917 1036949.7490234375
149862213.5032443106 1037142.2900390625
149748945.3110307455 1037005.9062500000
149155229.6894077063 1033467.0634765625
149237702.5346053243 1034530.6220703125
149425959.2426928580 1035894.2763671875
148916317.4016489089 1032234.7216796875
148912486.9213100374 1032206.9218750000
148430839.0753791332 1028540.7968750000
148802719.6089816689 1031928.4960937500
148674682.0377189517 1031218.3125000000
148977160.0291667581 1032758.9951171875
148467798.1221494079 1030317.5605468750
148456707.5083864629 1029470.3964843750
148333051.4166037440 1028440.4208984375
148206897.3914781809 1028316.7666015625
148035541.0831408203 1027046.8105468750
147799484.1011327803 1023675.2900390625
147995053.9254909158 1025970.1718750000
141570986.0152260959 759629.2868347168
141414829.0477888584 747809.2825775146
141290859.0813932419 740317.1061859131
142584057.9827831089 831159.6416015625
142462834.6538386643 824555.6003417969
142600458.7633771896 831282.5618896484
140925770.1402587593 711134.7610626221
140953306.0344657302 713098.7028961182
144695889.1506074071 937576.6352539062
144601933.8783571422 930492.4628906250
144711246.3707001805 938259.8598632812
144522546.3630741537 930129.9902343750
144636422.1944731176 935678.0463867188
145141325.5871884227 955552.5961914062
145111148.2860215008 953460.1889648438
144771749.2321854532 940321.1257324219
144690125.9286819696 936580.2830810547
145285317.0098246038 962713.3007812500
145235817.3049229980 960321.7392578125
145416402.0498269796 963650.6860351562
145449945.3052692711 967730.7966308594
145212263.5759571195 958663.6140136719
145123752.6109855473 954281.3723144531
144840513.8292580545 941231.3593750000
144992516.9662105441 950002.5283203125
144988525.4682935178 948781.6396484375
145072147.8060659170 953215.7827148438
144910266.5648621023 947422.7265625000
145039958.9239098728 952000.7846679688
144859666.9838904142 943898.7336425781
142558888.2669318914 830027.7145385742
142619056.5087923706 834806.8557739258
142285641.1064644754 813631.6051635742
142514852.3266068101 828232.5802612305
142425329.2493832409 823812.2379760742
142347112.8188129365 817932.5021362305
146473645.1382104158 1000134.3847656250
146618466.9698226750 1002473.9560546875
140398945.0457215309 668910.1988039017
144455447.9745523930 926367.2661132812
144359724.8901581466 919990.5048828125
144389965.3215504289 922808.4648437500
144156700.9347652793 914146.7216796875
144415431.9308677018 924470.6528320312
143878570.5756670237 901274.5405273438
143721202.2194147110 895218.7348632812
143886337.7761108279 901911.5791015625
144231417.9164803624 916424.5507812500
144082784.6740418375 909318.2746582031
143989481.9168609083 905961.6491699219
144130267.6110213995 911329.4191894531
143916745.3697122633 903233.9450683594
143941993.6502996087 905556.9450683594
143497765.7705306709 883509.0402832031
143608419.3085649014 886439.0895996094
143757824.1762237549 895722.3012695312
143625254.9280485511 887853.8974609375
143593416.0138423741 886271.8750000000
143581461.5199296772 885328.0156250000
143454222.6878524125 880209.0213623047
143487453.3805987835 881922.5146484375
148555452.2040643990 1030551.3867187500
144509551.3613398969 926813.3305664062
146857326.9979802072 1008667.8452148438
146319231.4796778858 995561.8652343750
140176824.8237163126 648597.2310724258
140131010.1263231635 643419.8492364883
140161899.2460097373 646422.2262563705
140555824.7497335374 683616.1088203192
140604265.1454942226 686932.9403109550
140723523.4075272381 693474.0710787773
140661449.6586076617 691153.6380577087
140246649.4658751786 657156.5744619370
140587578.1432567835 685846.8345980644
140454867.9881168902 675118.0674185753
139936876.1795344949 619891.6433839798
146922884.1498757005 1009994.2260742188
145398507.4355427623 963630.2111816406
147185815.2418532372 1014136.9560546875
146545763.7795943916 1001976.6757812500
146815330.8568356931 1007998.9750976562
146834789.0445148647 1008388.3139648438
146917569.0163478255 1009106.6381835938
146740917.0494011045 1007077.4223632812
147236850.4149563611 1015358.3779296875
146648779.8700354695 1004510.2460937500
147068368.8262171745 1010756.9345703125
147095865.9501088262 1010932.3041992188
147117355.8670137525 1013112.5429687500
146812267.5604495108 1007693.6391601562
146593942.2377009988 1002116.3398437500
145536697.6975476146 969140.4780273438
145533057.6588419378 968540.6103515625
145637002.5016654134 972085.4235839844
146274373.4695870578 994794.8925781250
145729989.2779365182 977528.8186035156
145771934.6050002277 978549.7907714844
146248906.5432851315 994534.2490234375
146364708.0585515201 996355.6416015625
146275283.9477265179 995263.9160156250
146101835.6291096210 990037.0913085938
145833140.5373300612 982176.0051269531
146228289.0386662781 993386.7460937500
145941598.3974834979 984229.5156250000
145984701.8738407493 988986.9560546875
145819373.7575050592 980116.4011230469
145818667.3470373750 979322.6057128906
145803299.7565717995 978879.1394042969
144486009.2873029113 926668.3356933594
144079883.9543809891 908360.9790039062
143650531.4257926941 890584.2578125000
147462351.0940101147 1018534.7412109375
147338250.1810007095 1017759.4326171875
147332338.2153578401 1017709.5185546875
147096406.9086794853 1011732.4462890625
147850699.9280132055 1024534.5634765625
147498276.7316850126 1018630.5141601562
147579690.2639581859 1020657.6967773438
147528608.9863000810 1018676.6000976562
147629339.4382234216 1021194.9921875000
147704497.5669503510 1021337.6630859375
147292486.7732175291 1015634.9916992188
147306919.6975661516 1015908.9946289062
150067740.8753979206 1038352.4423828125
149814036.9412730932 1037088.6855468750
149362769.9980494678 1034732.2226562500
149419179.1217669845 1035325.1621093750
143937865.7989978790 903736.3800659180
143858895.8573646247 900988.0277709961
143767217.2421579957 896545.1762084961
143714248.5347138941 893339.6781616211
142158630.2560191154 802127.2384033203
142285445.8747183383 811090.5079956055
142279782.4083722532 810404.7311401367
142506103.5684218705 826809.4152221680
142316019.3958303630 813713.1061401367
142078979.5810796618 794635.9913940430
142163590.5641043782 802533.1030883789
142222611.6231436133 807779.5078735352
142175203.9729142785 804310.4055786133
142123447.1735136211 801236.2239379883
142339993.5255185366 814201.3317260742
142344984.8285284340 815845.3571166992
144381828.3668436110 922231.2077636719
144332051.1771842837 918967.1218261719
144269913.3139257133 917511.5778808594
144345720.4813178182 919363.1162109375
140631533.5092383325 688954.3281440735
140928079.0883382559 712379.3183784485
140964411.5903320909 713620.0464248657
140925454.2514629066 710234.5332221985
140637528.3064286411 689403.6772651672
140814538.0976127684 704323.1706733704
140893230.7387082279 710207.2376251221
140772509.7917272449 699749.0368232727
140844528.3121435642 704778.5972442627
140739626.5562279522 698940.9065132141
140525643.2018826902 679011.4165544510
140653992.3300165832 689956.0419511795
140448521.1677319109 671223.8291749954
141070432.8891126215 721241.5664434433
140990004.0897451341 714212.0328464508
140883115.7368548512 706077.8753757477
144900951.5988548398 944893.5576171875
139744343.2697756588 588853.1300954819
139659773.7018560469 583408.5045013428
139610994.0475901365 565276.5233538151
139790667.4364892244 594492.0170583725
139769583.2104746401 594046.2738943100
139755730.6539337933 593573.7926931381
139984163.1592477858 626459.5506267548
140006356.0605711043 630836.1227655411
140067392.1269593239 635453.5781965256
139996124.0175608695 627624.2420054674
140025538.1479696631 630905.2532359362
140419910.2557569146 671029.1837539673
140369289.7195371091 663972.0218448639
140323003.1508885920 663971.2625675201
140283400.8506629169 659819.9403018951
140392355.6793440580 667499.8975343704
140308205.7135737836 661587.3497257233
140207660.6853103042 649725.4820499420
140232862.3540082276 652852.8111515045
140243967.9685302675 653002.4317569733
