114789795.0395326465 669112.9361572266
114823293.3845190108 670444.0942382812
111768701.1933586895 627360.2739397287
114659244.5285279602 668585.9247741699
103884107.1421390027 500909.7484274507
108457683.1035646647 581607.6032025218
105652534.5808921158 536140.7345624790
108068293.8713398576 575476.8584032655
110067273.6647428721 603210.8157979250
109946926.7091827393 601268.8730946779
101846549.4514369816 454362.6965729222
101649841.4988036901 447775.6207757443
101516078.3144741952 438787.8460910767
107430213.1868107170 566057.6347991824
107607130.2465277016 568523.1855804324
106683267.8198113590 552391.7253821176
104545602.0429306626 513539.6067057252
108727495.1202234477 583256.5873766541
108992069.0920325369 588474.3235231638
106767003.3463143259 552765.1572171729
101528496.6254998893 439458.5262668580
118329623.2773286104 708201.4248046875
117049934.1778173149 695506.4956054688
104081220.1321433485 507398.9566374421
101830716.7717883289 453912.4145989865
110482159.0536357909 610461.2670351267
112357900.7109599710 634496.6526524425
110569542.9093529582 611814.9162770510
110535641.7543212324 611688.1479970217
101485680.4722038954 434039.1266086549
118813289.9926894605 709750.0395507812
106384552.3643449396 549735.9117315412
106683267.8198114336 552576.6755774301
108066785.3203481138 574891.4890184999
107192547.0835616142 560711.4062520862
108353596.1741032898 580267.6086474061
117640881.1316521466 701486.0317382812
110580095.5483204871 612180.8117848635
104545602.0429306626 513811.7116861939
108765695.4160307199 584426.9684410095
108604067.6194333732 582246.6437339783
112243880.1517175436 633077.5072288513
106052152.8852359653 542352.8028448224
107690469.0088816583 568872.7544909120
117593287.4424886703 701354.9663085938
109972685.0751040131 602664.1798573732
111544241.4092660397 626315.1723267436
111157800.7948533744 618188.7811604738
106531052.6623514593 551424.0666082501
118340175.9162961543 708521.9482421875
105696636.8410866261 536672.4244362712
111056879.0127047151 616699.3861409426
114208497.1358430982 661752.9607849121
107954672.5737330168 573750.9192535281
111436624.2203037888 623803.1448895335
111886660.5912447572 628049.7508811951
102965833.9343252480 483428.0283058435
101647964.2174194157 440939.9598038420
104673183.1849359572 514142.2096074820
108210452.0285623074 577229.6514635682
107974229.3434918076 574368.6766100526
108550082.6803227514 581620.4717132449
107825055.9973764867 569579.8650866151
116837742.0528479964 694332.4736328125
105634155.4668472260 535595.0030495524
106079302.8752536327 542375.4214971662
105386373.2068922967 531098.6524636149
110279340.5527333021 605365.4090596437
119249909.9610207081 709775.6083984375
102776683.2196241766 478485.5214699060
107440765.8257782608 566423.5303069949
102554063.6926662326 475401.0927589685
110147085.7475569248 604247.1741076708
117445097.2958812863 700882.6152343750
124895806.3618754148 714895.9648437500
101433421.6262013167 432654.4186008424
109757992.6804469526 597046.7456233501
105605866.5965615958 533706.8006718606
111250743.4739577174 619119.6155263186
105989671.5109965205 542009.5259893537
117485598.0658041686 700885.5429687500
103902902.0272963792 503040.5377741307
116891420.2317367792 695058.2319335938
103364011.0483917296 495213.2179499120
110157776.5173123628 604895.3502675295
102554063.6926662326 475598.7451027185
107143402.3330556154 560681.5151702762
107291592.4796629995 561906.8237640262
106814879.1806753874 554070.1177189946
107125142.8148697317 559880.7944768071
109445602.6632283628 594475.9370296001
111403660.7531789988 621822.3913249969
109445602.6632283628 594419.3808772564
106825431.8196429461 554525.0308049321
106081507.1546748430 543234.5104559064
104455814.7770207673 511975.4100378975
104837998.0956309438 520560.0887556896
102172327.0383910388 465867.4059235081
106814879.1806753874 554504.6748479009
106268118.2401528060 544829.9528241977
109895573.4584383518 601029.2926204205
102019002.8770334721 460576.1124664769
103848474.1815203726 499650.1033249497
106081507.1546748430 543487.5304754376
101737506.5231492221 448692.7961907834
118221882.1863621771 707832.4829101562
101992537.8262042403 460491.2862946019
119559834.7132441401 710556.6132812500
107011289.3105853051 558495.2698572278
101288585.0847057402 409902.3794628903
102137778.2358205616 462292.3338197991
106112087.2493205220 543695.0970761180
120210677.1145296842 710587.0683593750
101479932.7705255300 433686.4825005978
113716234.4780635983 654192.3884153366
105040571.4673216194 523484.8956276774
118037495.3517675996 706780.7915039062
101795829.8735709786 453904.2104974240
102308745.9348955750 469166.1819643304
116132297.2707643509 685637.2960357666
101877025.3416537493 454730.1395459026
101773654.6711255312 452101.1513520703
102453394.8445785493 470099.3609465063
118331546.0236492157 708249.9995117188
101471028.5912580639 433247.6999423951
102067754.9325471520 461669.8553041741
103339301.7552109957 490747.9422751069
124335715.4608456790 714142.5749511719
123779221.9023778588 713954.4438476562
102612911.2740911096 476953.5772979781
105426861.3902594745 531298.3848854899
102032868.0343298763 461661.6512026116
119320231.4114148617 710155.3740234375
118490456.6670275480 708524.4765625000
101572314.0328477472 440088.9284275025
102279776.7830104232 469148.1524932906
107050317.9043855220 558838.5467126966
101358587.8972217143 425367.7199466676
118696715.9758929312 709382.4638671875
101572314.0328477472 440759.6086032838
101889258.2775476426 459280.3301263303
103889540.0757820010 501420.7992087007
118232434.8253297210 708153.0063476562
104057832.6044912487 505887.1097250581
115208462.0640800148 676938.5847167969
110107991.3890389651 603583.7332140207
101447455.0277857333 433209.9012363404
107240726.2076767385 561613.9759124517
103251848.2927156687 489154.4100221917
102695130.4728752822 477099.2982057855
103194325.3416753560 486136.4891237542
107574256.2048097700 567214.7183440924
103304414.8569937348 490737.1175680757
101372531.2398745865 425495.3710926026
115962879.5574557483 684221.1550292969
102031438.8514276147 461647.7556947991
110055117.9428173006 603006.9575960636
105730631.5927268118 537308.3360697255
107921405.0705070049 571013.0486513972
105448709.3383591324 531932.2164408192
106183619.3662690818 544224.5150448680
102488535.1470823735 474542.3015932366
105143520.2684621811 524707.5848621726
103039616.9062334448 485484.8939089105
102902596.4836168140 482571.9573549554
109866651.5568739325 599653.7768230438
105838158.0414148420 538751.8558956981
109151911.5100608319 590155.3626312017
109811645.1239071339 598284.3836094737
106316783.4380901158 546820.0327469707
110181481.8302317411 605141.2381178737
105827605.4024472535 538141.9291378856
106306230.7991225719 545938.0010086894
110950381.9323857725 615750.0205411911
109183540.3643794209 590251.1756194830
110866809.5438032746 613508.2426738739
110345135.2636665553 606165.7321758270
104758004.7401337624 516966.6590859294
124271965.1932620704 714073.9494628906
103620972.9516239315 497972.0453758463
109654999.9337902516 596497.8891906738
110232994.9807105064 605274.1315288544
105093726.8991788328 523757.0006081462
109151911.5100608617 590174.4475921392
123785220.6597048938 713968.7004394531
108872558.9327469468 584575.4931961894
108628293.1083049327 582320.0703446269
113494607.0035618991 652443.7239928246
113586198.0762676448 652862.2733092308
106183619.3662691116 544496.6200253367
106634567.9643896073 552196.1523758769
102874919.6850620508 482475.4178346917
112940776.2408120632 644643.1434264183
104956667.8424464464 522126.2385340557
104888512.8972372413 521335.0399949998
112957349.1524202526 644768.2537779808
104956667.8424464464 521873.2185145244
124362474.5805734992 714682.6787109375
119464919.5358167440 710185.6030273438
124524845.4069969356 714862.7272949219
102709759.3862514645 477551.7776674554
102477241.9336319864 470099.4710225686
107400039.2753217071 561944.6213409305
112366854.2326425165 636961.8256468773
117536444.6435978711 701340.3222656250
110803938.1139503270 612835.0114874840
104820755.9669243544 518685.5382977352
103718476.1935281754 498766.7733297944
102712225.2656931579 477875.9966886938
113442012.5810173303 651451.6887993813
113597646.0637526810 653530.9188809395
114063912.5357699990 659932.7507290840
114032831.3094395548 659613.2378563881
113934656.1049729884 658309.9434127808
115053690.3083232343 672165.2296109200
103126286.6022276133 485633.5474699438
105129365.4611836374 524028.2739738822
116152419.3795798421 687548.9476928711
116141866.7406122983 687224.4086303711
102403623.5001963824 470027.6270597875
115671660.5630491674 681421.6890563965
116425488.7100680470 689777.8647460938
111354371.8226279318 621356.0863180161
105335735.2343879491 528934.2013706565
111343819.1836603880 620925.6673727036
113821693.5267577171 657885.2638473511
105078514.8692571819 523709.4222868085
104349132.1826436222 511535.5361958370
117914244.6241196841 705917.5405273438
114315462.4386278689 663065.7150726318
105193082.8568666875 527025.8406449184
104045275.5443034619 503905.5542984828
114393179.8811120093 665145.5538921878
117869876.5234367698 705770.4492187500
104715279.6531572789 515999.9006212354
104688086.9433699995 515791.8366448283
114276520.9099313319 662470.9834785461
104311513.7404848784 508609.6413323283
111784385.0016288757 627852.5609331653
111774268.2225035876 627851.0086870715
114727951.7471023351 668974.7070007324
115128794.0003737211 675356.7328987122
115735074.7826550901 683210.1401367188
115637267.3714047968 681277.1342658997
117220548.8357826918 699133.7348632812
117231101.4747502357 699453.1459960938
115724522.1436875612 682885.6010742188
104258821.3018986136 507685.9411370158
117793298.4167211354 705250.6093750000
115174903.4191674739 675567.0595588684
111986061.0223940760 630942.0495669246
114578344.6739399135 667481.1480293274
116613748.2248439193 692279.7167968750
116632467.2813183367 692775.3823242188
112500680.0154970735 637719.3313116431
112594811.1964094639 639059.6044458747
116621914.6423507929 692584.2270507812
112908975.7778485417 644431.4164575934
117952606.6236007214 706076.7954101562
113349487.4457049519 650890.7320093513
112975446.7225385606 645126.3692163825
117306393.8911716938 699890.8962402344
112532548.8332214504 638342.1220239997
113132111.8498759419 646671.1889216304
113769551.9153177291 655737.0115394592
116594281.9443035573 691061.2583923340
109764276.6869200170 597602.3374199867
116604834.5832711011 691380.6695251465
112639841.3326776028 639902.9993496537
109971164.6628285944 601472.7410125732
113246105.8859557509 647510.0913754106
117181328.6869768053 697628.7224121094
117194898.3122777045 698008.0437011719
112097452.3382496983 632701.5142230988
112128330.5614420027 632804.1761614680
112691172.3349362761 641188.3525550365
123482105.5668374598 713571.9953613281
113716291.5494583249 654341.0205580592
111061373.3786434382 616890.5112746954
111036170.9199520051 616353.4660072327
110885560.3584480137 613729.0960466266
121760879.0074078441 712855.7460937500
117806284.0743275583 705531.0952148438
117292986.9211457968 699660.6857910156
121439190.6031281203 712824.6254882812
121439190.6031281054 712639.3056640625
121340435.0329673737 712448.3115234375
121174135.1774276942 712381.1975097656
120638839.4857507199 711167.4855957031
121346312.0084516108 712460.6872558594
120819443.7060525119 712072.0480957031
120436268.7328330129 711148.3479003906
123778995.4187810719 713634.3474121094
120788197.7359214872 711224.4494628906
116023281.6804027706 685222.2018432617
115553848.7285352647 679403.3908691406
115515612.4444265366 678788.6207885742
123071434.4769790769 712986.6433105469
123400335.9989473522 713244.7492675781
123158330.7843534350 713161.1613769531
