101660643.1082844436 1958169.5566406250
102213980.5877136588 1963798.0039062500
99101660.7057411820 1771763.2832031250
99025650.9003873616 1757616.4746093750
98573106.6307055503 1669918.7070312500
98729990.0703005642 1702920.1796875000
98335769.5455161482 1576796.6015625000
98497581.4927721322 1648232.8203125000
98821296.9241846800 1721772.9062500000
98890261.3526821285 1728721.0546875000
100052825.2386356294 1878666.9921875000
99052897.5421493649 1764963.3476562500
98406077.2756280303 1609926.1835937500
115152246.5499671102 1998263.5273437500
98355568.9656347483 1590215.8300781250
98469226.8589858413 1636308.3476562500
98851303.4246201813 1723217.7089843750
98423186.1510004848 1618969.5917968750
98437247.3999292850 1626516.9726562500
98999153.3795041293 1754956.9824218750
98830561.0278235376 1722130.5019531250
99356722.7656675875 1808407.7265625000
98339442.5585961789 1580037.7109375000
98492523.9518135935 1645923.9375000000
98756588.6930128485 1708635.9824218750
98752712.0083362460 1705880.5898437500
98761646.2339713573 1711497.8105468750
98482998.3075388670 1642451.5351562500
98725124.2973475307 1702208.2812500000
98423895.9573055655 1625429.3515625000
98532360.9015861452 1658117.9140625000
98770910.3376102149 1711855.4062500000
98804869.1661529392 1717513.0117187500
99027205.6804787517 1760345.8574218750
99244110.3110899776 1790661.2753906250
98918049.1263351440 1737006.9218750000
99160746.4491157085 1782913.5390625000
98453814.9894280285 1632879.7539062500
98451018.8484823108 1632660.1601562500
98437667.4058585912 1631572.5390625000
98730181.8383060396 1705070.1093750000
98842039.3209813237 1722860.1132812500
98739445.9419448972 1705427.7050781250
100137753.3408358395 1886859.5917968750
98409834.7083767653 1617881.9707031250
99275949.4127025008 1795924.6015625000
98289976.7949858606 1558192.6113281250
100990911.6284746826 1936748.8417968750
99252290.1628992707 1791547.5800781250
99199389.2722932994 1786706.0546875000
99275436.0545631796 1794025.0996093750
98897306.7295385152 1735919.7148437500
100080182.0144977570 1881296.1972656250
115421350.7783843428 1998962.4375000000
109341492.9222662896 1990700.5839843750
98390806.4144870490 1607951.7929687500
98981367.6170307845 1743460.0917968750
98930917.6574767232 1738323.7597656250
98287180.6540401280 1557973.0175781250
98569535.0738905668 1665401.2304687500
98319160.1130966991 1566775.4609375000
98279450.2027669847 1556885.3964843750
99351617.8774161637 1806702.4511718750
115169919.7496398538 1998873.3750000000
100215802.9298434556 1892678.5507812500
101909249.8636428416 1961167.1992187500
98704489.9766354263 1700452.6191406250
99813472.4843142778 1856975.4257812500
101790497.9460659772 1959718.5449218750
99100473.9442093819 1766143.6113281250
100995435.1498085558 1936748.9667968750
99414609.2647162527 1814049.3242187500
98388010.2735413164 1607732.1992187500
98795605.0625140816 1717155.4160156250
115072383.7006206810 1997758.5039062500
98314229.6115810424 1566217.5449218750
98374658.8309176117 1606644.5781250000
98321960.0628541857 1567305.1660156250
98437270.9372135103 1626879.4414062500
98583306.5224435925 1671544.4179687500
98890802.4845731556 1729660.0488281250
98597628.1670409888 1674763.8417968750
98296547.6744216383 1560984.9121093750
100108517.4674870819 1882048.1914062500
98966271.1580359638 1742867.8632812500
98423499.4886604846 1623115.6445312500
98588364.0634021163 1674406.2460937500
98356278.7719398588 1597254.8730468750
98342217.5230110437 1589128.2089843750
101598680.4278800935 1952371.6718750000
98324756.2037999183 1567524.7597656250
98639841.9010619670 1685418.3007812500
98640970.0500407219 1686578.7363281250
101542768.7311955988 1951064.9492187500
98975535.2616748065 1743225.4589843750
98816347.4593107104 1718242.6230468750
99927368.5793816298 1869416.8691406250
98522835.2573114932 1654645.5117187500
99344127.3399261534 1806453.4257812500
99998568.8872827590 1876989.9199218750
111108455.5983506739 1995743.2539062500
98546132.3501391709 1664261.1015625000
98490855.7982549220 1644854.1367187500
98864569.4910115302 1724103.5644531250
98927313.2299740016 1737364.5175781250
98527303.3606276214 1655256.0859375000
100946528.2291270941 1936039.3476562500
98409438.2397316694 1615976.7265625000
99128907.3475031853 1779110.1562500000
99876463.8716143668 1864322.2988281250
114558619.1560269594 1997379.2734375000
99899427.0043648928 1865095.7558593750
99926441.0348819196 1867032.9140625000
98541074.8091806471 1661399.2734375000
98555396.4537780434 1664618.6972656250
99523532.4971504211 1828487.5761718750
99173628.3862998635 1783065.3769531250
99281135.9526260644 1799106.5527343750
99519453.6385070980 1825935.5917968750
98613995.7694743574 1680921.1308593750
100214774.5782823861 1892078.4335937500
100777582.8822275102 1932089.6425781250
99258994.1991154850 1793464.9550781250
99326022.2154968530 1802784.5312500000
98713754.0802742839 1700810.2148437500
99401954.5591195673 1812475.5800781250
99046434.0278988183 1760415.6562500000
98331327.0832356811 1570317.0605468750
98517777.7163529247 1651783.6835937500
98699432.4356769174 1697590.7910156250
98472446.8146726489 1640904.6875000000
98782388.6307680011 1712585.0175781250
99596296.8071146607 1833190.7558593750
99286240.8408774734 1800811.8281250000
99328850.6321674585 1805423.6289062500
98458675.3661196232 1634761.5000000000
107960688.0503739715 1981493.0800781250
100078819.1930223703 1879101.4824218750
99488343.6365259290 1822999.9218750000
99448971.7137169987 1818339.6933593750
98869501.9529479593 1725979.5117187500
99278328.6475955695 1796656.3730468750
101056572.4478364736 1937605.1562500000
98600224.3209213316 1674777.9433593750
100187755.5690062493 1889822.4316406250
101321659.3559268862 1946700.4218750000
100619088.1304242462 1924270.1699218750
99833066.0903888196 1858608.4667968750
98791652.7344068587 1712942.6132812500
102385153.5112752020 1969371.8320312500
99742272.1764131337 1849402.3750000000
98670531.1480927169 1694795.0136718750
98665473.6071342081 1691933.1855468750
100396914.1265398115 1905573.0898437500
98696031.2417578399 1696922.7539062500
98890109.7161173224 1727302.8984375000
98679795.2517315745 1695152.6093750000
98635912.5090822130 1683716.9082031250
98650234.1536795795 1686936.3320312500
99805263.5637132227 1856749.2480468750
99385980.3264169097 1810992.8203125000
99841275.0109898746 1858834.6445312500
100288431.8873277903 1899626.2226562500
99904266.3982899636 1866181.5175781250
99201178.6264416426 1788328.7031250000
113210451.6911072880 1996399.5820312500
100332368.3008936346 1904698.4570312500
99191145.8433150053 1786038.7656250000
98608938.2285158336 1678059.3027343750
99700627.8227661848 1843377.7597656250
99930853.2132716328 1871382.6523437500
99706047.8837281913 1843709.5039062500
99695028.4569091946 1843013.2636718750
99777248.1916293353 1851282.5546875000
100211523.9893178344 1890365.6054687500
99771828.1306673288 1850950.8105468750
99758019.8442092687 1850360.1367187500
100043869.4376022071 1878102.5351562500
100485796.5545706153 1914598.0136718750
99120889.0531612486 1771833.0820312500
99270288.8928854316 1793715.9296875000
99865095.5751925856 1862047.1484375000
101156183.1182158291 1938423.8281250000
98623259.8731132150 1681278.7265625000
101195134.9844854921 1939036.9902343750
100732019.4038504809 1929660.4902343750
100607902.2426932901 1918009.0585937500
99254535.5799691975 1793131.2207031250
106385140.7097313553 1974399.8164062500
99682689.6496831328 1842928.5644531250
100143173.4017978460 1888643.0703125000
99159306.7417024970 1780775.4394531250
99592979.3774729669 1832948.7109375000
99993148.8263207674 1875206.4414062500
99084615.7683285475 1765033.1464843750
99862655.5851563066 1861921.1289062500
100123945.0543777943 1886259.1152343750
99148135.6949232519 1779179.9550781250
99759282.6180953532 1850429.4609375000
99945510.3648510277 1872905.4101562500
99442140.6066096276 1816298.7812500000
99553094.0965247005 1830011.9179687500
99505131.9939097166 1823645.6542968750
100433036.4018428624 1911279.3730468750
100114351.3623923063 1885698.4335937500
99588387.1606903225 1832120.1621093750
99560584.6340147257 1830260.9433593750
100443364.1811922342 1913434.2597656250
99766440.0796108097 1850488.5937500000
99434650.0691196024 1816049.7558593750
100670893.6299933642 1925355.9316406250
100446844.6883009374 1913984.8515625000
100183665.9627055377 1889669.6386718750
99371658.6818195283 1808702.8828125000
98517122.9270832837 1649023.6796875000
100258955.8769073784 1897351.5839843750
99609767.7348567545 1835206.6464843750
99612207.7248930335 1835332.6660156250
101037431.2006389201 1936975.1738281250
99385466.9682775736 1809293.5566406250
99476294.4227665663 1820263.8750000000
99623576.0213148147 1837607.8164062500
99517905.2359002233 1824524.2636718750
99651378.5479904115 1839467.0351562500
100868879.2374443859 1935597.2617187500
100309485.8898067176 1902570.8593750000
100829927.3711747080 1934984.0996093750
101565031.1736213714 1951297.6835937500
100631941.7637237012 1924742.7695312500
99675199.1121931225 1842679.5390625000
99745681.0369832218 1850275.4375000000
99710134.3612930328 1844080.9882812500
99580896.6232003123 1831871.1367187500
98990617.9823353142 1744403.9609375000
99448458.3555776626 1816640.4296875000
100501841.3099176288 1917213.1796875000
101350629.6804053187 1950563.5546875000
100655677.4509735107 1925095.8476562500
98951660.0542733669 1739410.9667968750
98963782.8656050265 1739969.7871093750
98942395.9506345093 1738975.9902343750
98957084.6760563552 1739956.6425781250
98949094.1401831806 1738989.1347656250
108622069.2275150716 1985509.7207031250
105969269.8932731897 1970715.0312500000
106102917.6549954563 1972682.2773437500
105768935.7083345503 1969432.5507812500
99773742.8531532735 1851174.5488281250
107140159.8886807710 1976213.0566406250
99861463.5120927393 1858983.9511718750
99790981.5873026550 1851388.0527343750
