45982947.4260086417 5696.0852279663
45357267.7547933385 5642.2332153320
44507786.5163729489 5464.5350208282
44135678.6559257433 5371.9342536926
44082277.7636830583 5353.0554790497
44095066.4216439053 5358.7708950043
43568854.7823818251 5166.5128341913
42571083.6029782444 4679.4735399932
42185277.8597687706 4371.4404538572
42181879.7531371713 4365.7293446911
42190917.6363911778 4376.5341411494
42039226.3883706480 4201.2636489452
43838411.4193364382 5271.5602092743
44149031.9577202946 5372.9651947021
42187629.0446827859 4372.7799365007
42066632.7947939411 4267.9000828204
42081259.3419006988 4278.2358773301
42122795.9976288304 4308.6688424529
45314091.6957023814 5633.5546493530
45047572.3799312040 5586.3099899292
43809213.8038960248 5252.3948559761
42560149.7925534397 4677.9717546002
42391668.5605418682 4576.7711824728
42058119.3825706914 4259.8549300499
45082291.1590851322 5592.5940265656
42848733.8768558353 4828.6216721484
42828666.4119657353 4823.7160817900
45452930.3620342016 5663.9687881470
44408008.1741900072 5445.3455905914
42892704.6067910865 4884.0667674392
44989849.7455796003 5570.9182815552
42242268.1229777485 4461.3984168470
42888968.7575230673 4849.0922667831
42602452.5044478178 4685.8538190722
42604358.6599210054 4715.5317008346
42708882.3672615066 4785.2456443161
42618347.6818739921 4715.7584946156
42756283.0039354786 4811.2064120620
42699688.2701360136 4760.5328557491
42673819.4936905056 4725.6690432280
42544905.7793389708 4670.1508940905
42720889.2049613670 4806.4738395065
42712699.2479231358 4802.0162284225
42759090.0244718120 4811.3273524158
42246231.2885485739 4463.7915608138
43192082.7485976517 5007.4399415553
43151578.7101385444 5005.7752963671
42821163.6645482555 4822.0742652938
42970216.4132686481 4937.9093797728
43239020.7587559596 5054.7858722508
42395032.5088513792 4579.6328351572
42281323.4642201811 4474.6006097528
42157220.3328787833 4362.1704508769
42271202.6537448466 4474.5785981300
42312686.8496981785 4484.7377978912
42255747.5775993988 4467.1384379375
42697095.6488266438 4757.5379091948
42673973.8298795521 4727.5236574858
42232655.7730723396 4451.4905651063
42379470.3930039108 4571.2608731589
42490667.2313516065 4653.3599230498
42344758.5332691893 4568.7595478743
42456409.9357933104 4612.8794473410
44076217.5816450790 5350.9175319672
43438125.9669971541 5126.6795707941
43309663.2487542108 5076.6868336353
42935030.6188757345 4906.6485641003
46770342.2224990204 5726.8138885498
46628422.9429687858 5726.3317184448
46215444.3369256407 5709.2703475952
46403491.8182581812 5718.2144775391
44452334.3315754980 5462.0433578491
43921205.8696270138 5293.7374427319
44539957.1776624173 5465.9903011322
42037576.0058769509 4187.5925047355
41946997.7264567241 4139.6711098215
45077286.0252895132 5592.1592254639
44827409.4732263237 5549.8183193207
42102766.2732422426 4280.1630208281
42666416.7930369824 4723.6394928098
42297006.4082598239 4482.7952071053
44819230.2698308229 5547.4970607758
42316458.6215946749 4501.0057164129
42203740.2564315945 4405.1501019588
42194386.5708406121 4403.2507945366
42109898.5955344513 4288.5529793364
42450989.6787436083 4587.0438754484
42651820.7085419670 4722.6085546095
42111159.7675539628 4294.3389632725
43220903.0270578638 5029.9243433475
45103933.5835500285 5602.9949226379
42432429.6196794808 4580.1604535499
44917248.5280068144 5560.9839096069
45577760.9744470641 5678.0416641235
45365542.6413898766 5644.2389450073
42335988.9704920277 4510.2112283260
43378037.2069510520 5109.2494469068
45861325.6921146363 5693.3188705444
46114660.9784097895 5706.5185394287
45857832.7296295241 5693.2752990723
44167684.0262973905 5378.0777988434
44353907.6693490148 5434.3872261047
42440395.4524916112 4584.2497326732
43425543.3926142007 5114.9284436107
45433244.8416110501 5656.1882553101
43451425.6191069558 5148.2065427750
43571245.2891898006 5166.8000279665
43353626.2170158327 5098.4898149967
43214302.2513590455 5023.2083486915
46283550.2353207618 5713.7807388306
43703077.8200391755 5216.3412544727
43519162.5762770697 5163.3826723099
43502988.1253930479 5153.0361244831
43063326.2824752331 4969.1192788798
44883108.2341034338 5552.8420886993
45528414.7850390971 5670.4328308105
42134831.0083013549 4314.6356947509
46134934.1273343638 5707.9554748535
44174523.2170665264 5395.9544029236
44553381.8347399533 5482.9030914307
44422741.2861674502 5446.5476112366
45033663.5767579377 5577.8119583130
42011285.2550001666 4174.2666531856
41987138.1038332582 4165.8104077945
44699308.2354459018 5523.2745227814
44518716.4003822953 5465.7561416626
41942162.9943703860 4032.3471876153
41936341.5791085735 3952.3637224975
46475654.7171482146 5718.8227233887
45187557.0264048576 5607.4404697418
43629779.5189494640 5205.8311223984
44808831.8894203082 5536.2357921600
43472969.2193103507 5148.3284193277
42048843.3278711662 4229.9387968251
42688563.8272299543 4735.4259797931
42584981.3614312485 4684.4154183269
43809330.6737663522 5260.0286324024
42842009.2470784485 4824.3941518584
45085243.0171252117 5594.1927185059
43977699.5243692771 5334.5132369995
44054687.6147612110 5343.5558128357
42325066.6395032331 4503.6455711499
46280174.2472143620 5711.6916809082
43353382.9525212273 5084.8845667839
44247347.8028164506 5416.5500659943
44320041.1034228802 5429.9964294434
44762332.7064578757 5525.3681087494
43130002.6000129506 4987.2225787640
42220511.6657904387 4408.4696244217
46588120.7433743924 5718.8616943359
42339830.2597990111 4517.0123247281
43783736.2673929557 5240.1920127869
45447058.9027706608 5662.3481216431
45281966.2397175208 5622.1924324036
45699732.9035471454 5680.7309036255
45604970.9120549113 5679.8939895630
42582294.0202212632 4681.4366766810
45526500.5835591629 5667.3694610596
45092113.0813092887 5595.2289848328
45221535.0086218044 5621.9834175110
44160455.1459752321 5375.9638919830
42315734.7745657265 4497.5347163961
45339564.2196470201 5634.5229721069
45191806.8305306584 5616.3764915466
42333841.0140627921 4505.1082608798
44541626.9136835113 5471.5071640015
41972446.7102597579 4148.0576696167
45353758.4878903031 5635.7233657837
47338625.8150623143 5729.5714263916
46178719.5002312213 5708.0617446899
43893447.3226800635 5285.0693511963
43724582.4816055000 5225.0791604817
43696052.7320152372 5215.2995090485
46059490.2106238902 5698.1499023438
43762179.3815755919 5228.7462745905
44609308.4316741526 5503.0995292664
42217478.3753676713 4405.4630501817
45170601.1185236424 5606.8167076111
45156591.4386318550 5606.1392021179
44498409.9349626750 5462.5224933624
44782825.2764274329 5527.0520687103
44445105.4512533396 5459.9294509888
44767166.2747927830 5526.8721141815
44337749.5635891110 5433.1786651611
42549449.5567613840 4671.1122540281
44605172.6565860063 5493.9819698334
44235633.9781987891 5398.0247344971
43906543.7199300453 5286.4535827637
43862419.7874014527 5284.2887191772
43924412.8522158414 5327.7407646179
43447861.1736505926 5129.1398664713
43654771.0508919284 5213.2177327275
43576484.9035153240 5198.3903366327
43431222.6564765126 5123.1019932032
43072622.1987641007 4970.6216113567
43320939.7569168136 5080.6260655079
43110808.1876153648 4981.9856374416
43772588.1092820764 5232.8604362309
43573238.3781261891 5181.6095575169
43340821.7043811679 5082.8361011222
42055156.3551041186 4238.5825061569
45722930.2357000783 5682.1125488281
44561125.8340607211 5484.8744487762
42018005.2753893435 4184.4188270153
45443164.9849414602 5658.1981964111
42687892.8789068982 4734.4509084303
42155158.5084913895 4321.4861870793
42041346.9418680444 4213.7362501708
42142206.7013120875 4318.3255064575
42231588.7155830190 4410.8492940366
46188618.2620500550 5708.1874313354
46145034.5060377195 5708.0183105469
42338300.1264810115 4511.2916391292
44800652.6860248074 5534.5790462494
43856352.3263941109 5272.1989088058
45847979.6220951825 5683.8278503418
44887031.6950451434 5554.9385471344
45015810.4589340687 5572.7192592621
45400460.6363593489 5650.4140167236
45294514.0178872868 5625.2459182739
