65639787.4748495445 4808.6694447994
65410620.7055536881 4716.0929028988
63770240.5888477340 3837.2373238849
65605482.0298632309 4805.8166310787
65639811.1892212853 4810.4297673702
65574675.6358421221 4801.8226125240
65574823.1667369977 4804.4931142330
65233039.6418233886 4691.9870033264
64061243.7770976350 3961.0767661459
63921160.8485619798 3866.2341624550
66604232.6680791825 5090.2873039246
64066526.9606087729 4039.3665766350
65323743.6718875393 4706.6297023296
63853022.2513948604 3837.2631046502
64052810.7954287454 3956.4878989584
65742788.6463632062 4865.8527855873
63171590.5002670661 3132.9364876056
67078572.1711319908 5094.8476982117
67185434.3167307824 5102.3765830994
67115829.4672702104 5095.2975730896
63180975.7575113177 3135.1958342275
66190090.0179931894 4997.7107620239
63200837.0465788320 3218.8970402113
63144983.3150533214 3118.4020148000
63583860.9989009053 3636.7943796981
63690482.7582902983 3727.7771798419
65376911.9692665711 4706.6506364346
66338924.2791767269 5075.6682701111
65901860.0812140703 4904.0218415260
67148059.3777658641 5097.3498039246
67069908.3087263927 5094.6881523132
64041178.7833323479 3949.9602805502
63971194.3415762410 3937.4636527426
65512098.2879757509 4722.9175298214
63963937.4411163703 3930.5007390013
64017282.0077114999 3945.8741474581
63937309.6478805915 3926.2505942709
65784938.0130346492 4883.0957829952
65514260.4756392464 4747.5022238493
65488195.1973402500 4716.3524035215
65855061.4801527634 4902.4345955849
63611440.3819273785 3644.0460053170
66202260.1079624295 4998.0338611603
66026555.6446295232 4979.6359243393
66044072.4990138561 4981.3775320053
63528866.6603759527 3625.6715705171
66434536.3662063926 5084.6038169861
66433280.8040196598 5080.0823020935
66569681.4449863732 5084.7409400940
66058713.2340680510 4985.4114294052
66111246.9952032119 4994.3469762802
66089694.5530509427 4985.5799551010
63490126.0499529541 3605.7303964218
63278838.8818054646 3325.5322151445
63505584.2679899037 3616.0304223346
63298519.1730089486 3404.5521831773
63593990.0304115564 3641.7593918527
63635627.6962487325 3707.6117216574
63451562.6097314730 3594.4176038736
63342456.7189085633 3509.5134944283
65815529.2659497261 4884.8088040352
63444651.3480276614 3587.4237455362
63356451.4054137915 3518.1653551096
63936778.8824238703 3922.3421320549
66009029.5695554018 4968.8799386024
63908148.6671668813 3860.4423610024
65753941.6752436832 4881.3767971992
65994921.0411843807 4968.4761681557
65973024.9012146890 4932.9833397865
65730399.7653812096 4813.9531171322
63214844.1299867108 3318.2243727079
63089595.1335930526 2999.9465304846
65958916.3728436828 4932.5795693398
66336381.8390464410 5025.1899681091
63136619.6759826317 3022.4721279821
66724194.6294197887 5090.7818489075
66844638.9627338946 5094.2967033386
65746034.4886463955 4873.7564656734
65229915.3303566203 4611.6117788553
67332016.2489937097 5109.2116279602
65168089.8772157952 4587.5509814899
63329051.6033531055 3407.2151234314
66291325.5517378077 5020.7440528870
67267246.9387262464 5105.2022285461
63692382.0216760561 3727.7954474906
64818571.2108014300 4389.1210628444
64833812.9323347732 4403.1576724941
63701837.7963905856 3730.2256251792
64945949.2965247631 4473.2586021107
64984090.4205906987 4494.9744395893
63332033.6958543137 3412.8881428406
67178977.6956284344 5098.3671836853
63864859.4831705689 3856.9495250038
64670490.2494677305 4359.3448060155
65064155.9217027277 4580.2442817371
64453910.2799802944 4250.0266768187
64678236.8807904497 4383.4888587886
64524061.9596611261 4296.6311272824
63725349.9845668972 3747.7999989986
64395131.2585599124 4174.3001649076
64409326.4583096281 4239.1198995560
63684665.6359325051 3719.1807185630
64467669.8291998953 4270.5908154690
64333205.2816297561 4163.6110209221
64661583.3478723839 4333.6457318572
64293718.0146778375 4161.2726862723
64264408.0841981992 4129.5303747946
64847167.9144861549 4452.3394146413
64355722.0872699171 4168.1382063621
64372426.1107195765 4174.2911775553
64143982.6311871186 4045.3195314464
64154535.0120102167 4051.8125422293
64221951.0711755157 4067.8630903953
64093518.0007480830 4044.6202802715
64163459.2282688543 4064.8692625755
64395480.6694632620 4179.9535655287
64013839.4663324729 3941.6970347160
64788965.4140030220 4387.5601750761
63081773.0933704674 2457.3181805087
