133144235.1965564787 111356.5732433349
135398703.3208315074 125433.9288818151
136867655.0299303532 132424.6491088867
132633303.1518968493 107351.2445618659
136455898.5367266536 130116.6863403320
136732570.2108179629 131817.3825073242
133346669.3153228760 112297.8778087646
135477708.9620124102 125998.2692947388
134818235.4298107326 121957.3492050171
141325802.6119501293 144284.5829467773
134049050.1954071671 117209.3043166906
135026759.5252405405 123067.1961746216
139334414.7500594854 140431.1493530273
133381584.1141656041 112663.5509044677
137956835.1459433734 136700.5344848633
137280055.6743640006 134373.4199218750
139572657.4884991646 141041.9481811523
136723833.3360384405 131472.0433959961
129121879.7908090055 73580.9902134091
133184896.6745738387 111613.9772960693
135127324.9778592288 123945.8642654419
135677804.9466490448 126405.0087432861
136586317.1691519320 130993.4278869629
139602873.1568419337 141399.8816528320
139941754.8226361871 142168.5635375977
140565113.2025433481 143119.8512573242
138268575.7104354799 138001.8192138672
138780533.6716337502 139454.9392700195
136802013.3658164442 131822.6405181885
130379820.4660996497 88906.1261964171
128910599.0036540776 67072.3761920589
136365699.5234881938 130050.2774963379
141264774.6739709973 144057.4776611328
136115773.3545909524 128621.4402770996
135167986.4558765292 124203.2683181763
137063695.7006874681 133751.9699096680
135362200.8366604745 124996.3982467651
139406384.1149566174 140991.9929809570
136064217.1202726662 128394.6472473145
137768204.0069559515 136128.4217529297
131408370.9986626357 98121.5694197416
136479238.4249330759 130332.7668762207
135922507.3546685576 127560.9676132202
140378678.4589906335 142975.3509521484
133718329.3443401009 115039.9400604367
136238961.1209776700 129771.9604797363
128804084.1961909682 66518.1887530941
133387467.3409086168 112729.8576671630
135943848.0092248619 127919.4608688354
136817171.7591522634 132085.9394836426
134282861.7201074362 118571.7823440343
136625693.6866405010 131059.7369689941
136917136.6238111854 132786.9153442383
135930890.1564407051 127817.0974426270
135303637.3352369666 124233.4643630981
135584704.9942775667 126015.4095382690
135634125.5030890703 126124.4598922729
129072952.8519055396 73331.0905730724
136666355.1646578908 131317.1410217285
135924922.8610744476 127792.7659759521
135356233.5412941575 124972.0667800903
135558369.4916302264 126011.2155761719
135866828.9433432519 127523.7341003418
135774106.2665800452 127023.9675140381
138228489.0306004584 137955.8730468750
135320889.5422408879 124969.0870437622
133676942.4029546231 114750.5995757133
130357718.8526789397 88639.4755330384
130423672.2970312089 89245.4093499184
139606454.4797028601 141405.3455200195
139923481.1937387884 141871.5742797852
135108432.9109455645 123638.9279052526
136677656.7869225442 131383.0990295410
136894342.8515669703 132498.2459106445
136081706.7509350777 128585.8959045410
138496633.1549735665 138571.3104248047
134454897.9465003908 120080.8333846837
138101223.5027564466 137057.5120391846
130419068.0768170059 89244.6584343910
134414236.4684830308 119823.4293319494
133712446.1175970733 114973.6332977414
134764620.4526362121 121875.8343612462
128998896.1154294908 71169.4627730846
137279690.0139721036 133956.0419006348
136968494.0688746572 133120.7959289551
134697106.1342682242 121385.8155166417
130540835.4285372049 90642.7999138832
136155939.0690235496 128964.1887054443
138407380.0713263452 138448.4696044922
129373752.6822851598 77630.4763900070
138179537.0279944241 137448.5581817627
136488271.4326607883 130748.1705627441
137315609.4286620915 134632.8632202148
134841570.9483480453 122289.1733812392
138329066.5460883379 138057.4234619141
134591032.3542337716 120739.7622176915
135069413.9916798770 123289.0848039687
140194057.4006240666 142654.5374145508
139812706.6228717566 141483.9584960938
134790258.6856518984 121897.7689315587
129917883.4400336891 84950.2114792792
138853244.3667037785 139501.8587036133
136388516.2963986099 130097.1885681152
138002914.3483138680 136881.0729980469
134761135.4013292193 121665.0546526015
139869083.5895820558 141580.8703613281
135804177.2755791545 127240.7504348755
134934723.4997316599 122801.1267961562
140102046.7636719346 142515.4328002930
135618164.3156948686 126104.6782913208
138094252.0942924023 136895.3693389893
134737633.6953743994 121389.8305999547
130019090.1572265029 85411.6017380683
130332004.5749927759 88433.8999190955
131833914.7315786183 101073.8456289768
132713237.2023288459 108108.5161843896
134901583.9169778824 122623.7445098668
129394480.7273113728 78399.2748519210
137244648.3853201270 133803.3079528809
138743349.3226833344 139368.0187377930
132883746.7178573906 109134.7186990380
132890322.5421804190 109328.8908181787
132747168.7355622947 108452.1121926904
130145740.5726136565 85926.5312667517
138910915.9315685928 139881.9057006836
134605714.5409947634 120849.6318465978
134739323.4935307205 121584.2474471837
137926685.4854071140 136381.4823760986
131468580.1825173050 98876.4705072343
131221185.8727407157 96899.9355839491
139044545.8786862791 140403.4920043945
133046016.8600242436 110435.0706188232
138117986.9973895252 137283.1156768799
133100658.4324561208 110869.0605526567
131187924.2958763689 96022.0270223022
137481881.4393928349 134860.2658081055
132729502.1818820685 108302.6883035302
129898031.7167162895 84346.8005706100
134630482.0672971010 121007.5455123693
134139000.0361076742 117942.2712966710
139359422.4891714454 140559.5612792969
137660960.8880352378 135388.2363891602
137669987.4574543238 135627.9818725586
139923207.9281611741 141826.1795654297
134204381.6670604497 118052.1409255773
132891765.9873694181 109348.1107352311
128992881.1708580256 69615.2339764195
134647224.5599340498 121179.4516860753
133072375.7962538451 110647.0476132035
141387887.6619210541 144320.3892822266
139782345.0726894140 141480.9787597656
132948397.6006708741 109836.4481301904
132078502.6796511412 103435.0264581442
130932111.6420145482 93980.9198979139
134397144.7349723876 119327.4638497233
129253906.5254979730 73872.5726196198
137644690.4983488917 135288.5422363281
137870308.5186968148 136284.5705108643
129589442.3829481751 81122.3403655915
130824217.5259110332 92989.3307865858
133373617.9131617844 112651.1654153466
137870349.4557343125 136332.3856811523
129157795.2476197630 73614.5511810212
138598681.5833087862 139350.1029052734
133864102.8020721078 116019.7876564860
129576784.9358442724 80906.5786467819
133053601.9585939944 110435.6546731591
137461520.8402091265 134651.7717895508
134559864.9888407588 120578.0966927409
138196300.5226275623 137674.1618194580
134542849.1995055974 120252.5545174479
134402538.6235641241 119424.3757149577
134307656.0072748661 118858.1029694900
133058292.6446913481 110595.5167337060
130890513.1479128003 93980.4672611952
129556307.6271069944 80442.7903167038
129539082.7864162028 80412.2019292442
140356684.4417018890 142672.7202758789
133990339.0937950611 116871.6749092937
130767469.7191760242 92988.9119633436
138583361.8716295362 138588.4738159180
137608873.2676830292 135011.2755737305
137640175.6211899817 135262.3568115234
131446913.1911402196 98551.3466601372
132896456.6734668314 109507.9727957780
128967215.8783261776 67385.1757094493
129190188.3593606651 73765.8558874755
140791877.4933824837 143411.8933715820
134006822.4978954196 117143.6324985325
133845719.5783643275 115833.4085950851
134316571.8879031539 118982.1335481033
129259295.5385358483 74455.5720773637
140611216.5811965466 143173.4725341797
139208438.4357686937 140417.3785400391
138507634.3941022456 138583.9963989258
129416560.2898234129 79724.1988860993
129609025.6839648336 81129.7308685212
139453757.0514458120 141031.0252685547
133393539.5408827960 112825.8625020981
133833778.6729494482 115829.9905042648
129982506.3683831394 85293.7405504473
133597935.9137643576 114263.2750766575
140907265.5636478662 144055.7518920898
134248662.8767285943 118475.1283521652
129535321.3695722222 79832.3879472046
134152032.0224966407 117948.9897286296
131013261.4360333234 94780.1052641869
129253920.1411915720 74072.4891616730
133771876.0022463053 115121.0902814865
137041309.4525201917 133564.0865478516
134242302.6430804729 118354.5473915935
129436143.5908400714 79731.5893890290
130181235.6779454648 87273.2271976536
133927029.1019466072 116673.9937849045
139377949.2137537897 140891.2127075195
131637898.7292621434 100307.2483828068
130229338.8061968684 87849.8190843193
131044109.3606453836 95340.5747377872
130439363.8187806159 89388.0310702212
131869426.9354328215 101614.7341704369
129259564.8380431235 75697.0252792267
133777284.7103270590 115825.8016536534
129287832.8628188521 76753.9163925080
133858293.9664282352 115865.5324964523
133487307.1099135429 113492.1298627853
129747431.9292123318 83171.4087249665
133463700.7641779631 113367.3371381760
130059468.3262252212 85875.0857181614
133622384.8901854008 114723.5788068771
133506086.9885062426 114083.4222211838
131730488.1854557991 100845.0075469017
133493512.6004423350 114051.2983198166
134123191.5839311033 117493.7948338985
133239536.0587160289 111999.4766950607
131437901.6250386238 98336.1378569603
129659520.2514401227 81859.6632723697
130648494.8298719972 91771.6713787019
130747284.9557440132 92345.1244791448
130028039.6357193142 85810.0172213316
129818203.1170194596 83321.6956695020
129671945.4900930971 82126.8759771287
133919257.4660391510 116074.6072704792
131280739.8207398802 97034.6336780787
133437128.6343280971 113123.6170454025
130871210.7051183432 93763.2216276973
128987417.8282600641 67566.9237246892
130479944.4803212583 89895.2380131483
129843031.2760822922 83727.2144370675
129928687.8501040787 85222.3816492623
133002000.8521248400 109897.1712703705
130973729.2367688268 94384.1466653347
129754572.1840733290 83180.7037928170
129257202.6541109234 74145.9134324342
130862365.6227728128 93589.1242903471
129834795.0181023628 83445.3354459107
129848447.7505865395 84061.6138311327
133267040.9973547608 112012.2058742195
130932317.6954831332 94289.1563948393
133290678.3024533987 112108.8836295754
129756851.2271231264 83183.7670904100
130425963.7681942284 89341.5148309320
132889478.1551545858 109225.6288294792
133011561.8676423132 110410.7500028610
130626648.1507475227 91422.1695550531
130151473.7774960846 86595.3230291307
129624365.1094179451 81215.2940096743
130356129.4353351742 88635.3919607103
130642912.0483626127 91687.4315068573
130518754.0346440077 90430.6911614984
130157723.8368814737 87269.3337408006
132564640.8409219235 106814.7473963499
130681856.2158229351 92178.8276250213
130345556.8424608260 88578.8560081124
132564818.0340263844 106909.4440335929
131518600.5247918516 99503.4089788198
132281045.9241416752 105030.7655390501
131642452.6784569621 100359.0428889990
130749632.0325979441 92738.4011113495
132711031.4113071859 107680.4855772406
131735090.9302539974 100988.8846257925
130623018.7898169458 91032.0293462127
131335006.7079130858 97551.4195579290
130980567.4670786709 94716.7955455631
132137631.2514322251 104028.9940580130
131216070.1972411424 96320.4174627066
132323435.6064798236 105278.6202410460
131097526.5642075390 95865.6328557730
132375123.0841138810 105436.4877374320
131264945.2246166170 96931.5937284231
132068621.5167252123 103403.3458917289
132220161.1496686637 104395.5706639587
131893313.3691104203 101858.7226960807
131926713.0035620332 102551.0431306510
132243624.6962005496 104584.1849763541
132390745.9397177100 105638.3057316391
132648717.0257046074 107663.1557248979
132404996.0470601171 105795.5944452584
132058235.7174443305 103013.6022991388
132533689.2706921846 106527.3907346813
131861364.9359924495 101479.6717317252
