89124769.6848103404 62279.2377761453
87720073.2097993046 53913.0803218223
104045941.8782786578 79096.6394783258
87763579.9816193134 54793.6802413091
87795888.3359300643 54885.9266526327
87669200.0228753388 52309.9974177674
87587566.6221721172 50456.6686502665
87981037.0925629288 56832.8908730224
87805255.8592359126 54908.8823587522
106325573.2961052805 81196.3632812500
88714355.0225077868 61192.0995641202
90026729.7304427028 63974.0334871858
87926934.4201976508 55968.8717237487
88537636.7609451562 60367.3227914423
87733518.5952639133 53974.2525932416
103573796.4697515517 78415.0384178162
89402383.5541220307 63066.4795898050
88908283.1074895561 61206.9226792902
106281918.2519661039 81091.4201354980
88152645.1494433135 58572.0098312572
87680954.7800144404 53058.1958887940
87645436.6808509827 51502.1114345424
87700219.9527532607 53182.8836405640
87658487.8406129181 52274.3035415577
87714253.4225250930 53849.5648414716
88143516.0502505302 58473.7721774206
87690011.8234438896 53093.6526737548
87941180.5638648868 56498.1327229068
88125772.4521398544 58325.6669005975
88609892.3517146409 60419.2864871696
89433703.0136856735 63145.8204201367
89398036.5794127733 62299.9513763040
88968897.6052222550 61233.2759030908
105635139.5752587914 80704.0705871582
87605406.6892770380 51277.6414450918
87936276.6819123924 56066.3626595214
88263608.3202069998 59507.3569217399
87649934.8501365036 52185.3096659973
87670746.6507050693 52968.9649219848
101873913.9345832616 76541.3539466858
87658402.2551240772 52214.5922787728
106114545.9685206860 81060.2815856934
88244343.1474682093 59382.6691699699
87660142.9794458747 52274.5406328065
87763029.9812931120 54075.5295379525
87634879.9913251549 51491.5601636710
100031393.8217715770 74690.5929368585
87617269.9574193656 51367.1095031498
87828620.2729335427 55617.1515109167
87873906.9412462413 55921.2168136314
87941375.4935807288 56529.0810763463
88058498.8295212388 57684.3631281480
87824521.0319747329 55033.5701105222
88013287.7067480385 57413.7373351678
87598449.5842627734 50581.1193107877
87932663.3072579950 55976.6679757684
87626327.0008487850 51402.5662881106
87636535.1301581562 51491.7972549198
87854641.7685074508 55796.5290618613
88047654.7111315876 57563.2801854610
88634075.0846586525 60501.2827895731
89349982.8021424413 62279.2621340808
87633842.4084932953 51427.6997820197
87614554.1870513856 51324.0539048514
87612899.0482183844 51323.8168136025
87591419.5128454268 50478.1518846803
87600104.7230957597 50581.3564020366
87604213.8379680812 51220.6122962462
87624671.8620157838 51402.3291968618
87620550.7346063405 51370.7924153067
88032552.8794868290 57538.4250869378
87841679.6498676538 55674.6183769330
87814586.8031617105 54950.4703100091
89057822.8774523139 61294.0740951151
88140832.4607982188 58471.6049418077
89664458.7206370533 63297.9986332955
87784533.9668665677 54826.0380642777
88000228.3298139423 57356.2704691514
88503923.2691838443 59532.2363781985
88230928.8286678791 58592.7234314159
87826474.5994777828 55535.5199522600
97861074.6043524891 73525.8945341967
88054856.2116647810 57569.6927032098
87732951.8897567689 53914.1084988480
88526172.1401714087 59552.7282011136
89066003.2599495947 61391.1510963440
87947549.9897876829 56529.5500791296
87953824.4238121808 56626.8270686343
87785515.7050062269 54830.1652032956
87860944.8226064444 55799.3061287031
87956240.5725232214 56708.4586272910
87986048.1888042539 56869.8796663955
87847885.4456723630 55741.8392626867
87847229.1736586541 55705.8859932050
88439390.2112778127 59530.5972514208
88125405.7746268064 57745.1091411114
87752217.0624955744 54038.7962506181
87950961.5239875615 56560.4191896543
87834245.3422640562 55617.4070169553
88018837.2305390239 57445.0049514398
88019493.5025527626 57480.9582209215
88236899.3413394243 58611.2767765205
87976179.4150580764 56732.4859835729
96346783.5002964586 72068.0758725069
93845259.7395473868 66629.7742166519
87798575.0819403082 54887.6320693120
87627279.5702104270 51427.2301625524
92180857.4708509147 66195.4221100863
101953516.7000198960 76769.9333152771
88098453.2262633443 57722.9571882877
87870801.7622670829 55826.1980769262
88244138.0117185712 58699.3774130344
92804039.3757231534 66557.7896779330
94801280.3190099299 68354.0086191703
94585898.6461832076 68302.0688112784
93755838.7060555071 66584.4272952136
105090543.6840039492 79790.5274200439
103042586.0534771383 77575.6720972061
89857267.5521840751 63742.1442419998
99575925.8183559179 74547.5184388501
96167620.4570458978 70799.2680073787
91902718.4626543373 64139.6688518864
94146950.6664901525 66812.3521966934
95764276.0941431224 69296.1769606877
87936506.8779742718 56410.8987675053
99277420.4069527537 73900.3763248920
105411058.8087658882 79980.4859619141
105545297.2145235837 80414.7759704590
101315237.8419552743 76019.7063598633
104666788.2009779811 79710.4723205566
102708758.4979422987 76848.7169981003
101037665.8397359103 75380.7796692848
101599094.5821683705 76298.3683471680
95572115.0363373458 68551.6608334780
95426873.2616154701 68447.2116147280
96139628.6837008297 69620.0380344391
