109648950.0276028961 3805.3378078566
110047861.2487033755 4088.0087868571
113602986.7213833183 5691.2148933411
108394217.5703507960 2673.5074994869
114033514.4865432978 5856.4348545074
115910072.9193777591 6189.4497756958
108311163.6453837305 2566.7826415850
108273148.1169427484 2484.2700404637
108310073.8243416846 2564.4756772823
109867399.7565166205 3998.8526721643
109801381.5438921601 3914.1442762838
108127745.9825387001 2374.3895634596
112627682.9889906794 5349.2501384020
108196791.9463407993 2454.5872114010
110266933.0284680575 4223.4079305409
114095371.3918933868 5901.1599712372
110906902.8120400459 4526.6154977299
108205161.0341696441 2455.0155332393
108568240.4460096955 2825.2401584964
116849744.6344552040 6235.1411628723
113694997.4884362817 5737.9463424683
108120624.1490336806 2372.1261347946
108249047.3312432021 2468.8981206722
113818510.4351474196 5808.5850849152
110203963.1146811694 4170.1943303822
109211823.2550356239 3465.4052816700
110541976.7351109236 4356.2465975435
110080468.5835958421 4128.5808998942
108225376.9102388620 2455.6727228943
107965103.8710644543 2025.8234153886
115313832.0896219611 6175.7328376770
108604677.5966295600 2876.7364209584
114904453.3526507616 6113.6283760071
109610094.8962547332 3800.1761310568
117352002.9944512844 6235.4406890869
118351544.0390401334 6262.6065959930
108628404.0816093087 2917.8370251041
109470050.2027870715 3690.3235539303
108859777.2017034441 3143.2300727963
110554823.8924360573 4356.9565584437
108835922.0203140378 3099.9702343419
116084219.0288562477 6196.5587577820
108714353.0760155618 3027.2971691471
110975061.4031647742 4559.3288350319
107964867.1630055457 2017.0778557318
108712231.1236739904 3007.3733677343
109262950.1951057613 3479.2793508839
114046135.5792433918 5888.2406921387
114874417.7380078137 6073.4344253540
109964855.3752772659 4023.6044203268
109229303.1044141948 3466.0589572858
108215400.2405516207 2455.6692088551
109590165.7605766952 3799.7836810633
108110794.4095600545 2277.1847666685
107934688.7810747921 2006.7245358145
114982512.1395656168 6128.9783210754
110259091.9029438496 4218.7143685203
107969319.5801225603 2045.7933944806
107946064.6308569610 2013.7671486395
110925917.1004618257 4538.2718687868
108826913.3423166424 3054.4702194333
113785703.1765597314 5768.3576602936
109690424.2639004588 3849.4740907000
108301211.7564101666 2522.7106473751
114016314.7412889153 5841.4746818542
113649023.1166834384 5715.9662380219
110533053.0148822218 4340.0932810084
107895360.3614626676 1916.5623518485
114332547.7497281730 5940.6101341248
108014704.7223908156 2166.1148695763
114418361.4462548941 5993.7788181305
114204686.5696715266 5904.0736818314
110080321.3057613075 4109.2542244773
110403028.9482401907 4287.6023995262
108062247.3246000558 2264.8052275641
108674543.3551595658 2931.7110943180
114293175.6980348676 5934.0495681763
108696364.1093000472 2947.5942463260
114264817.6129476875 5911.6081905365
111463877.5830307305 4815.3823688626
110372891.7439760119 4247.4964144008
114113105.5125511736 5901.1819515228
114400627.3255971074 5993.7568378448
116249832.6538401693 6197.2212276459
114631238.8903262615 6066.8738594055
108674429.5401481390 2922.2314660099
108363745.8634566814 2568.4551160559
108043133.3709466010 2235.6406714978
109249034.6664059162 3472.5953706525
109243637.4818596542 3472.5927820547
114343717.0772803426 5974.2989730835
108364939.9743331373 2591.5771106895
114573071.4381661713 6021.0315093994
111078348.6167510748 4647.0783372140
112904115.8565975577 5445.5099072605
108188802.6183225960 2374.5588049364
108770179.2546576858 3041.1712383609
114590805.5588239282 6021.0534896851
116555250.8696130961 6231.9499740601
114648973.0109840482 6066.8958396912
109934247.3821084201 4004.3946289198
109121608.3745096773 3362.0242865157
109076496.4901648760 3349.7753743274
109111157.5280833542 3358.3824166656
117956324.6919659972 6253.2222881317
109155043.8251568824 3372.2564858794
110322120.0643457323 4243.0556350946
110321356.9023820460 4230.5376890879
108422557.4888647348 2674.6861091801
108107953.4180241972 2270.3513579186
115578376.5013694167 6186.1810569763
108054407.9804827124 2263.3196663674
109941480.0422076285 4012.1714075804
108456472.3189276308 2687.3800210770
112594875.7304030210 5309.0227137804
115306226.5901734382 6139.8578166962
112625186.1407207549 5309.1906024218
108536689.0401727110 2822.2516563587
109822024.0574081987 3924.9972077655
108432878.7540147901 2676.8997896292
111245975.7769242972 4733.2117412686
109974455.5736974627 4033.8036761926
109509334.6213582456 3720.8202720331
109136587.7844915539 3370.4728824567
109835539.9633466899 3951.0416064905
114624557.6125195026 6026.6464347839
112010961.4937658459 5069.4250180292
109092701.4874180108 3356.5988132429
109918997.8295213729 3999.7989480426
111473807.1815680116 4819.4158221856
109014651.9102742076 3246.2181633167
115264550.1256963462 6139.4265403748
114922187.4733085483 6113.6503562927
109414308.7443594038 3618.5458588004
109041862.7464675605 3254.8877239948
109499971.0018562227 3711.1427254081
108824011.8240469694 3041.3585735243
109683108.4470574260 3842.2351380633
109361717.3354766667 3575.0923130270
109184346.7942838520 3445.8980172314
109703682.7863968611 3890.0462037371
108499316.0355975628 2784.1520069547
110184853.0974780023 4149.3598982636
112191619.1469382644 5149.0641043913
108942199.8978968859 3193.5543707218
108516991.7334700823 2796.3094773110
108505006.1575286835 2784.5698676385
110269240.0411461145 4228.6510556416
111929562.3537933081 5040.3166287838
117419749.8874656409 6237.2004337311
115099284.6556013674 6129.0003013611
110229316.8894106001 4180.8399899678
109435972.1584740877 3665.7449033856
110488502.9954525828 4339.0107480810
112284783.5263592899 5214.4086390138
109060848.5719573945 3328.5944899954
112347948.3722257167 5220.9545435905
109431644.9689368457 3640.1781274127
108647533.4728531092 2917.8377311878
112327532.5589138269 5220.7866549492
108929892.4000686407 3171.3232802786
109284715.7094880790 3521.9874241110
109315591.0357717872 3569.7984897848
117665659.6867329180 6241.5173511505
109205137.1578130126 3451.4903634228
109042498.4444353431 3280.7834243216
108452640.0449586511 2686.8493332680
114310909.8186926395 5934.0715484619
108265486.8475961536 2482.2399544533
109671978.7453543246 3841.5814624475
108755275.4088599980 3027.2978752308
112641714.3451516628 5355.2751533166
109453748.6136569977 3687.9891930865
111441840.1209227145 4811.5679771275
114018086.9403001219 5856.1003513336
109519547.2290650606 3732.7749940204
109698907.5458350927 3868.9119807482
109409546.2338864952 3601.0884190844
111520492.0256860554 4849.6835327456
108389941.0728251338 2605.9425797280
108524529.5315852612 2808.3775871448
113723491.8628963232 5763.5034847260
113938216.5652021617 5810.3401317596
109559470.3808005601 3780.5860596942
111038602.5169265121 4634.3053749204
109406668.1525854021 3598.8007165240
108824992.8867918700 3043.1789416708
109300494.8138256669 3547.5000754949
108463404.1833511740 2687.7826596029
109654642.5207768381 3819.9491938353
109367659.7986494154 3578.4048571910
110145022.2962234020 4140.7422984658
109542134.1562230885 3758.9537910819
110030508.5620123446 4048.1454318581
110861951.6973195672 4526.2400226835
110635986.7332377285 4416.7798786405
111716308.3467342108 4928.8433252275
110468414.0679774135 4312.5079523921
110588041.4005514979 4383.9197212160
108959984.9279380441 3204.3061682563
108613960.5374094546 2900.9118331649
110822892.6660605967 4525.8764798585
116256489.2448788136 6216.5257110596
114899111.7848671824 6081.4305763245
110765524.1978889555 4462.9403503537
112198417.5907753110 5154.3198010810
112145781.7341965884 5118.4092219421
112876141.8669563383 5441.3825900387
108590225.3215115368 2865.1754855132
108918015.1185712814 3151.1064096441
109026903.0913464427 3254.6713249754
108963422.7493324727 3241.4221311560
113713345.8470912129 5739.9609947205
109015431.2277279049 3247.6422220221
115331566.2102797180 6175.7548179626
113954639.0153933614 5811.6832408905
109538046.3466132581 3743.9320880817
112538766.9078854769 5297.0947949240
113523839.5738088191 5679.6117372513
113229244.4964050353 5587.0148706436
114769717.9210465699 6070.9823570251
110765065.7674007118 4451.9864463499
112990540.7916524708 5486.9274559021
110670293.3979419619 4419.1105041197
110705096.8353256136 4428.3714179685
113972373.1360511631 5811.7052211761
113407946.3373887241 5624.9698438644
113246978.6170628220 5587.0368509293
114787452.0417043418 6071.0043373108
111802974.0674197078 4997.2731520850
113541573.6944666058 5679.6337175369
112017379.9029123783 5089.8700186927
110815509.3082242012 4492.8804105520
111837777.5048033446 5006.5340659339
111760107.8292144835 4957.0457274634
111999780.5128747374 5056.0796324927
113625010.2466992736 5708.1465742588
114292259.5354040414 5914.8685798645
111734712.9841540158 4938.9428780600
113455564.4166723043 5663.4298019409
113384914.9566691518 5613.4291784763
111744523.7800723314 4944.6992346961
110798253.8284571618 4476.0171331167
111785999.9131847620 4969.9836356360
110578574.0087400675 4365.0582110584
110395570.6106776893 4272.4613444507
111752897.1768503934 4946.6194884498
113512468.3566381484 5670.6600599289
110457047.1784196794 4305.3372866809
112956926.8923570961 5470.7266468778
113130502.1472876817 5548.7692875639
112208951.0337368250 5170.2297754511
113466451.0487390310 5664.6526143551
113195966.8954529315 5562.1568177938
110256020.4897835404 4196.4913627803
113452629.0760893673 5658.1364898682
112669849.5161514282 5361.3563380018
112535328.2925486118 5291.3434541225
112259438.2880154550 5181.9150172472
112820082.0064773560 5408.8185231686
111439430.7126687765 4811.2169997413
112158421.0949182659 5124.9710528851
113097591.4652511925 5508.7615814805
113172067.8028260022 5555.8787677288
112721650.5420937240 5380.2618829012
115843603.4024159163 6187.2050971985
113016022.7624029666 5498.5016791821
112763748.8235809803 5398.3922841549
112378492.3627456278 5240.9319993258
112798552.2609646320 5407.6531980038
113050826.1997866184 5507.7625930309
111599302.0842420459 4897.7745396812
111592659.7950464487 4886.9054066855
112029824.3674135506 5111.5083640814
112443971.3121218681 5258.7825042009
111548213.5085410923 4877.3867690284
113106782.4903469831 5513.2527073920
111193700.7293460667 4685.4430491645
111357502.5091729611 4787.8715016562
112834666.4284609407 5441.0625268221
112550646.3562176973 5300.3040562868
113583545.2726713717 5690.0230829716
111690309.0208377838 4922.6243505701
111231497.9264589250 4693.3740600422
111187022.8953598887 4682.7928832844
111324860.9782863855 4745.3521435235
112505035.4110906124 5288.9638472795
111027490.0687894225 4584.2800897434
111347650.3557410091 4776.4269462982
111349184.6797934026 4780.4184103701
111186299.9841895103 4679.3058350608
112757309.3499125987 5389.0732423067
110997232.2553573549 4580.7930415198
111151496.5468058586 4670.0449212119
111122542.3583369851 4659.4637444541
111026444.5714236200 4582.7740010247
110945151.9767942131 4540.6962549686
112812018.3360268921 5408.7603951693
112481268.4451139420 5270.1730262041
