117257232.3384809196 1180030.5371093750
117109123.1375548095 1179824.4125976562
117143249.3247255832 1179997.5800781250
107039279.0797393024 969633.0629491806
101241062.5814561248 780819.7050236166
121203162.1537556648 1205523.3916015625
121238049.0519728959 1205528.9165039062
122063228.3430683762 1206581.5756835938
121681475.8890632689 1206018.0571289062
120972847.8488829732 1205128.4189453125
121448125.0932656527 1205997.0083007812
120756532.9490827322 1204491.7373046875
100038150.2136738449 717900.3978426468
116582867.4495319277 1170958.0239257812
105029078.6334426850 909976.4471447095
105061135.8903889507 912468.8384761214
102462635.0275323242 826520.8386924681
107855665.0683103353 996106.6296168566
108506272.5197483301 1009272.9745570421
109640799.9987541437 1036697.1749808788
110185454.3665430248 1046254.0209913254
104904459.7685606331 907328.9332876205
104639661.0075789243 898271.6682719588
104791751.2077765316 905985.9758891463
104502349.2327151746 894927.1015319228
104590612.9803774655 896582.3197936416
104339567.5329197496 887459.7817077041
104172718.3033821881 881105.7348793745
104442914.9744964689 893902.7602834702
104271266.9382873029 885603.8347157240
104169295.0665923208 877992.9531545639
104401488.5266022831 893723.6557912827
117076489.9060335904 1179360.9716796875
117072356.4675784558 1179328.4775390625
117080076.8909227699 1179473.9023437500
116826960.2023067772 1176697.2900390625
116770011.4322312027 1175933.4179687500
111789370.7003512830 1081398.4244194031
111857724.0128327161 1083223.7958984375
117677551.8604643494 1186844.6030273438
110190579.0247287750 1048400.8729810715
118695681.9523654878 1194816.0551757812
118779604.8240637928 1195365.9077148438
118858105.4374008477 1197456.6870117188
118948842.4945375174 1199203.2109375000
119054919.3469353765 1199629.1459960938
118961198.2745313793 1199368.9384765625
118353736.5711753070 1192928.7734375000
118230510.9189057350 1192385.9003906250
117377538.0015127063 1182220.1572265625
118556436.3988440037 1193062.8271484375
118279707.8279141039 1192441.6440429688
118170159.9436185807 1191301.7431640625
117459990.0027319938 1184379.0507812500
117272618.0532110929 1180676.7080078125
108527221.3394372612 1010390.9353215359
108373224.2132027298 1008255.6837202311
107795383.5497020781 992431.1622358561
107689306.6973042041 991823.6983686686
108014770.5372533500 999511.6792637967
102441836.6745550781 826028.2950624675
102126676.2316233665 816052.1446222514
115899385.2952700108 1162186.5859375000
114738937.5522914231 1141290.1723632812
115000852.0027991682 1146403.3674316406
114926697.7539133728 1145512.2050781250
114385654.6246198118 1135114.9907226562
114902133.3540782928 1144950.4814453125
116013773.3782946765 1162953.9975585938
115468483.1634802371 1155303.6899414062
114892675.9726295024 1144891.8632812500
111857886.6716452837 1084614.4833374023
120751316.8124915659 1204390.6479492188
120552825.6668951213 1203934.8320312500
120525093.1225069761 1203835.1337890625
119797461.6596055925 1202248.2109375000
120034490.5903553367 1203147.8974609375
119661208.1482993364 1201941.6542968750
119746295.4558492303 1202078.4594726562
119674607.8191555142 1202032.5195312500
107742769.3786439300 992228.0876678824
107796837.0088218749 994642.1554982327
107495501.0416292399 988124.0134083889
103162616.2469699234 842859.2735134512
103195834.7146849781 843452.1000029594
103259438.6781634539 844929.8619549074
101807013.7826955169 801061.9529380468
108444586.2782845050 1008934.6904630661
110398351.0153089613 1052311.4055023193
110961907.3436787426 1064184.4998321533
111835655.6777970940 1082136.0449218750
111829658.7117363065 1081731.4762573242
111068718.1547610164 1067934.7965698242
110353719.8170851618 1051893.0680999756
110235525.7131669372 1050038.8799743652
110498096.7240106314 1057569.7740497589
110979526.1349047571 1065879.3682880402
107107166.2261009514 973537.5293468777
106388558.9651896358 956296.3253602982
107062750.9363817871 972942.0107921902
106054781.8182500154 948484.6993837357
109951122.1945266128 1045182.7513637543
103965560.6227169931 872764.4550893307
101564381.3235404640 799819.7036864576
116382075.9347944856 1166132.2424316406
115677837.3174928874 1156298.1257324219
116389130.9454737604 1166420.8142089844
105548359.4925587922 928257.5365441144
105512712.7792712301 926835.8063397408
105414278.2757961750 926351.3078045845
106379486.8565455228 956073.8302431107
114184811.4895211160 1130176.5639648438
114110328.1435090005 1129205.8024902344
113545519.3237822950 1119238.3208007812
113291027.9829397649 1118437.4238281250
113594054.9084507227 1119238.3286132812
102374441.0304241925 824341.8699251264
102324321.3464542031 822437.0432978719
102273093.4952597171 819925.3565984815
101383832.9967207462 789331.4880031347
101468525.3319462389 794810.3271124288
101358323.1078636199 787052.0356085226
101477598.2591864318 794810.5341436788
101433687.0275242627 794809.2138311788
101415328.2408570945 794681.2431280538
101140255.0030162930 780117.0328089073
100939827.3311434537 772520.1902497336
100881564.9787039459 764012.2797919214
101029369.7791836113 773398.5564606711
105269752.8374038637 920663.4899849892
105368220.7128602266 921259.1813912392
112558897.0320618600 1100473.8997802734
109107320.5519236475 1024100.7457515299
100498444.0548044443 743396.4797780663
100417999.5552625358 740804.2659719139
100391534.5044333637 740738.7566945702
100261911.7059839517 728809.7600040564
100311524.9799322188 732209.1159610876
99955382.5486723781 709283.0564676765
100101555.5524503738 717940.7537996781
100102453.3335846961 717943.9998934281
100003851.9169153571 717008.8231356156
100331504.3299670517 737446.5432071814
100102571.9272239208 725677.5987703812
100200005.7246629298 725970.2249241251
100167104.3060907722 725970.2219944376
100620943.1166279912 752283.0094182640
100517108.3325708658 751397.2828557640
100713048.0488124043 760922.0626409203
100878362.5079681128 763909.5159216188
100796363.8725705892 761110.8202429079
100598268.2253856212 752249.9654729515
100884155.1056640297 764146.7637500763
100875674.1499207020 763727.5208928734
100711162.2615082115 760036.4464299828
100632699.4849895537 760034.0147893578
106034828.4792125374 944430.4178230166
106542893.6827537864 959216.2253422737
107169843.8865774572 975394.7326345444
107108011.4586988837 973769.0900921170
115115767.0445381850 1146446.1879882812
116522435.0094647408 1170888.5083007812
116116151.9189182073 1164911.4802246094
115877270.9551855773 1158151.5437011719
115890270.8940335065 1159135.2326660156
114745631.7255816311 1143816.6862792969
114547536.9779669791 1136684.4179687500
116404456.0603434592 1166510.3251953125
115347927.3422715515 1151786.3188476562
114654385.5319590718 1140216.7478027344
117620660.3644499034 1186299.7783203125
116480438.7348192036 1168713.8151855469
116603977.6708389968 1171410.1958007812
116171800.4406207502 1165309.2729492188
115177637.5499625653 1149327.7565917969
115149521.6002589315 1149320.3767089844
115179232.9828339219 1150108.1081542969
115687341.9778647125 1157348.3286132812
114332060.3971917629 1133677.7915039062
113625711.6785059124 1122114.4279785156
112940619.0083356500 1107288.6773071289
112196838.7286332399 1094947.0065307617
112045773.7904036790 1091121.4111785889
112059258.7946348935 1092001.3152313232
113108921.1127171218 1111132.6269531250
108779685.2729240954 1017127.1207515299
109299530.9889447391 1028369.2046155930
109205414.3382988870 1027316.2998304367
109110907.5368128121 1024213.6651851237
110304780.8993164897 1050119.3699140549
109845514.4283170253 1040976.6349139214
109757861.4307389408 1040841.2271990776
108830221.3120155782 1018418.1717090607
108744043.0092516840 1016929.1777507365
108251548.9873821437 1004238.2203380167
108171123.4829125404 1004013.4234630167
107229443.4236537665 979202.0533466339
109384673.4403032362 1031186.9619606137
108591222.3988047689 1012541.5771949887
108989756.0247815549 1022141.1440895200
107660388.4201813191 991336.5530414581
109605851.7905628681 1035167.3860688210
109639326.6622053236 1035808.1766266823
110037005.2153024226 1045580.7684235573
109065252.8503876179 1023895.9922513962
108875600.3650913090 1020887.0228118896
107884668.4715085179 996130.5342239141
108345829.0199388266 1007560.6301152371
107844812.4631646276 994982.2736622952
107484657.2817988843 984959.8196451515
107186369.1731941849 977187.4595918655
106703735.0394740552 965219.5902376175
103908989.5878276974 870531.4326306712
103271779.7651803344 850294.5349368271
102808730.5994959623 837829.3935195804
101988237.1605213434 813367.4512846288
101553802.9524477273 795786.2244224218
101578743.8677179664 799999.2678794530
101684820.7201158255 801017.9553794530
119461868.6010415554 1200482.5063476562
103628995.5412007123 862209.1364110149
113595541.1810848266 1119328.6387939453
112891792.0062961578 1107009.2707214355
113277561.9645609856 1115901.5780639648
113927219.3741218448 1125815.2373046875
113973095.1647579223 1127499.7363281250
111046526.5361706018 1067899.5752143860
112725302.6890733242 1104909.2710418701
112079951.1364199519 1093075.6316375732
111258104.1848494709 1072349.7629013062
111274179.2622082978 1072365.3654403687
111278602.8006011099 1072794.1730575562
111140755.2834596038 1072329.1173934937
110614108.4684738666 1059568.4131202698
110567212.8527669460 1058515.4101905823
111123880.8564770520 1071142.7912216187
112523030.7815847993 1099885.0163574219
104942498.9494408369 908773.6953072548
111361019.5115859956 1077747.0256042480
109532946.8692737669 1034102.2339134216
109474899.7642154545 1033461.6069602966
109588384.9712730497 1035145.8315696716
110457614.5028460920 1054366.7756843567
111062600.8462469280 1067930.6928901672
110449224.4969730526 1054360.8044929504
109897987.2437450290 1041485.1058311462
105152874.1558009088 914999.2323403358
105163107.2203185409 915012.9784340858
105128515.2235210985 914989.9393715858
105757686.5431323647 933696.2453560829
105888228.3398580253 941984.7905721664
105876975.0956892669 941636.7365670204
105747665.5206006765 933154.0143990517
106583456.7776914686 962848.7023134232
106327483.0565883517 955847.0279970169
106268886.8060969114 955146.3390321732
106233366.4059424847 954794.1207704544
106641569.2467611283 962981.6852235794
106959680.0450402200 969602.3769140244
105800971.3560717106 935380.4388861656
105799081.0553902537 934763.6649603844
106668098.5190856904 963899.3102235794
106171033.1092773080 950531.9763131142
103870905.7678815275 868767.8492292091
103757890.8376788646 867713.5241063274
104032131.0751451403 876979.9956982769
103781409.1855825335 868225.3243992962
103548629.9804934114 861592.3737157024
102605545.9474575371 831132.8824873418
102773240.7484234422 837178.9956411459
103286187.6436225176 850703.9146849513
103389432.7450500280 853604.4353404865
102890097.4636605829 840027.8185244426
102882738.2140609771 839411.0558291301
102964686.6776464283 841536.9807249904
102601044.3909764141 830067.1578779668
102191251.4724183530 819129.9240932912
102071780.2345875055 815101.8326105326
102161256.7892905921 817553.9814774208
102018382.3687018007 815091.6167902201
103547003.9214197099 860599.8065510709
103846953.6032837182 868717.0336580276
123066892.9243314862 1207753.8510742188
123940346.0342975855 1208994.3369140625
123325507.1597730964 1208004.0527343750
124243141.4508655518 1209004.1303710938
122461231.1198353171 1207071.3442382812
122355372.0618650615 1207029.4174804688
121765926.2130396068 1206210.2641601562
122142067.4611295462 1206884.0756835938
122819700.1737698764 1207722.1381835938
122286322.6647100151 1207019.0795898438
122247341.3069518209 1206907.6074218750
123501960.9874059856 1208360.2299804688
123838088.7332111001 1208787.5454101562
124266488.1608361900 1209393.8642578125
121783916.2160455287 1206474.7041015625
123744316.7339614183 1208634.3383789062
125108608.6876999438 1210100.0156250000
124465714.5988635868 1209439.6430664062
