20549398.7899330333 0.6652628259
20491847.8936041184 0.6520004366
21223712.3575414270 1.5455709823
20974462.2325561903 1.3257216587
21579731.2029318362 1.8532591555
20731646.9249478355 1.0099048801
21332618.5039932132 1.5616187497
20482557.2861582190 0.6478232415
21271670.4483600631 1.5508304245
21156754.0627911165 1.5247692602
20624356.9508883953 0.8341192966
20990336.7855036743 1.3393615688
20785410.2971096225 1.1668256018
21425916.0788552016 1.6977559733
20552423.2429930940 0.8098149704
20852368.5918599330 1.1876995174
21403803.0102710500 1.6945886664
21484723.3572584763 1.7160148283
21528850.8754418753 1.7252948824
21449594.7628940605 1.7029161357
21488292.9943679646 1.7171793561
20951156.5219855942 1.3244174990
21197992.7233714312 1.5374814504
21337571.5066465475 1.6816899820
20783388.6759354994 1.1528091106
20545568.1079865284 0.6617916514
20602714.0855958462 0.8199769832
21463224.4659418315 1.7125125160
21304586.1581887566 1.5554816606
21104408.8325865939 1.4969379407
21122394.5547845177 1.4974249530
21126521.9011707455 1.4986737374
21049864.8042495213 1.3599698108
20933122.2897736803 1.3243066700
21640336.6162836179 1.8608882148
20481261.2749475092 0.6462305545
20430573.1342080012 0.4832025322
20457238.3867173046 0.6382065820
21026021.1938999146 1.3405042312
20901004.2720630467 1.3243027172
20827024.5299344733 1.1668258523
20615952.6569219567 0.8280561147
20762292.1986468621 1.1526943288
20839177.4537615478 1.1668287903
20700465.3803453632 0.9952204019
21569911.9621087760 1.8490819605
20455201.9033592269 0.4895077425
20677159.6697747670 0.9910400184
21028595.8670219332 1.3523514108
20482440.4951827228 0.6464416157
20445324.1968408413 0.4868561346
21400734.6968131773 1.6895088652
21714661.4230490550 1.8741000779
21731101.1430957466 1.8871237859
21547798.8935246244 1.8399695330
21794176.6793618947 2.0101798773
20982906.5094992109 1.3390958952
20566382.3562984057 0.8101335008
21663532.6889120974 1.8660103101
20721734.3175729513 1.0028660086
20569640.4112543687 0.8194316300
21103504.1917628944 1.3602728621
20632662.9542384893 0.9817418893
20528129.8527054451 0.6576259549
20417596.8856772669 0.4798319645
20393994.8905064091 0.4746626232
20408189.4872558713 0.4767638679
20508433.3984015584 0.6564477263
