99590126.6207036972 1206392.7402343750
106001332.0481560081 1349368.0312500000
106042935.5648682863 1350489.1289062500
105544322.3603782803 1344427.4082031250
97956870.1694625318 1137061.8642578125
97715920.8541104347 1121460.0996093750
95694159.2346559614 984838.6918945312
95520649.2724006176 975248.1313476562
95457945.0202385783 971899.8657226562
96411906.6035494804 1040718.0000000000
95998330.2306248397 1010563.9726562500
95774178.6922385097 992162.6767578125
96320627.9150028974 1036020.2148437500
96027001.3494404703 1018229.0922851562
96291940.1877950132 1034242.4101562500
96002375.4495902210 1015136.1499023438
95913203.8698617667 1007130.3334960938
95974511.2045728862 1010549.8574218750
95943221.7509611249 1008679.8041992188
95818125.4875832647 1001207.0190429688
95948793.9529612362 1008964.8901367188
95806357.7546799332 1000378.8491210938
95784591.0832562149 995911.8491210938
102957569.5086688250 1306319.2187500000
102245540.2241675556 1288468.5556640625
102310502.2912948579 1291980.0585937500
108362725.4766002148 1363275.5039062500
95712257.7178880125 988495.0371093750
95575540.9651191831 977209.9067382812
95197924.8648853749 948007.2407226562
95306288.7573831379 959025.5058593750
95117283.4077305794 944651.7060546875
96463871.6204923242 1044198.9335937500
100910813.4513677657 1250613.6386718750
96224224.6812279969 1029460.8007812500
101540790.8723469079 1268885.6591796875
101267950.7486893833 1259859.7373046875
101457911.3778361380 1267219.2939453125
109658335.9044585526 1367638.9746093750
96905826.8461355120 1074208.5742187500
97331829.0816385448 1098772.7138671875
103372736.5523303300 1310258.1113281250
97073506.6330389082 1085425.8691406250
97110744.0420302451 1087364.1347656250
94969810.1959622949 931400.8378906250
95021965.9132205248 937668.6650390625
95088546.6374617219 940902.5541992188
95259788.3881286234 953233.0454101562
95112923.4031436145 942728.0122070312
95428569.9059911072 965859.2797851562
95237960.5447319448 951450.1875000000
95398899.2671538442 965412.2397460938
95079862.0494578332 939985.5610351562
95140253.3085370064 946987.2641601562
95020051.8387558460 936272.6645507812
94905783.6794515848 924866.0590820312
99900058.8645236045 1218639.3691406250
107984243.1363486201 1362529.6914062500
100445911.8440956026 1235133.0048828125
96529877.6306613535 1049169.8623046875
103684786.2472050637 1318036.4921875000
95619124.7261815518 980727.7055664062
95724629.2414611280 989869.5385742188
94751257.7543233186 903882.4750976562
94703803.3783974946 895882.0952148438
96961088.5827368647 1078673.8271484375
96861619.4670802206 1073436.8701171875
107195316.9234608114 1358430.3652343750
95541471.9479831308 975366.5312500000
97933078.2849311829 1135017.1416015625
102018972.3512626141 1285396.2568359375
99466277.9093274623 1205190.9052734375
95827723.7371160090 1001311.0756835938
96264912.0400856882 1030921.3447265625
96352404.4193404913 1036097.8417968750
96673285.0952831805 1058321.6992187500
97315243.7977030575 1098018.6806640625
94262205.7557797283 822378.8369140625
94406110.3564832658 835941.6293945312
94296236.0628794581 823285.7519531250
94380682.4589789510 828501.2592773438
94448699.8826825470 841777.5888671875
96094191.6216487288 1019075.7685546875
96144489.0321631432 1022990.4365234375
102038415.8542766124 1285495.3388671875
94501640.9052460641 855531.1201171875
94915091.8083001524 929411.0156250000
97778451.3733877689 1126101.8808593750
102737126.4622396678 1299059.7812500000
106037213.1455813348 1349962.6699218750
106238909.3628757000 1351795.5585937500
105557984.3208249211 1344598.5546875000
109029549.6483602524 1365034.5664062500
107630358.3330684006 1360294.4003906250
102701503.2051968277 1298851.7011718750
104733313.3744814098 1334192.1503906250
97488508.9345053583 1107526.1015625000
99934609.3342796862 1220634.6660156250
98575901.5486824065 1163815.3505859375
103777353.2927791923 1321497.9199218750
105394577.8508961499 1341638.7734375000
100459821.8212282509 1237484.6552734375
108762546.8482829928 1364983.3203125000
108132413.1009907424 1362872.2324218750
109728801.5597154945 1367724.4277343750
99605759.6614250392 1209114.9287109375
100721709.5561163127 1246207.4316406250
102744361.2639198154 1300003.0390625000
109924515.8495194465 1368335.9804687500
106445127.6953556687 1352017.9746093750
98393072.6500250399 1162579.4804687500
98347737.5592335314 1161597.0488281250
98267209.0890665650 1154463.6992187500
98189955.0221872330 1151245.1435546875
104230476.4039956927 1327826.4492187500
99466259.7607078701 1205106.0205078125
108402932.1233076304 1363534.1601562500
102438995.8536883891 1295243.7656250000
102383217.1025913805 1292804.3046875000
108597559.0548430532 1364699.4101562500
101506596.9922370613 1267916.3769531250
104750625.4177540392 1334197.7441406250
100321962.6149324477 1234385.9257812500
100170987.3341470361 1226082.1923828125
102671942.1115504205 1297400.6132812500
102685451.0304780602 1297447.5957031250
100574204.2218727469 1238627.2744140625
94588412.2331913114 877469.5498046875
97467821.6318892390 1106443.7431640625
98932325.5754915178 1184882.7587890625
94778190.3052814305 905239.1054687500
94796848.3575711101 908095.7675781250
99890746.1700128615 1217230.3701171875
99540173.5098100007 1205838.6611328125
107649502.9017332792 1360303.9921875000
97512256.4185833186 1109687.5595703125
110930753.1164892763 1369907.7851562500
110358044.0689599663 1369893.2871093750
102863477.0988880396 1301811.4707031250
102926384.3733547926 1302609.0996093750
97356083.6040737629 1099931.0693359375
104602780.2492022961 1332798.7792968750
105085761.0742321312 1338410.7128906250
101337036.2046776116 1263541.7910156250
103078828.5532832593 1307578.2343750000
96176678.7726965547 1023325.1025390625
106448999.0062998980 1352836.2402343750
105811795.9635647237 1347118.1445312500
105692170.7632061094 1345830.4355468750
104982243.9731632620 1338073.7753906250
106935245.7143222839 1356477.3535156250
99738726.9781459272 1213135.5732421875
99771372.3574041128 1213562.8427734375
99404110.3335586041 1202974.8476562500
107736507.2327830195 1360842.6328125000
107843102.7675783932 1361104.4667968750
107675823.9525012076 1360452.4101562500
102895688.0058249682 1302423.9121093750
104853674.8026469797 1335465.4257812500
101891293.7232983112 1278791.5078125000
94658807.1795637459 883895.4594726562
94689897.2249366194 895435.8208007812
94859353.6047807336 911638.6982421875
94729073.7895547003 901661.4121093750
94887412.4771765769 916038.7812500000
104885743.9367732108 1336065.2597656250
97537914.6302935183 1110754.7294921875
100296191.5596008003 1230000.9658203125
97574357.6576176733 1116690.7919921875
97401856.4973592907 1106096.6875000000
104911191.6395328045 1336164.1289062500
104914293.2924593538 1336178.7988281250
95390914.1294745058 960925.8896484375
107014543.0595457107 1357124.7988281250
101096058.7874878645 1256915.9482421875
100877885.3387780786 1249226.0966796875
100985704.2068706155 1253708.6933593750
106658554.8219750673 1354372.4921875000
106631080.2739080191 1354287.9316406250
98467826.5695618689 1163161.6542968750
101032286.4126977026 1254797.7207031250
99302558.1358563900 1197864.2998046875
98171383.9503245205 1146294.9863281250
99820570.8632492274 1217098.0205078125
103511822.4525146037 1315223.4179687500
103455134.9487242401 1314942.2441406250
100298361.5563632846 1231588.6718750000
100236712.9479776025 1229876.8525390625
100456078.1756059676 1236200.1376953125
99951794.6379365176 1222502.6953125000
105793479.6530109793 1346066.7070312500
99795617.8200637847 1214505.7460937500
109474715.0399331450 1367024.9687500000
100806480.2134319544 1246864.3007812500
97775142.1921067685 1124651.0859375000
106616797.6825512350 1353714.8203125000
105502627.3696319163 1343888.3105468750
101969034.0331352055 1282974.1220703125
101714693.5877084732 1276103.1591796875
110120261.3107162416 1368632.4003906250
98152430.0290836692 1144359.4443359375
107287960.8048157245 1358884.3125000000
108520186.7762362808 1364285.9687500000
94677498.9894763380 883909.5693359375
96487760.2736965120 1048034.2021484375
96642602.8030727059 1057957.6044921875
96686888.5589824766 1062246.4287109375
97067925.5487192422 1083854.6328125000
98610492.1886573136 1169504.2070312500
98756329.0971167535 1176481.7753906250
98684108.3632686883 1176163.9238281250
107199174.1149438471 1358481.9531250000
94870759.4644615203 914208.9858398438
98045330.0398781151 1139155.8925781250
94509244.0138894171 857412.9570312500
99323191.4588074833 1201294.6044921875
99227955.6440599561 1196653.7402343750
99053982.4409288615 1191225.1464843750
98681041.3905748874 1173961.7802734375
99032854.5276866406 1186703.8916015625
96992596.2713236660 1081820.1806640625
100590348.0360942781 1240867.9277343750
94428003.2980807871 838524.3886718750
109652322.8079795241 1367435.4140625000
109571260.1975309998 1367283.5527343750
94513882.0944511741 859144.9672851562
94542070.7945266217 867867.6240234375
94558872.6798958331 871342.4404296875
107963412.7545952648 1361273.2148437500
103711446.7874189615 1318695.9023437500
104426807.8835269213 1329423.9570312500
109057083.4290043265 1365183.7988281250
94442722.2962244600 839057.5366210938
94490611.6994932741 847157.9506835938
94499891.8066661954 848755.7700195312
103873711.8865326047 1322293.3867187500
105320706.6098248661 1340114.8476562500
107159161.5913524628 1358088.3652343750
107107161.1903617978 1357930.6074218750
101704273.0148044825 1273104.2070312500
103809172.2004355788 1321660.4003906250
96486662.5249702632 1046104.4609375000
101316294.9613627791 1262327.7939453125
103603216.6890751272 1317883.9453125000
94800384.7778097838 910787.5947265625
100634527.0474991351 1243253.6406250000
96380359.1533993632 1040586.5849609375
104309593.3131756485 1328182.7871093750
103519096.7378259897 1316848.4101562500
102795158.2412321419 1300491.0234375000
97492001.5590330511 1108827.6855468750
97374585.0932767689 1102618.5634765625
103649647.5934110731 1317937.5156250000
104521658.4363100827 1330246.6328125000
103991640.9496446997 1323130.3164062500
103967255.2603916973 1323116.0449218750
103424699.0543530583 1313761.3066406250
103038174.7080592066 1307553.8867187500
102201086.2242721021 1288237.3281250000
102170063.7117167264 1285731.1269531250
109050286.8069431186 1365122.9003906250
104459508.7195575833 1329843.8554687500
105185728.2592530102 1339541.1835937500
104776647.9382608533 1334756.2500000000
101217931.5868554115 1258708.6894531250
101819285.1420529634 1276683.8867187500
101646896.1922809482 1271089.5488281250
96931558.3762780875 1076947.4707031250
97254284.9403691590 1096232.2675781250
106558344.8949887305 1353578.9375000000
106749146.3513568044 1355484.2968750000
100105914.2391415089 1224120.4785156250
99798679.1524307579 1215900.3671875000
109102715.8741600811 1366053.6621093750
109372323.7271836698 1366358.6152343750
94584039.8583079278 874704.1538085938
94584966.1724116355 874816.3442382812
94621705.6460374594 880976.6870117188
94725883.0383575857 895940.3964843750
110165786.5052817017 1368770.7011718750
96888197.2577218711 1073602.1542968750
96860931.3217030913 1073428.5693359375
97203187.5149932206 1091718.6416015625
96628266.4285878390 1056915.2441406250
98865271.8311712295 1179310.0576171875
97018388.6417475790 1082035.0332031250
96764532.1764551848 1067080.8984375000
99225370.5018564910 1194794.9775390625
98965436.7038224190 1186446.2568359375
97862185.3668300509 1129329.8330078125
96800917.2993867099 1068598.7470703125
108436659.5126950145 1363647.8476562500
110122369.8839007467 1368743.2656250000
98069089.1155887991 1141369.0468750000
96725413.8537812233 1063114.1474609375
97852328.1828082651 1128415.8554687500
100415723.3733214438 1234388.6093750000
100034023.8796907365 1223037.8662109375
109897164.0953078270 1368008.5175781250
107728688.2952024192 1360556.3046875000
