100706495.8776781708 104.0578583428
100940815.1070711464 107.3886247231
102979620.2440570295 135.6221345365
102765343.4503067434 132.8385204226
102496771.7108565271 129.0969170481
102653479.8846272081 132.7518472224
102590550.7479239404 131.0118157268
100846402.6308962554 104.8556616260
99727270.4645591974 82.5608302320
102774642.4049608707 133.4160827473
102833842.9813887030 133.7886502743
101453636.0848173946 116.6377982620
101529101.0375263393 116.7118346933
101316606.7181097865 114.1518976623
101119944.9481499344 111.0535472194
101433042.4086117595 115.2915960802
100773702.7048355043 104.6609002666
100608469.1899026185 101.6462784227
100479777.8045216203 98.6040365654
100546167.4475649893 100.3354511964
101344632.6475733817 114.3192711874
101380175.5430969149 114.5011404620
99349868.8720638603 72.7128498684
99463862.6988478154 75.3664878930
99057709.4324009269 60.8312711015
100418761.2318482101 97.4333706761
100283994.7265548706 94.3619297436
103570539.5697275996 141.2187187076
100022665.6623926908 88.9118330728
100015646.5395782441 88.6332930436
99934516.5096313953 87.4831677517
99982876.2298666984 88.5204699105
99929110.0222071111 87.3291772073
99197381.4428156018 67.0106433159
99294183.4278435707 72.3165063585
101184385.5301418155 111.9985490023
106640653.9182078093 150.1840534806
106516275.4236608297 150.1796973944
100322245.7907504886 95.4815431898
100019178.8410389274 88.6452637976
100166457.1899480075 91.9341822217
103774091.2756094337 143.0910771787
103958756.1423373818 144.7630679905
104061830.5602768064 145.5074829459
104387222.6759943366 147.5937439799
102110305.9420501888 124.1552212776
102263828.8939199448 125.8187266961
101832235.3606711924 120.9028368389
101577945.7987011671 116.8972488527
102157916.4268190563 125.0859207660
101714815.6951179355 118.8134554634
102025345.7128215283 123.0438022325
102098513.7215079069 123.9696721448
101410470.0136312246 114.8983340857
98897755.4457381517 56.2837696834
99864660.9737601876 85.7606424807
99848110.2143001109 85.7368084779
99996849.0788065791 88.6212562909
99748889.2991742939 82.5811155206
99889177.5002241880 85.9454705408
99898816.8182316869 86.8420297494
99784903.8898852617 85.5441524377
98945653.9007942528 57.3178820246
98967477.3681218773 57.4458196023
105135340.0205073804 148.9497307539
104179175.4093859047 145.6369425654
101626923.2363492399 118.2976907605
101725207.0846188217 119.3153590737
101335715.5042240322 114.2116109021
99516665.5705614388 75.9052975115
98600141.0136583447 39.0520176771
98757093.5669513196 48.0584030777
103613216.8439196795 141.8202991188
98881310.2071916759 54.5189766634
98835802.2752506733 54.1988558797
98897766.9760715961 56.8781018732
98803318.7036278099 53.7871500579
99329643.6755930036 72.6486548509
101716099.2441000789 118.8435832927
104549430.2327142358 148.3035045862
104946168.3221754134 148.9389492273
104801116.9039234668 148.9281641245
104757105.6390181929 148.3245848715
104472031.0905717164 148.2439843416
103421142.4214991778 139.1356138140
99707033.1145956069 81.1390510439
98608549.6767207980 42.0604183701
101876937.9193334281 122.2021129286
101839332.2663993537 121.6008502400
99583334.1408693045 77.6773415156
100851376.0069083571 105.9640509142
100311797.5485158116 95.2237834454
102072935.4201280624 123.9535659971
102301410.2451011240 126.2314995985
99661897.2552814931 78.8607388542
99658917.9767818600 78.7825169260
100145777.1349155158 91.4325799039
99980321.9945390970 88.3700995734
99117793.0121825188 63.8528624438
99751487.0942774713 83.6818412608
101923200.3490441144 122.3395048231
101978504.6902382225 122.4511425644
99442037.7782798558 73.2247225008
99451125.6837136298 74.5252981136
99442471.0168946981 73.5438315710
102365858.8517345935 128.0788248256
102742750.4566978365 132.8370096236
103059076.6372068822 136.2262822092
102858476.2921718955 133.9540512264
102899832.1570239067 134.8263634741
101116457.3403780907 109.8331388837
101236122.9878825247 112.4913154198
101270957.4953042269 114.0402599210
101546392.4530896097 116.8114147895
98797517.6344953179 51.2412477433
98790670.8452087939 51.1789596900
98777592.5491906852 50.3989289840
99185176.4767942280 66.5448309350
106653376.5219888836 150.2943964601
103870861.3912484646 143.9894186258
104195400.6940281689 146.2205325961
102484489.2904601991 128.8597451327
103262343.3499407917 138.4312868714
100046936.2030075788 89.0078183487
102033473.5507944375 123.3145000791
101999076.9259298593 123.0428739941
103460341.1004536748 139.6016634405
100243566.8490590602 94.3404492801
99673433.0267826319 80.5443650850
100366729.4422796220 96.8081961643
100237615.0638604313 94.0410150876
100417291.6384888440 96.9129447034
100193578.4383287877 93.8365941634
107561902.4530656487 150.8636128306
98994581.8337880075 60.0508608416
98997347.6529281884 60.3388331233
103976664.3178666234 144.9449383616
102652589.4322174489 132.4722833037
102498847.3104582578 130.0196389407
103237724.5836173445 137.5856916532
102968411.2230022252 135.5404287800
104074769.8890962303 145.6137930155
103962576.9728657007 144.8054451346
105440252.3510771245 149.9091816843
105272097.5988262296 149.7322500050
105173581.4607425779 148.9954383969
103983587.1320046633 145.1872027516
100495042.6852614433 98.6834370228
100816066.1326781362 104.7111987694
101092821.9005053788 109.7631724020
102443767.7137127370 128.7394505218
102369454.5986186266 128.5994078368
102576299.3331483454 130.1300322562
102476386.2011552006 128.7970365435
103018447.4829894006 135.6592921317
100542446.4568078518 99.8514275514
98995618.3265586495 60.1760513312
99193814.9825179428 66.5658808525
99148659.1522780806 66.4238857289
103485480.0632230341 140.0662548244
99230732.8036710322 69.3049268429
99275368.3194879889 69.6264693308
101185908.7111843526 112.0954791731
106404255.2929708064 150.1049168110
105762172.4545587003 149.9646267891
105927159.5026354939 150.0339210629
100098820.2549533993 89.8885417726
98772677.5541017950 48.3633940247
99611477.6588038653 78.2407054149
99584030.1526684165 78.0912750978
99428387.2704050988 73.1119798359
99379388.7732902318 73.0498965110
99496484.8812867403 75.3818925942
99276920.9401513040 70.0468259287
99220366.5546754748 67.3336376679
99123984.5973600596 64.2362583177
99097414.0183450729 63.8526925917
99063424.8302478790 60.8335695292
102304636.7957786024 126.3019896518
102307523.8722248077 126.6651941314
102357043.2611290514 127.8939412311
102360165.3500832915 127.9939121380
102266586.7651834935 126.1345363632
102179762.5587652773 125.4961436167
102597908.7252164632 131.0325981380
102238596.5145459026 125.7960389629
102195591.9894390553 125.7833072320
101818368.6346010268 120.5136443982
102279806.9910754561 126.2068696991
102236926.1466167122 125.7955024615
101755772.0024922192 120.4919665014
98704244.3483615220 45.8646549778
102569289.1424411088 130.1135520516
102137184.3596286625 124.7543120108
105566238.1475743353 149.9548032880
105316383.4356709421 149.7421481311
105207999.8638283312 149.7205851972
105139207.6665518135 148.9659970999
103238034.7113605887 137.7594416663
102937388.6496800333 135.1836005375
103108588.9392479509 137.2861975953
103054591.8013414443 136.0348036289
103298648.3034489900 138.5238510668
103181218.2555089444 137.4295333922
102917508.3099925220 134.8278713822
102607842.9065245986 131.7129955441
102881357.9073255956 134.4308260232
103732840.2873329669 142.8758494854
103673377.3632791042 142.1382973194
100113474.4119961262 90.0868097387
102030240.8182541579 123.0793822386
99558796.1904999316 76.5499751534
98753173.8267031610 47.7903717667
98986127.1920346916 58.0684654919
98882277.5802020580 54.6338501060
99049257.8825372010 60.6479379855
98985065.1364455223 57.5097082382
98689832.4560149908 45.2146349074
98675713.3991106898 44.8669908820
98717460.9727526903 47.7590958541
103914216.8413872272 144.7256750762
103708381.1965713054 142.8383296728
103309406.0843160003 139.0458438545
103501460.8576131761 140.9959866107
103776129.1377529949 143.7253858745
103864565.0877684802 143.8371075392
103934197.9949343652 144.7564212978
104274394.8351477981 146.9188668132
107029271.6167074293 150.7819755673
106725681.9082462490 150.3468684554
107347459.2452447861 150.8527234197
99665615.5328660160 78.9948141569
102322609.9483850598 126.8593533223
102325770.9917305708 127.8341294847
102266148.8916731179 125.8874098747
102059551.0658936501 123.6402335418
100888596.4828401208 106.2666476620
100905208.6580055207 106.9936358882
100959058.5369140059 107.8661431921
100981365.8470173180 108.8341809651
101138558.8598658890 111.2843559390
101039837.0060561746 109.5017914427
101235959.6422317922 112.4690625025
99702162.7689431012 80.8553635128
100529489.1749297231 99.2298286506
100702966.4598182291 102.3248977610
100484172.4223332554 98.6459488976
100606946.0088600814 101.6298357951
101614316.0758615136 117.8657872972
99874340.8076097816 85.9121983862
101584063.8910923004 117.3616848999
100696673.4070159644 102.0271783685
100671379.3574551046 101.8355281418
100066866.7273356766 89.3710785108
101625997.1655108631 118.1883790562
98884406.3014663309 56.0866587393
100173712.1313559562 92.3608085570
100073496.0146345645 89.6349087922
99639482.3679770231 78.7167193017
100009710.6617194265 88.6248375316
100125149.3727553934 91.3229053457
100097701.2744396776 89.6373980409
106799593.2664627433 150.7060012221
101614238.9950520545 117.4085300678
102122271.0513814986 124.7491172803
102117634.5905376971 124.1751574300
103448373.9226479083 139.2005362809
103469321.8212215900 139.7281146348
99963428.4570318311 88.3554760506
100112393.7442453504 90.0259663902
