90427483.5374411345 675611.9729003906
90818200.5669342279 732895.3564453125
90801079.1509858817 730473.0000000000
90212820.4210097790 631326.8452148438
92032907.0646749288 817197.0908203125
89706735.3516904265 443166.1597290039
90649888.1336486191 710433.0507812500
89904145.5294664502 546077.5998535156
90393684.3177788258 670323.2375488281
92252564.3208281100 824970.3144531250
90242057.0501940548 638954.4211425781
89683030.0429921001 424649.2949829102
89692482.7310950309 433646.9810180664
89693320.7544666678 434109.1206665039
89706000.6451745182 442711.2361450195
89701620.8267931193 436473.7407836914
90140132.1126218885 614429.2213134766
92507491.1631352901 832966.1884765625
90314653.6950690746 654332.8647460938
92039614.9865409732 817283.7519531250
89691278.8411293626 427416.7017211914
89703620.6256715804 437854.6965942383
89715605.9562365562 452408.2278442383
90197304.5969019085 628566.3833007812
90158094.5689094812 619738.8557128906
92231862.7260093242 822919.7773437500
91640514.1628262550 796446.6074218750
89818670.4801619798 517439.0561523438
89834048.0332118869 520023.1175537109
90669282.1503358930 715724.0439453125
91461846.8046298176 788299.3789062500
91201143.1102015078 769304.5190429688
90738725.2512985319 724504.0092773438
89920681.1785016358 549323.2008056641
90652508.8014806807 714206.1801757812
90944119.5998579264 748253.6557617188
89790102.5787471533 500798.2063598633
92512505.4554313868 835699.6503906250
90968595.0498501211 749193.0292968750
89800587.1148071438 510640.6578979492
91542139.9560007304 792454.1005859375
89779957.0412442386 496151.4721069336
90867775.7648512572 739025.0971679688
90162803.7164256424 621339.6528320312
90193331.7982760221 625448.0126953125
90799556.6149961203 730231.5629882812
91840873.0301001817 807330.3613281250
91630741.7268776298 796307.0205078125
91554682.8351269066 793178.6259765625
90765686.0404131263 730149.3828125000
90607640.2154814154 708972.1889648438
92238643.3382800668 823437.0039062500
90590965.6932910234 703433.2480468750
90252546.0630050898 642489.5363769531
92194120.8815411478 822427.4736328125
92059516.3467024267 818026.9970703125
90115527.4992215782 608654.7679443359
90277407.6229917258 645253.8771972656
89866207.0837826729 534715.4737548828
91888217.9034205079 809168.4199218750
92016320.5372647047 816534.0820312500
90037606.5934699327 591257.7683105469
90133511.9926097542 613194.1087646484
90099628.3763837218 606268.3433837891
90749441.8893774748 727867.1005859375
90759247.8370244056 728907.6015625000
90124578.7488542795 611784.1973876953
91227671.9042199552 771440.6157226562
91903070.0378652662 812000.3828125000
90077036.6884901971 597687.4243164062
89856429.5031280667 529335.9133300781
89724574.2099077106 457367.9844970703
89729923.1919178069 461665.7940063477
89734705.9362477660 468405.2932128906
89758514.2695781142 480355.9301757812
91598788.4435544014 795569.6552734375
91647348.0984690487 797136.5517578125
90058409.6165303141 595125.9500732422
90938487.2301426083 746482.2626953125
89758883.2032767832 481437.4310913086
90716324.2563243359 722416.4628906250
89907721.8964418620 548668.8580322266
92199241.6423899382 822849.0087890625
90300446.6478062421 652413.4992675781
91978749.3016698062 814112.8886718750
92105150.2047111988 819036.5273437500
91884299.1981905252 808968.0214843750
90219429.4160044789 633439.3481445312
89897116.5933433920 545835.5500488281
90543471.0499778092 696740.8291015625
90488592.6585335284 688530.5463867188
90475735.7154626548 685972.1816406250
90533199.1159257591 695222.9653320312
89800262.8315734565 502981.9407348633
92290628.8962267488 826610.9169921875
91439033.6255912930 786673.7617187500
90087125.5195170939 601401.1436767578
91012009.9257596582 754438.3515625000
90963061.4911876917 748310.9438476562
91650664.9676563591 797259.2431640625
92252745.2801973671 824998.1064453125
91071811.1494829059 760925.1752929688
90898944.9181404710 741251.9384765625
90936451.2208005786 746099.1298828125
90812019.8188088536 732236.9291992188
91457392.2871303111 787008.0771484375
91333649.3560715318 779080.2509765625
89839745.3370500356 524268.5380859375
90920933.3170086592 744648.2456054688
90850909.4598461241 737888.8471679688
90422804.2495027035 674999.6267089844
90443898.8345109522 677924.4262695312
91285342.3558758199 775036.7631835938
91184466.4452201724 769167.1025390625
89744245.8300008029 475810.9602661133
91538715.4737675339 791181.4980468750
92633372.0191250890 837021.7597656250
92562890.2091165930 836778.6699218750
90327217.2175436914 655974.4821777344
91253277.7167502046 772724.4604492188
90457317.2085235566 681200.6416015625
90462669.1899076998 682718.5053710938
89876274.9100618809 537310.6820068359
90108615.5653282404 606384.8929443359
92162886.3303690106 821924.3134765625
90082116.8330513686 600205.3710937500
90332918.7989425957 656210.4440917969
90229755.5244893283 637367.2572021484
91992095.6522526890 814447.6201171875
90036940.4480929971 590068.6536865234
89956429.8954556286 565779.3740234375
89955908.0144892037 564856.5333251953
90141883.2410239875 617175.7067871094
92268583.0617441833 825445.3144531250
91889465.1996634752 811343.9658203125
90403649.0596602410 671536.3007812500
92268802.3860017955 825511.1748046875
90223853.3542907536 634528.0581054688
90240216.4840551019 637696.2519531250
90324155.5726578683 655448.9353027344
90665068.9298924655 714625.0102539062
89720518.3522336632 455632.0280151367
92562087.6057013720 836667.8925781250
90828361.9842537642 735600.0205078125
91394094.1701243669 783480.7275390625
90386484.6823842674 667855.8452148438
92279522.0906769633 826352.8945312500
91866303.1663959324 808751.8964843750
90352913.1268821955 661632.6704101562
91203757.9132080227 770207.6035156250
92086212.4045934081 818228.8808593750
92142864.0590327829 821309.0976562500
89795909.3467529416 501981.1334838867
92526058.5738895684 836663.3115234375
92399653.9420178086 831653.1474609375
90910288.7116046995 742168.2734375000
90087805.0015066117 604402.6707763672
90050175.7394350618 592404.5107421875
89734246.1771887839 467795.4514770508
91932195.2013697624 812494.0927734375
90157345.2646011710 619001.3781738281
90070004.9878611416 597640.7049560547
91090223.6787083894 761968.3266601562
90880023.6512995958 740346.0844726562
90870055.0753170103 739987.4228515625
90179218.3747084290 623281.4838867188
90926846.1323545128 745045.3876953125
91704729.2831307054 801222.9423828125
89780354.4344204217 498325.0109252930
91796999.8488721102 807084.0859375000
92511936.6758850366 833315.6669921875
91711672.1071472317 802262.0742187500
90597197.8801075369 703716.4877929688
90009552.7672749311 581543.4564208984
90373431.3559406400 665454.0039062500
92324201.3281111866 827862.3583984375
90913178.8765080720 744319.4438476562
90822737.0011196584 734559.5195312500
89711167.5949395597 451513.3264770508
89710694.7600661069 444281.0740356445
90453512.5351146609 680740.8525390625
90408638.3924123943 674508.2226562500
90066185.3072643578 596672.7706298828
91265669.8311751187 773152.0488281250
91775018.7094394118 805307.9638671875
91679962.5762543678 800851.4560546875
89977522.4743179232 571684.5655517578
89983892.2067952752 573512.8782958984
89795974.9146587998 502915.6543579102
91159777.3882043064 765542.8540039062
91232897.4702212512 772481.1166992188
90270116.9451680034 643402.9943847656
89774821.4771301299 488643.5188598633
89774891.4228549898 489055.3152465820
90907044.3754673600 741857.8300781250
91165310.1350110769 767012.5766601562
92445936.0647680014 832378.1933593750
92400934.6373302341 832004.8125000000
92409245.6435094625 832262.8349609375
89996235.7115157843 576939.9525146484
89991698.9273478389 575521.7921142578
89729365.2902476639 458014.3986206055
90440221.3415688872 676986.9790039062
90698194.0709382892 720898.5991210938
89876534.1122629195 537998.3499755859
89895607.9716338515 544152.2170410156
89886310.0706160516 541848.5277099609
90211777.1212458313 630856.5463867188
90213601.5172911286 633295.7753906250
91705455.0492447764 801432.1679687500
90018244.4163558781 585643.1674804688
91406911.4521615803 783736.7753906250
89760514.0873410851 482805.3367309570
90278338.5796150863 649395.1702880859
90512231.1890585721 691121.2827148438
90734957.7422237396 723456.9638671875
90315977.4618047178 654618.5241699219
92023141.7216345072 816757.3564453125
91841150.7727763206 808077.5048828125
90063880.4992908686 595237.5767822266
90342715.7159953713 659024.4161376953
90635509.5460785031 709306.7377929688
91824434.5163614899 807249.5566406250
92380874.0799395144 831101.6708984375
90006765.9549826533 578950.0391845703
89850969.3328357190 527771.4387207031
89851755.2079007477 527884.9547119141
90384856.2455272079 667072.7744140625
92132638.4883482158 820569.8378906250
89770833.6420428157 488288.5549926758
89755023.1365661174 479791.7092895508
91933229.4217505008 813103.3583984375
89995129.8821263611 575879.5034179688
90858077.1602007598 737984.5961914062
92119749.6079504341 819173.1728515625
90370432.2303253412 665297.8005371094
90501850.4524980038 690205.0092773438
90204671.8006981164 629142.4707031250
91413064.7408766747 783999.7578125000
90640904.4774502665 710244.4565429688
89860651.4508134872 532994.1201171875
89865572.2812534422 533529.0064697266
90356024.0825642943 662291.6489257812
89763032.7546023726 486649.7379760742
89779298.1601317078 491981.2647094727
89926675.0415927172 557252.6011962891
90990925.8890951574 752216.4018554688
90036349.3946412057 588341.2000732422
91495183.5179669112 788387.9414062500
90006274.3062975407 577836.2218017578
92258536.6562059671 825035.5224609375
92239770.3444941640 824825.0908203125
91652223.0137954056 798968.3779296875
90681743.9176847339 717266.3583984375
90527529.3924455196 694465.7041015625
90579637.6130311638 702342.5498046875
90462642.4422087520 681486.8793945312
90550617.1684757322 699282.3715820312
91756488.6229177415 803951.6621093750
90447357.9668906331 679261.9562988281
91753882.4614338428 803305.0263671875
89835392.9495826364 522645.9162597656
89937439.4063163996 559026.6712646484
90982087.9410348088 749236.9868164062
92373048.6501626372 830045.0283203125
92374013.7917933762 830049.8447265625
89885672.9069773555 539651.1676025391
91356806.5111849904 779697.4433593750
90965934.0144839585 748739.5136718750
92462453.3878929168 832850.8300781250
89920814.0097351670 554432.8878173828
91290934.5927368402 775803.9985351562
89961260.3030594736 566322.3275146484
92002281.4058392942 815444.3154296875
91148100.1539790630 765404.5727539062
91132352.8705814481 764574.6665039062
89939323.8729930371 559215.6507568359
89922886.5605893731 554696.9083251953
91907872.4882899076 812375.0791015625
91374204.0921898782 781695.5224609375
91027654.0898389518 755929.4057617188
92279110.9709292352 825870.8964843750
91424374.2446548045 784598.5185546875
91010177.2302302718 753670.0122070312
91276378.9971603304 774011.2368164062
91532946.4764834791 790566.8242187500
91506210.4477586150 788838.6552734375
91128299.7233912200 763297.2592773438
91786091.4644639492 806348.4648437500
90046398.6927729845 591733.7586669922
90000509.5334812105 577399.7415771484
90332937.9944809675 656852.3266601562
89934002.3839965463 557264.7589111328
91271435.0114561468 773995.9448242188
91518405.3445502371 789879.1562500000
91437778.9320507050 785772.6699218750
91063627.7901589721 758239.3872070312
91639792.6912796497 796409.0957031250
91293477.1186064631 776303.1791992188
91430103.9089982808 785566.6542968750
