130822266.6887745410 2134426.6513671875
131304033.6073661894 2174511.9897460938
134249116.9822006524 2353655.0351562500
133363991.4026985615 2306843.8291015625
132572518.5518270135 2259288.6152343750
157271445.1715857387 2627240.9267578125
130269050.4083819836 2083476.3457031250
140703587.6456446052 2526683.4423828125
136922121.8423291743 2460446.6503906250
133643751.2234760225 2324840.1689453125
153702799.1293775439 2604605.0771484375
136704487.2967966199 2441781.9208984375
139992296.3368252516 2522213.6982421875
134423680.8856668174 2367321.1562500000
132597737.4662728757 2261396.5625000000
129320737.7152038217 1938275.4130859375
139652713.8612760901 2503944.0175781250
139321333.6717869341 2503227.2548828125
132481368.2119152546 2256069.0683593750
132877212.9955574125 2278443.1738281250
139884333.6888279319 2510361.0166015625
157166207.8009923697 2623363.0283203125
129845584.0836028159 2028268.5693359375
134092371.3163620830 2347414.4296875000
132878541.1463108212 2278817.0410156250
150959221.6844790876 2568214.8779296875
154853820.0829330981 2616615.2548828125
130066524.1356996298 2056878.8325195312
130637762.5222568363 2118491.7734375000
129240946.8550715148 1912314.4555664062
132753406.2604959607 2270701.3144531250
132422901.1808198541 2252366.4521484375
132368716.0696160495 2247242.9628906250
130189070.9133789688 2073271.5092773438
133770647.8637779802 2330548.1269531250
129821742.7489023209 2025373.1103515625
130200858.7212524414 2074153.4458007812
137673981.9490630031 2476179.8173828125
135573872.1260003746 2405579.5878906250
140413505.2687962949 2526573.3291015625
129315272.7484633774 1936143.1035156250
129232947.0014902949 1910761.7475585938
131252896.2860887498 2169295.3505859375
129653199.0902122706 1999910.3295898438
130244521.7376941144 2079613.7001953125
129220503.5897858292 1909477.7778320312
136806537.2726021111 2453801.0244140625
150137033.5887523890 2561513.1064453125
130955805.7951499373 2143493.5195312500
130559431.7099239826 2111360.6806640625
143055778.6502556205 2528937.5078125000
154719002.9856711328 2613605.9619140625
139880954.1947836280 2510061.2080078125
154647240.9733383060 2611943.4287109375
137190322.1521120965 2462990.0703125000
136775346.8340848088 2447837.3818359375
139279517.8644661903 2499353.9150390625
129290562.4838716090 1929660.7495117188
135263220.9699141979 2403101.3701171875
155478843.5419946909 2617643.7412109375
154740859.0671147406 2613867.5244140625
129480261.0012102574 1968272.1386718750
139128367.5866143405 2495311.0468750000
130604976.4616642892 2115128.1333007812
139981750.1227965653 2518101.2314453125
154194275.6370066106 2606867.9404296875
132233664.3234006912 2241658.5683593750
132712568.7228616476 2268686.5976562500
154259225.5084883869 2611404.7333984375
132265456.6068803370 2243673.2851562500
129284123.9192024767 1926462.9838867188
129210000.9318442047 1902646.0209960938
130516245.8328447640 2107457.0527343750
156426722.0328036249 2621394.3037109375
134708028.8134255111 2379221.9267578125
132605996.0702789724 2265560.4106445312
152739407.5884220302 2588589.6826171875
153411273.4100555480 2602615.3837890625
130243047.9723389447 2078593.8525390625
129666026.9419164360 2000970.7304687500
139102541.1417220235 2488514.5449218750
139040685.9606154561 2487648.5175781250
135910645.5314873159 2423938.3281250000
129257454.3600484580 1920110.1967773438
129206313.4496397972 1897848.4218750000
129270105.1047871858 1924670.0463867188
129234508.2904023826 1911994.4702148438
129987695.2840526104 2045461.4951171875
132664521.1885854006 2266197.4873046875
139940388.1282179952 2512796.3232421875
130054508.5399599373 2053766.2929687500
136145539.7559930086 2427782.6884765625
132072452.8736086190 2228724.1914062500
140308548.8883166015 2523657.3271484375
140905217.2291886806 2528158.5361328125
139815426.7554247081 2509396.6181640625
138434265.4031177163 2484520.2539062500
137788202.3160149157 2479640.0273437500
129724534.1454889923 2008186.9409179688
131441023.5704597533 2183520.9282226562
137006760.5209708810 2460566.3730468750
130287831.7303277701 2085108.0634765625
133602102.2306822091 2321775.6396484375
134542206.2220801413 2368871.1308593750
130367098.2542598248 2094379.5932617188
133533854.4185242653 2315463.4658203125
129409088.0074966252 1953880.4248046875
129340151.1295895725 1939548.2065429688
129425992.5895069242 1955387.8911132812
134218322.8897915781 2353310.5429687500
131603821.5632817894 2196330.7294921875
129205186.5763743520 1894153.9326171875
156985320.8519076705 2622088.7177734375
133701954.5758431703 2327299.5986328125
131838104.1287978739 2214951.6982421875
132026566.1742875874 2226762.6513671875
129630977.5161821544 1996417.3105468750
137405906.0543664694 2473719.4501953125
135860043.4579216540 2419983.8193359375
136154660.6593900621 2432192.6494140625
134488319.3196263313 2367586.5732421875
130451723.3614822328 2100800.9174804688
135759398.9254398644 2416215.1093750000
129293051.1744332612 1932785.7729492188
134551583.4981530011 2373279.1308593750
129245686.7624592632 1915315.3471679688
130485287.2857201844 2103866.9912109375
137365139.2389724255 2471681.9560546875
134608212.5988207459 2374093.6025390625
131866749.9334979504 2218572.1235351562
134071460.9129720032 2344704.9736328125
133802322.8799111098 2333023.0458984375
130410284.1313390434 2098283.2211914062
133818836.8455800116 2336771.2939453125
132190788.7107492834 2235444.0625000000
133951713.4352273047 2340175.3310546875
134296865.1196602285 2357969.2353515625
134132612.0916697830 2351951.9960937500
134304766.5514423847 2358023.0566406250
129753388.8097890913 2014859.4233398438
133355722.6162297875 2306441.2490234375
133588595.3454520553 2321235.2128906250
131898542.2169776112 2220586.8403320312
135148814.3715844452 2396511.3818359375
135096294.6931326091 2391720.0976562500
134850619.3007464707 2384831.8095703125
129910614.3975360990 2036176.6445312500
135726257.7848739326 2415141.9003906250
137267709.9399722517 2465279.9931640625
129903821.3527424932 2035192.8574218750
137369127.2363637388 2473005.7490234375
129810424.6779592782 2021227.5507812500
132336000.7934349626 2244580.2705078125
129703938.4777363092 2007125.1943359375
134375018.7935955226 2362690.2031250000
130352963.4899364412 2090790.9301757812
131715565.4500027448 2206723.5102539062
131766819.7663284242 2208860.7607421875
131614092.2353770137 2199667.3422851562
131702204.6441306770 2204797.8662109375
130682623.4524169415 2123415.9355468750
132996801.2535798550 2285379.2265625000
137268091.0442148447 2467254.3310546875
136735481.2430514395 2447625.0957031250
132102790.9262206107 2230050.8994140625
131367272.8102519214 2177400.1025390625
130387693.7260472924 2096247.7954101562
130642606.6153605729 2119356.2001953125
135190418.0223466158 2396972.8613281250
137157186.2466604412 2461441.1826171875
130064323.0214647055 2055526.1938476562
137344827.2576129735 2467833.2539062500
133964924.6675966233 2342158.6562500000
130765798.3578535318 2131447.4218750000
131829258.3615237474 2213943.4335937500
133558834.0732221007 2320305.3505859375
131507479.2409536093 2189868.7373046875
133495693.2572099864 2313992.7490234375
136847575.6761384904 2454114.4277343750
131352714.5106157213 2176497.8837890625
136542972.1018517911 2440717.6005859375
133611182.5372814983 2322956.8779296875
130105222.5650970042 2061846.4296875000
134023447.4734716862 2343860.3378906250
133539234.1768918484 2317819.1357421875
130993489.8763696104 2148798.1533203125
133274038.4019718021 2302976.3994140625
131036591.1194102913 2151918.8994140625
135693317.1579885781 2411893.3291015625
129367731.9786099792 1946169.3457031250
135119442.5962998867 2393795.9384765625
131128105.0160400122 2158662.9335937500
134963140.7681259811 2391651.7001953125
130260602.9723051041 2080866.8535156250
135249419.0290451646 2400130.2060546875
130112942.1490667760 2063214.2421875000
138228572.9242298901 2481951.8935546875
130813112.8674629182 2132493.4316406250
130966966.5826320648 2147340.9658203125
129561971.5881877095 1983703.7519531250
129437361.0688814819 1961306.3784179688
130815185.0174853057 2133128.2915039062
130904297.8731666058 2143471.8125000000
130964332.5960702449 2146956.6826171875
131435873.0530636460 2183035.2314453125
132788906.4456449896 2270928.3222656250
134900985.4534030855 2386451.8750000000
135128023.1508156657 2394522.3750000000
133090181.2802598327 2291974.2207031250
130021860.6725863963 2052134.5751953125
130221114.3095173240 2075584.2719726562
133222263.9455761611 2294614.2177734375
131058480.4792617857 2154085.0000000000
131055846.4926999658 2153726.9609375000
132206835.6703073680 2237417.3583984375
133332316.3865653574 2304368.9101562500
129698473.5109958500 2004992.8847656250
130459331.4496281892 2101988.3920898438
132151717.1287448108 2234390.6513671875
133375857.3062472343 2308195.2968750000
129769333.8551518768 2016753.4711914062
131551423.5259115696 2195994.0522460938
130714021.5216227323 2124311.2167968750
131611458.2488152087 2199424.4887695312
136049112.8097565174 2425812.7558593750
131420844.7963069230 2182590.8486328125
129495473.7050577402 1970378.1669921875
131572947.5457059443 2196303.8295898438
136453693.4630575478 2440460.4658203125
131172311.1567170024 2162909.3593750000
133224047.9034380019 2298043.0966796875
132460635.3065415919 2254535.6455078125
136052228.2910761535 2427753.1513671875
131368443.0432149172 2178031.3999023438
130217292.9796714187 2075372.4902343750
135215054.4140321016 2400007.5937500000
133265726.9803829789 2302215.3974609375
148051220.8241488934 2544462.0966796875
135588032.7703138590 2411324.4365234375
150558724.9526601732 2564990.1611328125
152784493.0356275439 2591678.0410156250
134282101.3871663809 2353838.7216796875
129345510.4045798779 1942676.3266601562
129431932.7438037395 1959863.8417968750
151451344.5443633795 2569691.5263671875
138959605.8654913008 2485857.3681640625
129972286.3509679139 2043976.3417968750
132835390.3804914504 2276904.7109375000
130080169.2020584941 2058108.9062500000
135649262.4231854081 2411408.5537109375
129468486.7211328000 1964868.7983398438
129920376.9511236548 2038608.5146484375
132817743.1266247928 2276285.8496093750
130846664.1912114024 2137174.3540039062
135498482.9049633741 2404436.2958984375
129373160.3036877364 1947611.8823242188
129526793.4910179228 1976011.7407226562
151678853.8295238316 2575816.3603515625
150252465.9053423703 2563463.5751953125
144472792.0218634903 2539027.2060546875
144159864.6096619666 2534910.7548828125
153098647.6050033867 2593718.2539062500
156203005.6045808196 2618649.1923828125
132926334.7494092882 2282968.4882812500
148078184.6669847965 2558182.0712890625
129918340.4065404534 2037773.2255859375
132907859.1696623713 2279455.3037109375
129844213.5628772527 2026223.5947265625
132696737.6082960367 2268170.1230468750
132737816.0183538198 2270531.3291015625
131156069.4234155566 2160528.3364257812
130108688.1795682460 2062842.4589843750
132992214.1345662028 2285072.1181640625
129513965.6393137425 1974186.9013671875
129532221.8160956651 1977454.2773437500
129622346.6588160098 1992771.9741210938
129423431.9386546165 1954104.5151367188
145954435.2125057280 2544354.7216796875
130016358.5135319531 2050303.2568359375
130135916.9375909418 2067083.6689453125
129695255.4571791440 2003652.6928710938
151797418.6087269485 2580137.3212890625
151831128.2760991752 2581013.3076171875
129808950.9126041085 2020998.7119140625
152239794.3167663217 2584125.6259765625
152518693.4938369095 2587411.6972656250
151793371.6718337238 2579015.3076171875
153306335.0488815308 2594561.9375000000
152957464.5397939980 2592360.7089843750
149799672.2360238433 2561403.8427734375
151086276.1078546643 2568566.3701171875
152784030.0431683958 2589233.9062500000
129808388.1333760321 2020392.2617187500
153336582.5879868567 2599577.1845703125
152126322.5579772592 2583344.5332031250
151569981.7998243272 2572507.3261718750
129550833.8704572171 1981936.5351562500
152301362.9506624937 2584908.1894531250
151498892.1888528466 2571327.0000000000
152036881.4988192320 2582966.3300781250
