105283774.2391821742 137.9283150975
105152962.3720855862 136.2612325642
104455756.9122241437 132.1207394637
108234137.6383661628 152.8892162740
105775996.6579253972 140.9760314338
106223307.8415572792 142.8627109490
106270970.3608332723 143.1570543461
104818857.9978706241 135.0454290770
105353575.4717188478 138.0081798099
105610806.0652704984 138.8790930845
105488404.1291420460 138.1739334408
105538269.1849455982 138.6137828380
107471733.1041173637 149.2786736488
107957421.6506693512 152.1363908947
107379345.9157479405 148.9521057904
105127369.8917110711 136.2204826418
106481647.9473727047 144.1236713827
105192812.1545903981 137.0420128647
105244686.1432691365 137.3715778850
105190941.5156027079 136.6545981858
104798715.7768205106 134.9604634736
104598058.4442873746 133.2526310179
105770737.8415719420 140.8525679521
106383876.1184527874 143.5450998060
104998141.2514912188 135.3489640448
104735847.0636716336 133.7346699201
107618716.7898972332 150.3009099066
107256998.6021853536 148.3849240839
107756990.0990915895 150.6894104779
105718773.3090895712 140.2974723689
107014313.0207403600 147.3785399795
107527322.8315754235 150.0918594301
104119115.8154489696 129.8082176564
104486472.3633940369 132.4641509047
106031216.5419409722 141.2419463191
104390571.7996959537 131.7877111357
105624834.2213068604 139.1657418553
106728850.7456751764 145.3033331335
106241220.6941163540 142.9637076855
106862363.5031815469 146.8540030718
104786090.0521775186 134.3238615487
105241436.7153054774 137.2497560326
107165125.4197815210 148.2802434862
104384115.7784192711 131.1694374572
104007861.7013937831 129.2534516345
107079719.3023473024 147.6650267541
106136672.7593506426 142.4832344502
106485382.3958456218 144.9380172491
104777513.1355371773 134.2819044087
104445636.0524936169 131.9272401500
100236396.5519956946 100.7259367177
99157231.8273015171 91.1633430812
98876541.5989853293 88.5801216889
100390657.4276116490 102.0864827023
100486237.6863327622 102.5720688741
100345593.7551889867 102.0222251313
103418013.3468171954 124.8652193090
103529971.4051768482 126.3104389971
103645296.0307837576 126.5870354952
103346143.8617182523 124.3513227990
103342359.0788105726 123.7128349970
100615425.4345920086 103.6687985997
100627389.7607367337 103.7662352912
99953667.3711900860 98.1181928393
103896235.5353576392 128.3511351754
103850447.5301468819 127.4396426631
103385397.0799485892 124.4294727473
102056940.9560253769 114.7036714789
103935021.9418226779 128.6559232536
104712033.2785449624 133.3574784375
102609761.3610043526 120.2174728116
103138057.5880202204 123.3002690813
103056271.7211801708 122.9492334863
98819962.5925747901 88.0585684407
102658298.6329939663 120.4961196430
104326872.4751033783 131.1656015478
103777729.8928349167 126.8708591808
103846834.0064025223 127.2888373502
100135827.2422788590 100.5887372674
99481874.1622268558 93.7372475903
100137087.2445006073 100.5916947465
105098773.9375807941 135.9265823308
99966391.2620604932 99.0073696862
99751067.0052532703 97.5145908933
100080803.8604096621 99.4794317552
102787089.3138337582 120.8650146956
104068423.6193279624 129.3750851252
102064998.3248548806 114.8068669265
103889582.0017438829 128.1949619147
103439359.6567352116 125.1847919989
102024735.5820641965 114.7035944603
102775003.5048769265 120.5026506353
102435626.6967878342 118.2833166588
103066317.4333970249 123.2688061762
102293870.8910144866 117.7614578176
101946798.8242065161 114.1301505434
101985245.0312409997 114.3508395501
103870922.6120398939 128.0193654057
103858715.1556477696 127.9513534673
103487539.2582937330 125.4156456798
105088928.4941222817 135.8929064870
99468003.6641736627 93.5192907453
100058370.3610779345 99.4305767159
104264805.6701753587 130.2270299569
104543487.8885105699 132.9587307069
99613105.2048197687 95.8658775281
102973254.0487580448 122.0261213344
103721805.6031825095 126.7864024309
104139573.2803738713 130.0759057082
105664464.8753210753 139.6572421789
101872903.1102183014 114.0309653722
106264051.1648640335 142.9758173376
102189764.6152287573 117.1169950910
99359611.2316388339 91.7233076307
98587411.4869055152 85.3123035967
99640030.1762623489 95.9302658330
102547262.0630559772 118.9490174812
102985053.9768751562 122.0677627933
98974850.9946132451 88.6455295695
98073780.0141199678 80.5063904591
101224654.9853517562 108.4115194743
98647990.2733402848 86.4035609356
98361746.9014699608 82.4018346654
98534961.3242656142 85.3013083624
101410289.0977634043 110.3207447715
100716156.4438534379 103.9770845971
101778995.6926803887 113.3739938017
101358815.7271806151 109.3800131137
101406393.3412294835 109.7477535867
99716237.7262162417 96.4178611677
98625246.1013978273 86.2507619280
99007075.2386640012 89.6839628701
95705464.6896700412 52.2488188689
95295593.2652324140 46.3061440383
100452590.3333839327 102.5704417864
98213547.9139821380 81.0243576542
99429268.7848372757 93.3411008762
100932303.6693914831 106.0837060458
101234998.4493682683 108.4132036334
101357579.4840764552 109.0821785348
101259192.6843657643 108.9824614833
101302466.5287378430 108.9839053424
101425367.0178898573 110.3221886306
99004894.8147602677 89.6490658547
100633911.3045786768 103.8799410477
100587679.3634992540 103.4791136399
101746653.1805499345 112.5352515945
94697372.3786129951 32.2801208127
100517234.6050457209 102.7417130839
94505453.6006747484 31.6848662341
100526878.4983119369 102.8914378420
100864467.0925931484 105.9068014892
99529348.7122181356 93.8022854025
101551702.8992071897 110.4158839881
100987575.1040706784 107.2019996207
99213299.8115324229 91.6258971588
94628861.2749102861 31.9725982533
94706578.1680564284 32.3718268567
98659213.6714802384 86.5190877468
98520555.5640432835 84.4978710516
100755584.9052919000 105.3325941426
100918551.1886509061 106.0749966151
98704802.1100293994 87.0669394239
99275787.6721290052 91.6628438961
101762953.1936286688 112.5723599871
96059141.8678125888 56.9051368980
95998086.2643406242 56.4178306194
101560757.6933015734 111.5799944472
98212294.7465165704 80.5930518690
102161675.2725137770 115.7080214949
96593920.1778742075 63.0966729022
101237568.1179106832 108.5643637549
100117658.3613728434 99.5548110941
102065393.3990019858 115.2283064195
96347361.0786024332 60.1077095837
96619425.0575237125 63.1168494353
101625673.8395915031 112.1512025663
101160015.2201406211 108.1928526238
98500599.6029236466 84.3042145817
98493204.0767059773 84.0604666247
96299837.3682319671 60.0187934519
94678618.4534962624 32.2596288615
95990469.9469284564 56.4005977095
101307655.4773926139 109.0393128092
100818136.0724457502 105.4226775797
101382945.1359568685 109.4925569441
101153074.2737722993 108.1232855465
101553483.4514701217 111.1481986862
96540458.0298188776 62.3847484070
96635786.3735584170 63.8218163056
99092208.9591490626 90.3454185816
96550165.1516497880 63.0958973051
96452289.1995340437 62.0247431251
96489591.0956026316 62.1650514163
96450630.6179569513 61.8255962152
96506663.2131523490 62.1652711037
96173260.1122721881 58.1224810972
99118860.4705003500 90.3460207426
94704516.5782038718 32.3301721347
100555934.9222611338 103.2934184667
100051661.2561336905 99.2521748167
100249914.6863016337 100.8418382327
94619422.4494416118 31.8555106987
98733738.5962740779 87.2460209355
96173763.8175053895 59.0881672505
99579951.3963709623 94.6220406935
99866616.0313932449 97.7532933323
95358890.6373832673 47.4192677892
95352912.5813712031 47.3723120760
108575735.8675171137 153.8159522116
95532506.7021405846 50.0661590037
97935359.1887937933 77.5719180338
95678512.7715303898 51.9701726678
99545030.8297882080 94.4820601298
109136038.7606996894 155.2562415302
95563092.3164313883 50.4111318417
95643248.7235112637 50.5594993658
109300527.2744418085 155.2588264644
100673514.6349324733 103.8801099588
95422178.6482436061 48.8930688146
107864030.9903705716 150.7597823441
109450265.7752907574 155.3817658126
95267716.8948831856 45.9001062579
95123464.8422505260 44.2952082228
95275661.2958977073 45.9492225888
108768710.7580543458 155.1772498190
108699383.9896734655 154.6220749915
98015594.4228894711 79.2983765554
94728715.8536059260 37.2828859661
94804839.4633290172 37.3856816590
95018041.5861996263 41.3500666000
94966311.7997038811 41.2181043696
94817558.9948315322 37.7205546565
108721639.6988586485 154.7135266364
95026432.6688788980 42.8230024047
95118794.0506058186 43.4415047832
94741573.9033600092 37.2872970767
106358180.7413727045 143.2251942158
106733488.1868164539 145.5401830375
97737082.2820019424 76.2212727022
108259840.6028952897 153.0268037617
106654489.0414504260 145.1411800385
108371924.6159168482 153.1571353078
108431399.9824620634 153.5388147831
107743432.8914667666 150.4577353895
108118600.3653004915 152.4070889354
108160799.5767653733 152.4986825585
94869918.8046654165 40.3644009300
106780787.9813403189 145.8971671462
97836670.6087699831 76.6025422009
107276843.9108810425 148.5631915629
107800957.6040160358 150.7377567589
99048417.3713084459 89.7644739115
105999130.0628777891 141.0617614826
98383195.5626873225 82.6876811103
97870177.9280876815 76.9293179413
95763707.7803412676 52.9988435940
95834764.4967754930 53.8196840083
97677766.5135977566 74.8303385423
97708789.8632239103 75.2400354863
95493655.7271074802 49.6242674965
97389177.0207297355 72.2578536448
95529467.0443179756 49.7373341465
95407292.4064355493 48.8154265381
95714397.4130464643 52.9793345090
97103671.3970657885 69.1807497915
97550178.3128730357 73.1839020746
97372383.0414257944 71.4541356862
97570485.6221484095 74.6369603245
97538123.5255458206 72.5782803664
97724146.7623778731 75.4773328166
95188904.1609856188 45.6927610550
97149328.4887444973 69.3231251101
95070467.1977283359 43.3621340308
95491481.9714372754 49.3707919631
97308604.6107192487 71.1258538945
97294751.2562299520 70.7374949919
96814813.5678189844 65.9359530506
96991403.4002681673 67.4160463839
97449333.0210682005 72.3081477536
97014158.5380227268 68.2649412417
96757437.4821003824 65.4955845042
96708721.6072257459 65.1548522725
97023308.8035930693 68.6998739224
96933765.7539275885 67.1698970753
96873748.8871688992 66.1440527691
96910474.8212395906 66.1443135652
96255083.0034878701 59.8508649472
95930940.5146295130 55.0496882151
96463466.4483791441 62.1014443977
97387343.2587456554 72.0193842316
96345847.5604550987 60.0697058216
96363364.5009808689 60.4163029117
95934161.1428747475 55.6713176065
95811354.6466631144 53.6560633447
95778752.1456005722 53.0375609662
96417993.3517018855 60.4187185299
96081648.7390486151 56.9331615165
96922535.3216666430 66.4835734855
95643457.1286365241 50.6229031125
