119480231.1644896269 248937.7726330012
122695697.5736847669 282562.0416831970
122902869.5939591676 288122.1506309509
120726971.3975140154 265243.4385856614
118591369.8304439932 238184.5490654409
125621838.6137850732 303465.8836975098
123313474.8004192561 291618.0846519470
119318010.6421115100 247448.4966190234
122379033.5759573132 282151.4597740173
128576122.4937301278 318540.3078613281
124200603.3181311935 296481.1106243134
128529474.5619633645 318539.8870849609
123879681.0793460459 295022.8192424774
125224458.2243922204 301208.3888244629
125992817.8296565264 306061.4124450684
120570725.0249213278 262409.8911918625
121755306.5943577439 276621.8938636780
125422508.9348618239 302879.9375915527
118505307.3686667979 236575.9086845815
118544207.5920288414 238158.0867832601
119793148.7907540649 254127.9851764664
125021564.2336792946 300487.2481994629
120434982.1753939688 262027.1714324728
119031643.5660044253 244793.6905430257
123053862.0586791635 288804.4787578583
120962455.5575112849 266427.8771797270
120170185.3943656981 258723.1484760270
123883783.6952139735 295207.3293342590
118111206.3914018869 227007.1932915151
117734948.4295507520 219337.0776164569
121962796.9787805080 277468.8274845853
125787801.1303745210 305195.5191345215
119161311.0973024964 245574.7628086507
120410493.6646344066 261419.7759479508
118347533.2870744020 233485.1668022573
117408377.3169653863 207371.1224183664
121147477.8219510615 267778.9220185056
119694579.4049846232 251772.8787311539
127322847.3071617782 312814.3836975098
125084104.7483422607 300962.1543273926
124202819.2653639913 296481.2043743134
117580400.1527558416 215721.2907207049
120320338.7833408266 259496.4791645035
121604831.4664514214 273742.2870392576
117910246.3708703369 225435.9588115253
127241589.9640820175 312225.5849914551
117800168.6238301992 221867.1521403827
117813781.0286081284 222802.4097392596
121118219.5996059328 267401.2021024823
119882637.7029503435 254311.2424186692
128523881.0516907573 317883.3671875000
122165911.8008178174 280117.8277626038
124840324.1717065573 299098.0124883652
128721210.5009887516 318896.6575927734
125900553.0633148402 305513.4093322754
126537831.8722330481 308167.4495239258
119922816.3220521361 254909.0574420914
127786057.9523711503 315488.9201660156
123480439.6418507993 292204.1982097626
126520083.2246758789 307911.4281921387
118702831.8828154057 240164.6584690511
129740794.4883658588 319389.3334960938
125388879.1612812132 302821.4325256348
126297152.7127082646 307300.4799194336
118465038.9688547701 236575.3339775503
121656737.2085883021 274266.7874183655
121901086.5058044046 277356.9641380310
118168548.1218728572 230143.3720024526
123063899.6609492153 289179.5162334442
124080213.0611134171 296045.8219280243
124850361.7739766538 299775.3253545761
117721195.0291929096 219012.5479228534
123889718.6816161126 295700.1321086884
120533465.5386215448 262284.1474079117
117705272.0626195222 219012.1458232440
124350274.9001570046 297254.9200935364
124127678.8444821686 296192.5676555634
118435992.8575683981 235048.3703545034
124427471.5710956901 297313.3662910461
123751759.3651230484 294400.0304145813
121551810.0828754008 272281.7264923826
121353078.8586182892 270401.6835233942
119136379.8880442530 245068.1401585042
119621564.1902698427 251450.6843952164
121318724.9305632561 270201.2520050779
118248963.9013049603 231130.0603569448
127330713.1609413624 312855.7875366211
117951968.2076504081 225482.9387919940
117510272.2686044127 211713.0411117114
117494968.7306538075 211277.9728898630
123458552.0352501422 291871.8162822723
122898480.2767354548 286255.3170433044
126813130.8996583074 310502.8632507324
122804300.2081897557 285767.0441856384
117853398.8218809515 223127.8323466815
122794262.6059196293 285392.0067100525
123759020.5182200074 294892.8330669403
126312551.9999654591 307592.7445983887
118367795.7497800887 234220.2275322378
119764518.2856031805 253806.8077091426
120765207.9685455561 265533.2956250608
118344673.9483671635 233253.7461479604
118768169.6518964767 240945.7307346761
120313483.9721684903 259272.5457328781
125262421.4047550112 301790.7536220551
119499120.9611175507 249969.1142948046
123003358.2706357837 288144.3698997498
118279146.1710954756 232504.4724559225
118033909.4049875438 225898.7602946796
121216788.9853753746 269756.3085477948
128317668.0286124647 316832.3853759766
127971302.8068635166 315784.1032409668
119238951.1124027818 246627.6427371874
120381062.5630713552 259547.0811614767
128580566.5857275426 318561.1008300781
127284518.8566794246 312289.8652954102
119308388.1899741739 247447.9224002734
122888442.6744653136 285880.2795677185
124950097.7278364897 299869.9540920258
119587217.6021187454 250750.1865604296
118688841.5492766500 238654.4165329188
120875270.2339549214 266310.6956324056
126800808.2945399433 309949.5559692383
119922428.1643273234 254312.9134391770
124191958.0576692224 296445.5296697617
124254498.5723322332 296920.4357976913
117407583.5791345835 207139.2688338794
125027871.3880088329 300940.1991786957
120988862.2436028421 266642.4019007161
127304130.4787449539 312700.4911193848
120117008.3302836567 257803.9895404801
121359180.6220070124 271029.6213902161
119205218.0251834691 246233.0309971273
118933074.1802349836 242438.5840977132
118531702.9046306014 237356.4062431753
125291753.5914478451 301871.5579433441
128582782.5329603851 318561.1943359375
120071616.0085962564 256368.0420307145
120787606.3297989368 265625.8080524430
120828368.4465766251 265683.9400234222
120428399.5683389604 261536.6360649094
118982307.7168149501 242618.4113377035
121593846.0675485134 272424.5172465965
122623123.5083623976 282338.9199122116
122777459.5250413269 282744.8310755417
120498435.3170061558 262282.9745801389
118781217.1248660535 241452.3533848226
127525567.6655586064 313003.2904052734
121010403.5792237818 267175.0424341634
118740755.7481609285 240580.2650059164
120167326.0556584597 258676.0779193863
118615983.8033207953 238316.1746738851
124455699.3742576987 298596.2808742523
119571246.4648950398 250578.5960163102
121476116.3801036775 271414.1819073930
126783565.7154243439 309806.7044448853
117885546.0192350000 223298.8877666034
119435927.2188630253 248312.2235325277
121210105.2648314387 268778.2768898010
123507850.3541518152 292662.2908916473
119154900.2998086512 245360.9426182210
120432718.3103682548 261929.7436908707
122771395.9999203086 282647.9431055710
127553674.6608744860 313570.8108901978
120630033.7905114889 262792.2606586441
118849139.8174587339 241453.5204990804
117899795.4863405526 223459.4870402850
118048298.9728549868 226589.6935523339
118246011.0163718909 230776.1100346148
127365776.1997591555 312878.6640014648
127087245.7607029229 311268.3378601074
119031125.7096341252 242642.6573856249
120836400.8708225340 266040.2829071507
118909469.1376715004 241931.9614475667
121243168.7665075511 270036.6512665525
119464639.9241811484 248325.0932907313
120721485.2746520787 263776.1925751194
120875702.9708001316 266406.8803180680
118150075.2805315852 227250.2417705096
127537609.9000088722 313552.0302429199
118156655.7792601734 229914.9615360796
121286103.8786625266 270135.8317954913
120679623.4551315904 262880.6152214035
127314532.3987874389 312804.5338134766
126755559.6954262406 309725.9004898071
125763624.9390482754 303630.6393127441
126954721.8185021877 310700.1205749512
117464116.1730709076 211213.5433394946
117511756.7402246147 214901.0394027270
128319883.9758453071 316832.4788818359
122752433.1791035980 282623.8279637024
127583034.7903482318 314078.6684265137
120989244.0186876059 266919.5896789804
128068990.5557471514 316518.1268005371
126350991.0080260783 307811.4413757324
119981276.5771449506 254964.1237873062
122104655.1820097715 278252.3107823059
120689036.9440294951 263270.7016071305
127045236.9309552610 310951.7597656250
118316276.8390955329 233165.1841923296
128033843.3215264976 316259.0093688965
127151549.4282011837 311465.2786865234
117568950.4774065018 215221.7929484881
117421315.7054085135 207508.5682878122
118673785.7715290338 238637.6948460042
117761177.3586941361 221634.4435667433
120003418.9008079469 255539.8992084488
117653451.8744152486 218811.9545390643
120001932.3503848314 255146.3082361966
125736244.8993993551 303499.4153137207
126834988.7512684017 310661.1912841797
120644066.6572346985 262806.0779285207
120684437.2492458969 262937.2427677568
126691891.4729861915 308792.2937316895
128386160.0706031919 317231.8442382812
122776886.8727682978 282691.0787352771
117392280.0411839485 206704.2006120309
126676599.0825543702 308704.2397155762
126623779.7023758888 308576.9159851074
121313846.0719712973 270171.7400543466
117448812.6351203024 210778.4751176462
121198930.4758008271 267907.6497223154
127486260.2517866790 312907.9082031250
125783706.3053810149 303824.0721130371
126560488.0320214033 308430.5950317383
126715385.3648328930 309304.4295043945
128435023.9496027827 317232.3585205078
128720257.5471887439 318785.6368408203
120649362.5805502236 262816.0519520268
120608195.9882599115 262745.6441132054
127183628.2831556350 311488.1266860962
127663757.4780409187 314168.5458679199
129587900.7608567774 319233.7030029297
128878641.5696230084 319132.4578857422
126188847.1701366454 306432.2617797852
126658917.4969531596 308631.5308227539
128277973.5188174099 316830.4079284668
127107777.4456182420 311426.6658935547
129533531.3208899200 319233.6641845703
128235727.5220023543 316533.5368041992
127570563.2020536959 314031.1955566406
127739192.9697812349 314576.4060974121
