52075547.3266885579 148719.5027166056
51411933.6383062676 110336.6092376709
51979923.4083312452 143697.2872276604
51972111.4564950466 143697.1229820251
52045382.1970767230 144919.4384117126
51666404.4662593231 127586.6770267487
52597522.6037358195 167965.1319432259
52691193.2791019380 172184.9619472101
51019478.1221302301 57078.4236869812
52903053.9769325405 179270.4558410645
52165176.1240455806 151316.9025629004
52279412.9496264681 156772.0864870548
52276311.4874049276 156689.0304985046
51223166.3540003523 94663.8160581589
51061797.5356148630 72390.5903282166
51170934.0855387002 88337.0593746570
51268784.0719846040 102283.2006168365
53450830.9012699053 197025.2938232422
51560215.9325205758 120984.1929294575
53514269.9537713230 197945.9552001953
51259096.2409967259 102255.6072654724
54203657.8961107805 210589.5561523438
51232093.9034655318 94866.5455589294
51895394.9654954299 141488.8322105408
51985351.6249964535 144167.8607713422
51674720.0447881222 128192.5451908112
50982426.7944228053 42672.0961346626
51098284.4929815009 79199.5302696228
51451440.0215145573 113019.0798587799
52096158.9726645276 149209.3484005928
51650181.8436224833 127325.4980355222
51883276.2565432340 140273.5929783715
51495030.1931925267 117737.6223028824
51409961.0250508785 110196.6224937439
51020238.8220423311 63467.8611324695
50989371.5682051852 48590.3863897324
52455917.0528194830 163690.0582742691
52438905.6739692912 163226.0552363396
52017124.2962419540 144304.0593548734
52298976.6232142299 157527.3023512214
52341362.5940796062 159055.2196414471
52116398.0952772200 150059.8299896717
51961178.9753939360 143092.7505789545
51773344.2190290615 134139.5795555115
51703026.1899237260 128903.5735931396
51326883.8063052297 102633.2003154755
51507125.5166770220 117871.0158958435
51917205.4889828488 141696.5163510852
52802981.8110416457 175975.6024017334
52756647.9773987085 174233.5367431641
51608420.3924431875 125992.6893272400
52777271.8426168337 174894.5553107262
54150300.0334752575 210045.6523437500
51169367.6133247167 88337.0516014099
51087617.3208464757 79197.1969566345
51198987.0378066152 89875.4241580963
53387041.1966824159 194203.2837753296
53620528.3038524240 202152.6438598633
53053337.6745894700 184599.6058349609
51202312.2553383335 90122.1445884705
51250104.9218660370 95035.3555774689
51523240.7529941797 118816.0428656265
51568813.4078799933 120984.8861083742
51659898.8556548432 127574.2598105669
52713665.8121164590 173384.0507128239
53209780.9439468980 190823.0936279297
53696775.8803921342 203449.3255615234
51773509.9469160140 134830.8961371109
52045456.9316947386 144951.1336727142
51144623.8618483692 87857.2094297409
51233319.4294228032 94872.4768514149
51820880.1474329159 136470.3671941776
51580620.1728695631 121491.2128906250
53553426.6333502680 199138.1116943359
51031479.3112934977 64761.8156890869
50980702.2610576376 42521.9865663920
51007917.7834503874 56883.2501823572
51020704.9676456079 63496.7704529762
52073686.4954486936 148144.2180137634
51593972.0997684076 125317.2203598022
52479812.4423124194 164355.7371091843
51392476.4266620576 105794.1716880798
51370664.6166482419 105417.4001731873
52150070.8499438986 150991.7835046491
52093165.8069327474 149110.4492306709
51880347.7103032619 140264.0483665466
53437077.4372957796 196803.1738281250
51421242.5572001785 111241.9565313980
50982879.7805433348 48266.8909254074
52308901.5543790683 157543.1818711758
52334595.3169487715 158768.7945333719
52197320.5845963806 152086.2191282511
51083515.1500326097 79010.5482730865
52243399.9338804036 155629.2516015088
51071881.0296418369 78828.7078819275
51055110.2441941202 71133.4854087830
51059151.6010859236 71441.9872616199
52955714.1569156647 181619.6513061523
53175421.8368730769 188907.6326599121
52486495.9290181026 164554.4186937809
52904296.5273677036 179903.8058967590
53185433.2120548412 189271.2798748016
53618858.5494705215 199989.8647460938
52992449.5908965245 182497.5941467285
52708438.8512863070 172561.4663467407
52948926.3892390579 180929.4712486267
53788933.0494355038 205335.4916992188
53529056.6424924806 198911.4599609375
54192210.3237928897 210126.5332031250
51892206.0348042920 141035.0792834461
53496912.5250009373 197943.0292968750
53704733.4743089899 203911.0317382812
53582773.4691316485 199825.3403320312
52444801.8564292341 163393.5739586800
51708650.1774853244 130514.1128501892
51043457.4956114218 64822.5609703064
51874939.7376037613 140179.4830894470
51485721.2742986083 117558.7899627686
51219188.5674087480 94499.3802266121
51510517.0402017161 118235.1385459900
51683788.8857793286 128513.3893247843
51933843.7167060450 142402.9840630591
52890446.3022872284 178779.2002143860
52467354.6363011450 163991.1997721940
51419372.5440913886 111086.0854357406
52146924.2088532150 150945.3518347740
52432658.1215932816 161495.3137415871
50972601.6477670148 41644.0730061531
52831090.7442232221 176251.8809814453
51352332.6044350415 104671.5252342224
52424606.7407226637 160904.4048147202
54104754.6996309385 209965.1606445312
51797123.9327848256 136410.2788658142
53391959.1251575723 195267.1939373016
52952785.3508795500 181373.5895977020
52060389.2311339825 148027.2272039103
53526944.5408603698 198169.6810302734
53671300.9938537478 203223.8031005859
53401646.1749436408 196573.1196289062
51727309.8093908131 133090.8897705078
51639728.9169587940 127319.2334173843
51540647.6416809261 119567.3793053627
53833027.7151981294 205500.0161132812
52841442.6518930793 176705.8443603516
52232653.9876246899 153069.2684141016
51297229.9768527076 102302.7019824982
51590270.0668944865 125311.7086371109
51606790.4974838048 125348.2324660420
51024131.8944727778 64605.9856224060
51374453.7104572952 105420.2880065441
51454273.3765886053 113177.2714037895
52412213.2869773582 160489.8442667043
51791921.3886363953 135410.8653707504
52573923.5823393762 167642.8355979919
52787051.3837236017 175372.7930278778
52549631.4956715852 166881.2823109627
51861681.0051305071 137175.1848521233
52498081.9192756638 165335.9141759872
53716212.0778431296 204143.3352050781
51573512.5134373531 121159.0019415542
51557299.4231698737 120975.5374945328
52894305.2639277205 179083.3722286224
51575295.6847478971 121469.8115963042
53112586.2969043553 185446.5325603485
53117884.6136870459 185602.4036560059
50965251.1480759606 41596.2921795845
52603023.1222141683 168457.4216899872
50976201.7528166845 41886.7046520710
51008234.2529100701 57004.0056233406
52886585.3926405385 177850.1116180420
53475304.7622698918 197494.4848632812
53733921.8790226206 204367.0610351562
53258470.9089410156 191263.5122070312
52233914.1178318560 155437.8547808975
51396082.8575599566 109980.0471458435
51448214.9172557741 111609.7039451599
51343409.7239047736 103852.1531639099
51475476.0542386100 113255.6115965843
51351328.3466565311 104368.1340198517
51350896.1718471199 104077.6784534454
51053688.2433755770 71071.1571006775
51483742.3661423996 113463.8117809296
51004018.8566028029 56848.4348411560
51211033.1241392344 94498.0564842224
52032074.4932748750 144811.1898155212
51365889.4747525603 105261.5290775299
52014733.3419488817 144303.8386602420
52850735.2348371744 176733.7472515106
53646931.0029959604 202997.1513671875
53470596.7045386657 197473.7770996094
51631998.6046887562 126287.9022319317
53386674.7542196959 194103.0595703125
53336721.4637354016 192939.6024169922
53347567.0196921751 193401.3085937500
51758470.9747984707 134098.8892381191
53291848.0627482310 191508.7341308594
51190365.2633599415 89746.4275150299
52721292.8110818118 173427.8736305237
51134358.5005708933 86906.2652769089
51936670.2544357330 142404.6330498755
52798868.3141036108 175488.3620300293
51949648.0293766037 142561.8922996521
51781959.1926375553 135104.3531742096
52282861.5014838576 157230.1198806763
51221349.6787169650 94525.6498355865
51305823.0269789323 102548.6350383759
51215409.0701303706 94498.0642574695
51920220.1405600980 142187.0078697205
51458605.1277855113 113177.8387877941
51382001.9640179724 105444.9935245514
52556069.6341558322 167100.6954441071
52677392.7385194972 171587.8242378235
52078519.0794830993 148761.2683251417
52209814.4881246909 152164.2381565571
50975621.1097036898 41801.2759144306
50991587.2869545966 55928.2047422205
51462216.7673211992 113202.5866450034
51735124.1369841620 133163.4659566879
51108604.2561078370 86537.7762022018
51130234.7214291468 86740.5134762195
53207662.0744616985 189800.7915954590
52437441.4203471839 161556.6541962624
52294419.3455805331 157369.6493816376
52644546.1445954889 169752.1146087646
53298004.8891948238 192487.4282226562
53133415.9985210672 187049.4602622986
52057086.8892015964 147903.0625598133
53246338.3067083061 191070.4531250000
51055713.5254136100 71225.4119137195
51100801.4804448783 80099.6586484909
53887992.0348056331 206238.6210937500
52705282.1456209198 172453.4041347504
52667401.4750795141 171114.6392667294
52261304.1264985576 156584.2738982657
52869024.1262254417 177721.9316711426
52108228.7563040331 149404.8375822324
52168260.8179388121 151464.6939930934
51681669.3715466261 128247.4987153113
52638395.6813735142 169239.0804424286
54078638.3043943867 209892.5590820312
53458338.6504778489 197247.1253662109
53103997.3590320423 185072.1428222656
53476973.1554376110 197719.3034667969
54025146.2859293669 209622.0859375000
52019581.0310077071 144305.3542188350
52020866.5691379830 144325.3186441660
51408165.6677736491 109982.3675951958
53155023.7770998999 188355.3859539032
53009942.7452724949 183045.7785320282
51952245.8879154027 142841.1383190099
52323480.1205585152 158454.3277469873
52922352.8744442388 180204.1627326012
53150725.8365410045 187956.8970432281
53022839.3740460426 183925.6000976562
52624768.2908724770 168849.4046535492
53109958.3698910698 185292.7839355469
51858579.5429089516 137162.1238072813
51446418.5264881849 111258.9289939833
51699189.3526642919 128550.0960578918
52767204.8568486050 174849.6838264465
52726419.4137743935 173907.8918342590
51537714.1078523248 119561.6582603455
51876216.6991478354 140202.4146917984
52393532.2028636783 160016.9436163902
52530469.0629748851 166470.7297149897
52218024.4497024789 152943.4484689748
51384316.9402955770 105492.6613903046
52631199.5322765708 169004.3432903290
52332734.5056255311 158582.0304126740
51870110.8942862153 140164.9788045883
51521894.9140101671 118238.0263793468
52249367.0149787664 155634.2421569824
52997011.7786217406 182609.3883056641
52435565.4840829074 161510.2430117130
52851523.4827577397 177456.8141174316
51256593.6750900969 95817.4974850086
52382905.3040997833 159815.5574882543
52330635.1426980197 158569.1833976507
52761073.3178866655 174707.0655002594
52543990.5122386739 166744.5060576405
51967339.1132987589 143105.5013335049
52659010.6700474694 169870.0839424133
52517061.9818633497 165603.7847628593
53896247.4919508770 209421.1831054688
51626498.4822227731 125995.5771605968
51723043.9165189192 133069.2594183609
51752397.7597823814 134053.0334615707
52405643.8855763227 160456.7309607482
53946127.4991794825 209621.7270507812
52325489.3172736987 158459.7576446533
52472000.4904762208 164282.5541352257
52429104.1743116155 161002.2823257446
52538585.6313884333 166622.6444129944
53095943.0946829692 185044.4969177246
52947339.2454759851 180457.0915012360
53060289.5677464232 184839.4804687500
52981877.6988558099 182453.5645141602
52369525.0345280990 159543.6986540761
52468298.4576023072 164011.3665771782
51744642.7939250022 133750.2401084900
