132632152.7662762702 664600.5735492706
135321841.7606686056 744220.2876662910
135321582.1093184054 742208.4260940254
135256494.5069385469 742107.7496423563
137941973.2881715298 805811.0405150950
131050963.5052735507 602860.0428572297
138366814.1723017395 812759.1626974344
138358547.5280575454 812107.3674144745
137788472.5030548275 801737.8811498880
138082302.0337867439 808751.1063696146
138493759.2216827869 816527.5198383331
138180383.7543120682 810597.1063696146
143721147.2103980482 876431.3125000000
134036749.4455374181 707001.1937420964
134048502.1807555854 708905.9632733464
130612497.8434655964 577232.3546783775
130600967.9128787816 577014.6028320640
132086573.4451007992 648448.3419361115
131912350.8028238863 641524.7690157890
137939448.9041676521 805516.5143274665
131395306.2276180834 624328.1217458248
133436336.6290414631 689421.0345857143
133417084.0837646723 688361.6316316128
132608213.4993800968 664094.0124623775
132935034.8126214594 675767.7373323001
133014714.2704503387 676615.9540071047
141752559.1553081870 867679.5322265625
141913311.5326052606 867821.0942382812
141998032.7288697064 871392.2592773438
141688020.6166051328 866563.0151367188
137669088.0526203215 799644.5382626951
137043621.5663077533 785765.2742024064
137456936.6954517961 795029.4814249277
136987713.9145369828 785375.1822834611
137721001.4378375709 800087.5465012193
137283611.3870935142 793065.3313389421
137557249.9564872384 796297.7295323014
137785477.0195724070 801227.8860422373
137488075.0757377148 796114.5871983171
137563513.4967364967 799216.3826084733
131977005.6934313625 646513.2276306152
140013945.7177903950 840140.1144104004
134012198.6178850532 706144.5919401646
133527315.5567287058 691757.3429105282
141924005.8093880713 868394.0117187500
139156846.5237678587 824634.9624786377
132640214.2770945877 665149.4594748020
136670723.9877344370 778050.3506094217
138924888.7369772792 822085.0856170654
138652408.5319903791 817130.2614427805
138897803.5166956186 820570.0927829742
137414035.3903979659 794640.6136626899
132419775.0805361122 657398.0578500479
132734218.7132855803 670430.8757343292
132767170.0623502731 670448.4273853302
132487497.9398787916 662673.3249530792
132491923.6560055912 663853.9532032013
132452429.0334989130 659546.1914844513
132731507.0857442617 667303.7422657013
132210465.3030662239 652867.6308831573
132220498.4323142767 653090.2961312979
132272157.6204627007 654763.8881397247
136747710.6335279346 780340.1768350443
136494641.2287889123 773662.0607248843
136344340.5150690973 772583.2721968731
130351533.3947534561 559494.5190272182
133541685.6853684336 692438.1568400860
138034277.1995095611 805836.1260312498
137912178.5009374917 805024.5747267008
140723147.0183112621 854536.4602355957
135805891.6396529675 758688.5999560058
134912099.1986226737 732646.3212833107
138340478.4553982019 811028.8867670298
134415856.2897548378 718704.4585094452
130937004.0346296430 591818.0577399284
130990696.4214704931 596683.9207849056
130451954.2467842400 566016.0595751405
130485852.8011055291 567622.5590868592
130510534.1001473069 570480.8906856477
130776629.2285758853 588291.8107129782
130389302.3422965407 562723.3399043977
130562938.8189682662 576341.0520508140
130478695.1729292274 566904.7379639000
134600796.8125515282 721139.0993890762
140900928.3511937261 856220.4509582520
140907154.1723603904 856404.7577819824
141321039.5440263450 861566.4877929688
141480048.9384047687 866287.9877929688
141152643.5854603350 860366.3775939941
140091956.9983426929 843030.5683898926
139742582.4169520438 836817.9188556671
138993203.7997244298 822631.7804279327
139677340.4575215280 835580.3442401886
138903930.7291925251 821047.1947650909
139313673.4227990806 830016.7486896515
139069164.1728743315 823217.1336994171
139221689.3896078169 828462.7125568390
141135295.0144581497 859126.0495910645
132406055.9397812188 657301.1003437042
132352655.0057212710 657294.6639423370
132350630.1628133208 655988.1408710480
141089727.3367934227 858863.8685302734
141332506.3144540787 861761.2746582031
136449162.9035734236 773470.2516886294
136716176.7196043134 778130.3846347630
134784273.6013082564 731120.6964492500
134891198.7351537049 732228.4493941963
134937490.4961374700 733338.3760451972
135372261.5685335994 746740.9395837625
143250060.0765021443 874933.1049804688
131467566.9540145844 626991.8514798135
131273107.6327582896 619234.3006985635
140790266.8045497835 855484.0945129395
140360562.8102887571 848159.2889099121
140967582.4324567914 858789.9659729004
137231866.3222737610 789949.4544562101
137168239.1716803312 788998.9642284214
140254372.5249603987 845689.5215415955
134751920.8177562654 727278.9887160957
130492403.9058755785 567963.0095093101
130302529.2301856577 559126.6556274742
142770742.5031988025 874582.6303710938
142402957.9630977511 871465.3769531250
142568958.5932480395 872968.8696289062
136552006.9113748670 776930.1515909731
130212922.6283815652 532090.1784167141
141356811.7868707776 863880.3872070312
130234676.8383629769 546255.8809769005
132119193.9599969983 649167.9393650889
131827124.3922703266 640690.7911548615
134182596.4321281314 710881.3318655491
135409091.2602950037 747111.0324172676
135331120.6901515424 745351.6343459785
135189637.6855345368 741834.9614944160
135039735.2901794016 738710.6006545722
135343386.7773855925 746468.1514358222
135002628.0929137766 735403.3339309394
134608494.9877014160 721398.2669486701
134621311.8960164189 722534.9757203460
139863789.9441453516 838982.7436828613
139426656.9551667571 830301.2040295899
139460971.0506730974 831257.3033771515
141947877.1400778294 868631.6411132812
141309237.7856882513 861004.9342346191
133665085.3288497627 696131.9014794827
131172063.5427213013 610739.5782098174
136123046.4047150612 766461.1997147202
139092406.1157607138 824195.3338323832
138288688.5323090255 811020.9345480204
130976485.0735575557 596386.6254093051
131120813.6609914601 602887.7687045932
131004332.4040537775 602147.5847598910
134290005.6096670330 713004.0694143772
141411574.1770221591 864525.7089843750
134218589.7145341635 711320.9173147678
139806066.8534953296 837071.4043273926
140075696.0504252017 842869.2262878418
139638934.7717365026 834942.4360198975
139559492.8649069965 833584.6679534912
139578321.3313079476 833695.6249847412
135878058.1711179912 760929.7456690371
136319053.5989056528 770022.7861963809
134683415.6171981990 724501.8550589085
134738929.4191521406 725203.3698949758
133835381.9066208154 702835.7022268772
134027122.4773962051 706752.7076101247
130276527.9982166141 552692.7206222862
130301995.9779143035 552710.2722732872
137111222.4300145209 787875.3844019175
137071870.8620034456 786151.0817238092
130978374.4235238433 596500.2139899284
137758393.6245292127 800929.6435552835
137866368.1035045385 804405.5186010599
137184749.9539982080 789876.3408685923
143780197.6663885415 877924.3837890625
140061201.3839141726 840898.2495422363
132714874.5613378137 667252.4361743927
133067271.4135407358 678076.8413209475
133152099.5358967185 680661.4134199619
132922076.0640403926 673646.7757742405
132840632.2693413645 672688.8399832249
138397581.5375493169 813336.9498449564
137858804.2540756166 802639.9194213450
130632148.8431265652 582419.8395264000
140050239.6088424027 840530.7456359863
140743271.5605890751 854962.1544494629
140341446.3569187820 847665.2024230957
140555558.9144181907 851970.3877258301
140456849.3059733808 851550.1133117676
133353764.3052447289 686765.6700492501
133214127.9066042155 683748.1404410608
133172558.4403292686 683525.2881135501
132832881.6376541406 670882.2504384518
130946278.2456412017 595092.2625164837
144072845.5130884349 878536.1235351562
136051643.8779933453 765591.5889073312
135411721.5305382311 750811.8229638040
137422056.1531046927 794990.1639328599
132182692.2053202689 652867.4438037872
138785829.3627352417 818441.3343791962
138722344.9085987210 817729.9354076385
139150334.9828301370 824347.8445949554
133108831.0400554091 680571.9377644062
132303183.2129398435 655367.1488759518
130368072.5353302956 560205.4587280601
131952436.1489144713 642860.7783496380
131785225.8031685948 635393.6610383391
131622577.7143068165 632852.0128449798
131231419.3426775336 615805.3149539828
131433203.9567616433 626420.3852815032
131576109.1316030920 631320.4165164828
131555030.9316259623 627636.1102570891
131333841.3040225953 623562.8657352328
140631129.6976908445 853406.2271385193
131605970.5245490968 632055.2272617221
131641621.5085922331 632969.0386328101
138692441.9915534258 817613.7169761658
136507346.2808640301 775242.5158929825
143494436.7151269615 875441.8417968750
143662872.7073878646 876135.1860351562
133388695.9468316138 687615.3034656048
139442270.9712279439 831189.1745452881
138078844.0496163964 806405.6498412788
136195701.7357437015 769172.6008097231
136722810.8423679471 779382.8871871075
132039886.3574810773 647437.0551602840
132070583.7605918795 647609.5980947018
131162407.2627410889 604918.3985320181
135622875.8032389581 752431.2816439709
136498898.4729972780 773977.8262129864
136173189.8577822745 766988.4474154552
135839589.6283389330 759230.8966342052
133549601.3941707164 693624.9294450283
133243453.7894026488 685876.5736072063
139174209.8498137891 825454.5595989227
140920897.8715653121 856742.9381408691
133752236.4936917722 697403.3422453403
133938649.7800765634 703184.6393753290
133592095.0286329091 695425.3921720982
136170593.1352904737 766944.4748331606
136797709.6996799409 781367.5252901614
136000384.7179276645 764552.9332676828
135684879.6893404126 755837.5178325325
135958312.7189206481 763594.9974766672
135524074.2401239276 751456.2153244615
135706674.8224489987 757834.0381260812
135825391.8988085985 758954.2371445298
132161046.7235076278 650615.9162616730
132100485.1145866215 648666.5122089386
131649473.5100027472 632983.2050473690
131788540.2659772038 639661.9527280331
131732555.3388872892 634717.5975704193
131845866.5319257677 640908.9614276886
131635516.1100566685 632961.3160610199
138824269.2994094789 818979.1882902384
138845748.5429208875 819513.5697599649
139543358.4402891099 832076.6335296631
140155923.5946221352 845071.4121398926
139207591.2203501165 825618.0384368896
135582152.6606205702 752395.0183343887
137700568.0540580451 799831.6499633491
137811925.9436762333 802147.5762328804
136913558.5808694661 784298.7375355363
136932137.5524017215 784572.5702511072
136872583.4909222722 783404.8206177354
137126681.1325993538 788798.5761643052
130751068.4707676470 583898.7209377140
131170235.3807949722 609718.4298386723
134480175.3232468367 719286.4934866428
134106184.6023830324 709271.7840368748
134128815.3623043299 710145.1381170750
132668837.4342530519 666431.8819723725
131140762.8058880270 604641.0174932033
130743998.8597354293 583134.0384528190
130868062.4731940031 590891.5892340690
134545791.5025978088 720633.1212546770
133797228.2376579046 699546.0603017807
133468746.3802901357 691539.1726377010
134215822.2946354300 711247.6551077366
134368704.7655207813 716744.3042776585
130830804.5190874040 589821.4663092643
130557607.0349518955 573773.6103563905
134127685.2491165847 710065.5722341482
134403734.9907411337 716744.3199148122
131122139.6645574272 603984.8925359249
143390600.1081546545 875352.7368164062
133967827.9066557735 704578.7709527016
132899015.7810462266 672814.3869831562
133085305.9529663175 679493.1346638203
130967383.1635063291 596169.2677855343
133826611.9325115830 701391.6751697063
133758913.5486046970 699383.2367389202
133743683.4767937660 697180.7489459515
134250964.0931937397 712485.3233206272
133946924.1181397885 704287.1089773122
130484245.3240329027 567094.8626757264
133298432.9393979758 686094.3254535198
134314955.1417754292 714532.6445608083
134052124.6569659859 708986.7691335622
143556844.5503002405 875566.4360351562
