91987428.5938945413 20334.5188273191
92066788.0410594195 20373.5807337761
93802001.2885805517 21826.5037307739
93965524.4713817388 21865.7100906372
93800697.1599459499 21824.7988662720
93504605.5157638043 21646.0238723755
92841225.8277636468 21101.6459732056
88635331.8687994480 13490.9459227386
92840934.8062572330 21101.3670425415
96389544.1870762259 22565.0748214722
96408450.2783095390 22567.9237594604
91044946.1791714281 19514.9453692734
91328008.5713772923 19780.5429458618
91431010.3060164899 19908.6361154020
91603338.7410980612 20014.2538674772
91094708.6192785800 19578.9922370911
91817134.9786001593 20277.7576136589
88310575.1981048137 12506.0294212836
88635594.2120290101 13570.7658385101
88555520.0200874209 13220.6014945328
88514636.2109764069 13114.8016731193
88558638.5428937972 13252.3057322565
91342716.8690483123 19830.3959703445
88572707.1943948269 13327.2264237691
88670169.9070611149 13767.6334649314
91552854.9355242103 19987.5069508553
91701783.3645423055 20051.8318715096
91686631.4716946930 20022.1862111092
91322436.2031479776 19751.4409899712
91459125.3650323749 19943.9140814543
88667420.0749740303 13760.2593262544
88719580.7367277741 13780.5368562093
90798078.3728440404 19275.4296635389
88705064.7011280358 13775.7192433241
90618668.9356586486 18917.2073930204
90738147.3251095116 19058.8438218534
88642848.2223880291 13625.1053686765
88397866.3891101927 12715.5852021712
90620084.1463204175 19042.1002152860
91240233.8951871544 19700.7336812019
89523079.7960188538 16870.2010042369
88581983.0896724015 13457.1298439851
92792306.1102902740 21079.8403167725
88461082.7308308929 13064.9265094240
88574472.9234226197 13364.9592152823
88524531.5012148619 13132.9437308374
88722518.5764057189 14869.0219045539
90980384.5511559397 19386.8745225370
88494610.4870271385 13089.5928831537
88580334.7339481264 13435.7608805139
91226985.8275664151 19657.9962334633
88488337.6153571904 13077.6824598749
88575270.7293421477 13380.2091770199
90518205.2625593692 18806.4349282682
91804916.2507823110 20200.0657148361
90783457.9419366717 19166.2899464071
90999945.2542060614 19496.5248699188
91175885.4907934070 19609.5086167753
91129633.2533693463 19583.4273470342
90957635.6154345870 19378.2650698125
90751320.9186238199 19082.8150690496
91282618.4157486707 19719.8134339750
91188951.3254223913 19648.6272401214
89535578.4470671564 16957.3505890872
93576658.7249654382 21654.9224624634
96751822.1564914435 22654.6086196899
96865853.8127931803 22662.6163711548
91184952.9031036049 19631.3794155121
88813860.4503334314 15158.6880726432
93157409.4036284834 21361.1839790344
89508754.4148622751 16870.1686251368
89531428.4326441139 16955.8101153579
88903943.7486893088 15406.5926422691
88421977.6870378405 12786.0556357715
90807365.7371984273 19297.8044069707
90844455.3898082376 19355.5440057218
91055331.2655613422 19523.9582241476
88847206.1598782390 15403.7285528397
90652260.0532737821 19050.9612487257
90794692.9497010857 19256.5370510519
90652551.0747801960 19051.2401793897
98646692.0742624849 22926.1798171997
98166908.0397319347 22882.7637405396
98029452.6459295303 22878.6344680786
97460031.0243587345 22792.2933731079
97477461.2785723358 22793.2201919556
91797079.8197465688 20167.2804221511
98385035.2044725567 22890.9324111938
97787413.3039718419 22854.3533096313
93354724.3990925103 21455.0595626831
91152861.0046195239 19596.4204877317
91773238.2347575128 20167.0070151687
96701469.5539041609 22636.6008682251
96534148.9403623492 22597.8837509155
96241377.9261318594 22543.4843978882
96534454.9654410630 22604.1919631958
96600643.0987018198 22620.5534286499
96492659.8625181168 22572.2272720337
92789602.3761667758 21061.8409080505
89300896.3812163770 16505.9209009032
96440281.2402361184 22570.0564804077
96581322.2404725105 22613.1293106079
89210296.1073120236 16170.6461305823
89355911.6609765142 16738.7225389685
89461829.5636648834 16782.6465993728
89271860.8495740741 16464.7363939490
89029307.7221921533 15708.1602363791
89177188.5813410580 16105.5555410590
90687475.1741264910 19054.0115347803
90286330.1493692547 18437.9049741328
97293687.7891271859 22766.7614517212
99000333.8840430528 22945.6893386841
98418506.3001439422 22921.3648452759
91706071.9567619115 20148.0482603908
92459337.8282658756 20787.9257316589
92187686.3570632488 20525.8393630981
97060899.1800999492 22734.0608901978
97529832.6547067314 22822.7327346802
97803824.7658633739 22859.8807449341
89169810.2483780086 16093.7189633433
92428308.8809589297 20740.0212020874
92624453.0925311148 20957.9075889587
92682407.5333022028 20997.8447074890
95185627.7920489609 22366.7117843628
90492199.2523520291 18718.2683424056
92439609.8979959637 20776.7152848244
89251691.1186951846 16228.6823105877
89236275.6443548650 16210.6506324019
90783942.8113311678 19186.8755367696
95805609.4464153647 22474.6433029175
91966575.9393392205 20322.4407423735
96730013.7156224996 22636.7068557739
97043488.8114458472 22704.0049819946
95092048.0607656240 22333.6570053101
95259690.2948022485 22382.3162765503
97575452.7494473010 22824.3309097290
95499687.8850375116 22437.4288558960
96494940.7559484988 22589.4888381958
89205806.1565908492 16110.8929643836
89159439.2989288121 16083.1294660475
95255519.2249742746 22371.5526657104
96052825.9163640440 22513.8994064331
95055569.0412813723 22318.1350173950
89123848.0064239949 15903.3661251040
95910615.3586523235 22498.6655044556
95119040.3835228086 22357.3311386108
94813045.4419588447 22281.5692062378
89134095.4268611223 16007.5776465600
94881877.8948710710 22291.5779953003
95180850.2570870817 22357.5095443726
96872666.4213279635 22672.1688003540
95836706.7104484737 22479.0709457397
97180009.3493650407 22752.8680801392
96977184.3850133866 22692.5110549927
96922284.4195069224 22691.4856033325
96848733.1661480516 22655.1863327026
96370788.1091756523 22563.2300491333
95923193.2051474154 22501.6524124146
88973069.2907096297 15658.2196414536
88964227.8166132867 15615.1024196213
89253590.8124578297 16311.9919717610
89064523.6565036178 15893.2318103379
98019821.8780655116 22878.3320388794
89133418.0559678376 15931.5347499819
96058432.9883061945 22531.8862533569
90611392.0016892999 18902.3709577620
95720592.0456300378 22453.7973861694
94051390.9108836502 21916.4001083374
88949843.9082922488 15562.2983098902
89033068.0594272465 15780.0075893374
96123077.0641510487 22533.1080245972
95291086.6653009057 22413.0306625366
93363805.2268895656 21473.5862960815
92690171.0002481639 21002.7912559509
92639052.3098084778 20983.3244590759
94168145.1074550599 21979.5047988892
95414507.3177426755 22421.5723800659
93395070.0423533022 21538.3275070190
89705863.3203239292 17202.8104896351
95430849.6369039416 22434.5483627319
95976352.5604444444 22506.4957809448
89872061.8331665546 17593.1849290237
89878044.4802772701 17601.3825305805
92642211.6475901753 20996.0472984314
90364492.9649908394 18574.2037550509
90397846.4849212468 18576.6805311739
92776150.0761216283 21046.1687240601
94940011.7631570399 22298.2359848022
92873807.1433339119 21173.5040283203
92236919.8392625898 20585.5379638672
88924371.3279728889 15558.8970701878
89062911.4519827664 15891.6676805587
92910165.5466722250 21206.9033546448
95038992.2897896767 22306.2458114624
89848044.2040757388 17588.9074107513
90446909.6482827961 18616.6029331386
90173659.5980844051 18281.4289387763
90260130.5560252070 18390.9936169684
90404957.0257562697 18614.2690326273
94784564.3895147741 22269.0785446167
88726493.1517399997 14889.8060922837
88782615.0323279351 15158.1655091858
94815891.3102229834 22285.1617965698
94664409.9380535483 22221.2428512573
89798964.8306975514 17457.3957939845
95715435.2935223877 22437.7818222046
88941985.7377335131 15561.4281840200
94033357.4561558664 21912.2852554321
94762830.6765277088 22229.0631637573
88752905.7776328176 15127.0685518002
94353000.1029443443 22028.4873733521
92304147.6241166443 20665.6596603394
94460975.2231935561 22113.6303787231
90476768.5874787569 18685.6858839989
91806970.2531626523 20238.3237085342
89563636.9309161603 17078.8598243210
93789886.0390308052 21787.3145980835
94906395.4071801901 22295.9923934937
90215129.6310598403 18357.2869481146
90333933.5595865101 18519.2124796808
95405673.2646878362 22414.1687545776
90265503.4903924018 18416.7676793039
89920166.4653730839 17729.9588499367
89962196.1583354324 17783.8504230678
90259677.4974447638 18377.8284377158
90050467.1266271919 18197.9673551619
89944951.2960286736 17772.6603707373
89983198.5038075447 17903.1230172217
90191803.0751749575 18328.4318284094
89945639.0456924438 17777.8627003729
90245229.9537652284 18375.1094168723
90030841.8643038422 18126.6563653052
90020786.8899535090 18126.6548089087
94742052.1693374962 22222.3926010132
92461984.1599074751 20821.3605079651
94436433.6059638113 22066.3948593140
92472984.7367624044 20833.8131752014
94436934.7522051781 22079.5157241821
94385338.9253504872 22060.9773635864
94568119.1217446923 22148.3895034790
92006940.2040929943 20367.2928985953
93559978.3667352945 21647.1294631958
92339886.7918939739 20720.8694419861
93220444.1403293312 21402.1632308960
92108440.1898644269 20506.6836509705
92329082.8331235051 20681.6393113136
92080360.7627676576 20420.8978767395
92505917.1221959740 20841.1536521912
92259217.5909956247 20611.7497024536
92193064.6468910128 20571.0371322632
92118170.9232571572 20514.1501684189
94387961.7583779991 22061.0474319458
93417067.6732966602 21555.4712905884
93046796.7617031336 21278.1767196655
93016758.2439809740 21277.7805404663
94261811.7575059086 22018.8646926880
94487486.4805142879 22126.7791366577
93974725.6192489117 21883.1504287720
92569861.0645590872 20912.6117286682
93063803.8651723862 21293.3301010132
93789886.0390308052 21751.6630783081
93379156.3063020855 21519.5954513550
94107752.8117451519 21959.6249465942
94259259.4935991466 22007.7586898804
93100509.6582321227 21313.2105636597
93127128.1544572711 21313.3436203003
93999808.8191422224 21901.5978775024
93883917.0735747963 21860.3175735474
92978032.4475362301 21247.0817298889
94088271.7227583379 21955.0832595825
91702612.9360464364 20067.2303541899
93842588.2855160981 21839.9433364868
93639117.0703432858 21719.6737747192
93941932.8509885818 21865.4699478149
93484352.6786101311 21595.6368331909
93613419.6945204735 21706.6178665161
91972800.2648457289 20322.7904434204
93455202.0507679433 21585.5579910278
89704735.9851975739 17202.8087080560
93013252.4926468730 21259.8190841675
92192338.0106564611 20553.3851242065
92211807.0593097508 20584.5940780640
93685651.8129042834 21741.2971267700
93238706.7524725944 21406.8146667480
93698178.0796052516 21749.0201797485
93624370.2989889383 21707.1724014282
89653908.8035046011 17179.4736870870
89704642.0440515727 17194.6298847112
93441819.3248108923 21568.5916061401
93384785.1839615405 21519.7200393677
89712300.1896568090 17332.3182437524
89477164.7405205518 16817.0385253343
89646237.5289326459 17179.1063593540
89618140.4787583798 17178.3110682878
89812261.8630237281 17465.3439738452
89753884.4931773096 17434.9002352867
90004872.9133551866 18047.8665131629
89968240.1412610859 17784.8987152052
89838336.0429544747 17574.2006413412
89711636.6349157989 17236.3457323854
