87882090.4050721973 255610.8167704344
87881238.7490912378 255487.7715176046
91841584.2155389041 323045.0995681882
87994019.5745873749 263086.4243515432
88110298.8186334968 267454.6645705998
94095404.8470206857 330274.5770404935
88778428.8469123691 290465.2958726883
88164617.2340413183 270904.1286696196
90718804.8238593489 318792.5020950437
89699426.5949061513 307239.3322189450
87724297.3971473873 243705.9462905228
88622986.1054762453 286519.4631090164
88512873.5251405984 282662.3465023041
88006179.6391499937 263408.5328615308
87974556.4188372940 262879.2924871072
88451755.7877117246 280004.9540060461
88646296.9848507941 286915.5110216141
88323569.5642590374 275582.5283620656
87917993.2273100764 259155.5879534483
88306956.8061335683 275537.9491952062
103912298.3764414340 369578.0065307617
89168612.4302620292 296503.2851464748
89361307.6238772571 302981.4686605632
88755117.9675378203 290069.2479600906
89366356.4345694780 303049.4039672613
87933095.0589548200 259308.4441898763
87744422.4871549606 246974.4574671391
87816234.7850655317 251361.4016757309
87986788.3580679446 263001.6022482812
88449087.1125688553 279900.2364920080
87978917.7429426312 262933.5681151152
93178320.6324380189 328013.2383694418
88393748.8726424575 279128.1360834971
87680847.4645956606 239728.3241396844
88490548.4724513143 280526.7846792042
88525926.5768194050 283251.6113090143
87581258.4557507634 227842.4238140285
88060146.0302023441 266827.7211323380
88396417.5477852970 279129.6955249235
87705958.9716775864 243256.6598349512
87576228.0170532912 227315.2056443989
87633943.0845269412 235427.2106419206
88645577.1862852573 286805.8057756424
87642837.8735757768 235769.1973126233
87623572.7008369863 235196.6711285412
87673228.4291934669 239318.9821636975
87711238.0202133358 243278.1089907587
87661852.7671121508 239155.7979556024
89662100.9003176093 305146.6373006999
88889487.2192980498 291924.2572069168
102440510.9694243073 368118.6834716797
87614677.9117881209 234854.6844578385
87667949.3806577176 239297.5330078900
87959454.5871925503 262726.4362506792
88807088.5232425630 291323.7461635172
87675568.4160599709 239706.8749838769
88221180.4255685508 271683.5330932438
88784497.4424335659 291037.4034968913
88045044.1985576004 266674.8648959100
92896191.5520801544 326980.3799027205
87611336.5472870618 232040.9741862118
88152385.2948107123 270884.9769810572
87589793.0601845235 227852.3375695050
87690605.6484939903 242679.8643167317
88329120.5436901152 275673.5276763737
89108765.8770370483 296181.7022054195
87597350.4230839461 231489.8971579373
87699561.3339996487 242703.7231753767
88167285.9091842324 271008.8461836576
87896993.9445262551 258659.6736391783
88443142.5997427404 279811.7921357751
101911415.6028088629 366412.7523193359
99864121.6820093542 357134.6557044983
88215629.4461374879 271592.5337789357
88290327.8589505106 275151.6970032156
95890887.0846008509 339785.8557758331
88139952.1383088082 270733.6801860556
88182387.7408289462 271161.7024200857
88309719.1400325596 275558.6276164651
88580164.7445358932 284070.0878436491
87855827.4302133471 255059.5195088610
89839564.3356473446 308411.9508865476
95052608.6067232490 334425.2938526273
94836184.7943357527 333640.9205616117
88783777.6438679993 290927.6982509196
88778728.8331757933 290859.7629442215
87594259.8879321069 231213.2222971320
87697755.5893500596 242700.5691386163
89676115.7155316025 306843.2843063474
87607751.2087591290 231549.1977846324
88077474.1976547539 267317.9736755192
89071597.3874274194 295912.6154806316
96418556.1274520606 342039.4999217987
93021433.5864219218 327769.6877628455
87696373.3045494854 242698.5853405297
98013179.0210680664 349768.5402965546
87873838.2851758152 255361.6584194601
88373106.6684107482 278733.6476123258
89343045.5551949143 302653.3560546637
88835092.9922935665 291923.8386470377
88362186.2935468554 276504.2186596394
88345542.9290383160 275944.1880159676
103932796.1432423294 370154.8619995117
90971505.1826702207 319422.8239944577
89058453.5435845852 295342.1193105876
89668498.2745467424 306707.7317831218
87876506.9603187293 255466.3759334981
87909741.1074137539 258906.4296024740
89337996.7445026934 302585.4207479656
90698852.6449001878 317387.5292556882
87861091.1222883612 255114.9024561644
87863468.2423036098 255230.1977671385
88288477.4296637625 275139.7009417936
88072601.3355826735 267205.2340469956
88955799.9736368209 293211.4623096287
90835158.7766226679 318850.2978103757
87940832.4244240075 259401.5171373487
89394360.9036204815 303649.4964507818
87929048.9457548261 259200.3860914633
88302180.3062097728 275498.9647933081
88600697.0211284310 285073.7822685540
88412964.1982727051 279709.3720691800
88586906.5068700910 284187.3471184075
87705675.8905492276 242876.0408316553
88017710.4276822507 266502.8569709196
87914472.8961862624 258927.8251865804
88388501.1076210886 279125.9978102151
88471147.0687937587 280411.8846192956
88915186.4675986469 292390.9714225531
87792263.6836824119 250808.4467421472
88231478.5242173523 271955.7586620748
92799885.7335364968 324582.9085306600
88035480.9344698340 266657.2726487741
88495337.9404373765 280558.1758282185
87733779.5532176495 246489.0080900788
87899371.0645415187 258774.9689501524
88335202.4816211760 275821.7975526452
88192174.3710664064 271434.4978207052
88811482.1266555935 291573.0855800211
88424422.0168363154 279729.7880084440
88410379.8086631298 279191.7187307480
106245471.4030275643 374345.8425292969
88114510.0274911374 267500.3435243368
88830044.1816013604 291855.9033403397
88155053.9699535519 270886.5364224836
104670694.0500550270 370647.6263427734
88197047.2331384569 271547.2374492288
88290998.5571261346 275183.0232837126
87858655.9358706027 255076.5309277478
88293391.1627889872 275480.1082954705
101688688.7596133798 361860.6007690430
87652596.0574741066 238720.7374896705
87779054.0615900755 250371.4642076924
87871634.0982466489 255353.6363049746
90701253.8181527257 317826.8835514188
88053210.0545006543 266798.3034337461
87686875.1731489152 242187.8945923150
89202158.6565098763 297031.7109918594
88023207.6084823906 266521.5779947176
88333910.0116761625 275704.9188253880
88201779.0219109952 271568.6330333352
88225969.8935546279 271714.9242422581
88246580.3558620960 272108.6148985028
88812501.9114845693 291637.4959804118
88186677.1902662516 271415.7767969072
88304848.9813525975 275500.5242347345
88660087.4991091043 287801.9461717606
88236975.7050175220 271974.4796858728
103702478.4822073281 368596.2839355469
88255107.1981892437 275090.7616654340
87683047.5095485449 241952.3945286870
89209797.8450101763 300034.5079559088
89204749.0343179703 299966.5726492107
89414824.8632191569 304224.4362075925
89638565.6507006437 304289.6398513913
89126752.3878772557 296232.7749414745
105792695.8758985400 374287.7236328125
105550001.4717350304 373813.1865234375
87894558.7581085116 258621.3021107618
87946329.6052241772 259420.2381611466
88534079.8959165812 284068.1484640244
88025876.2836252302 266523.1374361441
88351574.0333100408 276182.6208455861
87907536.9204845577 258898.4074879885
87650851.2092813402 238399.4556408525
87958151.9488839507 262400.9918773398
105408502.0052409172 371376.6091918945
88249610.0173890740 275072.0406416360
90034007.7296708822 312534.2619217038
88020379.1028250903 266504.4164123461
87643971.7436805815 238378.7508189678
87952654.7680837810 262382.2708535418
88750870.8238879591 287925.0063524246
89953696.6187914759 311390.0490310788
95175285.3974574953 337412.9133420477
87853158.7550704628 255057.8099039498
90083514.0418765247 313041.5844619870
87889061.5773083568 258602.5810869638
87917141.5713291466 259032.5427006185
87866136.9174464941 255334.9152811766
99098604.3928525299 354002.1020088196
88101607.3900848180 267454.2693195343
87789424.1044622511 250502.9248600140
88062814.7053452581 266932.4386463761
87902039.7396844029 258879.6864641905
87891730.2524512410 258604.2906918749
88032812.2593269944 266655.7132073477
94109581.6500804871 332262.5055206418
88047712.8737005144 266779.5824099481
88067104.1547825336 267186.5130231977
87737884.2568351030 246686.8800409138
88218150.5735998601 271635.8561208546
87659745.9983301908 238741.4423115551
88590084.7608916312 284752.1844545007
87699874.6658152342 242727.7532138526
88082205.9864272773 267339.3692596257
89912009.7819771767 308984.4770706296
88944826.0391682386 292481.4138128459
87756360.8614444882 247263.6755591333
89727431.0639571697 307839.4247024655
87831056.3684219867 254377.7509108189
87790323.7610284090 250739.1027028784
88459640.7647661865 280118.6205431223
92391638.4413220584 324214.1288651228
88449331.2775330245 279946.2326799337
88164861.3990055025 270950.1248575452
90994074.4188783020 320206.7787255943
90390045.5565970093 316656.1543969810
88180668.0670388192 271141.2337445319
89389312.0929282755 303581.5611440837
88175170.8862386644 271122.5127207339
92809649.9309809059 325614.6851587782
87628664.0359912515 235405.7614861131
100992808.8749848604 361692.6063232422
87755061.1436503381 246998.3518668115
87637558.8250400871 235747.7481568158
87973334.2981891334 262789.1272781789
91825291.7056248039 320241.9702957273
87811095.7093306333 251109.1275016367
87776676.9415747076 250256.1842095855
87822463.6295733452 251407.8253946304
87833433.4884373546 254493.0309089258
97658512.3015547842 343347.6012458801
87827960.8103735000 251426.5464184284
87724784.4890750498 246023.8393660784
87814716.9538351297 251214.4786877632
87800137.9844978601 250942.4630769193
97823538.3243419975 347332.8137151003
88126451.2672767341 267626.7498727739
88001756.9400565475 263179.4972990155
87955483.2737410367 262399.2822724286
88131948.4480768740 267645.4708965719
88136760.7545099109 267697.5914560854
87834471.9173797369 254979.4027918503
87773839.8131045401 247531.8271065354
87949986.0929408967 262380.5612486306
87810569.3842144758 251081.2798196599
87764235.1622599512 247397.6918939054
87661551.7429797649 238744.5963483155
87800199.3413422853 250949.8191673383
87805010.8465698957 251055.2027054429
87729951.8896172643 246253.5080264509
96553649.5345782042 342622.8104908466
99716822.2670994401 354108.4072380066
87813764.3844735175 251213.8450156748
87828022.1672179252 251433.9939414784
87809742.6353424489 251076.5982895494
98790552.5740440637 350865.1000870615
87826367.0283849239 251425.9357272312
87758737.9814597964 247378.9708701074
87794640.8036977053 250923.7420531213
87830712.5030902922 254118.9147756398
87799131.0832644999 250928.6814242009
87716329.0145498067 243388.1204872727
98724573.2963435650 350779.3299003839
87769108.0243319869 247510.4315224290
95957618.7115312219 340257.6322488785
100735859.8285723627 361181.6882934570
87720728.3904399276 243419.8440430462
87781132.5055646151 250432.2526487112
87812109.2456405163 251205.7868014276
87740261.3768504262 246802.1753518879
87702251.7858305424 242843.0485248268
