139186483.9345774949 331991.3600479662
140567359.1981526911 416269.7609631121
139063854.1593573093 323869.9610601515
157599696.1567624807 627420.3056640625
142585148.2614959776 486055.3816232681
141382355.1787364781 448497.8090874255
138646199.0143655241 280666.0090222389
139610067.5528917909 361995.4341886491
142770185.3772739768 491703.7074484825
153303699.0329328775 601836.4196166992
153366773.1386718452 608318.6632690430
138490669.6847286820 248625.0768602490
140425452.1179562807 408493.3069558591
141356350.0793561041 447321.9516574442
141452342.1317184567 452533.1530734599
138655142.4522224665 281640.1239601821
138932262.3950154483 313871.9714984745
138971452.3675833941 317043.3252277225
138952459.2935982049 315351.9547049850
140773797.5565070510 424271.4634641260
157739469.7950358093 631455.7094726562
142563925.9267747700 484453.6815472692
142574861.6094856560 485208.2885213941
138613457.4488688707 275555.3464569300
139942681.6040862203 383428.4474962205
140298343.1797378957 402212.6963975877
142754505.1816576421 491695.5621419996
144284735.8935225308 522761.2624887824
139641835.6369955242 364347.5757226050
144183115.1186825335 520659.2859445065
141301734.7439720631 446378.7497936785
143925628.3255051970 514382.5233102292
141320203.7194593549 447230.6045910418
143974659.9827144444 515181.3835397214
141183912.1926297545 441613.4894445986
139060681.7488746643 323094.0942605585
140038513.9699798822 389119.5626085252
146090552.2887588739 555619.3174567223
142066240.9150383770 474854.7303931098
138458460.3077217340 240021.7397707105
140510427.4294944406 411254.4726940691
140655530.0212377310 421614.0000378191
140184238.8145090640 397049.0932759345
139967747.8032682836 384992.2287462205
143999329.0295477808 516058.9869943112
141289795.9015371501 446113.4040905535
143960902.1441224813 514995.5664010495
143785427.4994863570 510107.5585693698
140227078.8328151703 398008.9856945574
142674191.8994316459 487150.5563864708
143964719.9084552526 515148.6430612057
140179327.2360917628 396740.5551899970
142540636.0272307098 483938.0113607496
155818378.9665537477 613150.3015747070
139626893.1967160404 363359.0670762509
146551911.7774491012 558486.7209320068
142122265.1239537597 475035.7633949053
155058000.4261202812 610238.3670043945
138461456.2836968005 240065.3740480542
144774339.8207508922 527060.1619391441
140318613.6509144306 403520.3332287371
140065597.3815183342 389661.0326638669
142330590.6802713871 482467.3326001614
157469294.8653878272 624720.2332763672
140736024.9101803899 423272.7047702372
140075853.5755576193 390963.8619526923
141684178.5209970772 460322.0225415677
140993117.2533195019 433686.7008703798
144663388.6437647045 525780.1109137535
140609226.0750481486 417625.6162487566
142788654.3527612984 492555.5622458458
142275575.4847779870 479507.4887977373
139770622.1074604094 372395.5665147752
143816081.7184787393 512084.3710703254
156097268.9249259830 616235.8502197266
139657732.7122987211 364961.0418076962
141486291.2477373481 453599.4103025049
141136357.7572242022 440112.7365149111
145809056.1465663612 545130.7516455650
141632093.8633848727 459293.9245578349
142517380.5004962087 482752.9656502511
140983768.5906214714 433101.3316892236
138743545.0070522130 297095.9166759700
142112325.0496945083 474975.1447425615
144284242.0582308471 521620.9802260399
141015039.4316838980 433855.9386633486
142037225.3856943846 470133.6493812334
138514341.1817271113 253364.2201842249
144027579.7576163709 517049.6813730597
138516429.7035154104 253992.3010391444
139744029.1680357158 371764.2505968064
146071717.9309255481 550758.4866461754
147767673.8199135661 562507.8750739098
139233094.6913455129 336046.5156141371
153025385.9084443450 598923.8447189331
140955388.3054542243 432524.4235266298
139818856.8322671354 375457.5230577439
141423467.7656806111 449435.1641613543
139788446.1285096705 374673.1304796189
139582476.2362420261 360450.1871934384
140578818.2571259439 416508.4157482684
140959206.0697869658 432677.5001867861
140033602.3915625811 388811.0245225877
142877486.8852767646 498526.3754172325
141140175.5215569139 440265.8131750673
139707692.5954772234 367697.0659569800
143690619.3000532687 507264.4784481525
139587629.1776591241 360640.8927598447
138866418.5403690636 307909.6143119186
141217234.4596018493 441619.1324444860
140831740.3217384219 426251.4645422548
138454898.1253576875 237984.8512666821
138552813.5062058866 265406.7914566249
141285978.1372044086 445960.3274303973
142198942.7368603647 476255.8629704248
141868761.1318063736 467661.1509595364
138592914.9226418436 273123.7345184535
141102679.0272588730 438355.8533093035
142880096.1180976927 499653.4623312950
142130794.0251818299 475826.9995399248
138534347.3030719161 260285.7908749611
140979795.6366534531 433072.0220479071
141547914.8952225149 454440.8737219423
140925256.9537680447 431611.2429577410
138542130.5423820019 260554.9869765223
150780429.1353086829 581724.4333472252
140276536.1114699543 399067.5256115496
142859736.5400585532 493634.4611105919
142800593.1951962113 492820.9079489708
138455465.8058109581 238395.0109346509
145039732.7157614529 529550.7542700768
140272718.3471372426 398914.4489513934
138478288.5585206151 245083.7723405957
140212489.3826913536 397192.8423936814
145860537.4377302825 549797.8133063316
141643029.5460957587 460048.5315319598
145039508.0154097676 528320.8607488722
142228129.0132322013 478596.7334876787
140396270.3562024534 406067.7912365496
141483227.1444483399 453586.2617940009
146003403.7152663767 550226.1101813316
138499033.1499709785 252794.4096373499
139435907.3177779317 350372.2846360654
139716233.3141464889 368807.5058439225
138531351.3270968497 260242.1565976173
140818707.1945525110 426191.6978291571
141691543.9684379697 461291.8523327410
138473260.6780963838 244976.7250688672
139568679.9030621946 359625.8494248837
139661499.6928662956 365421.2293203324
146270368.9241966307 557996.2943358421
140218473.0485743582 397765.9873189032
138502029.1259460449 252838.0439146937
139675296.0260461271 366245.5670888871
140738140.0794898272 423853.6921764910
146438849.3478308916 558318.7311859131
138475292.5825455785 245040.1380632520
141632320.4831388891 459953.7287975848
143710058.0654306114 509293.8078797590
143436100.8909127116 504327.3099549543
138497001.2455217838 252730.9966429652
139719712.9865200818 369154.4469716996
138469819.7489391267 244234.7068251551
140381612.6352708936 405264.3404072821
146013343.7895256877 550275.6306891441
138605281.5813466609 273878.3517956764
145528434.1533216834 538894.7240729332
145600328.3777789474 543691.0309576988
138569642.7033381164 267356.6225356043
145771178.3636853993 544598.6520361900
140798148.0155496001 425330.6323994696
140930485.6817282140 431832.8428486884
140346906.9278078079 403917.4389790595
142038497.7153627574 472341.3305350393
138663173.1412805021 285894.3128828257
138607979.9363948107 274692.3913130015
138664643.4962412119 285925.4420665950
138557600.7695409358 265632.3532808423
140614848.9056040645 417726.1582783759
140632910.0579655170 417908.4698018134
138626645.9484184682 279161.0212292701
138609765.5968603492 274723.5205578834
138589918.9466667771 273080.1002411097
140312909.2556170821 402448.4448632300
138941267.5401096642 315249.5455252975
138671806.9263637066 287622.0290417701
139530706.0043084323 357218.2565293759
138711226.8299263716 289648.1697157025
138647188.4746454954 281355.8513073951
138861742.7295908630 307811.0776608884
138938662.9604183435 315226.3091971725
138567209.1986064613 266285.7490735084
138687110.4664934576 289360.3551525325
138667563.3814373016 285948.6784558326
139897507.9835034609 379677.9087999314
140559571.2793105543 413360.3909119666
138662912.5803570747 282513.5732921809
142810533.2694554329 492881.5266013145
150825752.1917937398 583100.8470435143
138539134.5664069057 260511.3526991785
139904432.7647421360 379828.0791405737
139893690.2191707194 379524.8321397752
149649584.5138574541 580022.5976600647
148461662.4999559522 568887.9186987877
139825781.6135058105 375607.6933983862
139989995.6579296291 385034.2715233862
151795296.2227474749 592785.4924964905
151610666.4689763486 590531.1174964905
141053598.1242628098 435031.9186579852
138890885.8140531480 311311.8336417526
145166729.3159387708 538571.2543311119
141447909.9034194350 452365.1074596941
139293941.6598033607 340337.9718224108
143537849.1517396569 505592.8166561127
138913283.3413403034 312891.1728751510
155699781.1435560286 612850.5755004883
138571452.7435328066 267959.0996594459
141538440.5160091519 454436.4538952410
157571679.8638761938 625717.0087890625
138902077.5675416887 311413.9757315964
138840882.8722198009 306273.1892936081
144830429.0375591218 527569.8313757032
141754458.2543574870 464295.4333874285
142732416.4151109457 491388.8601068109
138888281.2343618274 311288.5973136276
140801965.7798823118 425483.7090596259
139378300.7868273854 346677.9195457995
151007794.7245537639 588627.2086791992
156832892.2106618285 623036.1899414062
139357791.8707560897 344377.2525536120
139401274.2202431262 347921.2756028622
139132808.9863596559 328732.1539640725
139129319.0703105330 328603.1539640725
148287689.7009708583 564977.4868932813
139061113.2535017729 323696.9597502053
144946876.7893660665 527899.1182227135
139528293.9168610573 356223.2764793932
140842313.6720637679 426670.9520405829
139581567.6616246700 360353.2877098620
139128991.2220268846 328579.0773039162
142705215.7406783104 490199.6344988793
141561949.2000504732 454858.5889660418
139010731.5274452865 319759.8486967385
138809659.9609796703 303891.9273307174
139417965.3719817102 349370.7745042294
138815708.9660289288 303947.5586783737
139060785.4052181542 323672.8830900490
140250950.0811933279 398327.9268578589
140828825.8916117549 426226.0702046454
138740940.4273608923 297072.6803478450
138754408.9122571051 297173.9821056575
138748359.9072078466 297118.3507580012
140167659.9788203835 395142.0259179175
138801912.6328490674 303822.1802604049
138720502.5021915436 293238.2171520442
139770294.2591768205 372371.4898546189
140883627.9787348807 428777.0067280829
138713083.0223445892 293192.5467418879
138774383.0761164129 299966.1233146042
143596982.3361023962 505726.4581884295
141714194.3177915812 461387.8522411883
149074991.7567104101 576204.8292121887
139511078.0228637159 355282.3977647275
145129658.6141100526 532874.2927222252
141551974.2483813465 454524.7106091082
139388565.3100523651 347051.8908372372
139410547.1143225133 348587.5227647275
139485961.1955507994 354285.2999864072
139299382.8775326312 340827.0656639636
139711168.2626266181 368102.7501085252
141568813.4565214515 455277.4608532488
141749325.6205212474 461672.0904308856
143031559.1489910781 499874.0903220177
140556956.8543395102 413160.7584370673
141565300.6277385354 455166.4573742449
143278021.8689595759 502947.4004699588
140880521.7284542918 427807.5854670672
138995836.0716738403 318133.1964750588
142428118.7163805962 482492.4296395089
139118064.0878850520 327343.1524771899
139701467.6447871029 367125.0658385424
143217970.4753776789 502121.9055969119
139235700.4998243451 336079.5819298327
143742761.7014401555 510048.1289362311
139252818.9158088267 337043.0312706530
139168445.8139415681 331280.2635306567
139163296.4712780714 331005.3898039162
143113246.8220373988 501337.1576292962
139256380.2476617098 338091.6794767678
139167114.2356107831 331158.4664640725
139046217.7977303565 322070.9083586037
142676112.8985430300 489170.1969076246
143116759.6508202553 501448.1611083001
142640949.0905691981 486943.6427498907
142326876.4006255269 479774.9301329702
143327757.8347641230 503253.5520944446
156332686.5223506987 617752.1140136719
156164969.7895967960 617206.2145996094
156424364.9829977155 620006.4890136719
144152877.2823768258 518273.7226639241
