138784854.5230150521 301846.3708731979
140445446.0529083312 410609.3464123309
138487673.7087536156 248581.4425829053
139326160.2932081223 344245.6064202562
141361364.9636859298 448428.9415661395
139198431.0940186083 334760.8651703224
139044294.9254643619 323538.9823705778
157113853.4923554063 635756.7358398438
138634121.4193420410 280997.6345105201
138549817.5302308202 265363.1571792811
141371305.0379451513 448493.5245739520
141310034.4879435897 448029.0636364520
145982716.2280203402 558192.2679877281
141163664.4478707314 440441.0930640083
140220404.5996786058 398580.2247456610
146298589.3028079867 562700.7303442955
156702372.5570557714 631810.2939453125
141735388.8581579328 462045.6637341082
145994655.0704552531 558457.6136908531
139356159.2925322950 346305.1713616624
140210464.5254193842 398517.7628315985
156978002.5468435287 632826.2094726562
138783894.9948018193 300013.6301206052
138956931.6072115302 317180.9633581266
138811752.3998180926 303893.7637265623
139477645.6520716548 353711.2828965634
146246000.8168631494 562529.6610541344
138502474.0791282356 253307.0177324414
140759531.5395717621 425865.2502819598
150798332.9112740755 581789.1325988770
139151897.5225543678 330935.8886205778
139101515.7964978814 326998.9628698453
143847930.0052353740 516894.9395495653
146082712.3679157197 560532.4740424156
141674118.3081562519 461581.2027966082
140769471.6138309836 425935.0007702410
140393611.6612063944 406588.4987560809
141547717.0123916864 455907.9173962176
150943555.2024961412 587205.1092987061
138642075.3969190121 281045.1253029555
139429830.7011355758 350497.5614983812
142269630.4170285463 480495.6508032661
142237793.2825967073 479404.0687720161
140751890.2449312210 425779.6721569598
146004595.1447144747 558507.1341986656
140847568.1295559406 428422.5959850848
144010268.4843249619 521106.9699642658
145683706.4294341207 550891.4912238121
140795750.9658955932 427074.5060192645
138981933.7141899765 319025.2284948453
140170374.8678157330 395969.7881944627
141116577.9325243831 438446.3000866473
145992656.3022795916 558241.4965033531
141453227.0561302006 453730.7488171160
142061018.6762215495 473606.1383434832
139208917.5149571598 335274.5953949317
144347806.3116693795 528890.3768970966
142398893.8458324075 484623.9735252988
145202974.4043201506 542566.3602728844
143237197.9423290491 505687.4937520027
149646565.2850927413 577294.0984473228
141827987.1765668690 465848.5875622332
155376058.0320293009 617864.4787597656
155056898.5520593524 614876.8402709961
142499312.4678909779 487016.6881995928
140048454.0442391038 389185.9004991502
139491441.9852514565 354500.0822129697
140056095.3388797045 389274.8912218064
139071516.7971736193 324938.5141393766
140086912.5163542330 391364.4205464423
139064592.0159349740 324788.3437987342
143333526.5494192541 507129.0004360676
145308145.0174593627 545881.3426947594
140840148.6497089863 428376.9255749285
146026576.9489847124 559469.9924750328
139218499.8844846487 336638.2259796485
139048268.7388682961 323692.0590307340
144020208.5585841835 521169.7132503986
139065154.0624880493 324923.1029137000
139305777.5664758086 342368.2456109300
142918029.9388685524 500227.0817500204
145701013.6401894987 551922.5344672203
139275778.5671515465 340307.7968804613
139286578.9243563712 340389.5410210863
143469497.2594844103 511585.5367488861
143034986.4672288299 502729.5569609255
140943327.5502320826 433022.2378918231
152653208.4007426798 596260.3224645704
139007313.3332680166 321118.7728979215
145609916.8799899220 547056.3758978844
143527632.3034956753 511882.5651472366
139165436.1187192798 332656.7821625099
142057505.8474386334 473495.1348644793
139215817.8447757959 336594.4940460548
143075117.6202252507 504148.2891474813
143566863.4845440388 512827.0268611908
139406223.6687940359 349537.0668694749
139366959.6497370899 346818.8925530687
143245350.0963890254 506026.3890438080
143623587.9363562763 514195.2759487629
141852066.2666303515 466021.3220593035
139618216.4702838957 362496.7563322037
138885773.2315598130 309887.2656791061
138932232.6159371734 313906.4105460495
145699685.1157673597 550894.5147710890
140382457.5377829373 405893.2751232684
144728597.5282742679 533560.4467709064
144032147.4010190964 521435.3509457111
138941658.9363934100 315270.0411307663
139398909.4880386889 347838.8366075009
141824474.3477839530 465737.5840832293
138971813.9847889245 317329.6060721725
139298877.1963368654 341929.6864288673
139121898.5232301354 328876.3236791715
139099781.7218446732 326808.0503953546
138657659.9215441346 283472.8807263405
138777379.0520914793 300009.7575919479
143573635.6655080914 513287.7833340168
145834111.0499351323 554258.6953558922
138520495.3290800452 257959.0444963574
144112953.4905710518 526163.6107723713
146545516.5223786831 565196.2165961266
150617151.6004354954 581757.6005401611
143400656.7601838410 511100.1620817184
141992144.2325107753 470670.2869458646
145053665.6624943912 539993.3026556969
144874094.8300898075 534781.2222723961
143878099.2596578896 517269.0328915119
151433472.5591424108 591533.5070648193
147105678.6084049046 568605.1150207520
146070180.9526766837 560038.5666327477
146348380.4306409955 563847.4687781334
143934085.7269279957 520527.8583309650
140641726.0704711378 419205.9517590106
142681203.6554986537 492176.5362145752
142543478.9250396490 488305.1977038663
139836005.2750086784 376716.9322374314
143252122.2773530483 506487.1455166340
140548104.4335260987 413892.1101452410
144244944.7853107452 528538.1569097042
139609685.0038284063 361462.7189317197
143130183.5607997775 504784.8989315033
139798386.2027688622 374739.4683702439
140609364.1861211061 418111.8695210516
141873228.1670277417 469478.1086956561
143555719.1152765751 512015.1570552438
150060418.7855570912 581344.3674902916
138531351.3270968199 260242.1565976173
138505470.0551033020 253350.6520097852
140332837.1654724181 404254.2949596941
141036061.6981099248 435256.2807653993
140965582.4542423785 433155.8572155535
138866418.5403690934 307909.6143119186
138574448.7195078731 268002.7339367897
140467936.1099539995 411436.9488562196
139964553.4958760738 383665.8062608689
140292079.9137386084 402594.2376199216
142177571.8781451583 476358.1970068794
142832548.9324810505 496240.0144282430
142792201.0402995646 495090.1300898641
142804139.8827345371 495355.4757929891
143398096.1984985769 508416.7810083628
140437804.7582677901 410523.7682873309
141632555.2528112829 460527.5725475848
140960923.2759697139 433095.8347546160
142624020.8605261445 489426.8390243184
140413657.3205095530 409357.8344868720
142776441.7324942052 494003.5237634033
141736191.0738161206 462815.4241100848
138855226.7868805528 307807.2051322311
144498065.2281264663 529583.2631719112
151740375.9995826185 595989.4320044518
142764502.8900593519 493737.8860680908
139981704.6569657624 385612.4898546189
140298518.3434451520 403743.9902485907
144060949.8631672263 523396.8477718830
140286165.7031336129 401713.5289171189
139954613.4216167927 383588.1939561814
141482934.8728309870 454679.9816320986
142116301.3281435370 475893.7360693794
142754562.8158000708 493703.3907067627
154400056.6099603772 609745.9410400391
141304207.4082220793 446439.3684460223
141282328.4915279448 446113.4040905535
138484111.5263895392 246544.5540788770
138534347.3030718863 260285.7908749611
139543833.8451550603 358023.8746934384
138665591.8928223550 285948.6784558326
140595030.1343593001 417141.4126729071
140576796.9072060883 416856.1875752509
155250602.9104616940 617502.2756958008
139933546.3771845102 382850.0892808884
139813292.1864168942 376275.1052110642
156482333.9894209802 624759.4414062500
156539126.7605242133 628390.6982421875
156209944.0325646102 623264.7579345703
154755075.3104837239 612207.3665161133
141699557.5800301731 461609.0127941668
155400277.1791142225 618584.0758056641
148871905.5169667304 574260.6810889244
148615982.0468005240 573247.1249365807
139623863.8860716224 362819.7719572037
139706254.7452993989 368136.2447355241
138490669.6847286522 248625.0768602490
142005847.9385887086 472458.6387525052
142110402.6926701367 475180.6947485786
140567359.1981526911 416269.7609631121
141382355.1787364781 448497.8090874255
139610067.5528917909 361995.4341886491
153303699.0329328775 601836.4196166992
153366773.1386718452 608318.6632690430
138613457.4488688707 275555.3464569300
139942681.6040862203 383428.4474962205
139641835.6369955242 364347.5757226050
141301734.7439720631 446378.7497936785
141183912.1926297545 441613.4894445986
140038513.9699798822 389119.5626085252
142066240.9150383770 474854.7303931098
138458460.3077217340 240021.7397707105
140655530.0212377310 421614.0000378191
140184238.8145090640 397049.0932759345
139967747.8032682836 384992.2287462205
140179327.2360917628 396740.5551899970
139626893.1967160404 363359.0670762509
138461456.2836968005 240065.3740480542
142330590.6802713871 482467.3326001614
140736024.9101803899 423272.7047702372
140075853.5755576193 390963.8619526923
139657732.7122987211 364961.0418076962
141632093.8633848727 459293.9245578349
138743545.0070522130 297095.9166759700
138514341.1817271113 253364.2201842249
138516429.7035154104 253992.3010391444
153025385.9084443450 598923.8447189331
141423467.7656806111 449435.1641613543
140033602.3915625811 388811.0245225877
142877486.8852767646 498526.3754172325
138454898.1253576875 237984.8512666821
141868761.1318063736 467661.1509595364
138592914.9226418436 273123.7345184535
141102679.0272588730 438355.8533093035
142880096.1180976927 499653.4623312950
140925256.9537680447 431611.2429577410
138455465.8058109581 238395.0109346509
138478288.5585206151 245083.7723405957
142228129.0132322013 478596.7334876787
138499033.1499709785 252794.4096373499
139716233.3141464889 368807.5058439225
138473260.6780963838 244976.7250688672
139568679.9030621946 359625.8494248837
139661499.6928662956 365421.2293203324
138502029.1259460449 252838.0439146937
139675296.0260461271 366245.5670888871
140738140.0794898272 423853.6921764910
138475292.5825455785 245040.1380632520
141632320.4831388891 459953.7287975848
138497001.2455217838 252730.9966429652
139719712.9865200818 369154.4469716996
138605281.5813466609 273878.3517956764
138569642.7033381164 267356.6225356043
140930485.6817282140 431832.8428486884
138663173.1412805021 285894.3128828257
138607979.9363948107 274692.3913130015
138664643.4962412119 285925.4420665950
138609765.5968603492 274723.5205578834
138589918.9466667771 273080.1002411097
138941267.5401096642 315249.5455252975
138671806.9263637066 287622.0290417701
138647188.4746454954 281355.8513073951
138938662.9604183435 315226.3091971725
138567209.1986064613 266285.7490735084
138687110.4664934576 289360.3551525325
150825752.1917937398 583100.8470435143
139893690.2191707194 379524.8321397752
149649584.5138574541 580022.5976600647
148461662.4999559522 568887.9186987877
138890885.8140531480 311311.8336417526
141447909.9034194350 452365.1074596941
138913283.3413403034 312891.1728751510
138840882.8722198009 306273.1892936081
141754458.2543574870 464295.4333874285
138888281.2343618274 311288.5973136276
151007794.7245537639 588627.2086791992
139401274.2202431262 347921.2756028622
139061113.2535017729 323696.9597502053
139581567.6616246700 360353.2877098620
138809659.9609796703 303891.9273307174
138815708.9660289288 303947.5586783737
138740940.4273608923 297072.6803478450
138754408.9122571051 297173.9821056575
138748359.9072078466 297118.3507580012
138801912.6328490674 303822.1802604049
138720502.5021915436 293238.2171520442
139770294.2591768205 372371.4898546189
140883627.9787348807 428777.0067280829
138713083.0223445892 293192.5467418879
138774383.0761164129 299966.1233146042
149074991.7567104101 576204.8292121887
139511078.0228637159 355282.3977647275
139485961.1955507994 354285.2999864072
