82609383.0967448503 1722274.1806640625
82624810.9931727052 1726925.9599609375
87517956.5664835870 2057170.9394531250
83436051.5038284510 1857227.3417968750
83357839.4920472354 1850452.0888671875
83285975.0661721379 1844036.4863281250
83326053.4715380222 1847319.5263671875
84203561.8853986412 1925141.0087890625
87903096.3632418066 2065217.7988281250
86058790.0472404510 2018747.5488281250
84177008.9995042831 1924935.7119140625
84962606.9055775851 1971364.8613281250
83285016.4168659300 1841699.3837890625
83252741.0084802657 1839820.5048828125
84907953.5209590495 1968745.9462890625
84929367.0882175565 1968916.1259765625
89123352.6810332090 2075311.7646484375
82373520.0334860831 1634556.0195312500
87566467.9955000281 2058413.4824218750
83011311.8828897178 1803896.6445312500
82378759.6755423695 1635995.2792968750
85561129.8104505837 2001894.5371093750
86528344.0419356376 2033439.9345703125
88644326.3232433349 2074727.2626953125
86891542.7307747304 2043866.5800781250
87034629.1157515347 2046542.0214843750
83216537.3339089304 1832653.9990234375
86786042.9161014259 2041739.3251953125
82432921.1022453010 1659195.4677734375
88159168.9708602279 2068678.8046875000
82459488.4469976127 1670278.4775390625
82840917.3323777318 1776855.4111328125
85354955.2880959511 1990611.7988281250
82468810.5548400879 1675627.8642578125
84688315.3511515856 1957185.8564453125
87507240.0491502285 2056943.3369140625
84421714.4773832709 1938583.1826171875
82301510.4867711216 1584905.5156250000
82277396.5451915264 1569999.1152343750
82277450.3393073678 1580541.7539062500
87836749.4516115487 2062948.3271484375
85219757.8755494952 1985414.8847656250
83684127.7236275524 1881270.2041015625
82354613.5017787665 1619375.2382812500
82432964.6234701574 1666021.0302734375
87630673.9288333058 2059174.6250000000
82678799.7862537503 1743712.8613281250
83142799.7273022085 1819786.2548828125
84710959.2530749589 1957879.5458984375
84955830.8201699704 1969570.0576171875
82800894.6137295067 1771358.7753906250
84972488.1101919264 1971637.2031250000
86722139.6136034578 2040947.5292968750
88261107.7216960937 2071163.0849609375
82254004.4632509202 1544612.3496093750
82251840.8302276880 1538982.9667968750
88461780.8167901486 2073511.5576171875
88517524.8103013635 2073715.3320312500
88213436.3570818305 2069601.5117187500
82497164.2848532647 1683371.0751953125
82579915.0514999181 1716007.9130859375
82598464.8658944666 1717117.1367187500
83147101.3391151279 1823509.8642578125
85282091.6504236609 1988272.7636718750
84720929.9411118329 1957987.7275390625
83125592.8658931106 1819343.2041015625
82291991.2800600380 1583716.3027343750
82304647.0091454536 1588653.3164062500
85115721.3241700977 1980339.6562500000
85094800.7883297652 1979511.6367187500
85046908.7409989834 1976886.2167968750
83139298.4848682433 1819465.7001953125
87286839.9339918792 2052244.6503906250
88109655.0798564106 2068225.9394531250
88181984.8348194361 2069444.8105468750
84433514.9652201831 1941871.2832031250
88250086.2703765184 2070905.8271484375
87329529.1500348151 2053833.4775390625
83229240.5168774426 1832869.9931640625
88199403.3993708342 2069520.0371093750
82551472.7977896035 1704302.3789062500
82265729.5741713792 1560247.4570312500
86078180.5048023760 2019130.5625000000
85813964.0283082873 2012249.8417968750
83573557.7045002729 1871550.1855468750
83542345.7521031052 1869156.9648437500
82620367.3335790783 1725520.8603515625
82672043.6780091375 1740872.6552734375
84240079.0815067738 1930029.5527343750
84014086.8199434876 1913752.0791015625
85623217.9882144928 2005367.2695312500
85674567.1771175414 2006338.5937500000
88237535.0540929735 2070839.2333984375
86330872.9668329209 2028358.4042968750
82889179.5812771618 1788099.9121093750
83229434.0278015882 1835318.7255859375
84984707.1147546470 1973488.4023437500
85071708.3894510120 1977161.0605468750
84840470.9750664383 1966424.4853515625
87468332.3797954768 2056107.2041015625
83162115.3838850707 1823599.4160156250
82262678.9503949583 1558285.8457031250
86427403.3631121069 2032161.4570312500
86284409.5317760259 2026221.0126953125
86419455.3071919382 2032150.5761718750
89304036.2722067982 2075448.6533203125
89144532.6384207308 2075421.9775390625
83666944.5759473592 1880620.6904296875
83105449.4226618558 1817460.9365234375
82980012.3127288967 1801837.8759765625
83163331.0142467916 1828569.7197265625
83076455.7440482229 1816352.4033203125
83100022.5450868160 1817035.2607421875
82951264.9156930298 1799538.7958984375
88354175.8838285357 2072608.9453125000
88422837.1202265471 2072674.3339843750
88000145.2331276089 2067092.5781250000
88089993.4267617464 2067385.3662109375
87787348.7590768784 2062257.4228515625
87546829.6910459399 2057647.5830078125
87757961.1194601655 2062252.8779296875
85723092.9672854543 2007520.5722656250
85709328.2993042767 2006870.4238281250
88744194.9604581147 2074918.4443359375
82401301.8376340270 1647138.0556640625
87635376.2503274381 2060111.1298828125
87614781.6520899385 2058640.5009765625
85532702.9046446085 1998419.2041015625
84807442.4670391381 1964366.0429687500
84791110.2340700179 1963527.4062500000
83607170.1855746210 1874177.7714843750
85981015.1495355368 2016803.9628906250
82427414.5075425357 1656935.4599609375
82364984.6025360674 1630006.8261718750
82378284.3810026348 1635573.2324218750
82390681.2885211557 1643424.9335937500
82454784.4859932214 1669026.8818359375
83450607.0739859045 1859115.7724609375
82314822.8789364249 1604778.7792968750
82656183.1540177763 1735641.8291015625
82670119.5041499287 1739785.9384765625
82688789.8762828559 1747987.2958984375
82682715.2852647901 1746510.0146484375
82503746.0228357017 1688760.0751953125
82591676.3380340785 1716111.9980468750
83062147.3794953674 1810486.1054687500
82313803.9974694848 1596308.7871093750
82980921.7274993807 1803122.3603515625
82500506.0123873502 1684391.3056640625
85953247.3214417696 2015113.7626953125
82758437.1379591823 1760216.0693359375
88739622.3436113745 2074786.6533203125
82350727.1335622966 1617901.9218750000
82502351.8698377609 1684583.4619140625
82274997.6904214621 1565772.4316406250
84672082.7637808323 1956399.3779296875
86954103.5850947499 2045953.2871093750
85388350.0601414889 1993930.7539062500
83029457.0277444869 1807478.7880859375
82833042.2132057101 1775178.3623046875
82534538.1254956722 1699031.9003906250
83463093.2622359097 1861710.4355468750
83381655.1762398481 1852039.2998046875
83405709.2919522375 1854811.7089843750
82341345.7637728751 1610581.4531250000
82634902.4394375384 1728271.2900390625
82461042.6836497486 1675039.7343750000
82416209.4908620715 1651628.5058593750
86873439.9038123786 2042709.2480468750
86814963.3376016170 2042229.6113281250
84287253.7803512961 1931159.7128906250
83997716.8179229647 1911391.7509765625
82255851.3583681583 1555142.9960937500
85750714.9760135859 2008915.5341796875
82388369.3786226064 1640590.0839843750
82391703.8125370145 1645018.9414062500
87418425.5800627619 2055041.3730468750
82618188.1764464080 1724352.9707031250
85795768.9267104566 2011023.4042968750
83482944.2974720597 1863180.3955078125
82563481.7200223655 1706476.0957031250
84834757.8368284702 1966063.0712890625
82945849.6887412518 1794897.9716796875
85331316.0330839306 1990571.2851562500
85356473.3950545341 1991283.2226562500
87725703.3998625576 2061399.4628906250
87860595.8568247855 2063357.5439453125
83862593.5821903944 1899933.9062500000
87302493.7239943147 2052624.8886718750
85447042.3562629819 1995370.4238281250
86148290.4194623977 2023173.3818359375
86193368.3387395144 2024593.4335937500
82889885.2998989522 1788369.2177734375
82344218.2609432936 1611203.7578125000
82331514.3177434206 1607838.4726562500
83615631.1995571554 1874391.1601562500
83531296.4889210165 1868801.1367187500
83518022.9650557339 1867254.3261718750
88833403.5230225325 2075133.0224609375
88833821.1476701200 2075153.3212890625
82779790.6067298800 1768050.7431640625
82804504.3231963664 1772467.4287109375
82301643.4000359774 1585449.0976562500
84654347.9023555666 1954146.3886718750
82543378.2265880406 1699361.1777343750
82572415.1140356511 1709055.3203125000
88631905.2229199111 2074707.8007812500
82738630.5047564805 1756279.4404296875
84581948.5549249798 1951710.0234375000
82659441.1422257870 1735965.2470703125
86702771.7392764837 2039415.4521484375
83688081.1162295938 1882323.8906250000
85213980.3174383193 1985130.6855468750
82482665.4690083265 1679402.6728515625
82306493.9042626768 1595225.6152343750
82710951.1229173094 1752564.6767578125
87142892.4896369576 2049982.8916015625
87231321.3308512121 2052002.0996093750
87976797.2197638899 2066270.1933593750
86923700.4337479621 2045619.0957031250
82604191.4298383594 1718018.8828125000
82363322.7232900411 1629492.5878906250
84554150.4396133274 1950923.6796875000
88330302.9419911206 2071917.8427734375
82922223.0441759527 1791297.2187500000
85404245.6206958890 1994507.0429687500
85545721.8133029193 1999422.8388671875
86586761.2665312439 2035203.7363281250
87622231.1264745593 2058717.4003906250
85173261.7047732025 1984426.4394531250
85318820.4989676327 1990112.9101562500
85007186.7380253375 1974966.8662109375
82514122.2114184946 1690828.1376953125
86640971.2391093522 2037390.6894531250
83735878.9129778892 1888555.2265625000
82749851.6369277537 1758660.7373046875
82751533.1064998657 1758921.5361328125
84725437.5115006715 1959018.8515625000
87179125.9972074628 2050886.7167968750
85038350.7983738482 1976204.1298828125
83816849.7885982692 1897151.9462890625
88623624.8146393597 2073964.2470703125
82404981.0205988735 1650987.5468750000
86600343.3576744944 2036691.9033203125
87077984.0982569605 2047888.9316406250
82719786.9339246303 1755578.1865234375
82502757.2223805785 1686659.9716796875
83794750.4893378466 1894461.0595703125
87439560.3633755147 2055140.9580078125
82525432.0404506475 1693027.4902343750
86235373.8980500549 2025640.5390625000
82361980.1511428058 1622086.2656250000
83921928.4448490888 1904475.2080078125
87114679.7431675345 2049271.3925781250
87050178.2105738223 2047394.8808593750
82815406.1452915370 1773660.4404296875
86759857.9610013813 2041734.9433593750
86792429.7538337857 2041761.4707031250
86011091.0146390200 2017417.6289062500
84118442.5477335751 1920092.7402343750
84305694.4242300540 1932834.7675781250
84152483.8913821429 1921665.2685546875
84226406.6901053935 1928958.5136718750
85379641.7920611203 1993926.5175781250
84158777.1829779446 1923552.6728515625
82883233.4021100700 1787811.9355468750
83380915.8497359008 1850933.9531250000
82489701.2404298633 1682467.2958984375
85168596.4037283510 1983620.2675781250
86472294.8303997219 2033058.7714843750
82654901.0282168090 1730411.4560546875
86334278.2010829300 2028888.9316406250
87889331.6952606291 2064759.4238281250
84526428.5070463419 1948873.0078125000
84059094.5152576566 1916107.9453125000
83351726.8321023732 1848107.8535156250
89034432.0710204244 2075230.2753906250
86313270.6859767586 2028156.6962890625
83824749.4709743112 1898179.4726562500
82854043.6641603708 1778583.8134765625
86442569.7066234499 2032480.9355468750
86111831.1918415725 2020899.9785156250
82831010.4013255984 1774242.7998046875
84828645.4473318756 1965257.6259765625
85078468.9419941306 1978781.6357421875
84361912.7941718549 1937403.6298828125
84501261.5646851659 1945484.5810546875
83875360.4030929357 1902730.1259765625
83867390.2742270976 1901994.2275390625
85592943.9278386831 2001992.0996093750
84891199.2784370035 1968716.6455078125
84324225.0145905912 1934858.4863281250
83640385.5772972852 1877636.4980468750
83201469.5305673033 1829697.2480468750
85942633.0225196630 2014053.7958984375
85908851.7947594672 2013476.7949218750
84112343.3170036674 1918817.5283203125
83794049.9230931252 1892548.0488281250
84030048.7538035065 1913762.3291015625
