66887098.3890608698 2218782.6406250000
64916893.8434313089 2112453.1621093750
64822466.8890333697 2104682.8085937500
65006459.2827263102 2123990.6953125000
64937408.4897322953 2113189.4902343750
65224083.7792211100 2144778.6816406250
64917052.4828343466 2112796.4511718750
66620598.5551352501 2216378.3886718750
66693379.7193264514 2216782.0312500000
67404659.6089591980 2222616.8457031250
66918731.5078214258 2219134.4375000000
66819642.1771967709 2217592.4746093750
66777165.1135123223 2217419.2851562500
66037796.1032947600 2201125.5058593750
65294597.7750085071 2154400.6621093750
64611552.3287921473 2075961.7988281250
64869777.0580542013 2109258.1679687500
64886096.9531191960 2112119.3242187500
65921737.0037405714 2193084.6953125000
66316876.9656427950 2211098.5878906250
67084883.3077623099 2221167.0449218750
67050855.2628872544 2220158.7363281250
66032960.4255109131 2200149.2792968750
64516702.5621210411 2063978.6699218750
64507633.0644403920 2056379.0517578125
64841204.9410803840 2107396.0351562500
64844700.5435202345 2108065.9238281250
64795106.2127216831 2097414.1328125000
66243627.9039149433 2209404.4648437500
65446104.9819475859 2164252.7890625000
65334657.1487374902 2157194.1093750000
66441149.3169988543 2213022.2402343750
64827136.2026450261 2105277.5976562500
64713899.2086824551 2089376.8632812500
64813288.6563457698 2100717.7363281250
66215298.7887272388 2207893.5390625000
66156504.8804996312 2206937.1894531250
66843833.2602577806 2218023.3183593750
67873657.5443545431 2224204.0664062500
65931779.8703189194 2193649.6914062500
64376762.7743910924 2031628.9970703125
65713617.4352303669 2183095.3437500000
64976488.5746094808 2122623.9101562500
67498356.7564016581 2222757.6386718750
64951168.2594757006 2118174.8437500000
64745819.2474367544 2097265.3886718750
66367981.9666160792 2211470.0585937500
64651598.4608453438 2081878.5546875000
64637542.5160947815 2076233.6093750000
67707629.8544671088 2223860.0390625000
67370758.4487137496 2222233.6621093750
64405955.8750648499 2032325.5761718750
67728205.5661014766 2223869.8789062500
64942549.0810035244 2117544.1367187500
65998428.8827315569 2199475.6855468750
66908151.4010043591 2218869.8164062500
67180285.2490769476 2221426.3925781250
65814491.0046070889 2186399.7070312500
65745580.3259738460 2186068.5976562500
64473416.9992846623 2051851.0830078125
64733162.5659615919 2091105.8378906250
65134507.7723757103 2138331.0019531250
64295954.1635305583 2011908.6679687500
67764617.5941831619 2223897.8300781250
67365361.7588365525 2221951.2812500000
66506936.7445520461 2213942.0351562500
66565547.1747458279 2214064.4687500000
66227969.6487239301 2208870.2539062500
64803332.9068082049 2099839.4863281250
64696068.5775182918 2087210.5839843750
64259185.0415289551 1996985.7998046875
64241343.6232443824 1985942.6464843750
66776206.6098064184 2217188.1640625000
65026538.2173596546 2124935.8886718750
65083431.8153468445 2132320.8457031250
65204788.7480053231 2144069.3574218750
65626114.8392128721 2181964.8027343750
65511969.3719557449 2176367.4726562500
64765071.3796542957 2097319.5039062500
64474384.2032644823 2053609.0498046875
64438321.6057735533 2049671.1416015625
64420217.6069464013 2044519.1318359375
64742708.0102579966 2094477.0625000000
64647986.7967443541 2077621.5527343750
64548771.5846891478 2067490.9062500000
64591404.1567408517 2073780.4101562500
64528894.2439986095 2064133.2880859375
64568079.2245428339 2071078.0195312500
65264253.5329395235 2148642.7656250000
65177614.9805229381 2139822.6816406250
65163556.0712307617 2139456.5351562500
65050657.0153247043 2131152.2402343750
65049371.1584498659 2129685.5625000000
65113623.3166993186 2136760.7753906250
65623047.0144674778 2176486.5019531250
65728177.3378292769 2183152.4140625000
64971785.8238297924 2120889.0683593750
64291330.3746953830 2005099.3457031250
65184377.0212261900 2141509.8339843750
64467521.1338254213 2049683.4638671875
64262883.9050490558 2000236.6728515625
65276690.2486478910 2149689.9121093750
65031178.8104722127 2126792.8652343750
65160218.4258678779 2138394.4941406250
65091965.5656726733 2133319.8710937500
64281311.4338080361 2003157.2529296875
64242280.2187554911 1990027.0927734375
65123297.7984747216 2138174.0683593750
65281593.5806120262 2150353.7539062500
65232363.1765546128 2148067.0957031250
64204253.2141047940 1982689.5683593750
65282619.8819998577 2152742.4355468750
65255512.6807810292 2148574.0039062500
64303529.7702877671 2015298.6435546875
66569236.8937951624 2214189.5898437500
67691786.8344552219 2223767.2421875000
67903566.4094030559 2224466.2363281250
65386488.0477250740 2160653.9121093750
65437408.9413633272 2163858.9746093750
66401308.9068802297 2212531.5722656250
64368429.0756543204 2023155.3710937500
66960960.1988164186 2219848.4375000000
66094648.0829344839 2201462.8906250000
67573635.7638874054 2223310.8828125000
66496409.4991109222 2213353.1875000000
65415529.9426765218 2163595.5332031250
67815025.0860610604 2224132.7714843750
66420216.5321653336 2212666.3398437500
64416296.4177380800 2035971.1250000000
64324330.2424905524 2020634.9882812500
65199781.9847718403 2143265.5820312500
65462043.7550627366 2170330.9082031250
65453199.2819322571 2164437.2773437500
67678440.6062728018 2223369.2343750000
65340594.1138504222 2158400.7128906250
66375724.9104624987 2211635.8808593750
64366770.8945206255 2021359.0117187500
66152070.7930229008 2202519.9746093750
65396030.3700180128 2162590.6015625000
65282583.2276906893 2152329.0507812500
66941208.1042739898 2219148.9492187500
66830028.5015567988 2217732.5507812500
65277361.0724278614 2149844.7050781250
67302809.6584022939 2221860.1347656250
65887384.6717449129 2191922.2597656250
65268200.7818070427 2149140.2167968750
66357696.2362161279 2211364.4570312500
66148369.5440579653 2202328.6718750000
65913839.4063343108 2192829.2050781250
65957405.7336160615 2195247.7871093750
66593635.3038836718 2215345.8281250000
67323112.6173193604 2221892.9179687500
65822633.0577265620 2189369.3964843750
67063644.3303985521 2220367.6972656250
66980720.7361268103 2220107.7851562500
66753437.1993785948 2217179.8906250000
68018191.0447660536 2224933.0585937500
68072700.6488239765 2225021.8339843750
67684266.5243305713 2223435.1367187500
67463616.8172802776 2222671.4609375000
67779586.0521942526 2224111.8925781250
67509601.9604933560 2222759.4335937500
67531305.6349374801 2223053.8808593750
67218313.3988818228 2221604.0800781250
66115774.3388901204 2202156.3730468750
65977318.7029737160 2196922.4941406250
65831749.5032684430 2191092.8750000000
65191120.6259074584 2143004.6503906250
65970230.0777424872 2195501.8671875000
67654457.3331567794 2223364.0664062500
67327566.7991889417 2221914.2656250000
67991993.9983278364 2224761.3789062500
68095512.2265959531 2225286.4550781250
67743858.5134741366 2223875.0468750000
67479561.3482551277 2222681.3007812500
66576785.3854489625 2214586.8164062500
65908181.3566750586 2191987.3300781250
66076929.2368948609 2201235.5156250000
65946340.7500780970 2194777.8769531250
66104279.2783554345 2201802.9765625000
65912519.4870337844 2192450.6601562500
