138588149.0163110495 167937.6453284556
139008525.2067314982 199156.1064135535
139143433.8727886081 204300.9162585242
140162912.6276589930 240246.1743514938
138805105.1202653646 187371.0348633733
139073196.9472243190 202540.9236437781
139092337.0572969019 202743.3789660437
141650440.7168189287 273152.0669161780
142302761.8078696132 281370.3387546046
138700106.1765610576 179650.7368897405
140448880.0334926844 248167.9375503464
138618579.1037349105 171616.7300070729
139502318.1941731274 219704.2651312752
139215999.8281891346 207679.9864241881
139581308.0920914710 223485.3993578954
138776875.0701112747 186270.2380737271
140987017.2228487134 261717.7111776574
142961948.0041613877 292227.2831503851
139322210.2126772404 214009.4879053039
141120329.2883076370 265264.2872424526
139394452.9935515225 215469.1188257141
139510359.2678800225 220072.6373323603
138641477.9494630694 172482.3007153478
139098562.9131463170 203239.3945300085
138579973.2763119042 167353.0158242192
139077341.2114860117 202720.0679638488
139163138.8415822983 206776.5056030555
139020471.7626866996 199198.9139086707
143200724.4074279070 292663.5732707819
144191357.3294944167 303215.8883457026
141274786.7710672617 267501.1204772396
139232588.2385703325 210340.4671533508
138503281.0177072287 156167.4334286982
142325290.0885318220 281889.6808566554
138471322.6590937674 149380.7693474526
138541445.5685793459 160772.3541707331
139410154.5815528333 215941.4185211463
144104843.9928214252 303108.5244438853
141030638.3388990462 262100.7464099331
140875529.1136236191 260240.5056836111
141176898.0055660009 265974.5670886440
141336806.1344609857 267740.6959413989
139095350.2666428089 203090.2056567175
138510907.0549057722 156842.5290825600
138680554.2742535472 177907.1134389844
138872227.4318922460 191551.0574401822
139963246.1692879796 235476.4657173855
142196374.5749106407 281280.3524748785
139032416.9906973839 199845.0660387976
139070671.0911706090 202381.2758166296
143557251.6932331920 299078.1294536432
141176898.0055659413 265956.9909167690
138601058.4547985196 168511.5222777659
138745314.1237815022 183635.5275391545
138939787.0302860439 195381.2068469031
140144547.4271569252 240169.8651779098
141870950.8443570733 275826.0940902634
139005999.3506777585 198996.4585864050
140212895.0149269700 243269.8334701462
140814573.7560005784 257524.3018606408
143182359.2069258094 292575.7372417292
140790740.7664236426 256959.4888113244
143879412.1652882993 303071.7790698847
139039610.5448147357 200004.7138659460
139526662.9427549243 222428.7259424133
139027665.3168040216 199358.5617358191
139302494.1728294194 211799.9612457557
139000423.4267234206 198295.9876050260
142533578.6060865819 288258.9189402563
138551491.0044108927 163708.8156165415
139585975.7901551425 223503.7179614110
142806551.6011491418 289041.8487558207
140931683.9084055722 260241.5613959832
139600448.2021640241 223687.8546801610
142784833.9268579781 289020.8891619882
138531558.5189715326 160181.2682360942
138647403.8138459921 175186.8739662375
140824446.6841116548 257996.0697894497
143804934.3972671032 299080.9597759089
142941470.6249544621 289679.9168827375
139504189.3134926558 219991.4230395360
140359648.4142053723 246827.4954839749
158292620.8352296054 352990.4558105469
140572687.5830015540 252051.5132367117
139221529.8659422696 207801.0094311340
139634528.1433765590 226669.6040594978
139725984.3637771606 227742.4988008542
139727417.7753265798 227832.5114796562
139712148.7887354791 227620.0258379979
138816513.1283974349 188022.8772644009
140842374.3211599886 258020.1529537244
143421794.4019633830 296622.8217296442
139969328.7444171309 236038.0719185574
138637898.3674039841 172411.2797946269
138622998.2349340618 171778.1796179349
139861521.5306372046 232011.2459323807
141610732.1713680625 271804.3977680607
140474135.9490408301 248474.6636090381
139324649.0665029585 214382.9814026160
138524459.4371027648 159971.1005124385
138603006.2703214288 168573.2080182368
143527803.3617381752 298900.8947148910
141971809.1403349340 277356.1201064987
143262274.3116352856 295984.9761333307
138731249.0249137282 182320.0057739224
138738926.5636242032 183197.3036674466
139957368.8842607737 235058.5301461024
138586020.1388448477 167770.0222310359
140362109.5554384887 246902.1284490628
138616631.2882120311 171581.8455361333
139336574.1140419245 214748.0067041321
158410519.5317608416 353129.7778320312
158129319.8227959573 352808.9641113281
141000880.5426845253 261908.3751788540
139809746.8261162937 230801.3799384041
139526867.7346531451 222509.8281805916
139746700.9840662181 229078.6203363342
139634528.1433765590 226651.2854559822
141463591.1596060693 270172.9248369634
139552099.7233870924 223151.4718573494
140663775.1481353939 253680.9065095885
141843445.0799221694 275754.7591293259
141155971.2692884207 265842.1513171596
141877944.8454819918 276983.3566787643
140284255.1663236022 244217.4003494186
141372545.6323861778 269832.9131526155
138708938.9220594764 179989.0349816289
138666380.6393049955 176053.7182835545
138899764.5023228824 193965.4379180875
138537368.8755902648 160543.0453328425
139660971.4899637103 226670.2799184723
139259977.3260101378 210998.1641723914
139608294.9273029566 223727.7103684498
138835092.7618300319 190580.6206878629
138827899.2077127099 190447.4630950894
138946980.5844033957 195540.8546740515
140824446.6841116548 257975.8214984341
138678606.4587306380 177872.2289680447
138776875.0701112747 186297.0996459927
140674469.6058202088 253736.8696277876
138973398.2244229913 196389.4621264441
138861510.4018496573 191429.2281402554
140392384.1418868005 246955.3861089749
139054082.9568236768 200207.1691882117
139748497.8308970630 229167.8816945953
138485651.9425211847 152836.3544304604
138872227.4318922460 191524.1958679166
140696510.8758168221 253808.7971345885
141240786.4264792502 266398.4736814899
138861510.4018496871 191456.0897125211
141734506.5084955394 274141.2079645796
141694707.7532903254 274052.0894587440
138649394.5078284144 175220.5283459630
140703085.6467754543 256065.0798871024
139951084.5448826253 235036.9494106574
140851596.9012566805 258630.6276663048
138719523.0643251538 182006.2698101010
140998826.2142525613 261737.5363729699
138480145.6655541658 152392.6546201045
141070339.2526877224 264557.2155956132
140460689.0248964727 248187.7627456589
138598929.5773323476 168343.8991803462
138685458.7297714055 178568.3810070958
139149400.9591517746 206271.0016186340
140740750.7308037281 256234.8409926100
139378971.8038795292 215362.0122997863
141012273.1383969486 262024.4372363491
138715446.3713361025 181743.9023784604
139115748.1587994099 203512.3557751281
139694582.6784453988 227159.4782050056
139611849.7222160697 224132.8803149266
138762081.3470796645 185939.7644866910
139181960.4791911244 207127.6075146301
141763089.5699089766 274498.3104670448
138555124.1240567863 163865.9782876307
139271311.3951561153 211221.3545849426
138645455.9983231127 175163.9774818625
140590141.2712455690 252626.3044059677
140967848.5082481802 260926.5776906116
138518310.2164262831 156969.4062947566
139478315.3814317286 219343.9420825047
139065095.1672162712 201680.8048352506
157606502.6772957742 349546.0588378906
138627411.8492333591 171955.1010970082
139486837.0045011938 219597.1586053474
139552099.7233870625 223124.6102850838
155494239.6424261332 343142.4326782227
139065095.1672163010 201707.6664075162
140791848.6738504469 256974.4280973006
139379176.5957777798 215456.5008905036
138460343.5485202372 145842.2820700938
155354710.0996586382 342650.9856567383
138455571.3750678599 142648.2278483147
139070671.0911706090 202408.1373888953
139257844.2460607886 210859.7937195105
139660971.4899637997 226724.6410024567
155664194.4033489227 348986.4272460938
138696029.4835719764 179415.2310303655
138612554.5952229798 171346.3396767583
139222759.0419347286 208070.8538043005
139569265.4244907796 223214.7991082771
139054378.1371737123 201585.8371075895
139054378.1371737421 201612.6986798551
138561117.4490028620 164199.4778317744
138465849.8254872561 146285.9818804497
157911041.0714651942 351964.3464355469
157608336.5783309639 351958.1059570312
139622193.4070197046 224174.7958226902
138534923.7156716883 160454.2341606850
138662303.9463159442 175793.1728733983
138608482.6809182167 170952.8399199452
157976065.1034551859 352051.9465332031
138470807.8270891607 146325.0200884575
138499204.3247181475 155964.9258603388
139461605.0157673061 218990.4668328864
139777011.0984348953 230673.4893134041
138440647.1037230194 138877.4325602287
139898469.0212366283 234928.9434728725
138625464.0337104797 171920.2166260686
141348694.4189432859 269473.7483465899
138513352.2148243785 156928.2754353816
138473767.8190123439 149465.6234883601
138499022.9313969612 153471.7981404597
139660971.4899637699 226688.5626333160
138536307.0891434848 160463.4829711253
138692291.5878806412 179001.4415592160
142170423.3782538176 279780.3190207708
138479274.0959793627 149909.3232987160
138574026.8874904215 164772.4298543269
138471216.4113460183 146333.5252535176
138434154.8418101072 134456.3972608875
138560323.7499093413 164079.1011351878
138596515.8344453275 168082.7206057515
155575149.1930654347 343166.4584350586
138498561.3810086846 153405.2344315285
138488097.1024397910 152922.1007832820
138493055.1040416956 152963.2316426570
138544016.9017784297 160823.1532105738
139713899.4724927545 227733.9060274167
142111655.5264379680 278198.5075304139
141638316.0909828842 272066.4830405343
140947479.5220212340 260512.9425778914
140759653.0677358806 256451.9979825545
139112299.2198017836 203379.0938097937
138459748.5606028438 145316.5965232188
153879431.6373196542 337412.5662384033
138910481.5323654711 194087.2672180142
140248061.8396104276 243436.1977584762
138446153.3806900084 139320.5819555456
138791287.8442814946 187076.9695648160
140111811.6994754672 240041.9745529098
139829939.0809638798 231737.1154223485
140101307.4206465483 239328.3215377731
140074090.2476368546 239036.2016308708
140074090.2476368845 239139.1828320427
140037388.5477423668 238373.2061098022
140436735.5618317127 247470.9219334526
138459577.6511821151 142943.9233738119
140409085.8394829929 247273.5371636553
138464349.8246345222 146138.3944657082
138434253.3385992348 135146.5250707800
138450925.5541424453 142515.0530474419
138761300.2027167976 183868.7008789983
138910481.5323654711 194060.4056457486
138784441.6850286424 186332.3040813413
140330470.0991283357 244815.8725679321
139767502.3888940513 229824.8818610115
140067878.3284476101 238762.8676851196
140169009.1829995513 241993.2794654770
138458876.9910280704 142671.5216810564
140437881.0076606870 248016.6243379517
139893268.5855951905 233940.3057806892
147220772.8224110007 307936.6579323402
140541913.8989536464 251044.5308185620
139756145.2762762606 229729.6635992927
139822160.3293884695 230987.5952094002
140567131.4206746817 251289.5165293617
139756145.2762762308 229709.9489996834
140178666.7902724743 242098.9628150864
140508225.7227815986 249661.2148175640
154626742.4076406956 340547.4380798340
139826012.8259817362 231020.3074281616
149830675.9647796750 328546.7743072510
149840080.7591539025 332305.4546051025
147913201.2786094844 308752.7671141922
153765591.8028827012 336779.4964141846
153578553.1994186044 334407.5928649902
155285114.9424540997 342188.1442871094
154006701.4790852666 337447.1516723633
149278450.2642532885 321337.4760742188
140351500.9843229055 245741.7598615093
154421145.9930163622 339684.8458251953
154413744.2853696048 338549.3867797852
153050529.4419235289 332709.8979187012
154679093.3666887283 341819.7239990234
147149675.2049720287 307036.6612334549
154941763.5953569710 342047.0887451172
149027323.1467949450 315279.8058261871
148108197.2834774256 309035.7860202789
148255332.0232839882 312809.4049167633
