142287037.0676167011 2278829.8886718750
136199079.5222086608 2154441.2666015625
132303891.0439150929 1948972.1728515625
130983143.1210253984 1832146.9326171875
136445346.0429603457 2161576.5917968750
134006527.8199838698 2056825.0317382812
132102888.8958808184 1935329.4091796875
138498191.0555001795 2222941.4785156250
133010909.2615821213 1997749.8120117188
131258636.9175015241 1863324.6518554688
134376081.1427049637 2073518.4189453125
134187292.9489578456 2064022.0820312500
133149252.2979741693 2005067.5668945312
134099150.2477913946 2059913.3730468750
135452628.7873488963 2126700.9389648438
134366546.4924633503 2072508.4067382812
132182300.2940112203 1938916.9760742188
142559749.7967683673 2280582.5234375000
133591599.5187348276 2028742.6572265625
131173410.5069479644 1856588.8842773438
131986002.5311449617 1926745.0356445312
132273391.4526009411 1943535.4311523438
134408824.4117788076 2078411.7832031250
132371130.9581642449 1954333.9238281250
131537152.8600541800 1887919.8857421875
131444877.2091029137 1879457.5805664062
134142698.8661878854 2063751.1025390625
133969182.8350858390 2050703.0502929688
132729862.9660498202 1977888.4472656250
134507384.9776621759 2082762.6298828125
131872538.1495286226 1918511.2548828125
138232471.8758872151 2215899.3408203125
131748021.6331640482 1906195.8022460938
134189423.5247515142 2064209.4541015625
131652327.0079082549 1898858.7539062500
134190592.2311928570 2066587.2714843750
132539309.7617434561 1965588.9682617188
135992975.1692313850 2147825.5273437500
132817566.6093331724 1986376.3437500000
132464532.1938269138 1960061.8193359375
133843859.7882257551 2046924.8168945312
133686165.2698876262 2040309.0776367188
132512880.3507706672 1960540.6503906250
131935869.7316470742 1920418.9931640625
133078750.9209333360 2004682.0751953125
133174445.5461891294 2012019.1235351562
131104256.4833355546 1848081.2172851562
131826263.7840426266 1914760.8823242188
133903110.4390957206 2048977.1469726562
131064219.7479806244 1846977.6040039062
132704743.7385515273 1975904.5537109375
133350632.4398627877 2018526.7304687500
134616470.3526489437 2086356.9208984375
132897820.4343509972 1989838.0478515625
132643190.1828419119 1973995.3134765625
131807344.5421299785 1912811.5415039062
132758243.7003672123 1978148.0556640625
142006884.8369530439 2276272.9375000000
130857072.7421569675 1808019.6301269531
131947439.1863983423 1925582.8583984375
136021456.6864334345 2149551.4306640625
133935705.0512795001 2050008.5703125000
131399936.1604952067 1876206.4995117188
134542123.8634625971 2085520.3525390625
131701840.9750904590 1903064.9907226562
133268809.6345047951 2014855.9365234375
132701089.5661981106 1974899.2192382812
132775867.1341146529 1980426.3681640625
133522614.4029635042 2028137.1372070312
136299345.5689510703 2157131.5205078125
131942808.4370177090 1923412.7954101562
130695768.8139969558 1778551.0642089844
135106094.4058753550 2111518.9677734375
133383096.1163664609 2020984.9448242188
131227243.2431368679 1858146.5556640625
133168761.7167370170 2007668.2768554688
138317737.3413884342 2219793.2246093750
138560118.0096881092 2225995.4013671875
132290422.2688881457 1946766.7519531250
132202188.2511806637 1939918.4721679688
138545280.2144320607 2225226.3583984375
131773433.9955454767 1907108.4682617188
130749302.8956174850 1800224.5295410156
131334742.5530965626 1870506.7861328125
131556351.5390463769 1891461.2778320312
132917548.8790424168 1992193.6108398438
133601198.1254687607 2032721.6191406250
138411978.8961898386 2221442.8261718750
130888456.7940900922 1808957.1110839844
133429387.3673216701 2023119.6782226562
133621365.9239230156 2033137.9609375000
134220715.1140003502 2068677.5244140625
130933873.5603714734 1819609.6621093750
132309594.5986066461 1949262.9033203125
131519161.9571968317 1885529.7895507812
131926116.8917448968 1919246.1123046875
131432245.1308502555 1878214.0859375000
131775184.3455408067 1909460.0078125000
131554294.9763831496 1891067.8237304688
130881083.7863707095 1808782.9650878906
132288818.0781723261 1946094.4536132812
132419790.1309636384 1955000.5327148438
132058017.6869725883 1931433.0229492188
130748384.3692467213 1792064.0114746094
131284728.7800231129 1867075.3525390625
130764840.2630040199 1804686.9152832031
130903063.1505093724 1814298.1955566406
138400314.8020345569 2221184.4335937500
137688227.1850244999 2203687.1513671875
131359278.2949178815 1874754.2919921875
136742982.1859037876 2174220.8847656250
131859303.6490881443 1916069.1196289062
131664490.8954579979 1900217.3862304688
131482211.4681950361 1884833.7343750000
134719733.8088783026 2092853.0356445312
135510595.7049655914 2130505.6542968750
135284895.3499976397 2119734.7314453125
134912052.4844997227 2101672.1215820312
138762906.4551873803 2230892.8447265625
135376055.3114237487 2122418.0078125000
135695571.7850310802 2137026.5898437500
130712924.6582198739 1785638.6071777344
138912904.8461662233 2233256.7431640625
135342190.3444161713 2120834.4902343750
131224764.5286143869 1857859.8908691406
135186334.7841142416 2115383.8847656250
135464662.8468390405 2127336.8750000000
132214620.8536441177 1942647.1640625000
131472787.2517526895 1879665.4287109375
135035116.5366649628 2107748.8715820312
135484235.6270061433 2129062.7783203125
134311956.7182372808 2071652.7202148438
133522205.0347255915 2027570.1811523438
134936555.9707815945 2103398.0249023438
131336799.1157597899 1870900.2402343750
134211276.2499321997 2066610.1376953125
134496458.1847994030 2081378.2255859375
133471320.8871984482 2026957.4775390625
134658367.3868292868 2090622.4365234375
139173948.4252032340 2236732.5673828125
133976390.3332749158 2050809.5576171875
136802863.5470397472 2176617.7431640625
133008083.1067945808 1997252.0268554688
134741154.3516595662 2093839.5712890625
134319944.0909334421 2072205.4921875000
130742317.5166362226 1786602.8527832031
134693146.6941636205 2090920.0156250000
132263419.7458052784 1943019.1777343750
136122062.1303734779 2153119.4619140625
133886318.8727288395 2047743.6777343750
135888463.7812525928 2144664.3750000000
135135355.4489611089 2112594.8315429688
134811094.5281097889 2097473.0620117188
135022565.4101985097 2105962.2270507812
133641731.7843235582 2035212.6591796875
135260816.8916329443 2118519.7944335938
135917184.0905872881 2147280.6660156250
137865646.2209052145 2209437.9453125000
133470622.5825512111 2025675.6479492188
133404258.5440511107 2023098.5991210938
138039621.8790999651 2213659.1767578125
133762584.7629054040 2040821.5283203125
133995578.5690866113 2054359.4169921875
135914569.7258816659 2145316.8867187500
132785454.9611921012 1980670.6538085938
134526586.3012147844 2082801.3427734375
132867511.3801021576 1989291.6796875000
134271347.1104550660 2071514.7158203125
131651977.8786872327 1892199.5073242188
134428025.7353314161 2078450.4960937500
137859001.8184625804 2207198.9101562500
134655214.9750972390 2088864.5917968750
131649576.1460364908 1891802.0659179688
133387171.2469533682 2021584.9350585938
132914986.1861991435 1990050.4267578125
137302579.6365658343 2191742.8056640625
136356736.8833172917 2161546.0390625000
142708998.2528588474 2283347.1386718750
137696558.4064620435 2203747.2353515625
133783175.7731299996 2044848.0405273438
132627734.2022610158 1965893.4658203125
132983907.5130745322 1993179.6401367188
134774383.9009622931 2094793.9243164062
133030606.3523737788 2001427.1342773438
139343944.6387875676 2241221.0615234375
137276729.6050328314 2191132.8681640625
135005770.0314063132 2104807.4067382812
133839828.7294477224 2045218.9907226562
142990820.3613969982 2283921.6523437500
133906012.1594029516 2049530.1640625000
136090180.5886661410 2152623.3623046875
140746132.9057422876 2266366.6347656250
137929041.9996961355 2209640.5390625000
134400012.8813573718 2075756.2626953125
136213760.4613324106 2157009.6181640625
136848798.9513604045 2178750.9628906250
139659187.0376442671 2246981.4208984375
134473351.5723752677 2080107.1093750000
136313765.0614801943 2161217.1093750000
139713941.1928668320 2249346.9179687500
135150014.9879950881 2112780.8422851562
139435544.3818502724 2244102.9150390625
140897568.6112527251 2267121.8984375000
140097810.2433528006 2255962.6572265625
140125675.5431079268 2256434.4609375000
135777983.2865521014 2138911.5991210938
137123648.8960592747 2188048.3437500000
140400935.8003691733 2260458.5810546875
139677659.2858743370 2247645.3320312500
143482892.1721568704 2284066.9238281250
135642035.4353576899 2132380.9667968750
135790727.1852644682 2140901.4033203125
132630807.3721788228 1967494.8911132812
141334651.4740090668 2272858.5292968750
136084704.6893566847 2151322.9814453125
139534104.7690799236 2244817.8886718750
135653845.9469439983 2134285.6640625000
135699358.7355779409 2137052.7421875000
139195122.6085978746 2238415.7460937500
139250189.1666118801 2240323.4521484375
139566630.5381486714 2246224.3203125000
135830812.6417700052 2141164.8076171875
141129834.8993975222 2269294.9765625000
140939118.2674194574 2269230.2695312500
138600572.1738493443 2227580.1337890625
140523073.0227738023 2262623.5419921875
139371826.9566996694 2241483.4736328125
141589159.5416785777 2273327.5175781250
138940923.1704641879 2233563.6386718750
136559001.7957356274 2168661.6533203125
137601603.0820586085 2201870.6748046875
138973201.3159502745 2234768.1660156250
141240558.5431299806 2271677.9160156250
136751444.4456881583 2175042.1416015625
137819693.4665390253 2206874.3623046875
138855076.6486544907 2231767.1416015625
136599299.2842759788 2170904.9453125000
136661970.0036709309 2172848.4160156250
136498884.8441793323 2166458.9853515625
137412901.1894238293 2195798.1923828125
137227246.3465572298 2190712.2226562500
137644045.6298806965 2202006.2441406250
137373037.8778309822 2195349.7636718750
137713333.7357992232 2206065.6542968750
137783236.8860527873 2206675.3212890625
137970212.8196182549 2212264.8730468750
140435051.6311610043 2261316.6787109375
137427487.2096995413 2198054.8945312500
137465472.7291932404 2199930.2099609375
140748825.4304407835 2266729.7734375000
139713347.3503142297 2248565.4951171875
136503385.4466857314 2166712.9716796875
138514721.2132980525 2223742.6064453125
136673765.5181683600 2173432.7050781250
136804184.0668737292 2177265.5410156250
137569804.7099491656 2201310.8144531250
141778612.1290361583 2274239.0742187500
141788951.3780492544 2274583.5664062500
140365936.8222308457 2260146.4560546875
140006456.0253995657 2253978.5898437500
140161603.9856051207 2257647.9775390625
140731796.1311794817 2265457.3496093750
140304532.4524380267 2259598.4345703125
137018553.1539269090 2184000.0800781250
141826158.7918491364 2275466.3984375000
140888552.6485676765 2266951.1152343750
137675977.6566210091 2202529.5390625000
140325858.6585848331 2260114.0341796875
140937835.4126918018 2267646.4453125000
138293223.7352689207 2218446.7705078125
139939502.2120246589 2252773.7226562500
141801974.5665463209 2275099.9746093750
136863483.5382914245 2178849.0839843750
138249459.5855211616 2217417.6640625000
139831548.9597390592 2250729.7900390625
138285725.4906308055 2217597.8994140625
137142549.4108286798 2188128.7539062500
137099964.4925391078 2186071.0019531250
141569751.0180824995 2273018.7519531250
138352735.9010232389 2220199.4052734375
138757201.0751323700 2230005.9580078125
136940668.9905863106 2182487.0468750000
138237256.8216678500 2216639.3125000000
138646567.2463882267 2228063.8417968750
139131580.4279892743 2236520.4921875000
139031388.5935773551 2235705.0292968750
137171090.9214284718 2188819.5302734375
142089292.5946479738 2277314.3613281250
140596113.6063525081 2264254.7050781250
140032374.3137355447 2254197.7792968750
139211566.7312550247 2239724.4033203125
142265800.0576223433 2278159.8027343750
141841416.5481434166 2275606.3144531250
142569070.2711965144 2281585.4804687500
141228690.4228524566 2270606.1640625000
142392857.3233022690 2280064.8769531250
142131522.5922781229 2277610.8320312500
142159699.3182322383 2278081.3828125000
142018548.5873395503 2276913.0097656250
142364555.7141125500 2278885.4042968750
