133532498.0278379917 2016758.7812500000
132992650.6471575201 1988616.5566406250
141009214.7932847738 2268071.3437500000
135351218.8477081954 2116221.8740234375
137464354.9147552550 2196308.5888671875
131742309.0347851068 1874798.7290039062
136402895.0571991801 2160932.3945312500
138529726.2179916501 2223742.6064453125
133928134.3736763000 2040754.2490234375
132974293.9755487293 1982709.1142578125
136371032.4673410952 2160097.2324218750
131480108.0551564097 1845218.5473632812
136598683.2270704210 2167489.4404296875
141468720.7717265785 2271677.9160156250
131954902.2762131393 1906811.5185546875
131823413.1360897720 1875274.1069335938
133456890.0968819857 2016040.2812500000
140442248.3411782384 2260609.4365234375
131725533.5285179764 1866963.6264648438
141212312.9979599118 2269230.2695312500
134614330.1257148087 2080007.4467773438
131582252.2388304472 1861421.6953125000
132622043.7466991097 1959043.2182617188
132037249.5148787647 1907237.2495117188
133748039.2342586517 2029381.6171875000
132628402.5473014414 1959800.7016601562
132881516.9189294577 1980339.0830078125
132287617.3921680450 1936980.4809570312
131866531.9957555830 1875745.3530273438
140755559.4265135825 2266729.7734375000
134841578.6350002289 2092091.9116210938
137569804.7099491656 2201310.8144531250
137787375.4242139757 2206362.4580078125
134921238.4886295199 2094167.8403320312
136587163.1790840626 2166934.0312500000
133118006.5416383892 1994408.8457031250
139909329.3678506911 2250971.9208984375
131547713.1644887030 1859879.5854492188
139153395.8555769920 2236711.7705078125
133279682.1213968843 2003609.1835937500
131498492.0129609406 1852306.0903320312
134352795.2065869570 2063658.1479492188
131658792.0760852396 1862075.2778320312
133358755.3942181766 2009424.5419921875
133555450.6627653539 2020285.9892578125
134491945.7491392493 2073373.4418945312
132926103.3808985353 1982080.8999023438
132796611.4225153178 1974747.7856445312
134060324.4530520737 2047609.6796875000
133408875.1285567880 2013670.2500000000
132238724.0367020965 1927083.1450195312
135146678.5815063715 2104215.8876953125
133181121.5555135161 1999363.4755859375
133171799.7148351669 1996617.3569335938
135168120.5186440945 2108140.2592773438
132606208.8486312777 1958382.4770507812
133864592.7994190007 2036468.4501953125
131890154.5885225236 1880162.4555664062
131638230.7659434825 1862042.7797851562
131677493.6457861960 1865603.9370117188
132573162.1244564056 1957517.9501953125
131914234.0527280420 1885010.4843750000
134771008.7505911291 2087406.6069335938
132665441.1144844592 1962450.9829101562
135492381.4394953847 2123262.0288085938
132353832.3603461236 1942029.3974609375
133755929.1428678632 2030436.3955078125
133943316.0520034283 2040998.8603515625
141353683.6929131746 2271136.8886718750
141778612.1290361583 2274239.0742187500
135358448.4380583465 2117318.2866210938
133821201.1782199144 2033771.7807617188
132719081.6147599667 1967141.0131835938
133313295.2977064699 2003881.4614257812
133857007.3280657232 2034160.3159179688
134588538.1245774627 2077931.5766601562
136156704.4128287733 2149347.2695312500
132260908.6722834110 1932218.0405273438
132066079.5291210264 1911839.7963867188
134594995.0168373287 2079328.4916992188
132555302.2942663729 1954377.8950195312
139763095.0427198410 2249012.4521484375
134566491.1961745918 2077274.7211914062
133615529.6659821570 2024242.7714843750
133260484.7588184774 2003000.8242187500
132395002.2311420590 1943610.8105468750
132416298.3754810840 1946472.5346679688
132793904.5549845695 1973084.8720703125
134828694.1500059068 2090579.3706054688
133548567.6553191096 2018505.1552734375
134742128.0701825321 2085485.7104492188
134655279.5770102143 2081819.0434570312
134941124.1348426044 2094466.8374023438
134433820.6997857690 2069875.5610351562
134778165.7884252071 2087851.0981445312
134804190.6637240648 2088853.4672851562
132741060.9788986444 1971386.7211914062
135207398.3029363751 2109234.7690429688
138862810.0571286082 2231606.2490234375
134528253.5644046068 2075441.0249023438
137984956.5626893342 2210145.7441406250
132727163.1025518328 1968471.2324218750
137980878.5266699791 2209959.8623046875
132844842.3228724003 1979609.1206054688
139715104.9056269526 2246384.6396484375
141788951.3780492544 2274583.5664062500
132197785.4006977528 1917549.6933593750
140365936.8222308457 2260146.4560546875
137783536.9057098925 2204522.8671875000
134486686.1059480906 2071505.1860351562
131367030.5302210301 1815415.5629882812
133955497.1165995598 2041359.6499023438
133349559.7536002845 2005036.2207031250
134061053.7283479273 2049182.9555664062
140485942.6024574339 2261316.6787109375
133004438.3555395007 1988892.9975585938
140006456.0253995657 2253978.5898437500
134367079.2473530173 2065988.0942382812
134005616.8509382010 2045247.1166992188
134044900.7925050408 2045848.1918945312
133054558.0898781121 1993138.7055664062
135000111.1340766847 2097887.5756835938
136897736.9007605612 2179683.2226562500
133786643.3425956964 2033013.4321289062
134124379.7373523414 2050129.3134765625
132486778.2090434879 1952524.0825195312
133867153.2001416981 2040100.9750976562
132811557.8116606474 1974959.5034179688
132976733.8126023412 1982852.3803710938
141641384.6382166147 2273158.1835937500
140161603.9856051207 2257647.9775390625
136604248.5691317916 2169159.3691406250
133502110.7448882163 2016437.4199218750
133117040.7627447695 1993449.3427734375
137848720.5824947655 2206413.6523437500
134035394.8821938485 2045824.7885742188
140731796.1311794817 2265457.3496093750
137475938.8593118191 2197721.2460937500
133652574.3888497800 2025123.4868164062
133963642.5668599457 2042792.2651367188
134691410.4645464420 2083963.6313476562
133238541.1672679037 2000863.0649414062
131476885.3146152496 1818791.2778320312
137480016.8953311741 2197907.1279296875
133402387.1180126071 2010572.9233398438
135697313.9391487241 2129934.8071289062
137441643.9900960028 2196257.5263671875
138646557.4212737679 2226238.8056640625
134146649.6655211598 2052323.1875000000
134575341.4474523067 2077768.4013671875
134335163.1647246480 2060841.6323242188
132207996.3983103335 1919316.2768554688
140304532.4524380267 2259598.4345703125
137018553.1539269090 2184000.0800781250
131927023.6165536195 1893691.2314453125
141401419.2656587064 2271508.5820312500
141826158.7918491364 2275466.3984375000
134102136.3346265852 2049712.2553710938
133163796.4753179997 1995566.5317382812
140888552.6485676765 2266951.1152343750
132092788.2490056455 1916602.2368164062
137675977.6566210091 2202529.5390625000
140325858.6585848331 2260114.0341796875
140937835.4126918018 2267646.4453125000
138402966.2232176661 2220683.7548828125
136639547.2405405939 2170069.8095703125
138293223.7352689207 2218446.7705078125
132217568.7712711096 1925880.7377929688
134185573.0593456179 2056745.0527343750
139939502.2120246589 2252773.7226562500
141801974.5665463209 2275099.9746093750
134049093.3443232924 2045941.6748046875
135416786.3582415879 2119721.1733398438
133334788.5873238444 2004350.5048828125
134173671.4351500273 2053241.3989257812
136729332.8325614631 2174523.2353515625
135806267.5254566073 2136958.7158203125
136863483.5382914245 2178849.0839843750
135298570.9011315405 2112261.4467773438
138249459.5855211616 2217417.6640625000
134140804.8677797019 2050472.8818359375
139831548.9597390592 2250729.7900390625
135035790.6054232121 2100345.0766601562
136248101.3344773650 2152923.9775390625
141519498.1704977453 2271764.0058593750
142099831.1468751729 2277471.2656250000
138951628.1291113198 2233033.4580078125
138190115.3812241852 2214444.9003906250
133660354.8409267515 2026167.4809570312
143289696.7147955000 2282384.8710937500
134991174.5753602386 2096668.7680664062
136825741.7851739526 2176562.0839843750
134892614.0094768703 2092781.3012695312
135470714.8635842502 2120672.5791015625
138602690.7569719553 2224179.7275390625
141038456.7525308728 2269177.4199218750
135656163.5654312968 2129754.5595703125
136063157.4296377301 2148457.5166015625
139580182.9300223887 2243969.9570312500
138285725.4906308055 2217597.8994140625
137142549.4108286798 2188128.7539062500
137099964.4925391078 2186071.0019531250
137050858.1495407224 2184312.7841796875
135919192.9475720227 2141926.5000000000
141569751.0180824995 2273018.7519531250
135946631.6048698723 2143385.5244140625
135748626.7171209157 2133681.2792968750
136851126.3582431674 2178455.6572265625
139320242.9459516406 2239829.9638671875
138352735.9010232389 2220199.4052734375
138757201.0751323700 2230005.9580078125
136163991.2257345617 2152810.5527343750
138605251.2680345178 2224242.8388671875
134991307.1652276814 2096695.7607421875
137987396.5430942178 2210244.0478515625
137642553.6282525659 2201570.7138671875
133857369.5509243608 2034252.2133789062
136940668.9905863106 2182487.0468750000
135905323.5286187232 2141088.5937500000
134756379.4684048593 2085577.1450195312
138237256.8216678500 2216639.3125000000
135103282.8110611439 2103561.0053710938
137323377.1127268672 2194744.4931640625
135291572.0140858293 2112067.0356445312
139645418.8130596578 2246279.4697265625
138589719.0230473876 2224069.4912109375
136040653.0702874064 2146860.6650390625
135970072.5109068155 2144566.4785156250
136803970.1341307163 2175871.3076171875
136690959.9273262322 2172797.3320312500
137415786.4862150848 2195435.2695312500
138010315.8088527918 2210905.4628906250
135974203.6887793243 2145038.2822265625
135792318.7253219485 2135364.3330078125
138646567.2463882267 2228063.8417968750
138448033.7866026163 2222419.8896484375
139131580.4279892743 2236520.4921875000
139031388.5935773551 2235705.0292968750
137171090.9214284718 2188819.5302734375
142089292.5946479738 2277314.3613281250
140119075.4134017825 2255632.2656250000
139434467.3990340233 2240923.2373046875
137633157.0122957230 2201360.2324218750
143425481.6841656268 2283190.1640625000
135615700.9938685298 2126752.2294921875
137289410.4917666614 2190469.1318359375
135732088.7134923637 2132055.0029296875
140596113.6063525081 2264254.7050781250
140032374.3137355447 2254197.7792968750
136351841.6282190681 2156805.9394531250
138974540.3702365458 2233876.0439453125
135870023.7687981129 2140966.3105468750
137099862.1015475690 2185054.7783203125
139819288.7462231517 2249016.5263671875
139293999.7353999317 2239816.1474609375
134480903.8612058163 2070282.4033203125
135823299.9713136256 2137950.7392578125
139211566.7312550247 2239724.4033203125
138864079.4741295278 2232226.4423828125
136275610.0139282048 2153223.7568359375
138608132.8588874042 2225493.1962890625
139451573.5148194432 2242900.5136718750
140575033.2326286137 2262073.5029296875
139724016.4178023040 2247455.3349609375
142265800.0576223433 2278159.8027343750
136471334.8034695387 2163421.6787109375
139730649.6812430918 2248282.1435546875
139156639.2169120610 2236894.6103515625
137299128.7272418737 2190860.1699218750
140101843.2731811106 2254733.1914062500
139606332.3979776502 2244361.2578125000
136354054.2722911537 2157295.7285156250
138856481.7184372544 2230442.5283203125
141841416.5481434166 2275606.3144531250
135589145.6639819443 2125778.7988281250
136665463.2792721689 2171037.5166015625
136462036.8451664150 2161955.5361328125
141018719.6589523852 2268671.5644531250
142942032.2416990399 2281946.9863281250
136541246.2796570957 2165112.5537109375
142569070.2711965144 2281585.4804687500
136569852.9433215559 2165973.5029296875
142342604.4757174551 2278810.1308593750
140976184.0302690566 2267846.0976562500
141228690.4228524566 2270606.1640625000
142392857.3233022690 2280064.8769531250
138118328.8110727668 2213461.8359375000
138048147.1542596221 2211363.1718750000
138116794.9401647747 2213381.9433593750
142297189.3800337017 2278241.9277343750
138605806.6561765671 2224267.3457031250
142131522.5922781229 2277610.8320312500
142159699.3182322383 2278081.3828125000
142018548.5873395503 2276913.0097656250
142364555.7141125500 2278885.4042968750
137899743.2445782125 2207990.6738281250
137907621.2276824713 2208589.1064453125
138060512.1047932208 2212190.7900390625
137742747.9479336739 2202781.5800781250
142009762.9299025536 2276101.8886718750
