44460766.8039998189 788.0809288025
42145813.6263907030 531.8603912259
44171678.7961708382 768.2558245659
43308709.4571263790 696.7617528886
43497021.1929591522 715.8479026407
42130361.0734977722 530.4171450757
44903558.0586401895 819.4699110985
43047190.1829564199 671.0843478441
41936192.7332578748 437.8829850742
43083908.7911875173 674.9726988077
42692967.3440940380 627.1459060418
44298259.6345031038 779.9830704927
42404885.4450580180 578.4010233660
43426861.7636429816 707.3721977472
43489191.0868273154 708.0803169012
43403100.2245656103 707.0256278515
43872162.0375501215 748.8539872169
43086537.1471252218 677.0420193914
42445847.8864351958 583.8862273772
42131987.4800643101 531.0373752281
43519307.4837589413 716.0354208797
43250904.0120725334 692.7012558297
42837147.4297562987 647.0424612612
43076726.0765322596 671.2651345404
43037571.4544346929 660.0430267602
42431922.8579307646 580.9255574793
42364984.3470524698 572.6059277313
42861909.6545231566 650.9308122247
43021151.9640396088 660.0122089330
42984831.0000221133 658.6298559029
42558362.0411636978 601.1478940817
43744421.5597067028 734.7695084680
42856418.6277183592 647.0469566649
44907876.4748537615 821.7983336449
44434657.6452766955 786.7542498112
43324045.0282745659 699.8865020871
43157521.6282309666 679.1910479025
43944615.8673316017 751.1913928986
44511136.0066980645 790.6438641548
44796607.0598759502 808.8706459999
43347006.5113473758 701.8904340863
43284191.8930442035 696.5886869282
43899071.7563190162 750.2343106270
43759826.7559954077 739.1653408408
42227604.8414392248 553.7441422080
43278596.0793884918 696.2525539072
42647340.9001753554 614.0026471328
43474888.3687700480 707.3941112757
42637456.0605253726 610.2506530583
43700223.2399954647 729.6175708771
42806357.1998290569 635.7545908652
42932698.0016734600 654.2341006696
42158058.7348018885 536.8430267060
42334136.4268717691 562.7897088202
42050210.4537431300 503.4015710893
41979693.6437579542 477.1563061526
41971902.2149045616 457.4751744401
42733970.0785487667 630.6335046832
43209108.4125872552 684.8770623207
43532107.5169667378 720.5983991623
44296021.9974096790 775.4214685708
42257556.7812846750 556.4076947351
43721452.5501859784 734.3524909019
41971986.1262821630 460.6768225655
43659022.7637142017 726.8701716661
43671513.3904955462 727.2501089573
43494045.2432659268 710.2414650787
44570137.2120623961 793.8344846368
42285629.5899172202 560.4740866097
43972298.6640012264 753.7543282509
44349054.5091978982 785.3752608299
44026261.9645601884 765.9285268784
43563921.7972622663 721.9249340296
43196927.0800765380 681.6388702989
43116442.1747460216 678.1488113955
43150751.4964884818 678.5555625999
43100850.6287782192 677.3664799482
42539266.7223058864 600.8033698120
42729908.0007795095 627.4912613565
42599331.7574915141 608.0927781733
43017232.7973729372 659.2748926003
44296943.1408083513 776.0622501969
42488679.3375484943 590.7102364499
43650091.7129267231 725.7036273479
42501626.6225082651 594.1315688300
42352069.7490815222 571.2208282661
44857410.1026154906 814.4344344139
43491452.6219565645 708.5469713807
43955936.2476055771 752.9855937958
41970211.9533451423 456.8216437799
42704614.4196902588 627.4495587023
43335274.3157804608 701.1516652107
43674776.0129566640 727.4033212662
44569735.6439501569 793.6274671555
43858642.9383285791 747.3228728771
44584895.8976183906 798.5140123367
42904298.9631695300 654.0313950330
42201523.8510309756 536.8504435988
43375383.4898509085 705.0235879421
43616611.7344672382 725.6767113358
42440949.7785555944 583.8517520549
42417536.9620322883 580.8673214694
42371434.0881279409 573.4750045352
44172749.4472729936 772.4323277473
44474140.9722279385 789.0853009224
43857015.4596354812 744.8740667105
42395988.0605017245 574.2877383865
44673129.8929026872 805.5237307549
42684085.8304453716 617.4666537451
42563180.5131578073 604.1561764413
44255616.0864049792 772.8106980324
42962407.7645987272 654.6933672018
42755512.4405239224 630.8990157545
42468599.1451265886 584.8634498757
42484887.7927330434 584.8640251968
44901650.4042121023 818.1992049217
43815728.1299146786 743.7418689728
44612079.0946464464 800.2289928198
44637736.9493796602 802.3515996933
42270151.1804103479 560.1303953798
42063377.6050087884 523.2708925644
44569718.4509997591 791.5514774323
42035281.4744087234 486.2005028198
44265018.7345405072 774.8399468660
44867909.8391503245 817.9607462883
44578850.1169962212 796.9419908524
44001917.8669634238 758.4137296677
41995196.9437881410 480.1669385117
42020291.7786644623 482.3272240760
43552612.5739483386 720.9790195823
43656771.1624715999 725.7634647419
42023019.2173509523 483.7220008927
42416781.9859730229 578.4982106941
42344433.2807345390 569.4002425126
42240320.6862777621 555.1631257790
42591925.7927014977 604.2852830403
43159653.7963516712 679.6897796919
42686711.5829919428 622.9199337028
44324438.6074137241 784.1400632858
43758706.4107668325 736.6816131147
41951173.1378241554 455.0002864737
43678090.8392754793 729.4072532654
44490518.9542470202 789.2491278648
43575022.3987739086 725.4449516535
44751425.7197169140 807.9418740273
44626273.7132009342 801.2557461262
43793217.5654908866 742.4044703841
43039370.6081244946 661.3288620729
42005468.2235791907 482.2513012983
42531292.5756926984 598.0261459087
42975392.3935595378 656.0586686239
42684040.3925103024 614.4044587394
42674344.0963402689 614.4044573712
42098085.0581723824 525.9681082631
42205773.3878277391 549.2886615297
44529445.1347883344 791.0222344398
44744027.9196630567 807.2968373299
41959131.4383070916 456.6468122890
42048049.0672643259 486.6557694784
42101481.3377759680 527.4286229175
42634812.0829032287 608.1805117428
42770533.8126850054 631.9841361195
44253740.4600830525 772.5255784988
43528326.0266726762 718.3037648797
43744961.2315490469 735.1524276733
44081256.3385934234 767.8654603958
44435412.8954625204 787.3121943474
43758149.5529874340 735.3613817487
43183838.9919667989 680.0631298237
42403164.2778062895 574.6159779313
42395554.6816597953 574.1817646436
41994924.8313313797 479.2078687724
44000886.4574274495 755.8456280204
43788859.1365810409 741.9782302380
43701527.8617946729 730.1689422876
41955853.4234934524 456.6137186339
41937767.8894400969 454.4749373597
42382580.5543744341 573.9833163400
43817393.6064242944 744.1507418156
44399361.7289336324 786.0769968033
43667854.2725630179 726.9968112260
