119481449.8381977081 248027.2721157074
119569698.4559407383 249973.7934932709
119533617.9195144773 249233.6157588959
119581712.9195061326 251688.7375183105
117987444.5067948252 218687.4411334991
117961667.3077259362 218086.7030048370
117713723.4005562663 212424.0414180756
117840520.3900795430 215530.2829341888
119387238.0585826784 245561.9293937683
119655673.7141908109 251947.5374507904
117554065.9044417441 208822.1196098328
118275488.3417726606 225454.1628492475
117754866.0990171283 213280.4797039032
118353288.4580700248 226844.9205349088
118258370.4070674181 224787.1836012006
120686288.2584017515 262106.1491699219
118191096.2701336443 223923.6659010053
118355263.9560295641 227691.5877760053
120458735.9121123850 261279.2783203125
119322010.5184495747 243840.7083320618
120204029.4297429025 259079.3726501465
118099119.0994405299 220495.7648239136
118131336.2668989152 222014.7461662292
120962963.8494557142 263619.7749023438
120730710.6599720567 263110.8659667969
119373365.7875759453 244228.0794258118
119226538.4002731591 241417.8419990540
119325030.9822020829 244107.5064277649
120010486.5632924289 255622.0629577637
120191913.9043677300 258744.8438415527
117770512.4522807747 214680.1076755524
117712930.8529146016 211433.7766857147
117173924.5575444102 198440.6414495707
117169947.9287038743 197050.4188194275
118334387.5289567411 226807.3110426068
118589152.0786216855 235707.1742973328
120444152.1632317752 260130.3020019531
119830255.8937157542 254273.3051605225
119930217.8346405476 254478.6958618164
120095471.8911146969 258619.2005310059
117296794.2606693804 201161.6803566217
117425864.1857376546 205283.9913917780
118065202.1232589036 219538.5656738281
117505418.9173606187 207213.4134559631
117364860.2970883548 204649.5691879988
120012872.6651929319 258205.0630798340
116984225.8137990683 193045.2002477646
118354293.3840546906 227612.0560377240
118584395.3943787366 232070.8848075867
118303583.1942764521 225535.0162199140
118460870.2903210968 229600.9926567078
118375766.4683488309 229441.8521803021
120526422.3357097208 261681.4177246094
117918224.6395068020 217759.1445312500
118071206.2328782082 219559.3026790619
120544224.9337975681 262044.1386718750
117858631.9180736542 215895.0463619232
118354191.4437143058 226886.2569120526
118481504.0578171313 230418.2943189740
118424838.2429293841 229542.3496778607
120423322.3648076057 259868.0584411621
119178264.8369346559 241095.1304512024
119234797.2114965916 243230.9336700439
117013300.4408069849 193197.2093667984
118975639.8940808326 238341.3524971604
119026027.7346626073 239350.0453682542
117580073.9162943214 208966.7371253967
117703702.9822203070 211239.3254985809
117615283.6053601503 211129.4832859039
118870473.4876291007 237542.6538923383
120328494.3669579327 259278.6216735840
116906678.5461898297 189089.5391149521
117598882.1902771145 210261.3722209930
117902343.2198262364 216444.9780273438
117870285.3437583148 216185.9404296875
118535696.4368148595 231678.4591138959
117702628.0655915290 211231.1261348724
118800360.4576095492 235965.8697126508
118999616.6439129412 238985.2665596604
117500352.5636770725 207008.3700313568
119454998.5437878668 246361.3143215179
117080399.4448657781 194293.3188269138
117099367.3649848104 194590.8854578733
117801101.9443535954 215081.2559738159
117496651.7570286095 206577.3172969818
119103091.9351262450 240513.9048652649
120348154.2317706496 259580.8760681152
116759975.4714810401 182141.1855704784
117130152.8645468652 196595.5575819016
116922785.4690982103 190082.0061864853
119807582.4221142828 252293.0387344360
119972044.1780210733 255203.9534988403
116570271.4374225587 171453.6289136410
116739231.8124934286 182055.3662054539
116650219.0204142332 175182.3200430870
116725210.6465313137 178912.7259955406
118241812.9098507017 224146.2848873138
119989055.7515890598 255425.5098953247
117057458.8028880656 194050.9455480576
116888941.1874405891 186975.1123206615
116913955.6272294372 189579.4243342876
116868208.5186574012 184165.6615042686
116670146.7810495645 178797.7484183311
118177609.9130497426 222525.2251462936
116872184.2138264477 186658.6002128124
116805925.7573640943 184109.0171701908
116953443.4358600825 190626.0735042095
121732952.8165864199 263619.8359375000
116800038.8587191850 183021.5458261967
117902208.7978046685 216244.3239879608
