114159568.8972904235 206698.7345501930
111568672.2414943725 138223.0890980959
111151947.1071610749 121937.8742635623
111693355.6802591085 142339.3475608826
111607748.2906875610 138767.7155359387
115339608.5189462155 232344.1358909607
115210586.1148748398 229487.3454856873
115313860.2307742387 231090.1233482361
115003694.0529565215 225411.3414824009
111986608.7192579657 150816.4984778166
114621791.2513231933 216688.4298155308
114418925.3631192297 212727.7033140659
111836402.8021647185 146684.0918897390
112491410.5843042284 164338.5310053825
112507284.3369556963 167271.9582594633
112598016.6954848170 168744.8899852186
115305176.4771586806 231041.7465116978
111222744.5438352972 125176.0618726015
113721903.3021991849 196834.4768092632
115339608.5189462155 232108.1349143982
112271965.3937197924 159892.7906614393
112659125.7628979981 171153.7257957309
111436714.7305868268 134522.1793348147
111859706.8605892807 147111.0206210017
110971703.7755650282 112470.6918283701
112221308.5599128157 159061.1205481291
112316493.0834155828 160453.7397456169
110743918.0629500598 97537.2392931357
110984114.7069578320 113477.0370948687
112383749.8832270503 163404.2180533959
111954327.6933306158 150583.9696311951
111667128.1851940155 139859.7375637293
112230778.2743724287 159730.0925978422
111706878.9964574277 142344.6716575623
114411847.8741320968 211280.9165591747
113801256.0004829913 198506.6637060642
111962239.6147357225 150585.7847682089
111331584.9013479650 129953.5549078584
111809389.3665703237 146461.6585960388
112085839.9476121217 155607.7815626860
112084796.2174953967 154938.8095129728
112324405.0048206896 160455.5548826307
111204249.5942692757 125119.6597605944
111859468.1008985043 146705.6878641844
114929294.5667543858 223742.6113559604
112651213.8414928615 171151.9106587172
112170284.4274490476 158013.8519266844
114131905.5436511040 206462.7335736305
113883989.1127463430 200014.7802577019
111571575.9609284997 138467.1183662415
113241123.8616397083 184958.4209131747
112516440.4841023386 167460.2678856850
113830808.9205787927 199414.9463894367
112958848.4186801165 177553.9113068581
115030216.3687897176 225861.0392723083
114010037.9821122587 202983.8948272318
113806221.2218096405 198858.7787353992
115210586.1148748249 229251.3445091248
116028917.2287070453 242978.6455078125
113975117.8367983848 202531.0066295713
111553854.3822939247 137848.0284049660
111201718.3713607490 122041.3033132106
112521088.5782831311 167527.4969593687
112884700.0674462467 176387.5889726235
111901828.0258489102 148104.3596340418
112029449.7145755291 151155.1151161194
115504768.2719451934 233924.5701293945
110917286.4891041517 109794.9482919350
112780111.2426206917 172998.5949071497
111652488.8708031029 139826.8932566214
116357051.4804986268 246275.5947265625
111405733.2525818497 131091.9102591872
111640051.2717865705 139446.5084668119
113203863.8557334840 184909.0243675262
110952670.2170199901 110004.9311371073
116202491.0433553308 245102.8894653320
114452063.7564531714 213268.8751890659
114624509.9687099755 217073.8246034235
116357051.4804986268 246511.5957031250
112676647.6706857532 171649.8079945249
112751822.0342685431 172816.1303287596
114328732.5927507281 210503.6839645505
114627792.4855065197 217393.0013612360
112944645.5334723592 177120.9059423059
114459975.6778583080 213506.6913026422
112034445.3449802846 152220.3130098581
115073906.7320862412 226829.2269458771
114899392.2810281664 223042.6032151133
115752473.0776378363 238091.0043640137
116068737.0642812103 243080.2482910156
112909186.8190046251 176388.4362388207
117188039.9989007860 250118.1970214844
116270733.3575638980 246052.9206542969
114624509.9687099904 217309.8255799860
111510863.0818206817 135716.0826429892
112578349.8096628338 168692.0041565895
112772199.3212155402 172996.7797701359
115317802.6820371896 231326.1243247986
114559658.7929290980 215592.7718030959
111873198.8122158051 147584.9849036504
112577302.9749150276 168645.6748576313
115822353.9833000749 239904.6358642578
110880441.8651558459 108254.9998736382
111132816.7668041140 120640.2543359995
115297173.5430548191 230170.3983178139
114372644.0985390544 211169.6933590919
115334541.3844579905 232031.3164329529
115405683.5258228779 232689.8829612732
114951914.3763220161 224529.4005033970
111494948.2813394815 134720.9831264019
115966784.6730933040 242232.2912597656
114951914.3763220459 224765.4014799595
111720997.7787620425 142350.8479824066
112576606.6520942897 168318.0621731281
112030478.2439864129 151652.4060264826
113816308.8129052073 199045.5581479599
115526004.5188978165 234888.1068382263
115162088.9550368637 228688.5802879333
115532114.2774926871 235231.4102439880
112712487.9295148104 171656.1656538649
115136658.9082908183 228184.9561064243
111742706.5188950151 142926.4391125441
115133376.3914943486 227948.9551298618
111332400.3921988159 130571.0689725876
115396673.9400717020 232377.0635032654
110812299.4077387750 101647.0843882933
115321273.2917943448 231532.1304783821
115292754.4334214479 229563.3395996094
112040339.4655662924 152226.6706691980
114293235.9835549295 209345.6883729547
115966784.6730933338 242468.2922363281
112505803.0122592449 166475.0855757399
113415129.6825499237 188778.1072229822
110971169.8760393411 112377.3109087944
112501092.2117344290 166473.2704387261
111403553.0871132910 130571.8028575778
112264053.4723146260 159890.9755244255
116202491.0433553308 245200.0022583008
111798529.0016205758 143982.0485988855
112755839.1573823988 172895.5179502964
112595236.9295170009 168693.8192936033
112446734.9530009627 164314.3902550936
111087544.9984748363 117533.5319954362
110857175.3215089440 105077.2003933564
114746107.8611483723 220592.8283876032
111609931.9175619334 138900.2443610150
112361984.3728048652 160910.2159745693
115580981.3323847204 235973.5542602539
111038942.9927303046 116517.9433008432
111504596.6417951882 134734.7654148489
115960674.9144984633 242124.9888305664
115960674.9144984633 241888.9878540039
111050400.7233068198 117099.0448241234
116115437.5671521276 243316.2492675781
112349528.7022679746 160514.0665172338
114346203.9649974108 210872.0771664530
112623841.0990521312 169148.4803855419
115451292.0256345719 233345.2657470703
111325366.8867291361 129817.5619258881
111077592.3603932709 117174.1043868065
111448755.1926449239 134687.8696146011
114540067.5063077062 214895.7178723365
112729647.8186521828 171982.6355639845
111271249.8081652522 126808.1819522753
111427046.4525119513 134112.2784844637
111297167.3458165079 129241.9707957506
115124366.8057431430 227872.1366484165
114806485.9848993421 221329.3066923618
111096207.4331898987 118621.5438411608
115621085.1523043960 236461.4981079102
114913205.0509216040 223424.2188053131
115624781.0902653784 236468.5410766602
116501446.8905061334 248795.2982177734
116710215.6808498502 249253.7202148438
115901612.9961758852 240601.2559204102
114919596.9257791489 223716.1037171930
115896521.5479019731 240365.2549438477
111766153.9917218983 143413.9602810144
115861793.1606016904 240027.6511840820
112527584.3509390801 167754.1792422682
113587500.6270748228 193776.4419109374
114738458.0473356992 219376.9111145884
114858925.5960002244 222128.0718901157
113609209.3672077805 194035.8115828037
116853879.6874926835 249878.2446289062
114659451.3233724236 217500.0370057672
113586336.9866355062 193368.2190403938
112444820.0882241428 163987.8318306608
112150105.9529346973 155747.4471957041
116405845.6579366177 246588.3924560547
113650535.8968250602 195557.9041659832
115686913.6458790898 237050.2891235352
115861793.1606017202 240263.6521606445
116246135.9297258109 245617.7757568359
110825949.6373839080 105073.2143766060
113491738.7062262744 191378.6519237608
113054333.8404323012 180022.2764497353
112839767.2691277266 174862.1946722418
113792955.7885953188 197640.0143732508
113568188.9480390996 193108.2256783992
112828825.2864388227 174665.2055507405
115064897.1463350654 226752.4084644318
115080229.7383979112 226933.8288745880
115108337.6435039490 227203.9204158783
115475504.1035925150 233481.8175659180
112444505.0666491687 163577.5172553062
113374922.7315311134 188671.3397390544
112672766.1330786347 171160.3692994667
111407025.0037639290 133364.2818309069
112929511.9402053654 176681.4131118804
113850654.3091255575 199564.2614941597
112845212.3453354537 175284.4954716368
114919596.9257791489 223480.1027406305
113383881.4876840711 188719.4841750264
113312450.4309561253 187386.2679617405
116093076.1306156963 243222.0453491211
113461877.2166014910 191059.4751659483
113283039.1294870973 186879.4650584608
115799660.6049879938 239517.2979125977
115799660.6049879938 239753.2988891602
113435834.8982180357 190567.6679011732
113357839.1693005860 188227.6769102514
113669192.2939532548 196116.4329018593
112435509.1318392456 163484.5735457493
115748817.2274449319 237133.4649047852
114978372.3358667642 225121.4141142368
113267468.3965871185 186445.3568660170
113175820.2071039975 183831.7084674835
114600594.1695634425 216350.5036313534
114661262.8339078873 217683.6527616978
113185058.5020936579 183869.0812762380
116457503.2336533070 248443.6896972656
113111063.3834462762 182457.7322735786
116145886.3920814544 243565.3487548828
113429781.1252445430 189356.1720821187
114070669.0489074141 204677.9235674739
113173571.2904759347 183263.9569265842
112411041.2604530454 163421.4572372986
113421348.0459946096 189005.8757001907
113911089.6231723279 201378.0909602046
116476047.2795908451 248453.4050292969
113346121.8922981173 187954.0195026398
112977869.9184865057 179015.2277779579
113119129.3191505820 183132.2147164345
114217152.1862273663 208245.0404431373
114295082.3163651526 209567.8721981049
114211340.8190824091 207957.2523355484
114069565.3755899519 204637.0871416926
113130410.2236413062 183150.3011665344
113888525.1956753582 200759.7999677062
114234897.3442361802 208875.5805312991
113498890.6087591499 191994.1218667030
112021693.4397809356 151059.6198614257
113300711.9088353813 187272.6122016907
114260733.0735672861 209209.7607309818
112379631.9391690791 162397.4875728590
114012851.8902894706 203460.6976685524
114093263.4507213235 205130.6857859492
114092159.7774038464 205089.8493601680
113503860.3343403041 191995.0661566257
113967897.5355384052 201974.1343228817
114047013.1609702110 204511.7988004237
114498679.8684675097 214400.6499540806
115953598.3939231038 240708.5583496094
113800431.7508962154 197781.4944057465
113043605.0900086015 179268.9832727909
116581924.6110264361 249205.2304687500
114508762.7599343956 214620.1107695103
117046018.9709715396 249880.0493164062
113904880.9212947488 200902.4204720855
115658549.3412493914 236781.3605346680
115727099.8302126974 237124.6639404297
114427719.0506385118 213161.7062380314
116528930.9261700511 248815.0101318359
113140497.0314235389 183213.4174749851
113173579.3646928370 183373.0207331181
113721557.2657138556 196637.8524139524
111995681.7531555593 151059.6198614256
116312705.0500165075 246096.0775146484
112993289.1858599782 179091.8349155188
113783403.6116628051 197186.6196171641
112815479.6015797853 174307.4758732319
114801536.4358001202 221198.5617582798
114863445.7613606602 222556.9947416782
113715310.2718801796 196181.0994758010
116499394.8354828209 248699.0848388672
114809131.2268491387 221434.5627348423
114071491.4277361184 204962.7498931885
114423582.3095946163 213078.5304567814
115641146.6120687872 236704.5420532227
114665538.4640564919 217944.0022277832
116734994.5585416853 249397.9259033203
114795658.7223401368 220771.5432434082
113053793.7438706309 179788.3524553776
114310324.0497141629 209799.7783870697
114683203.4742126167 218121.1890776157
114690676.1188064218 218135.0197660923
114799824.7705742121 220979.1009428501
114818481.1130680442 221849.6548979282
113052063.5998321176 179720.4652553648
