117396273.7133255154 385066.3830237389
117802842.4038448632 414421.0061151981
117802842.4038447589 413934.5671503544
118679360.5584845245 444628.8245317936
117173692.1468746662 355719.4706763923
117802842.4038448632 414361.3269159794
118581741.2641878128 439411.5686736107
122426052.9921580255 503954.1440262236
117173692.1468746960 355724.7560767829
117173692.1468746960 355813.8962135017
117173692.1468746215 355378.5292701423
117222577.9438051581 363470.7700233161
119493892.7116861045 463802.4012317657
118927363.6845814288 451031.9606401920
117197363.0622394532 356895.6433143318
118162949.0777711570 428204.8333399296
118238950.1288502961 433199.5318834782
118237711.0486779362 431734.8664782047
118651531.0421172529 443756.2060968876
119243966.2792529762 457378.3340930939
117197363.0622395128 357488.5874061286
117197363.0622395277 357660.3176307380
117981794.3285073340 421596.4275476933
118164882.8621735126 428436.9747774601
117222577.9438050836 363083.0334510505
120017398.1136279106 470727.6828672886
117222577.9438051581 363518.4003944099
118092650.2289362699 427943.8730700016
118575856.8972695470 439408.6036162376
119160503.7967700362 456928.0378582478
117246248.8591699898 365272.1404151618
117246248.8591699898 364678.8087196052
118205303.0271538943 429228.8215334415
120568032.7041297555 478087.0333368778
117465834.8508577645 386846.8201117516
118027809.1943935454 424587.9449465275
125148551.9429846406 528493.1398029327
118068654.2703082114 426480.3697512150
118686991.5959751755 444652.3856890202
119679966.2689636052 465121.2429559678
118540691.6960611492 439396.7268755436
117239359.5224709809 363672.5485572517
124727437.7117548138 523005.7554779053
118677437.2521482259 444607.8935015202
117246248.8591699898 365193.0915870368
117239359.5224710107 364353.7570838630
119078346.9139360785 451428.8307320327
117246248.8591700196 365360.0172462165
117246248.8591699302 364600.1474952400
117239359.5224710107 364358.5616492927
119419082.8070728779 462233.6184973717
117239359.5224709660 363663.3976783454
117239359.5224709809 364186.8314246833
117239359.5224709213 363593.8873328865
120148381.3072836995 472586.2663125992
120605764.3787487447 479550.5396671295
119474595.6683363318 462834.3403755873
117832349.2801573426 416864.1906740665
118355380.9222691357 437768.3394243717
118355380.9222690463 433833.8208696842
120214669.7539084256 472677.7214415073
118060242.2074123025 425317.0961916447
118703138.6855196655 445450.6186842918
138525295.7126948833 587726.6348266602
117743731.7226486206 408589.6665537357
133401008.0809481889 562575.7569236755
118585433.6631496251 442659.5254912376
118214857.3709808588 429273.3137209415
118062198.6219372898 425569.1175997257
123730110.5596151501 518249.2601814270
119879238.9439701587 468103.0730917454
117677344.2560448647 406663.4553339481
117676934.5710504949 402618.3538146019
122366495.2231204063 499280.7075275816
123926865.3269016296 518524.1630439758
117757748.5494748056 410576.4661867619
118230396.5135075748 430332.8780035973
117313088.0310877860 372483.0666480064
117441703.1990796626 386839.4255805016
117646082.8956277072 401925.5657236576
118501844.0954431295 438316.8002448082
118060242.2074122429 424890.3364260197
117923496.6513252556 420105.9295656681
123072762.0710400939 514533.3436073698
117537419.5964244455 393641.7045722008
117757748.5494748056 410697.1981203556
139201959.1152144074 590372.8872680664
119596044.9317142367 464168.8398914784
117330269.0960582793 378571.4551672935
117330269.0960582793 379085.7380347252
120888557.5882969201 485183.3258597851
120481252.3063217402 477903.8630163670
121244573.2638719380 486338.6272296906
118859477.8493579030 448905.8063030690
117622182.8690217137 400841.0323157310
124508535.7975061685 521999.2770404816
117923496.6513252556 420165.6087648869
122131378.9921018928 498497.8341351151
121739006.1367787123 497745.4003531933
117896675.7047340572 418602.3067629337
117360703.5603111237 379641.6162238121
117923496.6513251662 419679.1698000431
120026974.8795079589 471355.3732969761
117537419.5964244455 393646.9899725914
117883246.6972747296 417907.2572023869
121435761.3024918139 491848.7943656445
117861096.3897993863 417689.9755709171
118750930.3360560834 447166.1543974876
122248971.5750257373 498549.1279644407
117961106.5734180957 420919.2665636539
117530627.2514853477 388636.7239813805
117677344.2560447752 406177.0163691044
119158423.6248806119 455794.7341785878
119126434.6766603887 454524.0536310673
117757748.5494748056 413887.0672609806
117565268.9172034115 394661.3910956383
117731740.2490623444 408372.3849222660
117677344.2560448647 406603.7761347294
133313475.5735507905 544132.4793646857
119109404.2817909718 453379.2171917409
117469552.5198586285 387859.1121039391
119408350.0573136955 461591.1108875722
117375698.5818123817 380596.8880133629
117330269.0960582793 378562.3042883873
117642103.3103982061 401492.3145067692
119158423.6248805672 455167.0437489003
117330269.0960582197 378492.7939429283
117537419.5964244455 393688.4997382164
119380741.7302900553 458650.9719673842
117260215.2122002542 371880.0972327888
117604209.7003891170 400832.1157724857
117565268.9172033817 394068.4470038414
117410617.0330434144 385570.9450201988
117469552.5198585838 387266.1680121422
117441703.1990796626 386844.7109808922
117757748.5494747311 410149.7064211369
117537419.5964243859 393300.7631659508
117698637.8682786524 408055.7276995182
117375698.5818123519 380517.8391852379
117441703.1990795881 386498.4841742516
117375698.5818123519 379994.4054389000
117375698.5818123072 379924.8950934410
138133004.6453367472 582016.8245239258
123660316.6347997487 514938.0999774933
124046111.6175942570 519341.3399677277
123726568.2312798500 516970.8970966339
117297381.4137839973 372129.6494483650
117297381.4137839973 372208.6982764900
137185577.8967163563 580358.2651977539
117598876.2323643565 395779.2456679344
131272684.5652653426 537819.5328216553
120389864.3478646427 474405.0563592911
124201580.6213616878 520178.9321002960
123726568.2312798053 516343.2066669464
119597656.1668955535 464632.5160135031
123045218.2952501774 504165.8868427277
124086379.2464200258 519616.7237567902
136567927.5723655522 574535.2432250977
121430525.6026365161 488334.3339931965
120255749.6664193571 474272.8044378757
120247950.5019080192 474213.8128885031
123646738.1676931381 514788.0606708527
119979414.2757130563 468938.6850976944
119979414.2757131010 469566.3755273819
119979414.2757131010 469168.4092187881
124452196.3560633808 521702.2714252472
119893677.1233383566 468245.5642480850
119953532.2754223198 468382.5851052999
119731273.6812023669 465711.4659407139
119841453.5100120008 467006.2162392139
119880469.1227014810 468148.2552881241
131777413.6759175658 542065.4394755885
130960172.8531718403 533215.1640049219
130828890.1211877912 530378.0635410547
135542063.7957973182 567301.2795410156
