56117148.8263435215 474179.9409179688
53286339.1666618958 425119.4402379990
55774993.7167345807 471233.7949218750
55874998.3368473798 472494.2065429688
50813041.2883170694 285163.9485110044
53697630.2159270942 438165.3889160156
53126511.0750064105 419179.3681449890
57625534.6936323941 481914.2983398438
54050809.8659601659 449125.3848266602
54488756.6690163016 457682.8496093750
52029809.0081844702 375024.0728967190
58246962.0662809461 484067.0175781250
52987746.4371777400 415246.5799713135
55164404.6272796690 465900.5527343750
57399294.1278083399 480599.7529296875
57806867.8445207998 482676.2358398438
54893624.8913085908 463058.6357421875
54541657.5828019753 459015.1059570312
54343162.2613437772 455765.7172851562
53772695.3998972923 439007.3439941406
51005734.8239578828 308986.0442827940
52013792.3976879194 374789.2923917770
56493683.9449343085 476759.6411132812
52764798.7288450822 406380.8103249073
57420340.0023951903 480632.8188476562
50806734.9522318095 281528.3941399037
50857595.2927234545 291244.8764818907
55022188.9356961101 464662.7431640625
54517310.6699826419 457708.9731445312
52276354.9485976323 385902.8455710113
51008362.0085448921 309591.8864306211
52009599.1253123209 374399.2464933395
58177771.7953840271 483602.5512695312
54568344.9402424097 459084.4472656250
53139001.2650909796 419287.3535766602
56302492.4801893309 475319.3217773438
55432816.3381461129 468346.2329101562
51028098.4377252534 313404.5858732015
58090416.0632677823 483360.8872070312
50989568.0485678911 308619.4683395177
53543968.4264456108 431857.0365142822
54651208.7159568146 459605.8291015625
58651803.6935254857 485049.1401367188
57860531.8608011007 482709.3017578125
56340225.7793176249 475374.5385742188
53532374.8397183493 431433.1883697510
55782312.4423554912 471339.3447265625
54606078.2393707111 459139.6640625000
52301453.7780798674 386524.8383331299
53539775.1540700346 431466.9906158447
57700754.6085189953 482033.9970703125
50857521.8586810604 286878.0380228758
50950701.3022642508 302959.8656023741
55059922.2348244116 464717.9599609375
55911402.4117071480 472739.6215820312
53715271.3819478080 438832.3193359375
53692050.5830545723 437260.1337890625
58100855.7247876748 483375.2861328125
50954458.4487630799 306697.6725431234
51408194.6207698435 338154.6318740845
52751375.5206699818 406007.6230040789
58438832.4240143225 484264.7631835938
56774000.4283636883 478160.8193359375
50975469.9037675858 307441.5131090879
56123737.8737334013 474213.0068359375
54046839.9810469076 447858.2915039062
57233621.2042597830 480278.2211914062
50879324.2939093709 292555.3778704405
53528181.5673427582 431043.1424713135
53555678.7253198177 432565.1996498108
52519211.9587708339 396624.8115591705
55882317.0624682829 472599.7563476562
55006405.5574677363 464568.2255859375
53545595.0342031643 432216.6026611328
50794288.1053094566 275792.6867647171
54068451.0319808647 449831.0187988281
53916387.9895252362 444757.5109863281
54321213.3403228819 454530.1083984375
54292659.3393565416 454503.9848632812
52975471.2488341779 414475.0819616318
50986413.0875239894 308356.2775439024
54539259.5910035446 458944.5820312500
52998692.0477274209 416047.2675085068
56273407.1309504658 475179.4565429688
50946172.3469020203 302907.4754102826
52178172.5841023624 382251.9308718126
52957243.6892100871 413894.6932897568
56688751.1817943901 477386.6665039062
50939758.1185078472 302045.1011675596
53822502.5745762438 440538.1971435547
52323814.0401900932 387888.5335176867
51294812.7077105716 331960.5493097156
52422560.3842490390 393127.9524629116
52418367.1118734553 392737.9065644741
51165886.8636809364 324190.7894124836
57567896.5150511563 481096.0512695312
52500984.3991467357 396044.4228872955
52564008.5679611713 398374.5092103481
52355342.9430590123 390407.8202414215
51112151.2880241126 318048.2445497364
52451089.0438595265 393760.5804383755
51147917.9971789643 321732.3721352667
54395000.3531623036 456110.6640625000
52688771.9720300213 403757.4788742065
51428892.7830770165 342624.0255432129
51154595.4512124658 323217.7544518709
56678688.3900919184 477255.9394531250
54198903.0235025361 452931.7993164062
54993103.5864572525 464522.8779296875
52558380.8282397315 397609.6799116135
52721493.9040161073 404780.1527481079
52190300.1545401290 382933.3991793077
51023241.1113844216 310489.9082918018
52479541.1177567765 395554.5937376022
52850774.1677190810 409358.8387832642
53123192.5928702578 418063.8543472290
53050570.1890905052 417151.6323013306
52305916.0757732764 387813.9298124313
56343389.3921675608 475494.4863281250
51184173.8844044879 324202.6916513294
53244081.5900634602 424377.7143325806
50821883.5074637160 285848.4645403624
53043765.9588087499 416422.8875885010
50827184.2135335729 285848.5027796030
53191628.0098069459 422224.8064575195
51823878.6856127977 363915.2209091187
53659478.6076090708 436874.3473510742
51159386.2504805699 323656.0801305622
51729777.5617732629 358722.4985618591
52904928.7330027819 411515.0296554565
52944666.7018488795 412099.9134778976
56734479.4606497362 478074.1865234375
53830297.1497097537 443052.7268676758
52754038.8392826170 406353.8532867432
51343665.7725467756 335356.3156518936
51198052.2118890435 326562.0055828094
51420932.0349482596 340942.0193176270
52771792.2110096663 406801.2711944580
53196621.2490760759 423216.6033325195
50835202.4042648524 286651.0811621132
53366911.8511558101 428870.4998168945
50899958.9092161804 297676.8905921341
52797684.8444989473 408282.6104888916
56011849.2213591933 473418.0034179688
53214848.8087001741 423796.9920043945
53568028.4587332383 434756.9879150391
50920355.1697706878 300168.9267203473
50892921.8499860391 297499.8563008308
53173400.4501828477 421644.4177856445
53491549.9341094568 430974.5216674805
53415965.4162776098 429683.4801025391
50882360.2723036036 293603.3201043457
51100534.9973307699 317860.5776462555
55824831.4374033734 472000.5917968750
50873893.9902526662 292187.9450782868
52614788.3022694960 400883.4795227051
52779457.2848748565 407702.2218170166
52643316.9618799835 401516.1074981689
50900846.0556016639 298832.4171617031
58367787.6431930140 484204.5112304688
52553925.4400467202 397023.3220138550
56386864.6810411885 476012.1025390625
53610615.2789807990 434824.6305541992
58127170.5560292602 483408.3520507812
53456393.7385362983 430421.2448120117
53438166.1789121926 429840.8561401367
53311773.2488696054 425939.5416870117
53793504.3269341290 440138.6806030273
57932815.2654031813 482757.9223632812
53297425.0835213587 425145.5928344727
50827662.7621901780 286348.3975598812
54120236.9935398474 450362.7552490234
54043167.3713142127 447277.9028320312
52328533.9599888623 388566.8898646533
55176950.2595487237 466413.4257812500
54197451.0086803287 450800.5805664062
53968173.9510842189 445289.2474365234
57601236.9299976900 481235.9165039062
54828909.7869468927 462573.3139648438
55097931.3862506151 465588.7788085938
52610595.0298939049 400493.4336242676
51768434.6038034707 361272.1958013223
56045108.2513872087 473580.7763671875
52592367.4702698067 399913.0449523926
52260552.2780866399 385456.3022325039
55064785.2133540586 465059.3979492188
52455706.9870965481 393844.4572677612
56823178.7275584415 478284.0449218750
55956445.8451967090 473261.0034179688
52568626.5111981854 398458.3860397339
56176722.6591805443 474841.1879882812
55391509.9493781477 468300.3452148438
51745550.4315117523 359296.7151461244
51749743.7038873285 359686.7610445619
55582701.4141231254 469740.6645507812
54264496.2313810885 453196.6732177734
57468496.8897073865 480790.5449218750
51982388.3632796034 373101.5818727892
53162734.3956906125 421072.2229528427
55476812.9703298360 469420.8916015625
51745485.7548845783 359241.9145853519
52168173.8629527614 382041.0992784798
55985531.1944355741 473400.8686523438
52402064.5413245335 392133.4332962036
52217623.0363491997 383362.0773515999
55505898.3195687011 469560.7568359375
52576432.2977590412 398484.2378921509
54730007.1867475733 461740.6679687500
54820569.3098440990 462479.6977539062
55107133.0085882694 465720.6450195312
52463512.7736574039 393870.3091201782
51016454.7642222866 310347.1247358322
51147161.9531310946 320750.8943252563
53101120.7948708609 417811.2115130424
57668650.2781319395 481928.6972656250
55434465.1750956103 468759.6445312500
56844922.8780864999 478423.9101562500
56601768.8695956022 477229.5976562500
58312162.7665476277 484122.8247070312
53158367.1177146137 420085.3329162598
53960362.5455017462 445084.1657104492
52071122.0005805716 376730.1685787002
55463550.5243344754 468899.5097656250
58464668.0172908232 484301.6015625000
56381492.0556117594 475649.4130859375
54700130.5478493869 460344.8588867188
54759092.5359864309 461880.5332031250
55590232.3751465604 470020.0561523438
53463026.1883834228 430715.7687988281
55801084.1002991349 471513.9492187500
53446427.2968711331 430313.7707519531
51119693.6524813250 319718.9665283561
56484297.3580392674 476207.5620117188
51128971.2758737952 320092.8633977473
54727464.9946555197 461291.3745117188
57949616.2731388435 482774.6640625000
55600282.8068427593 470253.5375976562
56704574.1720231026 477787.7465820312
52053104.9658670798 376040.5410461426
52082744.7427744269 377960.5617142175
57194953.3015111685 479903.4101562500
52114837.7522306591 379660.5589066003
52281248.9600345418 386244.1097336267
51979441.0253679231 372244.0053253626
52282900.0403180569 386267.5961227869
52147559.6842167377 380683.2327805017
51777325.3261137754 361931.0145368576
51884822.3158958852 368037.6168241501
52119031.0246062428 380050.6048050378
51125340.6174087301 320053.0803923607
51782509.5164872408 362100.7067899704
55626240.5457049683 470339.8291015625
57128217.5355573893 479864.2294921875
51312468.9213229567 334616.9171697199
55252439.4050690830 466516.3344726562
56922081.3277577534 479116.6909179688
55281524.7543079481 466656.1997070312
55075514.6298287809 465580.7797851562
55072972.4377367198 465131.4863281250
54530473.3137797192 457835.1713867188
51371164.1068556607 337041.1186066866
51809418.3355700150 363566.7775125504
55295791.4438126162 467160.9643554688
54501387.9645408541 457695.3061523438
58061298.4003587589 482855.0126953125
57171123.5130873621 479897.2954101562
51254158.0138440356 329995.8441600800
51867788.1366901696 367248.4664253369
51238470.8139427304 329913.6552028656
51283404.7302290797 331880.9237214327
51871981.4090657607 367638.5123237744
51307345.4265942350 332440.3762973547
52896065.9011735171 410483.7352294922
56976008.2109697461 479149.7568359375
51509326.9681527317 347024.1360615268
51262411.5103078783 330462.9305858612
51316662.1936985403 335189.4893991053
51678361.3962329328 357576.2633666992
51711083.3282190114 358598.9372406006
51961656.4666610286 371749.6490037441
51232706.0857157111 329005.5301952362
51850373.9253427014 366356.5183879118
51682554.6686085239 357966.3092651367
51595652.0403747484 352416.0684814453
51548403.2252360955 348147.4524652064
51307979.1615892723 333264.2988396883
51544209.9528605044 347757.4065667689
51470817.5254764408 344658.5177001953
51450223.1639281213 344102.1561965942
51586741.4519460052 351859.7373439055
51607335.8134943247 352416.0988475066
51895676.3341526836 368715.8541774750
51367970.4322062805 336821.6860179901
51910951.1609799862 369234.1592941284
51224794.0880050212 327431.9386178553
51803454.1711978987 363127.5570068359
51557720.1537102163 350208.7584838867
51357119.7149128392 336763.0809764862
51553526.8813346252 349818.7125854492
51496784.0052783042 345226.3524551392
