139258704.0906213820 0.7891820300
142812224.9521680474 1.3034087093
142507101.5318456590 1.2817803401
142498798.7854852080 1.2807048583
145678069.2174804211 1.5832801397
143704263.4653620720 1.4030268777
139420823.3239920735 0.8259158512
139387533.0797224939 0.8106424521
139289125.0539178848 0.8038599836
139319233.9313045144 0.8056986050
142737099.3082160950 1.3001375209
142842099.7773863971 1.3155974712
142626420.5180821121 1.2960796199
139485746.2181511521 0.8362814122
144917390.7278055847 1.5239786394
144974827.1426401436 1.5290453713
140284299.5910810232 0.9966209838
140242187.3808897138 0.9949957947
140270346.0545493066 0.9960459047
140008845.2012528181 0.9562953089
140022921.2845302522 0.9565803586
140316405.8663122952 0.9977771840
140107484.7862883210 0.9745948562
140088173.2515519559 0.9645090792
140139723.5965595245 0.9763261355
140062144.9877637923 0.9634766602
144549037.5801016092 1.4889191226
144310020.0712508857 1.4685428390
140698295.7240470946 1.0464637849
147159643.1458463371 1.6778459325
147083272.8820942342 1.6704037879
147430135.3794836998 1.6835710993
139284641.6993764341 0.7920863487
139944782.8982155025 0.9428341285
140941132.0460664034 1.0863210472
140848431.2108839750 1.0690176132
143203936.4031058550 1.3484623170
143210981.7520449758 1.3494399503
140417618.6820624769 1.0075335202
139828686.3506405950 0.9039232516
147611694.6969662309 1.6892247093
143048244.6846570969 1.3317180979
139269228.4931022525 0.7892097573
139399397.1813842654 0.8107123871
139338504.2089837193 0.8099046568
141123065.4216227531 1.1116730918
140939076.9982123971 1.0863058004
140990151.9895913005 1.1013996189
141035498.3977867663 1.1023135043
140856049.9469573498 1.0727071525
140906790.7187065482 1.0863056309
141093169.9539678097 1.1077566794
139236729.1514680088 0.7891679838
141840567.9214225411 1.2120476081
142070847.8975067139 1.2348661805
138926455.7835550010 0.6437255656
138936086.8675966859 0.6659806922
138998618.4171167314 0.6876702684
138998397.8703721464 0.6847461633
149685349.0077026486 1.7168915453
149937421.2625944614 1.7192832832
150216846.0850603282 1.7195606241
149458852.0534442067 1.7143499609
144635464.1821775138 1.4979515469
146196547.2548096478 1.6247560331
143612396.9622133076 1.4000561841
143782272.9121486247 1.4217116786
143638773.5091350675 1.4022665953
143569637.4423549175 1.3987955558
143927810.6237419546 1.4308442970
148219192.4910220206 1.6997373626
144893362.7992753983 1.5201967356
145054757.4255512655 1.5345939472
145625754.7713707387 1.5781329298
143422963.1325992048 1.3758891432
149105053.1732651591 1.7125345552
148966449.9011835754 1.7122192560
149550081.4577597678 1.7166345739
149508668.2368372381 1.7150283740
139504476.1157899201 0.8439970227
139408360.6575033069 0.8219489038
144216298.2112628818 1.4586980166
142339530.6155570447 1.2619446961
142318962.2513414919 1.2616971650
142144429.5513009429 1.2500998372
142173740.1018716097 1.2501820470
142291406.4725633264 1.2567510841
142228722.2633755505 1.2559018851
146303635.4203274846 1.6318290215
146212713.9601429999 1.6306939623
148829741.5658692122 1.7107449924
147833610.9377053678 1.6913735927
144042807.7360731065 1.4392479091
147712479.6044117212 1.6900732080
147909252.2677130401 1.6921652337
147685460.2607610524 1.6900189379
146074140.7624140978 1.6152555313
146102352.7795788348 1.6180296617
140162341.2220693827 0.9789310519
143900447.9168413579 1.4255325010
143266161.5795558095 1.3552314680
143216518.5945055187 1.3548949472
143107878.4425530136 1.3405876142
143278425.6287582815 1.3593462989
140554096.6048203111 1.0290812996
144569966.5147503614 1.4903829109
144570287.8414579630 1.4906676516
144825524.3413074315 1.5152505601
144913525.6408398449 1.5216836864
144489672.8406173587 1.4835513178
141357472.0647599101 1.1487599695
149318511.9524376392 1.7133532553
145740436.7621072531 1.5875178065
147500985.5025339723 1.6862452091
147376039.6952252686 1.6821659869
147236615.6243841648 1.6818266558
147546137.9763566256 1.6889441153
145359007.2662412226 1.5624640995
145381787.2224919796 1.5641252284
140651992.8740087748 1.0458914841
139190005.6164582670 0.7854628732
139207067.0257467330 0.7863608620
141282848.5977054536 1.1341283841
140737629.3760879338 1.0564353891
140741472.1215719879 1.0583452524
145844025.8464706540 1.5987873710
145911885.3506146073 1.5992500949
145633329.3401995599 1.5789672711
145750477.0563715696 1.5925557757
144389822.9818604290 1.4764091746
144238212.4993477762 1.4648592926
144896960.5446881652 1.5214676174
139630893.1243205667 0.8625723037
139610507.3907151520 0.8615159482
139041788.5872960985 0.7470539992
139091665.7253357470 0.7661905892
141699404.9923709929 1.1897770108
146039840.1559989452 1.6099072172
146810233.2088949382 1.6615303247
143266318.5436648726 1.3579800895
142840364.2854240835 1.3142599332
142607783.8033526242 1.2927396554
140182406.8674163222 0.9834166590
144130254.5915858448 1.4506705781
144210725.0014167726 1.4583070572
144434529.0743460059 1.4820748476
144139247.7442049086 1.4574793843
139847957.1588410139 0.9211544440
144791760.3189374208 1.5106632239
139928159.7814750075 0.9370589560
146179252.7386433482 1.6226641978
141619540.2592070401 1.1770896965
141126462.9857917726 1.1146498662
139914990.6913019121 0.9248828700
142091032.5810022056 1.2360622917
143918928.5564272404 1.4263546563
138959279.9808995724 0.6684184481
139087736.7534474432 0.7653064689
139000294.1034711599 0.7451151414
139046230.7132112682 0.7471176865
139006396.1436381638 0.7466789614
145761923.1494562924 1.5935479535
145957694.9311856627 1.6079685758
141271152.7238470316 1.1308180637
146583268.7593642175 1.6512003792
146698894.6794753969 1.6555251251
149547106.2060075700 1.7164978604
141686613.6114852428 1.1864304539
141557698.8481698930 1.1707863010
146431517.7369921505 1.6400726326
144841311.8976170421 1.5183326316
147919984.7635481954 1.6972172838
139567683.6006031334 0.8600333931
146535984.2570868731 1.6448282232
146628752.1307821572 1.6514891172
148750469.5812633932 1.7079544025
148418397.0349902809 1.7073483937
145665602.2519518137 1.5789807806
141435950.4573282897 1.1554406614
139925010.9737423956 0.9260145864
145485113.2497981787 1.5737512728
144079779.7796730399 1.4437888845
146106010.7540991008 1.6183256002
145423427.6487076879 1.5671193575
145685744.5504505634 1.5858480358
146682755.8985250890 1.6527135945
145278082.7678116858 1.5522281273
143889822.1095340550 1.4222170083
140591801.8848710358 1.0406166016
147411017.9623614252 1.6821665536
139066297.4967609346 0.7630771462
139158480.1632296443 0.7682703907
147056003.5012294352 1.6697487868
146997351.7223145068 1.6690220088
141272112.8816024661 1.1312522178
141434759.2875075936 1.1511143899
141318337.1481959224 1.1448517572
144285598.4915703833 1.4648842631
143747109.1789481342 1.4122666901
143526912.0055283010 1.3908156415
139891316.6495243013 0.9226599910
141971119.9875610173 1.2196082548
141928492.1632668674 1.2163916969
138975822.7954730093 0.6845231517
139558916.0158750415 0.8465959837
139622693.8491800129 0.8622284646
139589956.4441405833 0.8610459804
142921894.5514721274 1.3203786689
142685769.4328812361 1.2986693384
142562418.8836430013 1.2841752913
142059454.1348051429 1.2340801528
142106030.8433403671 1.2361017640
141885780.6879299581 1.2136138624
142600363.7448099554 1.2877996351
142447697.6305299699 1.2762131599
142498381.0818886459 1.2769403542
142570081.5604902208 1.2861471869
142010347.0820885301 1.2322440499
142435259.4877348542 1.2730922489
141820392.3632961810 1.2042978066
141835831.3233370483 1.2044401189
141534437.2630667686 1.1701005933
140364446.9938039184 1.0050005813
140577535.0886798203 1.0369096202
143984756.7231782377 1.4343931724
145097027.3881435096 1.5375080919
141750445.5176937282 1.1970844809
141966579.1304984689 1.2195422594
141815763.9045003653 1.2006059055
141793104.8283797801 1.1985253287
141976877.3594292402 1.2208945550
143507076.0434631705 1.3833087485
140888145.4298596382 1.0800928823
147146342.7771719992 1.6766514094
146889111.6864577234 1.6616719598
147431556.0816829801 1.6857741894
147147688.0437009335 1.6769122863
146919202.7696781158 1.6690075323
146571489.8609310985 1.6454622187
141538359.3615818918 1.1704545825
141509944.6261050403 1.1697636346
141552624.7066538334 1.1707662743
141682425.9235704243 1.1862971327
141262670.4401921034 1.1307455564
141227191.2034016252 1.1286607017
141102031.2662641108 1.1099473157
141066104.6747545302 1.1065092195
140967891.6265155077 1.0931243924
141041006.8613623381 1.1041964373
144717797.5171393752 1.5087048921
144290678.3901330233 1.4651707039
144579188.3265120685 1.4960193339
144330701.7455877960 1.4756431459
144645157.0596771836 1.5016924152
144934281.7377028167 1.5241630796
139459426.4530503154 0.8358873323
139632113.1632626057 0.8667751450
143329357.6738293469 1.3656607811
142948455.9125239551 1.3256672493
143015798.6029452980 1.3316967680
143002084.0000873804 1.3311243220
142941176.2933129072 1.3219207302
146343687.8294413984 1.6336119017
148323473.8719754815 1.7015662733
140399422.8278771937 1.0069250256
145680814.9024955630 1.5833101395
140722679.4474199414 1.0535404976
140802121.0327128172 1.0680167260
147145560.4593116045 1.6730114394
145020893.9977260530 1.5308400541
145185538.5538176298 1.5508094050
139921248.6955419183 0.9259407919
145591471.5870452821 1.5765426845
139806695.2232547104 0.9034125835
148030772.9974375069 1.6984659215
143132299.7784526944 1.3455954308
139722610.2466857433 0.8828305664
140336843.9150093496 1.0044033481
146581873.8497377038 1.6502906955
140626329.1004683375 1.0444742696
145120866.1724573076 1.5437490404
149412012.4622247219 1.7142828763
139930907.2692949474 0.9377984308
148408970.5381956398 1.7045219028
146580387.8974858522 1.6465350065
139727173.6539510489 0.8829658722
139639219.9207893908 0.8784504392
140645969.3025110066 1.0455383499
140530304.3434133232 1.0287354971
140490669.8633457124 1.0240873014
140390029.8191511631 1.0053277239
140322344.8548544049 1.0020905659
143474752.4489552975 1.3802408333
140770005.1603339016 1.0622933886
139989604.0134588778 0.9442143436
140007845.3048737347 0.9453504749
139765242.3464071155 0.8999014878
139719489.4787484407 0.8814844416
139566518.3392306864 0.8565463850
141317913.3046931028 1.1343059033
