115533252.3712331653 6440.7537498761
115382992.4022358954 6377.0474994183
115661731.8283957839 6507.7774125487
115513782.3985159099 6438.1382485777
115114393.0399685204 6277.3338061720
115202510.9009362459 6302.3059454709
114766188.4709861577 6076.8970088810
115252970.7170686126 6330.6479393244
115213089.3551220745 6328.4616176039
115488762.0469279885 6426.0282832533
115461285.6815656722 6405.3993092775
115091894.2960148454 6276.6824466139
115264567.0967245996 6352.6218387038
115345419.1795606017 6368.3593951613
115054656.7116000056 6270.7927295119
114745932.4889769554 6074.5825625807
114915908.8412966728 6204.7392798215
114769325.0155921280 6104.5243428499
114766867.5799090862 6099.5603107129
115021037.4063754380 6214.1323081404
114725338.1334818006 6068.5121308714
115198839.8966946006 6300.0691402061
114927185.6683075130 6205.9343825728
115146976.5396882296 6294.8871737868
115571510.7422201037 6469.7570879746
115381038.1788074672 6372.1904223252
111000587.2268632054 3682.5444430228
110872681.1018494964 3568.7312829982
110809955.1132690012 3526.7758525641
110852311.9559537917 3547.3043311306
110846404.7473706901 3546.3061803051
110929223.0524677634 3627.2081349560
121365379.8968164325 7296.9177398682
121393993.9319018424 7300.7529602051
110540306.5636992753 3231.9822169577
110515999.3343686908 3231.9816525038
114255123.1199798882 5815.9872145653
117302338.3399948180 7012.6912155151
117191234.4936396480 7001.8305282593
117271368.1203509569 7005.0166549683
117689181.6467768997 7058.4904937744
118414997.9057822824 7130.3655090332
117830928.1871272027 7079.4674758911
117765005.0260143876 7069.1904449463
118475757.8918927014 7138.2197265625
117972391.1122497320 7087.6838989258
119990300.3393154889 7242.2440261841
110572185.6223777086 3246.2903321052
110561677.2851647884 3235.2787735725
110442392.1452854127 3181.0913384147
110481467.7890738398 3202.9718387183
110561809.0114823133 3235.3396632727
110352445.7820715457 3093.5116946753
110419622.3555279821 3136.8301880623
110314325.0802133530 3025.6243724097
110268982.2924893349 2911.2119512632
110169581.0028878301 2904.7752968795
110288566.9938301593 3014.2354409224
110375194.6948312372 3125.6456358936
111056787.4306095690 3736.2798167569
111078118.2153715938 3746.0632736925
110925920.8593507707 3623.8516791202
110953453.4386008382 3641.3956574583
118640279.7826887220 7154.8080520630
118751412.1963288933 7160.0016937256
114804518.7139994353 6128.2235730737
114849355.5076053143 6128.2362484175
114342389.5357791185 5879.4447707981
114279904.0356478095 5828.4576967806
114204386.1377294660 5802.3288993686
114186462.0234193206 5800.5301951021
114219663.1946551204 5806.0765611827
114372549.4206120372 5879.8435050622
120637028.7755328268 7274.2153472900
120605908.2723188549 7273.6078948975
120759810.9886906892 7277.4735336304
115624901.8924100548 6476.8558681011
116150244.4553718865 6715.3547515869
115965230.2836919129 6641.0708189011
115958449.6490061581 6633.2060811520
115721862.3798903823 6542.9224231243
115923983.1920137703 6612.5615870953
116315260.8777736425 6791.3556470871
116314364.2354611158 6790.6173582077
116294103.4804364443 6781.2678480148
116054736.1950803697 6697.4997470379
116173437.2489503026 6724.8952481747
116813982.6148591936 6925.9255943298
116079188.9909033179 6702.8043668270
116007676.2299455702 6645.2644765377
116014135.1014927328 6649.7258577347
115565983.5752654970 6452.8846843243
115701115.3717230111 6531.8236072063
115673790.8969768584 6521.4652698040
115795752.3040903807 6566.2520409822
115837737.0065585971 6582.2529946566
113184777.6230026484 5204.7844439974
113197832.0312676728 5227.9493974677
113593520.7370684147 5444.3272763977
113383179.1072613895 5342.3644756174
113367305.3423946798 5322.8905613518
113310669.8027947545 5260.0358260965
113198655.1423275620 5238.0592496012
113930433.8505437374 5650.5449472815
114074328.7512790561 5718.7719378024
113792529.2242918313 5569.8616775103
114139579.0652261972 5770.5352883581
113533135.2201114893 5411.0646285574
113723247.0337020755 5528.7751222992
113051580.9399023652 5120.2377861802
113119412.3901696205 5154.5652594715
113603549.9612581134 5454.2340067420
113951036.4518796504 5658.8026470371
113858720.7904499769 5587.0341094561
113665611.7553882599 5476.9015854413
113440149.8102988303 5357.9594126676
119966510.7077506036 7241.4199676514
120809954.7358244807 7283.0502700806
120939532.2667608410 7285.8374328613
119370241.6194640547 7195.4675827026
120110463.7874128371 7256.7518386841
120091376.5792690367 7253.6618499756
120397646.9276076704 7266.4998626709
119378013.8059705645 7201.5664520264
119666512.3150583655 7227.3133010864
120043368.6912934035 7246.1962585449
119705114.9871981591 7231.0383911133
119800969.9629624933 7237.8325576782
120411162.3999524415 7268.5809555054
120069126.1532791704 7248.5565109253
120277486.5836300105 7264.6723861694
121992021.3335764706 7317.4764709473
121502905.6827553511 7306.0907135010
121468064.1813656092 7303.7316436768
121797852.4326523542 7309.0401458740
121562686.9905802310 7308.3453979492
120983348.3833653629 7289.0100479126
121107320.1043084264 7294.8399353027
122453484.6735330969 7325.2700653076
121065818.2051279247 7290.5008010864
121051859.5164122581 7289.2493133545
121883200.1426502466 7314.5442886353
122168695.4337485731 7321.8444595337
121731115.5837607980 7308.9912185669
121718706.8531041145 7308.7951583862
120789561.8786304295 7278.5830154419
120934275.2568847835 7284.7516708374
119995706.1313190013 7242.2919692993
119558283.1747393161 7221.9173583984
120629350.0026669651 7273.7747497559
112564732.8552180231 4801.7512208968
115638499.9887369275 6483.4554473013
112754971.6405416727 4930.6135407723
113151679.7628920972 5165.3792033903
113143769.1804293990 5162.3265870325
111905796.6853729784 4365.3711351643
114318475.0986535847 5863.2428323478
114132629.9392397702 5765.1273235051
114499435.6879161596 5949.1572033614
113838914.6530189812 5577.2642661780
115427226.2606980205 6399.2468596548
118090577.2400489897 7098.9678115845
113870999.7874132395 5593.0455730981
112308624.5942079574 4640.1741368715
112464046.7330068797 4756.6232236419
112522120.3669770509 4770.0909301231
112310750.1792388409 4647.1630795989
112461209.3216409534 4739.8620678612
112119906.9011079818 4507.7154755855
114111231.4048947394 5746.8764297143
111836609.8335394412 4328.8915714289
112139874.9545488507 4521.1759734044
111905071.0177166462 4360.1233973096
111739780.8609837443 4251.7063266526
111769795.1933182329 4324.5209612141
111642818.1017072797 4214.4191316853
111964336.3151514679 4426.2469654190
111854936.2017415017 4349.0543779621
112584729.0590966195 4810.0620973106
116848291.9171309471 6929.6847877502
115453441.2678831369 6401.5322310105
116890990.9257106483 6963.7953186035
116730940.8855762482 6900.1873035431
116741231.8456527889 6920.8798255920
116761248.0514686406 6921.7097129822
116466667.8778424561 6828.0899085999
117132079.1252730936 6997.1245498657
117036013.5153281987 6986.7301330566
117079949.7373293638 6989.0687026978
116699261.2326967716 6896.5128250122
116420247.1977955401 6811.1628246307
116381514.2567397058 6802.9892406464
116374177.2732736468 6802.8322353363
113482964.5922727287 5375.8795957446
115567675.6947363317 6464.4461313859
114367064.9578807354 5879.6276351586
114653762.8150783181 6038.8701850548
114534284.0470272899 5979.1339065209
114571229.6717835069 5997.9391021542
114520778.8522892594 5977.1943008080
113451538.5140167177 5367.6921678670
112718999.0743329823 4907.3584259953
113498282.3542225808 5387.4267707705
113500864.2951059192 5394.6139503359
113517438.6678375602 5397.6769309877
113332043.5201224685 5299.1619468569
112264500.9125258476 4600.3198852185
112412342.3761636764 4730.2261358220
113063409.6104735732 5134.4567884705
112727939.8777348399 4907.9062639980
117555197.0608210862 7047.4756698608
117472294.0435864180 7039.2037429810
117439756.0267668217 7034.3460845947
119259009.6255060285 7194.5956268311
119008090.7831840962 7180.0918502808
118703258.9912911803 7158.6829910278
118598004.0705303699 7153.4431228638
117907325.4882079661 7086.8486480713
117370747.9854703993 7026.2867965698
117986871.5074358135 7091.8320426941
117894387.4816387445 7084.2865486145
118248378.4523948282 7119.2861976624
118846782.0548822135 7166.5673446655
118640726.0521880537 7157.2629241943
117604020.4763149023 7053.9811096191
117819730.9748191386 7075.2337570190
117793556.6510892361 7071.3864440918
118094191.2238565981 7103.7798919678
118200620.6313298494 7114.3280487061
118262532.6399604529 7122.5938034058
118365142.7569983155 7125.3834915161
111500412.2525278777 4137.9140562423
111584604.8375200480 4158.0054602035
111599643.9187425524 4158.8671600973
112962050.1172176898 5052.1732834615
110944306.3071062714 3636.8046308272
110827991.7412969619 3534.0207427852
123318003.4260606021 7337.7129592896
111900689.9479903877 4358.6940581156
111609502.8737028390 4180.7896907032
111465395.2720737308 4079.8966211975
111216925.5840137750 3881.9687209097
111716592.2462089211 4251.4866397083
111301796.5748068839 3951.6680511951
111339550.9832341820 3975.9331401915
111399771.2203245908 4052.6563515992
110489142.4461691380 3219.2764474507
110371952.1614386439 3109.7145298427
110625793.9234814048 3325.0730396565
110588111.0463951528 3323.2671452072
110691335.8372765481 3409.4740810003
110775201.9829058945 3452.1300873477
110709584.0753657818 3428.4304649141
110583498.9905510247 3323.0216038730
114280408.7090563178 5835.9323948926
113685744.1865786314 5482.2111587782
113641556.1629690528 5471.3974838515
113902083.7923965156 5615.6843346662
112913154.5793571174 5034.5407454166
112869759.6803821325 5014.7595781478
112834870.0052116811 4988.5604620146
112997116.7701635063 5093.1983714494
112823589.1007209718 4981.9395231399
112970180.8268548250 5075.9768185037
112977432.5966092646 5091.3996671828
112085473.9520179629 4478.4648396820
111100645.8948160559 3833.9906966428
111105454.9598820060 3834.1126476817
112025768.4129935801 4457.6701200313
112511468.1465876400 4767.6787320170
112690065.7621527314 4891.6029452008
112352491.3375572562 4677.6680081710
112165539.4889755547 4559.3001695133
112203661.8506995142 4575.0726055797
112179375.9065196514 4559.8373704411
112010601.4331483841 4453.6320076443
111203997.1008454710 3841.8846634397
111169963.3243639618 3841.5329025754
111249719.8125847131 3950.9714074464
111690908.9675662965 4219.6995761425
111371270.0051237196 4017.6354264052
110865135.6647619605 3548.4013282210
111018927.8482898325 3711.8995697492
110889526.5831536502 3608.6280931228
110987438.1319328249 3659.2937898710
111025256.7204716206 3735.5871021406
119422800.3958188146 7211.3792724609
119438740.9090981632 7211.6313018799
119522287.3607202172 7218.9780883789
119509742.9202465266 7218.4340591431
119072481.6178057790 7182.8254699707
119388737.4823751748 7210.3241882324
119153546.4500306547 7191.9953613281
119086614.4919040799 7184.2660140991
118877269.0849041492 7174.6810226440
123028952.5888596922 7332.8494186401
122818430.0782188326 7328.3534317017
122673813.1564574391 7326.9447021484
122991371.3707241267 7330.0440902710
111022621.4793262333 3716.3869831220
