66528988.3851754963 2274253.6035156250
68661013.6298416704 2301484.1972656250
67242407.6037198305 2294886.3847656250
64269365.8583268523 2003835.0546875000
64230876.7140757814 1989069.1191406250
65479186.7384530753 2214187.8496093750
64360701.2958269566 2042355.8144531250
65592597.6312047541 2217624.2519531250
66092146.6491166353 2255357.6660156250
66377082.6936069280 2268043.0136718750
64236723.6678734571 2000049.5996093750
64944139.2614886165 2145802.8652343750
64199579.9650250822 1981855.5410156250
65000901.8293359056 2156338.7968750000
64689861.0282316506 2100653.0566406250
64440150.6381413713 2058345.2734375000
64653151.0758870915 2095187.0585937500
67157678.5745236129 2293595.4511718750
64620064.4402585551 2089860.7187500000
64551593.7669599131 2076712.9042968750
64649553.0594870076 2091016.6640625000
64547954.0721149817 2076485.2246093750
64494231.8685826510 2067770.7929687500
64546479.9729822278 2074841.7148437500
67835850.5532131046 2298958.3378906250
64188275.5076170862 1980611.8222656250
64176005.3269281685 1978652.2832031250
64159672.1708164737 1977529.5175781250
64729320.4242844880 2110087.5527343750
67349152.2929999679 2295260.1582031250
67357546.8723242581 2295501.5371093750
68000465.4943032861 2300097.5527343750
68248012.5120992064 2300791.6074218750
66915149.5323948339 2286983.3300781250
68208295.0995935500 2300732.1191406250
64353661.7847505733 2030971.5156250000
66957257.8006400242 2288630.5839843750
64201987.3781404942 1985217.7265625000
67448182.8661352843 2296711.0957031250
67358950.7008130550 2296515.5683593750
68052545.3110170513 2300434.9277343750
66607046.8209142089 2278687.4902343750
67654576.1016488224 2298767.3183593750
67928493.0952892452 2299813.8417968750
67659524.3273698092 2298817.2480468750
67808054.0637373477 2298867.8925781250
64149636.6568496600 1965641.1953125000
64240143.5286189988 2001319.1816406250
64331956.2890631631 2025478.4804687500
64600322.9623665065 2084991.3437500000
64560400.1540229917 2077255.6738281250
67084745.5783490762 2291159.5332031250
67461246.1624536812 2297741.8613281250
65778997.8673699796 2231569.4472656250
67040161.3495631889 2290907.7988281250
66327613.3375003263 2264378.9707031250
65194445.4159564972 2180325.4785156250
65457547.2104970142 2205540.0605468750
64676545.9119668975 2100083.7636718750
64334458.3687208816 2029929.7011718750
67516838.8316559941 2297936.2089843750
67840867.2780833393 2299438.3339843750
67501702.7206704915 2297770.2246093750
66292554.6060436070 2262952.8886718750
65098174.0908099189 2169333.4980468750
67383037.8134169728 2296654.9980468750
67097563.5110128149 2291698.3417968750
67146393.6766977906 2292269.9785156250
66570179.3826666921 2276396.4980468750
67541539.5633040518 2298384.0136718750
67517465.6540448368 2298169.9316406250
65057316.0503968149 2161924.7128906250
65161211.5345302969 2173967.7246093750
64468989.3972891942 2061472.9296875000
66335352.8973488435 2264589.8300781250
66014934.1209272072 2248427.0488281250
66558547.5611580461 2275288.2597656250
66459590.8449322805 2272377.4550781250
66132596.1843435839 2257028.1308593750
66218242.0202569216 2257784.1191406250
65173119.4968968183 2176838.6972656250
65110561.1655725911 2171694.9628906250
64955344.4135317281 2151187.4785156250
65057987.1073765308 2162714.2441406250
66953338.1936489567 2287144.3847656250
68307505.1546249837 2300805.4628906250
64519752.0549251512 2071120.1230468750
64466741.5688170642 2059855.4726562500
64585276.8773558736 2081228.2656250000
64614083.2840014994 2088382.2207031250
64532569.2904376537 2071541.7773437500
66889991.0272552893 2286798.9394531250
66735770.8294321969 2282135.1855468750
66838003.4240837470 2286178.1074218750
66922980.2048417628 2287101.5566406250
64481149.1964542344 2062721.9531250000
64594650.8464653715 2084908.1894531250
64696872.8177762553 2105579.0839843750
65771521.1807359159 2231297.3886718750
64536532.0089025944 2074574.6640625000
65954844.9472504109 2244125.8964843750
65854838.7296411321 2237126.7246093750
66990459.1913803741 2289597.8066406250
66949037.0078682676 2287144.0136718750
66004418.0673583001 2246523.6855468750
66888098.8095480353 2286670.9433593750
64432059.7058132514 2053344.7968750000
64491987.0551184937 2064620.4375000000
66151907.8715734556 2257770.3574218750
66294199.4056604207 2262957.9980468750
65906150.2033900693 2243257.8847656250
66016554.7480516136 2248925.9316406250
64120048.2655502036 1953320.2695312500
68670953.1782782525 2301711.1308593750
65140273.9543010741 2171713.0039062500
65185348.1714027226 2177862.8144531250
64591033.5303059518 2081413.6640625000
65416552.3412329480 2202321.1191406250
65424346.9373655096 2204895.0292968750
65343247.0516240299 2195706.4316406250
64790627.1829448119 2117994.5976562500
64299767.9461072981 2013739.5234375000
64279491.6171708703 2010612.0019531250
66449819.5395162255 2271419.8105468750
66663005.4637552947 2280533.0527343750
65806376.0062431172 2233342.5527343750
65220327.7928040773 2183032.9003906250
65460431.5787231028 2208196.9042968750
64575785.8729709834 2078770.7089843750
65692228.5691579580 2226284.5214843750
65228792.6983925402 2188555.8378906250
66373774.9273596928 2267051.5644531250
66805902.7266820446 2285179.5957031250
64862623.4600877091 2130773.9687500000
65606360.6455977708 2219379.1113281250
65103357.8697882071 2169659.0859375000
66793635.0670882389 2284353.4433593750
68534223.9031433910 2300877.7441406250
66831761.2020108178 2285322.3496093750
68600594.3592120260 2301108.0957031250
66879000.3329320773 2286665.8535156250
66695993.6830063239 2281982.5957031250
66774347.2714963481 2284323.8378906250
66725504.4069991782 2282105.5800781250
66760141.6528411731 2283859.4824218750
66494405.8713623509 2273187.8886718750
66753608.1535557285 2283645.5410156250
65390964.1021731719 2201550.6152343750
66670023.6218626723 2281823.8769531250
64259225.1880561262 2001980.4003906250
66595141.7937060818 2277596.9980468750
66611273.8515071943 2280353.9472656250
65345249.0660292134 2197349.2636718750
64652002.6336586550 2092123.7050781250
68998661.3942332864 2301805.1464843750
67153475.1137993038 2292476.2871093750
64609937.8225432113 2087741.3320312500
64430781.8433899507 2050370.5761718750
64314135.6858523712 2022566.8515625000
65631474.2527874634 2219953.7246093750
65460281.5307696536 2205961.3515625000
65613780.6902617589 2219728.9824218750
64741626.6665147915 2113934.2363281250
65797680.6569314450 2232727.2519531250
66072974.9987739697 2253173.8925781250
64655176.4362516478 2097637.5566406250
64402981.2382095084 2045900.9375000000
65408875.4711496606 2201833.6816406250
65660514.0408380255 2221147.8261718750
64863319.7541632727 2131706.5800781250
64672102.2025730237 2098614.5332031250
64781917.5143844113 2115522.7890625000
64836781.8328314647 2126487.0664062500
65249916.1841035560 2188763.1816406250
64406364.5355906337 2048620.7695312500
65743140.0833442882 2228590.0683593750
65685981.2706828937 2225326.7207031250
66009357.8721174821 2246757.6777343750
65967394.7407246679 2245788.9667968750
65669589.4077545628 2222958.6816406250
66981257.9232729077 2288814.8066406250
64871983.8404322788 2136865.2050781250
65154247.6960989535 2173329.8750000000
65228637.9253986403 2185015.9687500000
64283206.5951616839 2011701.2265625000
65833607.9928657860 2236555.2832031250
65366728.2862941846 2200828.8691406250
64970035.4027721956 2152011.2050781250
66324717.0868524611 2263672.8378906250
64998682.8648719192 2155904.0742187500
65027203.7750304714 2158190.5644531250
66134327.1058890969 2257145.7402343750
65291879.3154963553 2189731.8925781250
64219237.0919460580 1986900.5292968750
66326891.7138664350 2264351.3652343750
66439453.8285190985 2270964.8261718750
67108463.2197119072 2291778.6152343750
65151859.9212013111 2171977.9375000000
65046599.9527853429 2159566.0000000000
64996730.6753485128 2155746.2812500000
66433171.0702690631 2269120.4042968750
65055169.8195339814 2160865.1679687500
65299410.5361215100 2191864.8183593750
65044280.5884662420 2158391.0722656250
65016061.9439193308 2157369.0136718750
64824754.9940736666 2121114.4785156250
65073723.4684126675 2163402.6796875000
66292117.1644294858 2262228.8847656250
64970995.6276139468 2155219.8789062500
64808471.2630622536 2118484.1054687500
65086351.9495371878 2164061.8671875000
64871080.0971672833 2133128.0156250000
64941692.9966260642 2144727.2089843750
64900451.3875333518 2143527.2441406250
65722789.2511167750 2227156.9980468750
65586019.6466949657 2216116.1738281250
65317337.7829086259 2193884.5019531250
66302054.4234240949 2263655.1972656250
64273510.2694930285 2008693.1308593750
65652541.9139176160 2220551.1933593750
66339816.1218571439 2266640.4550781250
66222249.1360096037 2260768.4355468750
66045006.1247271895 2251135.0957031250
65735682.2034377381 2227193.6972656250
66064022.9288296551 2251141.0683593750
64396575.3119281754 2044843.0292968750
65142674.4015075639 2171776.5605468750
64777753.5694710240 2114691.1855468750
65090723.2315075248 2165374.3066406250
65970971.5213184133 2245848.1035156250
65903378.0759275034 2239967.5292968750
65896541.1424761489 2239788.6777343750
65300270.7786109373 2192356.4433593750
66253989.9450432211 2261411.0410156250
65449885.1731045842 2205323.1972656250
65865693.1330173835 2238011.4003906250
66272001.9348264933 2261812.3457031250
64852354.2621005103 2130099.7578125000
65566110.0880008414 2216033.9003906250
64818940.3912859112 2121077.5996093750
65705856.4426424429 2226980.2050781250
65596706.0450899974 2217980.5136718750
65739302.8442258462 2227374.1503906250
65555793.6666394547 2214700.6191406250
65422656.7945489511 2203268.6933593750
65096406.2575128227 2166261.3984375000
64815907.0442429185 2119855.4140625000
64828576.1701245606 2123273.5332031250
64849753.3286072612 2128713.2070312500
66284232.9245610610 2262199.3183593750
