134097877.8972277790 7500.4068062007
134162306.0802993923 7539.9826087877
140691273.0767092705 8743.5170799494
140699447.4669201076 8752.2033764124
141074016.3566125333 8811.7411557436
141051200.1501353085 8792.9323096275
139606448.2262163460 8604.5222078562
138920286.5727085173 8433.5708622932
138280614.8252297044 8337.7489860058
138630775.9881377518 8403.3686766624
138487267.6909679770 8359.4144034386
139296615.0977166295 8522.8570190668
136331205.1613428891 7939.3178348280
136639379.4168284237 7979.5295641609
136494740.2126160860 7966.5724283010
136254154.0938223600 7929.7815618254
141436030.5121570230 8858.3906623125
142018141.6638314128 8922.3327208757
141582029.2227624059 8906.4053145647
141996616.2617235780 8911.0500122309
133482726.2492915243 7322.2188456953
133296566.9290053993 7283.9800110608
133845056.1256606132 7400.9287959039
133825265.2057937533 7394.7523387372
143054742.1659208238 9047.1113119125
142509670.4015186131 8989.3119935989
142632599.9055905938 8996.2369775772
142861207.8321153820 9043.2201795578
137056006.8790318072 8068.5545156002
138048362.7612049282 8280.5722296238
137717205.4208746254 8223.8785569668
138035502.3380126953 8266.1422536373
133207110.0612514466 7281.7344294488
133398346.5259259790 7297.1929794893
133715931.0110723525 7389.4285663068
133701982.8830167800 7373.9790237495
133526186.1935793012 7339.1011126935
133663955.9837934822 7363.3794101179
138922589.4750033915 8469.7486644983
139066974.6523039043 8475.8774529696
137237449.6299579740 8114.8771305084
137011392.3912304342 8061.0531272888
136435934.1086573601 7945.6910591125
136802337.9506826699 8012.6952681541
137150447.6974449754 8095.3217368126
136444574.1806859970 7962.5601743460
135886065.0137013793 7872.6012206674
136754325.0820209682 7988.1519698948
135836894.8255547583 7853.6986913532
136196410.4233939052 7926.7100725025
138082446.9855261147 8280.8224737644
138307125.7080134451 8350.0675427914
137486007.2896154523 8171.9467017651
137847415.8581534028 8258.5779669285
138111270.3745109737 8294.0681641102
137879886.3106396198 8263.1525795460
137619045.0557457805 8193.0388205051
137680239.6677649915 8200.1296861172
140167482.8461348712 8704.3834296465
139868711.4827038646 8620.0960966349
139416232.8323416412 8528.0524588823
139374082.3897941411 8523.0991898775
139722194.4241984487 8607.4786921740
135561144.6204406321 7798.2384426333
135638284.2071822286 7825.7743007876
135446395.5347087681 7795.0015117861
135487757.7857079506 7795.3451019725
135832698.7979424000 7851.9341783263
135853511.4592060745 7865.4801721312
134885742.3991852701 7756.9447497241
142094982.0947329700 8929.9578982592
141573176.0702081025 8867.1059485674
142287698.5986733437 8950.5048990250
141305460.8347289860 8839.1993743181
141494014.4736836255 8859.9291869402
141340470.3233516216 8858.0363265276
137303726.8687769771 8115.6446692646
134631051.7324817181 7642.7733051628
134411025.4284300804 7569.9583856910
134465060.9415678978 7586.2117950767
134255461.1048492193 7555.4262529153
141091040.7939004302 8813.3102017641
145100885.4717573225 9297.1477079391
144947368.6888308823 9287.4243593216
145531864.8249871135 9367.1083736420
145335081.2145932615 9342.3439636230
145034280.2981405556 9295.6179895401
131932193.3022844195 6924.0379428081
132279317.0288238823 6978.9475404322
132159892.8092803061 6953.3476313651
132331881.6973494291 7078.4225060046
131921966.5249474943 6921.9809678271
131980956.7125817537 6933.4258388579
131714456.1753590703 6837.1632176936
132326968.5739355683 7002.5088631213
135359336.3765738308 7771.6196704209
135376850.7500187159 7772.4518330395
135720831.0977357030 7835.0762269795
134866817.3682849705 7659.8032138669
135385946.3137935102 7777.1292340197
135770982.5693638325 7838.8470996469
136141744.4896297753 7922.3486830294
135959562.2227413654 7904.1191865057
135944763.2687890828 7876.4416494220
134141642.2793832868 7531.4605242312
134428533.7030601203 7570.3458898365
134439594.7091602981 7570.3761360943
134396716.5690116286 7567.2797815651
134158282.9382714778 7535.8053390682
134106958.8246187419 7526.1450821406
134843266.1272181869 7653.4181543887
132049822.7704567760 6935.9811957609
131855686.0159660131 6891.5221516714
131784060.9640377909 6868.1747908723
132199076.2485161275 6973.9994915258
132183591.6035427600 6955.2840483915
133874791.2734991014 7435.4628500491
133686020.0484367460 7369.0695804060
133084785.9754716456 7193.6992033082
132580054.1960325837 7084.3093145303
132784493.1919298619 7130.2207026439
142486628.6199305058 8984.2531213760
142145263.8090659976 8939.8890123367
142418767.4281162024 8964.8525629044
136925067.0414324999 8039.4658331871
133725152.6985981315 7393.2433671653
133970464.0359121114 7451.4552960694
134044889.4413325340 7482.6462264732
133980406.1311217397 7473.2138290107
131463791.2097091675 6724.0477800034
131602590.4282181859 6756.0331674889
131298562.1529679894 6653.7394713163
131574445.5400914550 6736.3973158225
131107124.5569135547 6620.8483724073
131505639.0561204553 6730.4823455838
131585996.4886947274 6751.3054772094
131444333.2813596725 6705.1245752648
131175425.9310370088 6625.4788452461
143244776.9497348964 9084.4153366089
143606115.0410494804 9134.6760387421
138146362.8381297886 8298.2324087620
137830470.7038632929 8249.9754431248
137584856.8318026364 8183.2328622341
138440335.4209007025 8353.5764768124
137345633.1147561371 8166.6376993656
136771238.2459779382 8002.7279777527
141228506.4012539685 8830.6748534441
140862556.1237320304 8766.5147610903
140060510.0837621987 8696.6710442305
140619004.7503107190 8732.4658280611
131557080.1864371598 6732.2802606896
131702842.5601526648 6756.7621763879
135695834.2587311268 7826.4406219721
135418415.4787082076 7790.3349812329
135813846.6277800798 7849.0962959826
143135430.7399424613 9074.4779872894
133886772.2489837855 7435.4831584394
133948758.8968140036 7436.7074203193
135803890.1536005735 7840.2010511011
138597930.7498807609 8385.7906527519
138527723.1086632907 8376.3973021507
142341593.6457727849 8964.1915063858
134406995.8498168886 7568.8923250735
135316619.4673143625 7758.6072098315
135809420.6428429782 7848.0332858860
135968624.3337247372 7917.7774675637
136275101.9715547264 7932.5101033449
135816074.2254866660 7849.6245272458
136924952.8813113570 8013.0407550335
136794010.2518537939 8006.6419224739
136758088.6445386112 7992.8850893974
136995223.7889618874 8041.3177695274
141905771.5681107342 8910.7147045135
144159187.4477303624 9174.3864307404
143856193.4442328513 9146.9795169830
143885919.6959315240 9161.3974475861
143361353.4973880649 9111.0957946777
141556148.2393500507 8860.8175430298
135588012.7728939950 7815.8121440709
131712569.3388697058 6793.2355474532
140023515.7926444709 8673.5219041109
140889178.2268040478 8785.0316678286
140499738.4709073007 8727.2447205782
132129579.2977640033 6939.1913637656
138142937.6366104484 8295.2028366327
145320995.2100282013 9329.7278184891
144675812.4424700141 9260.2103395462
144535840.9025889337 9217.8193826675
144540516.7367676497 9227.5375795364
140471386.0143274367 8721.6521049738
142125415.4819051027 8934.2422838211
142246538.2318313718 8948.6527290344
140433117.1691376269 8705.0646058321
141221988.8689776063 8828.3219566345
144178144.7270796895 9204.5499897003
144169216.2943944037 9194.3990764618
146132393.9825619459 9374.1781024933
138096201.6074774861 8288.1578984261
138213075.4271853268 8325.4194321632
139007905.4715269506 8470.8341565132
138674266.2276895046 8410.0634980202
138214128.6533523202 8326.8904252052
144399074.4469843507 9207.8933639526
144158645.6403762400 9166.9054336548
144977824.1343901157 9290.4861011505
144418543.7598915696 9210.6178054810
139931992.4562109411 8637.8693429232
134786466.3206164837 7649.7104139626
134471512.1104851663 7607.3852925352
142703457.0932256579 9036.3644332886
143409277.2752122581 9113.4759712219
133186365.5899722576 7195.0598829346
139434435.4727818072 8554.2965189219
139527081.2789292634 8577.0506802797
133078064.1809374392 7183.6823402816
132990869.8697341979 7174.5976765901
132863335.4364891946 7144.1543156081
143740121.8045024574 9137.2144432068
139882289.3610171974 8622.2862178087
139823676.8241052926 8619.5730944872
139068112.1259840131 8522.0014544725
142416699.8055649102 8964.7589836121
139928691.2689403892 8624.2415400743
144029969.5070553124 9163.1267652512
138791464.4990811646 8418.4120011330
147343572.0054301322 9380.8626976013
138472618.3210191131 8356.9843311310
