52116555.1582112759 72326.2554161549
52261807.7665139586 76434.1265089512
53086263.5412200242 94079.7587509155
52068739.9679775238 70253.0971341133
53995733.1092582196 109271.2193603516
52362856.8564511612 77653.2689173706
54093526.4169871211 109376.3421630859
53857169.7618502229 106901.5075683594
53117243.5380043536 94538.3473825455
52906472.4810334146 90430.4762897491
53077724.3599172905 93974.6359481812
51985433.6750443354 68578.3468909264
51388351.5481712818 48235.2239618301
52930983.9728183970 91637.7262897491
53185784.0863890946 95942.8670349121
53303583.7331136763 98541.0956726074
54551348.5554356426 112074.2785644531
53102665.5217232257 94125.7860422134
52135857.9602484554 72448.0762929022
53970066.9179766625 107895.2777709961
52844869.7853311822 88921.9026613235
52617427.3909356296 84072.9817350786
52863499.3862477168 89927.7943954468
52731723.8891216367 86746.3968420029
52109369.1737479642 71309.0194430351
51392989.0498147905 48342.8230829239
52317009.4496586770 76993.8357291222
52915625.3290982619 90773.8595905304
53221222.1712902635 96195.4736948013
52658036.4134774432 85335.0455942154
53792543.1298677698 105948.4849853516
53129785.9924736023 94881.7306833267
51989197.3285319805 68655.7592139244
53180495.9357285351 95701.9718332291
53299913.2060223296 97838.3430023193
53402814.3328919932 99918.9363403320
51422824.7567197606 50652.8757029325
52513632.9720588401 81817.1750125885
51382235.6787024513 47607.4309215248
52624021.0250926688 84699.6091585159
52073520.9400828108 70333.6938138008
53277140.9383821636 97260.6305541992
53621787.3400691673 103959.8956298828
53148079.8972642571 95441.2964782715
52750968.6451839805 87330.6770954132
53565328.9984649792 102751.2754211426
53568315.5627323464 103387.9954833984
54464082.6609665304 111710.3437500000
53521182.4721613377 102646.1526184082
53006886.0101339296 92056.0659198761
53420062.1719741002 100917.1813964844
51687345.8964626193 59652.8482346879
52812275.3754322082 88779.7697715759
52749765.3313771859 87113.4688768387
51678352.2150878236 59626.3123665866
52582203.2296447828 83216.4384164810
51775550.4017713368 61186.8935433445
52677159.1911383942 85925.0461053848
52234564.8305852786 75027.2119798660
53052563.6906765476 93045.1603403091
53268601.7570794374 97155.5077514648
51551261.9772510976 55544.9771418916
51923487.3596748412 66145.2260413170
51512504.0299351886 52786.3249170333
53337244.5012837648 99704.5406799316
52974383.5216297135 91940.1187448502
53334842.2770520151 98643.4043283463
52058474.1169768870 69889.1623196602
53284002.5409072489 97361.7328491211
51983841.6668673903 68511.7753052711
52641372.7082249448 84880.1237382889
52788672.8343088254 87832.2476520538
52611712.6185430735 83874.7406992912
51518569.2978072539 54554.8257684708
51791839.4108928367 61760.0340462741
52157552.1235218495 73099.6340155602
53022950.9198938310 92806.5620136261
52318923.6048889086 77069.8684520721
53064062.7948451340 93253.8617563248
52089875.1544853225 71192.8624153137
52714523.0110447928 86178.8700180054
52897098.9372005090 90032.9171981812
51954888.3971832767 67448.9261369705
54236983.6202560887 111463.4553222656
51719503.9936351553 59768.2668953952
51944622.5461826473 67084.9913225174
52726009.1167290956 86724.6118898392
52631649.9527154267 84798.8064336777
52429401.0470084921 79558.9906943440
53426923.7744991854 101018.2836914062
52475672.1704441532 81035.9739198685
52002785.3581766263 68723.8961304873
51781573.5598922223 61396.0992318210
51729769.8446357846 60132.2017098484
51423166.4077461362 51370.0689686816
52137772.1154786721 72467.8324088305
51813338.9723898768 63370.2486449298
53057201.1923200563 93152.7594614029
53719307.5388609171 105321.9193725586
53029812.5224189162 92907.6643085480
51849349.7558328137 64470.4757981300
53150904.3061744496 95701.7923898697
52278396.3502215296 76568.1017140858
54455841.1734579876 111710.2463378906
53240583.5793898702 97015.5354013443
52520058.3954805434 81865.9735298157
51632056.4936122596 56688.5474481583
52648010.2844128534 85209.8527729437
52737508.2208976820 86933.3133058548
51505573.8158373237 52465.2508716434
52455889.8335089758 80576.4346745610
51648893.8891562372 57551.0606585559
52348572.2980575487 77362.4264306538
52384363.8333319128 77950.9212379456
51864787.2837348878 64596.2689217627
51888595.2063244656 65249.3703331947
52877159.0992184505 89971.8876581192
52394333.5032973662 78521.2481198311
52344710.9987965152 77353.7163107991
51668086.3640871942 59262.3775521335
52332595.6495384648 77212.0480979085
51441221.1239327788 51396.1302386341
52625935.1803228855 84777.0214815140
52184173.8029432893 73105.1847279072
54261893.6973123103 111568.5781250000
52256471.2803080603 75416.8905358315
52663266.4755843207 85666.8170595169
52557208.0369587690 82541.2700271122
52618777.5518484414 84423.5001728460
52732870.7192541808 86832.2110109329
51773068.7467429340 60746.9793786881
53233721.9768647850 96914.4331064224
51977081.9792739376 68291.8243994713
52479697.7560985684 81319.9191907048
52435144.9157767743 80534.2071818821
52495644.0987140387 81461.6848157048
51713996.6533297896 59656.3769293842
52199311.4739350006 73532.7887539864
51566711.0653252527 55549.3280440387
52498146.5809165239 81751.9645925164
52113185.3111915141 72255.4265103340
53659072.2638477236 103963.9161376953
51851263.9110630378 64547.8881211281
51542268.2958763093 55518.4412737903
52122334.5875766128 72399.6954922676
52541112.3988871574 81917.0267057419
52024679.1255359948 69357.2414259911
52843960.7711547837 88807.4802513123
51881708.3195603043 64938.9340940937
51620840.8409636542 56267.3378600180
53923702.7051728442 107006.6303710938
51652216.8651135713 58730.8183322847
53194323.2676918283 96047.9898376465
52197370.0719628781 73451.3473989964
51278389.9858837053 46529.1037755534
51337781.0860828161 46816.0930414200
52457726.6882436648 80577.1052781288
51975167.8240437135 68214.4120764732
52333003.0321008712 77267.0238138661
52476717.0856450573 81070.6825022697
51764452.7044747174 60732.5828204742
51593685.9254242629 56024.3306170520
52559534.7563354000 82791.4987158775
51379401.9769428149 47308.4325035917
51846007.3495887369 63688.0214788304
52414282.1480327174 78683.6276230812
51758429.5463538319 60523.3771319976
52014413.2745353654 68993.3066115379
52159665.8828380480 73101.1777043343
51822134.4991151690 63519.5173493547
53785840.4821835384 105427.0421752930
51372112.4987694174 47157.0946826786
51622345.6271423176 56415.5060392013
51846996.7270799354 63870.0075006485
51748163.6953532025 60159.4423175445
53365155.2601816580 99809.6634826660
53916841.1026477590 106905.5280761719
52587245.2110189423 83225.6557416916
51914922.5842956454 65389.7061244068
52717245.3827301934 86350.6754188538
51397705.6721222177 50631.3083066940
51845383.6612178534 63676.8871404515
52851805.0623672307 89053.2706489563
51808296.9910157174 63357.0867396411
53827463.3484499529 106053.6077880859
52139122.7753701806 72492.0562750325
53665933.8663728088 104065.0184326172
52855406.0754435733 89273.7495613098
52572388.3262298852 83161.6420064569
52054997.4874619916 69486.5169665203
52212435.6198080778 73774.1795660481
52224550.9690661207 74138.1143805012
51717307.5694274828 59656.3916467992
51377173.2589311898 47243.5614060028
52744781.8367426395 87050.0657463074
52458424.3313620314 80906.0824861526
51663726.4245904908 58731.4610289633
52192543.3268293962 73216.6284796223
52084498.9481989071 70399.8731008174
51794122.1481041163 62838.6894250810
52473758.0152139291 80959.9411969185
53612462.0890359879 103493.1182861328
52565359.8702933118 82989.8534421921
52569997.3719368279 83090.9557371140
52313912.7831809670 76805.7664927542
53464208.6982777491 101022.3041992188
51537908.3563795984 54987.5247506201
53471070.3008028343 101123.4064941406
51495391.5248834044 51873.7101507187
51520616.6863767207 54972.4421115816
51778330.1950110346 61229.1175231040
52418066.3315697685 79045.8560523987
51478213.5834928155 51412.7510378212
51512435.4183624014 52566.3531665653
