135329370.2702956200 2157780.8300781250
133156318.5517280549 2001123.7890625000
134600163.5628240407 2116218.6445312500
134578038.5697606504 2113808.2714843750
135715186.3476766944 2175411.3027343750
133955466.2915943116 2071956.5644531250
134150350.2730208486 2085842.0234375000
134887211.7678997219 2132539.3847656250
132629965.9541181773 1930436.3525390625
132927884.9917672724 1973373.5957031250
132654574.0474571437 1935000.2275390625
136053336.8457430303 2190017.4101562500
132785606.9009124488 1952964.1191406250
132009224.4909284115 1775126.7900390625
133282642.8963737786 2012719.6113281250
132429197.9242603183 1903354.1123046875
135597990.3224137127 2171562.5000000000
134636082.5782737136 2117513.5585937500
134130956.9109514058 2084724.7265625000
132862294.7613126338 1965645.6503906250
135491088.6992075443 2166483.7890625000
136918141.4114097655 2213909.5156250000
132065822.7178784460 1805615.6699218750
133200945.4056640565 2005126.5273437500
132483229.8848670721 1911451.1142578125
132708296.0289489776 1942769.2500000000
133507750.8075376004 2035986.1210937500
132476898.4909597933 1908158.9453125000
132702818.8476853669 1942055.4599609375
136223871.7247333229 2196818.5175781250
134291380.2410992086 2096035.9121093750
133031325.4224462658 1986345.3710937500
132933253.1527846009 1974415.3652343750
133152700.6054358035 1998071.2949218750
133325715.1922823042 2016414.4941406250
133084783.0760602653 1993753.4160156250
133584898.2607190758 2041869.3476562500
133013271.0823707134 1982317.3359375000
132762327.9895557314 1950866.2519531250
132451480.0507214665 1904042.3251953125
132522139.4369176775 1916442.0644531250
133779208.5713222921 2057501.9531250000
133210350.5123348087 2009220.7910156250
132409146.5273643285 1897641.4033203125
134790346.0897549987 2125609.5800781250
132531893.6844565123 1918506.3466796875
135728911.4818517864 2176700.3242187500
136834622.1476662457 2212731.1699218750
132329872.9145582020 1884922.0244140625
132648786.8870785981 1933958.4580078125
134161989.5298533589 2088558.7109375000
134020959.5617750287 2078364.8222656250
133741889.8064538538 2055323.4277343750
133166879.8794680387 2003071.8789062500
133863906.0517680645 2064142.1074218750
135668858.2312541008 2173325.2578125000
133331306.6959631741 2019774.8437500000
132218301.1542314887 1857579.8310546875
132275227.0035313964 1872336.6376953125
133123537.1856456250 1997978.7617187500
133094619.9066818357 1994087.8359375000
133757389.1389150470 2056003.2539062500
132302170.0758472234 1879208.3349609375
134591946.9249090552 2115104.6933593750
132728817.5928705782 1944528.7714843750
135420963.2765179276 2160362.3398437500
132057156.8860028833 1805362.2744140625
132630745.3232088983 1932598.7656250000
132325974.1177362949 1884352.1669921875
132477861.7238497585 1910409.3447265625
136836012.3859467208 2213343.1230468750
133025957.2614289224 1985303.6015625000
133966431.6424447745 2072191.1289062500
133254822.0586392581 2012534.5722656250
132590151.9647956043 1925544.5136718750
135459063.1500673592 2162918.6542968750
132628627.1647060513 1929608.0302734375
133117938.0466706604 1997290.7851562500
133206158.2590498179 2005479.3398437500
132475130.4503371865 1907459.0751953125
136825537.4077500701 2211438.2324218750
133037403.9424193799 1986971.8750000000
135771101.7323783040 2178179.4316406250
132464186.5620090663 1904313.3564453125
136789123.2133102715 2210748.5742187500
132644888.0902567208 1933388.6005859375
132436849.3660753220 1903355.0927734375
132367282.2232490480 1890432.7158203125
132685196.2831768245 1940695.7675781250
132421733.1832169741 1898529.7177734375
132263975.8551573604 1867579.8876953125
136623336.1246445775 2208320.1152343750
133073803.7962603867 1993400.6035156250
132960657.0747352540 1976990.5351562500
132355114.5667575747 1889544.4013671875
132067915.5830013454 1811325.8564453125
133015985.3770722151 1983300.9082031250
132799294.7654722631 1956147.8789062500
135589383.6986837089 2169141.8281250000
132357523.4960228652 1889744.7392578125
136472151.8625987172 2204159.1308593750
132544074.2111748606 1920836.7236328125
132908618.6441824287 1970778.8515625000
135534241.0575239062 2166987.5898437500
135048521.3504914641 2141382.4960937500
132604203.9225300848 1927138.0371093750
133919579.6405634433 2070267.8203125000
132496596.0429525971 1912723.9951171875
132382817.4054685384 1895258.0908203125
133589137.2545915544 2044082.1425781250
132554945.7997424453 1921390.8544921875
135724773.6159556508 2176093.3867187500
132195872.5212600529 1853802.0048828125
134189240.8959961385 2089084.6640625000
132954193.7160673589 1976174.8867187500
134126104.4373297840 2082626.8593750000
132896354.6984340400 1970152.3476562500
132776744.6182410121 1952926.6308593750
132018544.5474399626 1786625.2568359375
132321992.7593467236 1879931.4267578125
137043254.6426983178 2217207.1875000000
133882418.6951976866 2067810.7695312500
132133956.8202487826 1840880.6083984375
134197908.5453030169 2089853.6250000000
133781038.7739861310 2059713.7675781250
133964022.8512361199 2072190.1484375000
132852266.3574167043 1961246.0507812500
132212753.5719957054 1854529.6552734375
132721542.3405648768 1942770.2304687500
133701354.9616707712 2052258.8925781250
136162381.4789856970 2191432.8027343750
135478759.9959612489 2163970.2792968750
132864513.6843165606 1966319.3437500000
135312054.5731384754 2156886.5625000000
134242351.7559756935 2091775.9531250000
134068395.7162948549 2080744.2187500000
134340517.9556422234 2101252.3593750000
132028919.5817153156 1795103.4951171875
134361832.7946500778 2101940.3359375000
132605726.9983864576 1927707.8945312500
135463675.1030739248 2163606.6308593750
132462755.6546348035 1904158.7812500000
132104435.6243850887 1827713.3466796875
132962585.9539782256 1978249.3496093750
135608534.1754516661 2171702.6523437500
135885863.3009969294 2183957.9179687500
135775239.5982744396 2178786.3691406250
138932556.8582698703 2224896.9492187500
132810062.7243486196 1958222.3417968750
134821753.4978599548 2128755.5878906250
137507006.6594063342 2221497.3632812500
135408531.0017097294 2160137.8027343750
132010670.0022072792 1784690.2060546875
132662553.6793199182 1935804.8964843750
137174745.2844591141 2219021.2246093750
133663697.6916370392 2049367.7460937500
135868796.3198077083 2182723.4589843750
134001422.3429158479 2075018.7011718750
132853745.7254401892 1964244.8808593750
135196998.8999696970 2150876.5859375000
132075166.3362620473 1816061.9814453125
133327870.6063353419 2016776.0136718750
132186061.0069017708 1850024.9658203125
132732888.6699848026 1945268.3144531250
136048097.7061195970 2189465.8378906250
133876834.5350122303 2067123.5371093750
138606303.9064020216 2224412.9433593750
135307807.5826966166 2154450.6464843750
132115707.2407407314 1830467.3193359375
133427292.3035350144 2028506.5429687500
136168674.5060721338 2194317.9335937500
135488239.3626594543 2165141.1035156250
132164964.5472280830 1847482.1240234375
132235318.3133891076 1866915.6904296875
133632812.8299830258 2047287.2656250000
132325891.5561686158 1880501.2841796875
138794155.8273059130 2224852.5859375000
133707534.2758071721 2052629.6660156250
132289769.2733570337 1875012.6923828125
133773590.9518396258 2056109.5195312500
135491028.7418402135 2165692.6757812500
133236931.9810760915 2010268.9316406250
132787339.6299526989 1953365.3164062500
135420986.1225406528 2161314.5859375000
135284353.4703184962 2154005.3144531250
132232817.6941648871 1859439.4228515625
138269468.0908909142 2223656.1953125000
137177141.9647984505 2219088.6562500000
136609889.1631829739 2206224.7753906250
132092187.7962900698 1823130.7763671875
134278863.3031795919 2093659.1582031250
133656269.4420871288 2047878.7421875000
136686736.1075733602 2210591.7050781250
135545975.3819473386 2167000.2343750000
136042013.4217278361 2188170.9238281250
136274436.5665068030 2197425.4550781250
133724727.7579030693 2054187.1914062500
132850150.8127759993 1960457.3535156250
132045351.8979444355 1795412.1650390625
132055257.2601293921 1802359.7080078125
133502843.1594303995 2034033.6054687500
135308005.8850185871 2155186.2812500000
132616447.9214608520 1928338.1738281250
137728848.5959841907 2222908.0664062500
138175836.4065348506 2223617.5156250000
133306274.2483277023 2015940.8593750000
132110957.5324739814 1828719.3642578125
133935169.4175706655 2071019.3750000000
138721940.1346006989 2224813.9062500000
133537246.2217723578 2038555.5664062500
135350341.3636445403 2158905.1757812500
132088266.4488044381 1820194.3759765625
133718309.9552993178 2054102.3574218750
137727856.8381035328 2221751.7910156250
135217595.8132371604 2152171.5000000000
133826107.6791145951 2062284.1933593750
133837322.6047117561 2062890.5664062500
133560525.1331291199 2040653.4335937500
134840099.3765953779 2129878.2089843750
135158090.6043099165 2148337.5156250000
133462911.8835033625 2030459.5449218750
138085485.2300222516 2223419.1289062500
132757008.7106006444 1950235.7636718750
135311527.5210368633 2155874.2578125000
135215331.3343853354 2152104.0683593750
133389489.8893981427 2023396.4433593750
132673405.0318985283 1937893.5097656250
136047115.7691621780 2189410.4726562500
134712156.0655270815 2122085.0449218750
137531095.7259153128 2221700.7695312500
133399413.7439563423 2025683.9570312500
137992128.3740714490 2222952.4296875000
136376244.0540445447 2198816.7304687500
133113933.8432176709 1995117.6777343750
138754293.5521994233 2224846.7324218750
133518478.0265247971 2036186.5019531250
137348027.6427111030 2220431.9277343750
135177617.5703274608 2149086.7578125000
136689511.1539711654 2210681.1425781250
137526585.6812320650 2221639.2246093750
136346943.8098189831 2198275.4257812500
133545886.9108289778 2039011.1406250000
138158089.1066794395 2223554.6796875000
133448207.3675917536 2029898.5976562500
133421695.4072092623 2027942.9062500000
136380479.0961449742 2199423.6679687500
135694526.8048334122 2174343.4414062500
133497812.5329991579 2033038.5058593750
135862909.8937379718 2180493.1757812500
133679511.5269284248 2050912.9433593750
136950530.6536662877 2214754.1191406250
135073068.9208503664 2144008.0468750000
134949524.6874804199 2136600.0019531250
134913897.9904683530 2134287.5566406250
136321659.4316831827 2197873.2382812500
136960527.9103832841 2215252.4472656250
135094383.7598581910 2144696.0234375000
135062044.0377347469 2143250.6582031250
134902873.1073527336 2133530.1679687500
134978485.5004125237 2138279.3632812500
134757933.6696525514 2125166.0917968750
135037474.2073320746 2141152.7910156250
137058120.2794252038 2217222.8046875000
135941630.3611212671 2184518.6894531250
134718806.9373466969 2122678.9472656250
134810561.4744611084 2128709.3242187500
136660593.9075036347 2208955.4003906250
134712135.4352249503 2121537.1113281250
133990157.8637189567 2073202.0195312500
134081356.6653030068 2081298.0410156250
134908107.4777626991 2134137.1054687500
135645379.8721765876 2171865.3066406250
135988191.1442790926 2186074.4589843750
134510531.2483056784 2110268.9628906250
134599930.5524001122 2115487.0312500000
134586948.2796894014 2114733.7148437500
133370952.7664898485 2020916.3789062500
136362333.5741585791 2198399.7929687500
134666141.0733653903 2119925.6640625000
136128319.9647823572 2191416.8593750000
136533823.9916663170 2206207.3593750000
134393003.4389728308 2102653.2578125000
134467724.8847969770 2107995.6582031250
134736278.6999190450 2122679.2851562500
136343255.5328374803 2198217.9667968750
134499928.0499635339 2109220.8222656250
136108610.4139557183 2191072.1308593750
133775865.5858452320 2056148.9433593750
135976140.4161292613 2184805.9218750000
134567788.4362676144 2113205.2578125000
134576965.8304446638 2113334.4589843750
134047423.1866044551 2078544.7578125000
134289264.6612387896 2094834.8359375000
134644826.2343575060 2119237.6875000000
134446410.0457891226 2107307.6816406250
134316939.7275494635 2097600.3671875000
134258531.4707661569 2093071.7753906250
136456314.0409857929 2201834.0410156250
138561853.7412924469 2223939.2226562500
138649897.0097829998 2224695.8417968750
