134229146.9382690191 2085691.5117187500
134214783.9490582794 2084749.7714843750
134211957.3090182543 2084358.9355468750
134169227.1440467983 2083064.7812500000
134336049.5407215655 2095291.4589843750
134250729.2318641841 2089299.3222656250
134462284.3750501871 2103387.4804687500
134387012.6126868725 2099338.4511718750
134285777.1970629990 2092448.4980468750
134235171.3168973923 2088490.3515625000
134363030.0819708407 2096586.3730468750
134418906.7720070183 2101687.3359375000
134306470.7238690853 2094279.2910156250
135073714.1528227329 2141077.4843750000
131844814.4840916544 1769745.4667968750
136360150.2210478187 2195570.2734375000
132106138.6189002395 1833731.9667968750
132117298.6918730140 1835923.9697265625
132043486.2906391621 1821977.8769531250
132087639.9498248696 1832753.3925781250
132077354.1222607344 1831914.3398437500
132130352.9281914681 1845192.7578125000
136918890.6267192364 2210590.5507812500
132629053.8239632547 1923353.5214843750
132781984.4313976318 1941854.5742187500
132587971.3802626133 1918359.8730468750
132533815.7370388657 1908469.6367187500
132521292.8384396434 1907449.3798828125
132430207.0427614301 1894264.7919921875
132575535.5075238794 1918094.4042968750
132438299.2268911600 1897241.9482421875
132486548.3245551288 1906130.7900390625
132190161.4696458578 1855524.9882812500
131800349.9527349472 1755285.6796875000
131783448.4082725048 1754151.7324218750
131741871.5097731650 1738472.1083984375
131678860.6561994702 1715288.5498046875
131649665.8426457494 1700443.7802734375
131642144.1205677241 1699769.8779296875
131693116.3777250946 1722722.4990234375
131682725.5586574972 1722203.7314453125
132937864.7191412896 1959836.4335937500
132928175.6614477038 1959399.9199218750
132948443.4515909702 1960524.4101562500
132794910.5277269483 1946622.7851562500
132800724.1172745973 1951449.8613281250
132901583.9471859187 1957764.0156250000
133783504.6841308475 2052654.4238281250
133687699.1488951594 2043868.1308593750
133838790.3564979732 2056973.8671875000
132888512.8829750717 1953759.7050781250
133468370.7743760198 2024546.6035156250
133361997.5488124937 2016450.5820312500
133375058.6854196340 2019303.9472656250
133345436.6702098995 2015311.9492187500
133440510.2657147497 2022115.3457031250
134811014.7063005567 2125037.6855468750
135200724.8326430321 2148119.1796875000
135238385.1636131406 2150427.7246093750
135344137.2535048425 2156216.1816406250
135226461.4121573865 2149949.9726562500
135082926.9768552780 2141402.3164062500
135252288.5280457735 2150794.2324218750
135111796.0517916381 2142697.2304687500
131625945.0320411772 1687190.7070312500
131637447.7261896729 1688446.2773437500
131641324.5534503311 1694007.0390625000
131612214.9927624911 1684059.6308593750
131667742.3606607318 1706736.6875000000
131678064.9321227372 1710114.9570312500
134127321.1529290676 2078895.5507812500
136747678.3052606881 2209179.8964843750
131910941.2886378467 1785438.5546875000
132784160.2750900239 1942035.1894531250
132870349.1086191535 1951995.9570312500
132744003.5222910792 1940638.4218750000
132548066.0766973943 1911808.1923828125
132594486.5630654544 1919216.2373046875
133427526.6298215389 2022100.0429687500
134152455.5121098310 2079162.6445312500
134100227.5511948764 2077751.9902343750
134079246.2634330392 2076500.7500000000
134200027.7500655949 2083910.5195312500
131939312.5745884776 1802058.3417968750
132096957.3811528236 1833467.5742187500
135666636.7240946293 2169996.6699218750
131928333.2488130331 1788803.2236328125
131880387.2679292411 1781438.7441406250
131847713.6490227729 1773243.2480468750
131894672.7466070801 1781490.7929687500
132301962.0360587537 1877066.5019531250
131743574.3400285840 1741556.2597656250
131749542.5592232049 1742005.8515625000
133626027.1853547543 2040484.6132812500
134845877.3294423223 2125807.2402343750
133268285.1402570456 2007810.1640625000
133238281.5848378688 2003505.3925781250
132954115.2485444397 1963554.2705078125
132951182.8383107483 1961687.7558593750
139267273.7444756627 2224837.0585937500
133895871.4178244025 2061560.4023437500
137017590.5198672414 2215407.6113281250
137146555.6189633310 2216784.5859375000
137004825.1709055603 2213678.3847656250
135442586.8844068646 2161421.6523437500
135280541.5612077713 2154013.6074218750
135159439.1741307080 2146714.4941406250
135268590.7877106071 2152332.1914062500
135272439.0976786911 2152366.6953125000
132954767.7222236842 1966011.1171875000
132956398.6441249698 1971718.5664062500
132903351.4093671590 1958495.6738281250
132924728.3626771122 1959284.2587890625
133043667.4750436693 1982595.0097656250
135378827.7138985693 2159170.0917968750
137656601.4206551611 2222298.1308593750
137655904.3201912344 2221789.1640625000
134900796.6199086308 2131450.5468750000
134889879.3631205559 2130843.6093750000
134686869.3251889348 2117629.6406250000
134614851.3762229681 2113703.6953125000
134584656.5868450403 2110305.9355468750
133423050.4838953018 2020794.9296875000
133293763.6104407907 2008992.8535156250
133178297.7793023288 1999285.5390625000
133306501.3413258344 2010856.8378906250
133225335.2114453465 2002490.2832031250
133135130.6862586588 1993960.1464843750
133273010.4046389759 2008074.0390625000
133135024.8226831704 1990314.5253906250
133115266.3861071169 1989536.0722656250
133012260.2329002172 1975248.7929687500
133110327.7841431201 1989399.0351562500
133104301.5522509813 1988412.2109375000
132968100.2539242953 1974498.0078125000
133040221.2655209154 1981906.0527343750
132692957.2730011046 1930966.6386718750
135836028.1379788220 2177144.7519531250
135563067.1160997748 2167638.0761718750
135725124.4394255579 2175734.0976562500
132127425.3350330442 1842024.8769531250
132112776.8073332608 1834104.2890625000
132153496.8208902925 1846145.0761718750
136546603.3184945285 2202419.0078125000
136145518.0918575823 2188162.2285156250
136710047.5867205262 2207981.3710937500
136544931.4989519715 2201717.8691406250
136456558.3168918788 2199885.3496093750
136271756.4913556874 2191397.8515625000
136272417.2058774829 2193675.8300781250
136180811.0622086227 2191302.7500000000
136065852.6678318977 2186669.8925781250
136157567.9758687317 2188441.1367187500
135792610.2001494169 2176435.2363281250
135686489.6948434711 2170646.7792968750
135607775.7438455820 2169574.2382812500
135981443.8679351509 2183142.1425781250
135895000.8038028777 2179960.8183593750
135789493.1954015791 2176341.0351562500
133855563.8603440970 2058668.7382812500
132373668.5769910365 1886288.7597656250
132325864.0690212101 1877177.9746093750
141562980.1852151453 2224852.5859375000
142064600.8669479191 2224896.9492187500
134474666.2699540257 2106295.6503906250
134512091.4391120672 2107590.5644531250
137887216.1089211106 2222484.5703125000
137937649.4081042409 2223440.8105468750
134868783.1823262274 2129535.8417968750
134856277.5737581849 2127313.7812500000
134937139.5711813867 2132491.3710937500
134979224.0812442005 2137561.7773437500
135028108.6228042245 2139925.3847656250
138117926.1488292217 2223905.7636718750
138196939.9851582944 2223964.2968750000
138436801.2982801199 2224709.6523437500
137926033.4403506815 2222638.1015625000
138993999.0326450765 2224789.8808593750
138687276.7422069311 2224766.7285156250
138417582.6811243594 2224514.7890625000
137742133.8429869711 2222300.9453125000
137630731.2545370162 2221393.3125000000
134604284.8480058610 2112431.8339843750
134554395.5329327881 2108128.1699218750
134586291.1057221591 2111466.2363281250
135637302.0792944431 2169634.1289062500
135600736.1105045676 2168932.9902343750
135126762.9284028411 2145828.6132812500
134929315.4541827440 2132477.4863281250
134885645.9575769007 2130523.4316406250
134768315.0745498240 2122208.3886718750
134945852.0733380914 2134846.4042968750
133501775.3071125597 2028471.8691406250
133486832.3336839527 2027220.6289062500
132619245.5491273552 1922910.7187500000
132593174.9674890041 1918875.9453125000
137430231.3852393925 2219331.0156250000
136506858.6527352929 2200305.0371093750
136180686.6766126752 2189898.9687500000
136373648.4674373567 2197307.0136718750
136631000.8215455413 2204715.0585937500
136410487.5828654170 2198040.8007812500
135522912.0131379664 2164654.2695312500
135519291.5650435686 2164478.6875000000
135345118.9482913315 2156980.1679687500
135476373.0975638926 2163710.8671875000
135876507.4201800525 2178130.5546875000
134046264.3469852507 2071707.7167968750
132330527.6192706972 1880405.2187500000
132268381.1063500345 1869446.7685546875
132456962.1197152734 1898744.7802734375
132390834.1477704197 1888444.5166015625
136899287.2269488275 2210087.1523437500
132161331.3874697983 1849291.0859375000
135473652.9193392098 2162196.8183593750
133921614.0881865621 2062999.6015625000
135688700.1750066578 2171886.7324218750
132190940.5531598777 1856586.2402343750
131921580.6519763321 1788612.8496093750
141488969.5966639519 2224849.7714843750
141914961.9800673723 2224881.3261718750
132181271.1618391722 1852650.6269531250
134572968.9256805778 2109782.9003906250
131753979.6625331789 1743697.8300781250
133988708.4541274011 2068743.9277343750
134007438.7309288383 2069734.0175781250
137250745.4931854308 2219066.2480468750
137451050.2539317608 2220947.7167968750
137194435.9930554628 2218882.8867187500
137441093.7182940543 2219865.5566406250
131910620.5257877558 1783797.8134765625
131781947.8825867623 1750025.8613281250
133980444.5235694349 2067531.9746093750
133875649.9281729460 2059838.8730468750
134023082.8999842107 2070421.2500000000
132295805.9071358144 1872840.6855468750
133600824.9549456388 2035865.3105468750
137845172.7687777281 2222358.0214843750
133936231.9810496718 2065385.5117187500
136701587.1757693589 2207628.4316406250
136819722.0582394898 2209881.0351562500
136909749.5398567617 2210487.9726562500
132335599.0882570297 1883927.6962890625
135811528.9177627563 2177067.5312500000
135764734.3976682723 2176333.7441406250
133824488.1361773610 2054854.1386718750
132458540.7617496252 1900767.2841796875
132613076.3301437199 1921984.8232421875
132571372.0297769308 1915547.0068359375
135428035.7618404627 2159498.8281250000
131962668.4540590048 1804991.5205078125
131999999.8740494102 1814862.2607421875
131984418.9205313623 1806579.6650390625
133507976.5177221447 2032037.3789062500
133576898.4149170667 2035794.9394531250
136697260.1035090387 2205831.6132812500
132287492.8382183313 1870099.1728515625
132205609.9113080353 1857400.1054687500
135109110.1137566268 2142572.2890625000
131727406.2090439498 1734522.9082031250
133600955.0280689150 2037629.3203125000
131698424.5058874339 1728886.4023437500
131835466.7391189486 1768025.5185546875
134386476.3599104285 2097410.9472656250
133853784.6341692805 2056974.8476562500
133733882.7437528521 2048876.8652343750
131723426.7314534634 1734043.2636718750
131733201.6230663061 1736468.0488281250
132043425.4615307599 1816895.7060546875
131823008.8321957886 1761003.5644531250
131818710.1560743451 1760966.4687500000
131763486.7213316858 1748467.0488281250
131811819.9410207719 1759131.0126953125
131830215.5574048609 1762960.9853515625
134069323.1962490976 2073439.8398437500
133900729.9889606386 2061858.5878906250
133643229.9179544896 2041104.5976562500
133552049.7488832921 2033997.6855468750
133642488.4052042812 2040780.8437500000
132328122.9362525344 1877876.3222656250
132261498.2714570165 1866870.8886718750
132230951.3633344173 1865783.2812500000
132226318.5760259181 1864808.1503906250
135358096.9228281379 2157675.2910156250
134870515.8300340176 2129702.5957031250
136924332.0614947677 2213239.6582031250
136601291.0582728684 2203079.9277343750
131999174.5123341680 1812472.2548828125
131985755.7855691612 1811178.6494140625
131935237.0807708502 1791637.9628906250
131879703.6580805480 1776565.2285156250
131967005.3309785277 1805204.3515625000
131997000.9214269668 1811889.9316406250
132617012.4447313398 1921987.2832031250
132185961.0370460302 1852717.6464843750
132172810.2024640292 1850035.9785156250
132402059.0493159443 1890283.1142578125
132408616.4837133735 1893429.1240234375
132729181.3052666485 1934318.7792968750
132721489.3891667724 1933784.8925781250
