133866359.4530775845 2062992.8808593750
135251739.5758904815 2147658.2812500000
135451460.3276781142 2162044.5996093750
132572760.0679354072 1906779.1679687500
136031309.2943790555 2186249.9199218750
134760788.4000882208 2123628.4218750000
134939274.5922946036 2131726.7324218750
136027700.4484067559 2185687.8144531250
135252902.2471059561 2148821.9687500000
132316842.2966346741 1848865.5058593750
132733670.6398241818 1936688.3007812500
133535126.1211673319 2035092.4335937500
134166943.0851342380 2085952.8027343750
133843725.9897581190 2062052.1718750000
136550850.0341518819 2206207.3593750000
135347638.9045158029 2155066.3261718750
134467724.8847970068 2107995.6582031250
134047423.1866044551 2078544.7578125000
136237757.8544069529 2194601.4570312500
132768511.5142103434 1937894.6171875000
135185406.1620045006 2146623.8613281250
132399727.9342575520 1873932.5332031250
135698869.8697484434 2172402.9121093750
132691362.4443788677 1927469.0996093750
134582817.9322091341 2112993.3300781250
134357125.0651516914 2100738.0644531250
134289264.6612387896 2094834.8359375000
132483757.6100695729 1891419.7011718750
133349213.0859936774 2017245.5351562500
134397174.9329766631 2101595.7500000000
136439992.1018273234 2198799.3144531250
135108185.0667319596 2142018.5722656250
133656002.8996591568 2045192.7714843750
133251120.3986791670 2005158.8242187500
135822184.3193001151 2177697.3320312500
132969124.4951408803 1973340.6132812500
133251140.8163319826 2005315.5292968750
132473393.2241077274 1891307.5253906250
133779419.1684364825 2055379.7734375000
136236780.8007706702 2193456.9140625000
132995757.0286406875 1974860.5859375000
135851550.2524553239 2178841.8750000000
133662662.2562311739 2046500.2949218750
133468120.3559662402 2025563.0292968750
134549888.9593507051 2108768.6777343750
132424620.2272662967 1882516.0859375000
133127817.8308739662 1993228.8183593750
133979562.7826916277 2072641.5292968750
133762222.1547680795 2054896.8593750000
132618249.6728283316 1916177.6640625000
135878628.9116722047 2179810.9570312500
135512943.6975828707 2164457.2617187500
134134564.0448555797 2082748.1250000000
135451318.4356743097 2160751.9746093750
133727694.8762135953 2052327.8261718750
132577309.3630795777 1911738.0273437500
133465962.0036321580 2025337.9707031250
132611473.6721203029 1914504.0468750000
134853721.1603572667 2128351.6660156250
134644826.2343575060 2119237.6875000000
133163747.0172865391 1995043.3183593750
132879236.1867475808 1960982.7675781250
133476761.0450228304 2026018.6035156250
133836666.8274599612 2061800.1621093750
133197839.1533397883 1999332.8769531250
133942201.8316510171 2066730.8046875000
132354506.6282014549 1870611.4121093750
133674413.6308742464 2046501.8789062500
135050364.6528400183 2138527.8398437500
133083811.8389923871 1986200.2597656250
133751423.1133773923 2054216.6484375000
136080986.0178220868 2187193.4121093750
134446410.0457891226 2107307.6816406250
132941158.1211435646 1967264.2890625000
132802939.6995564997 1948853.0351562500
133401655.1823105216 2018665.5722656250
133479764.1759384573 2028734.8984375000
133863718.3609766066 2062375.6484375000
132724891.4781092107 1931076.8847656250
134703764.2276296318 2119925.6640625000
133716189.8546942770 2050644.3105468750
132627282.1576488018 1920962.5195312500
133979379.5571416914 2072606.2246093750
133943285.8882949799 2070448.7363281250
134425791.7006521821 2103316.9921875000
133088967.8422874510 1986722.2382812500
134591127.2261631489 2114111.0781250000
133976873.2347841859 2072144.8496093750
132669229.7344091982 1922190.9882812500
132332881.2786372602 1860849.1953125000
133928573.1954679340 2064510.2031250000
133091126.1946215034 1986947.2968750000
132877077.8344134986 1960757.7089843750
137179539.1350052357 2217222.8046875000
132836402.4446677864 1949296.3007812500
132402097.9816785455 1876571.0195312500
134011448.7814215869 2073202.3574218750
133504811.9922186583 2031844.5507812500
134375860.0939688385 2100907.7734375000
133189218.8819359839 1999034.0078125000
136116027.8793718815 2187798.0605468750
133612754.9603280574 2038836.1035156250
135149406.7892020643 2143375.3808593750
132834244.0923337042 1949071.2421875000
133187060.5296019316 1998808.9492187500
133304910.8114821017 2010964.0136718750
136405758.0689768195 2198444.5000000000
133855560.4116869122 2062312.6699218750
132540419.0479733050 1905614.9921875000
133574853.7323373407 2038105.3144531250
134638454.0281629562 2115148.3613281250
133564054.6909466386 2037424.6816406250
134576209.1674468517 2112307.7851562500
132867038.2960512638 1952707.0332031250
135596177.5080521107 2168847.9960937500
134612442.0651710033 2114799.0546875000
133875607.4275571406 2064048.8281250000
133402312.3576849103 2019135.5195312500
134249261.2668116093 2091200.4589843750
135757160.4039609432 2175286.9589843750
132800822.7038972676 1945566.4335937500
135379088.2948800921 2157376.9082031250
133333251.2274420410 2012154.5585937500
135928305.6351152062 2180754.4492187500
135620455.4162887931 2171258.3691406250
133680523.0422853529 2048133.6914062500
135946593.0917547345 2182926.8847656250
134835681.2395076156 2127333.7089843750
134316939.7275494635 2097600.3671875000
134851531.8369672000 2128172.1367187500
133071700.3565591276 1982460.4140625000
132796408.4315409064 1941889.3613281250
132510115.4193845987 1898725.2871093750
133980321.8815825284 2072761.1816406250
132300447.3133721203 1847922.7207031250
132786044.0455790907 1938350.2949218750
135157521.7284986973 2143377.6699218750
136874899.8169291914 2210352.3652343750
132703367.0112354755 1929798.5957031250
133929231.0478558242 2065101.9140625000
135574280.2298602164 2165599.5156250000
136183104.0864259601 2191036.4550781250
135353180.5090964735 2155071.2558593750
135124667.6742339134 2143224.9160156250
132907723.7603003681 1961692.6875000000
134355252.0175720453 2099443.1503906250
134258531.4707661569 2093071.7753906250
135816413.8967375457 2176825.0136718750
132966074.8738590181 1970639.9375000000
132924941.3990371525 1962459.7187500000
134157880.0067147017 2084808.3398437500
133302752.4591480196 2010738.9550781250
135253403.8478809595 2150028.3125000000
137106693.8599783778 2215252.4472656250
134063079.3792384118 2078695.2089843750
134235825.1234262586 2090192.3222656250
133402506.1552983820 2020436.6894531250
134042633.6585491151 2077400.2949218750
135540142.1494834423 2165472.9296875000
133741942.1242616475 2052579.8359375000
133317260.8604753464 2011672.9375000000
133628134.9776766896 2043931.2617187500
132332650.7821631581 1855323.9785156250
135399357.7273696661 2158669.5332031250
132854330.0226376057 1950321.9804687500
134226871.5348189473 2089504.3457031250
133601861.2262417376 2038466.7773437500
133566213.0432807505 2037649.7402343750
133604019.5785757899 2038691.8359375000
133340604.6385552287 2014311.8730468750
134248632.9567369819 2090794.5761718750
132922783.0467030704 1962234.6601562500
134551455.4473785162 2111829.6425781250
133061001.4682901204 1980645.9140625000
133045887.4688817859 1978311.5156250000
135254498.6549918652 2150573.5117187500
132795262.9068138301 1939584.1718750000
132275822.1818440408 1842491.0585937500
132683148.6626770943 1925326.5332031250
136456314.0409857929 2201834.0410156250
137086850.1337477863 2215188.5253906250
135209466.4355306327 2147264.7792968750
132417128.7345339507 1877728.3671875000
132703512.8656010032 1930463.4375000000
134831086.1162779033 2126877.2226562500
132705671.2179350853 1930688.4960937500
132394435.4441386312 1870745.7714843750
135504360.1024607122 2164000.7753906250
133242511.9512407482 2002225.1621093750
136802914.6164358854 2207844.4023437500
132459898.6769373119 1885264.5449218750
134901340.2359517813 2130780.1640625000
133189198.4642831981 1998877.3027343750
133340584.2209023833 2014155.1679687500
135331782.4813218713 2154070.9414062500
135765609.7202235460 2176295.0761718750
133767682.6131952405 2055328.2480468750
132660589.0453525782 1921735.4140625000
134403767.8218751252 2102958.7753906250
133935921.2549988776 2065178.9160156250
133497604.3235574365 2030457.7558593750
134975651.9739851058 2135967.3222656250
133806915.1059820205 2059279.3847656250
133067503.7499478161 1982009.2285156250
135357554.4962737560 2156592.7304687500
135120369.1543591022 2142770.7187500000
132337008.3946409076 1863001.1699218750
132859597.1979721189 1950875.8710937500
136431842.8894352615 2198454.5859375000
134760708.9144213498 2122987.5683593750
132861755.5503062010 1951100.9296875000
132320893.0340613872 1850622.8164062500
134418750.2771813869 2102961.5410156250
135961131.0771115124 2183628.4101562500
134944284.0595076084 2134970.4785156250
132655001.2971395552 1921510.3554687500
133240353.5989066958 2002000.1035156250
136945223.1114273071 2211517.4765625000
134700082.1458943486 2119469.1777343750
136231076.7527283132 2192618.8613281250
134816103.6609716713 2126874.4570312500
135037653.3102137148 2137734.0117187500
133338425.8685683310 2013930.1093750000
134122404.9560873061 2081322.2402343750
135478019.6919228435 2162083.6347656250
135015445.2470645010 2137199.0097656250
134522816.9068474174 2108533.2500000000
132839412.1684062183 1949382.4472656250
135098404.7394763231 2141695.8359375000
134800351.8946549594 2126342.2207031250
135160722.9342930913 2144991.6054687500
138148401.1707096994 2222908.0664062500
136214147.0038223565 2192054.6582031250
133410018.8890188932 2020985.4960937500
135078462.4651471078 2139856.7343750000
135309140.2948901951 2151014.4902343750
132446905.7149922103 1884716.4238281250
133434529.6415291578 2023570.3183593750
134891712.8848049045 2130395.6132812500
135317274.8577947915 2151706.8164062500
136971127.9599314332 2212322.7226562500
133213907.5948848128 2001263.8945312500
137413122.7827923000 2219211.8398437500
137241865.6644671261 2219018.4589843750
133277987.8816148639 2007770.4746093750
135992173.9945079088 2184646.6132812500
135618804.1140366197 2168887.0312500000
135870188.7830499709 2179609.9062500000
137258170.0309514403 2219021.2246093750
133115835.3252231479 1989333.8886718750
134209874.4317081571 2087392.4492187500
132931771.3890221715 1962696.5097656250
137770914.4626043439 2221639.2246093750
137475993.1622002721 2220431.9277343750
136988611.4348632395 2213184.0371093750
132442778.5989885330 1882564.4492187500
134872171.7840150595 2129760.5410156250
138291476.8148884177 2222952.4296875000
133429373.6382340938 2023048.3398437500
133033630.4063948393 1978111.1113281250
137648225.7627500892 2220815.8691406250
137650545.8660985231 2221575.3027343750
133391249.0105678737 2017907.4199218750
136990654.4354336858 2213186.8027343750
135977766.8636612296 2183912.8261718750
133614177.2420244068 2040282.9453125000
133434612.7778575867 2023599.9121093750
133644159.4058945626 2044760.9628906250
133623768.0572075993 2040949.5585937500
139200178.4832492173 2224896.9492187500
137648003.8737058342 2220442.2617187500
135737472.2971068919 2173609.6542968750
137458218.8711157739 2219622.3886718750
134033580.3800697178 2074209.0976562500
136748715.0795938373 2207678.1777343750
133455584.8318919390 2025002.5878906250
137944348.4335837662 2221700.7695312500
136391529.7829467952 2195984.0039062500
136794029.9775604308 2207742.0996093750
136133498.1638266146 2188575.9589843750
133325699.1815875918 2012078.4785156250
134919517.5781437159 2131609.0117187500
136738908.5984360874 2207185.1640625000
135064376.6505215466 2139705.0332031250
136371967.9593993425 2195687.2773437500
134112626.2145050168 2079751.8261718750
133936285.3390997350 2065265.3261718750
136713565.0976940989 2207121.2421875000
136869072.5729504824 2209846.4277343750
136837021.5520615876 2209524.1464843750
139034925.0859249234 2224836.0781250000
138320979.5339622796 2223546.6289062500
138144614.5764060915 2222139.0292968750
138561853.7412924469 2223939.2226562500
138808418.6790423691 2224743.0195312500
138649897.0097829998 2224695.8417968750
138030952.3171890676 2221707.0585937500
