119494538.2020753175 16594.8630310893
118341932.6179976165 14897.8904828131
118096817.5527365357 14608.3895548582
120103181.3358876556 17462.0433015823
120376437.8280180842 17993.1037502289
122277115.8454157561 19641.0513648987
121004728.9374914467 18580.6293220520
118552600.6064615548 15287.0694752218
116939534.2083422542 11531.2588643746
121082383.2180040181 18681.2271142006
120899875.5204532593 18491.8981928825
120232303.5290102661 17799.1688246727
116821854.2538295090 11062.6838077038
116860894.4321781397 11379.8511251986
118721116.3244697005 15491.8482572585
118480231.2363378853 15192.7941910177
122087052.3864875734 19457.9157471657
119768852.1302956641 16966.7442738414
119790962.9024062306 17022.3055684566
119928402.4401443750 17144.1490390301
116441022.3927368820 10087.1233269051
119424430.1392797977 16552.1100556254
117913144.0929961503 14112.4108593315
119074072.3004369885 16016.4248813437
119978995.0037638247 17406.0350671113
121609789.1257186830 19091.7389550209
121186978.4628335536 18732.2969956398
117455295.3909615874 13194.6804705262
118957639.1641605198 15885.8154811756
120923758.8724968135 18531.2465462685
121376594.5893460512 18983.7744293213
120174241.6649914980 17569.2085071802
119389683.7812764794 16457.6515416503
118302151.7074516267 14888.3120649457
117288715.2254558355 12763.5329144448
118805062.6960442364 15662.9675405324
120488439.0568533093 18124.2286572456
119846860.7681435645 17124.5452325344
121822159.0987328887 19297.0385704041
119413413.6822356135 16471.4235682235
122952200.5458488017 20087.0518035889
122968832.9444889873 20129.2127532959
122097953.8928813785 19492.6918396950
122654070.3591954261 19949.6105804443
122815029.6184829623 19997.0183258057
122770828.8399705440 19990.5658111572
122545449.6735373586 19856.6187744141
122498791.8328359276 19819.5546913147
122671890.7364793569 19989.2757720947
122933537.0620759875 20070.2302093506
122624029.4301539510 19871.0849571228
122826148.6435180455 20066.9953918457
123011714.5889106840 20200.2366638184
123443499.8369571418 20229.9152069092
122965662.0745687932 20115.6225891113
122207976.4474761039 19517.6960067749
122345589.3639308363 19655.4067306519
122373387.9725776464 19718.7429275513
121875539.1352573186 19308.4385643005
122371733.7628592402 19715.6065292358
119817529.2826450765 17023.8214409351
121697710.0537372977 19146.3466682434
122265614.5412793010 19580.2546501160
124585732.1590604335 20468.9601440430
124841782.8698890209 20532.2010498047
124668590.9031537622 20495.2393646240
124068839.9772108048 20438.8651733398
124694875.8230455071 20507.2677612305
124568754.4426707029 20440.4672393799
119938236.8835570812 17150.6473958492
119846586.0690917969 17035.8759868145
119587750.2002835572 16719.6468431950
121575597.3431840688 19021.2984123230
125150947.7421321720 20571.2359466553
119785820.7659729868 16998.0240743160
122426950.7920985669 19732.6511230469
121982728.7368040830 19372.1072311401
122119570.5913841277 19512.2016487122
121724916.2077524513 19157.6645774841
121768975.4934986085 19271.5621910095
116317657.7528745830 9547.5705901459
119704678.4608323276 16934.0665242672
121653246.4830824882 19142.3183174133
123903357.4390139431 20345.6281738281
123591933.9686067998 20280.0286712646
116215524.2145407498 8899.1766288169
121907310.4929732531 19339.3288192749
121352854.4910527617 18893.9379334450
121743857.3889824897 19196.3112030029
116368702.3226816952 9759.0231835581
116430040.9367584139 9871.6025726087
116216305.1869906634 8994.7779066302
116825328.5391440690 11113.0239348933
121305471.8869289905 18807.5610232353
116745154.6514479220 10984.8896309465
119647185.6391419768 16922.8794848919
123699502.6314353645 20341.3824157715
121272608.8379853219 18766.5616874695
119957265.3953668922 17298.1571509242
116651947.6999537647 10641.8123133957
121301780.1031876802 18768.7394142151
116705696.1675955653 10861.5039437592
116655075.5899527669 10762.7038644135
116613722.5900797844 10499.8585522949
116253697.0654736757 9387.5701806284
121736369.7068057507 19179.7223510742
121328937.2749524117 18819.6385765076
120920013.9159812778 18495.1024419069
116553475.3517403305 10229.6254712399
120634496.8722683489 18213.4867882729
120570572.9213715494 18193.9032883644
116910454.6729614437 11412.3222833276
120744585.7287613899 18400.6851453781
120977172.4487558007 18541.6123261452
120788125.5392539203 18416.2341123819
120683625.5761650950 18325.3856911659
116577421.3541342318 10490.0509408295
121153162.7724187374 18687.7713837624
121063261.8175634593 18629.6051392555
121256603.1745934337 18754.5208573341
116782219.4676183462 11052.2070359737
116649773.2328005731 10629.0930120237
116541357.3425579369 10159.8826799832
116419228.0184641778 9811.0870361767
116633189.6881491244 10507.0459054187
116353151.9371423125 9719.4724720977
120375823.3166165203 17883.9887105227
120161591.6665353775 17520.0217644572
120332315.2092750371 17810.7373777628
120681728.8185592741 18228.3524633646
116487494.3766077757 10114.5222116597
121591284.4670922309 19060.6537470222
121588157.9096889347 19057.9601892829
120883738.3684668094 18441.1129517555
116416279.5866631567 9772.8653562628
116211125.6633789390 8734.8992778994
117151035.9571156353 12373.8839891888
116208016.6289106756 8579.5374923721
116146474.7445386797 8544.7054889984
116173390.3485164195 8558.9145098701
120199123.7132099271 17584.2740274668
117042607.2408224791 11932.4249029197
117166847.8823503554 12432.9835406579
120356238.6444808543 17822.2757478952
117110010.1863727868 12135.2223712243
117469841.0889803767 13251.0124899911
117113623.7229937762 12167.2944089510
117063013.0474031419 12102.2646722831
119467774.4689206630 16562.0836128936
117296174.2184806913 12841.4335784184
117097300.7897762954 12130.2504475452
119019822.7585144341 15940.7856655018
117137239.9771871418 12356.5738117173
117202289.7969484329 12551.9409156479
117312049.8195074052 12841.4791850783
117750028.2597143650 13742.1108750701
117754535.6903889328 13776.1779173315
117178728.1725907028 12460.1953671314
117798757.0098871440 13874.3406049907
117715675.5020025373 13739.5012656152
117768617.8514290303 13811.9507256448
118382405.8848847896 15031.4568315893
117634601.3117498904 13589.0719677806
119126340.4736356884 16087.7705056071
119141435.2613780946 16131.7108672261
119275908.1463531554 16370.0949977040
117680779.1853433400 13713.3234086335
119094738.4848218411 16072.9336817861
117621964.9796234369 13527.2064033449
117497329.6343786418 13349.4721566439
117465858.0511675328 13221.0202717185
117601229.4825613201 13523.9346249998
118360741.4853190929 14995.9878244698
117794321.0113733709 13849.2743928730
117550341.3777090758 13476.8841973245
117597283.6633080244 13510.4410889745
117318499.4221770465 13007.6090473533
117218446.6292732805 12757.2155427970
118702659.8331345618 15485.7795849741
118401017.2546119690 15139.4879814535
118821217.8457993865 15698.7077236072
119525049.1058794409 16626.2090549469
118517438.4231878519 15207.7044369131
117018093.4288616180 11868.8514163494
119625044.4661511332 16824.2912311554
118237191.5906589329 14879.4554745108
118233648.0800950974 14794.6999346167
118534278.1402407736 15220.6841193736
118605459.7371730804 15397.3122084290
118396994.5923099071 15058.3626108468
118353891.5121850520 14987.0070057394
118348915.8858530819 14972.5143845826
118916858.8594809026 15803.7311265767
119074922.5317408890 16050.9860858023
118936858.7831323147 15831.7363756001
118419941.7027011961 15185.4777536690
119597955.5511748791 16738.3928247690
118760501.0829101801 15662.6176893860
117334559.9311531484 13091.4740800895
118724915.0473511219 15512.1731649935
118541526.9079044759 15235.7465004474
118546087.0671766698 15245.2717519850
118499064.4592785835 15206.1387003809
119052485.9266816676 15968.6045309305
119217416.0992381275 16256.2125388384
118934131.5707620978 15811.2348497212
119077276.6313790083 16060.6534726918
119163137.5973767936 16240.4172886908
119099923.3424241245 16086.2384764850
118726250.7610705197 15559.0435599834
117953920.0691201538 14296.0493607074
118992448.1275939941 15930.9370821416
118831836.2948267162 15750.5652999431
118549032.6349423528 15251.4864371717
118753051.1449020803 15619.7265505344
119059303.1160760224 15996.1197325885
118736338.0144418180 15593.4812392741
118651518.0188258290 15418.9472784549
116736469.2484250814 10866.6799586432
118947355.8714866489 15882.7110476792
118612253.3413278461 15403.6007837802
116855935.8493057042 11144.9939339178
116971306.7880635560 11588.5342834061
119030601.5484127998 15961.9759998918
118178169.4920878261 14697.6041237265
118189362.2005598545 14740.5705963820
117640101.8264660835 13608.0559019446
116922164.9599705786 11449.1710473614
117973893.0065894723 14333.4951567650
118005588.0021652132 14402.6025687605
117839869.0238365531 14048.6099085361
118106361.2346376777 14686.8370338827
119411461.2245341837 16465.6055252002
118579914.7982424498 15395.5265333802
118661740.7942160070 15462.9524850398
118723139.8295292258 15506.9824313819
118680024.2866125107 15470.5479144752
117013263.3903225362 11648.8929245537
117900965.5682747960 14088.1676773131
118074400.4114235938 14549.9949270785
118662751.5753312409 15463.0441913307
118638431.2272929251 15404.1694184244
118840340.8756118566 15786.2640464008
117931020.7456954420 14275.8763881326
119518188.3864988536 16613.9130009115
119256773.9285440296 16262.1980964587
117797878.7141055465 13868.2936472893
117985714.3325290680 14376.6395560652
117811040.1061305702 13979.6900349557
118644715.0747187287 15406.8064765930
117822469.1937025636 13984.3203191757
117807656.9965126961 13931.1807070374
117973423.4331908375 14307.8615018278
118008032.7222848237 14478.8779436499
116859072.2355500907 11155.6483733570
119377832.6612475812 16417.2567950487
119369131.0872504562 16416.2606440783
