118124086.8651094139 14969.1608026193
117761227.3277343214 14373.9452961775
119149678.6693248004 16601.7138325572
120968202.9827271998 19050.9855308533
119092589.1653582603 16509.0258422196
120342464.9700851291 18177.2562201619
119688686.2108636349 17384.3787226677
119569358.9425066859 17235.3013911247
118438396.0465360731 15528.5074774491
119999388.2494653910 17771.4116506577
118385902.7481324077 15428.8066672385
121820066.0036053360 19700.0550765991
119917476.3715795428 17674.4890407920
118323289.6983447373 15293.4364373684
118428348.8274249136 15499.5617447661
120428174.7498376667 18324.3541053236
117601693.0311667472 13963.8412341492
120242080.2373319417 18127.5200562477
120506952.9961121082 18407.6255626678
118339909.2146429867 15373.4200316237
120104788.1616056710 17868.2102321982
117699563.1223015338 14191.9945948290
122563436.7046816945 20170.2962493896
118257218.7533171624 15235.0197487639
120028731.3835974336 17841.0410642624
122590751.1551974118 20177.2744750977
124566487.0557292998 20527.2607879639
116444418.1594540626 10008.7992596822
120366671.4171569794 18195.6537122726
121773297.7917844802 19604.1416168213
119889534.3441619724 17657.0418157578
121101508.0805976391 19179.4011192620
116399419.1520494074 9820.1326872860
120068347.4859776944 17867.0185880661
119798149.1032225937 17524.3886837363
118891801.2724606842 16202.6979681253
118338584.1291626841 15345.9880307913
120327055.3147767484 18169.6761884689
116310577.5142106116 9296.5254382589
119122367.2696353048 16551.7609735131
121666588.1706496179 19547.2875976562
119041394.5230534226 16473.1654143631
119715218.8542355448 17449.9625667930
119124324.7720405310 16553.2717223465
121863091.6663716286 19751.3212356567
120148058.6519544125 17991.1414213181
117812169.7235521078 14453.9678003954
120542024.2232395262 18455.0322113037
118134204.3858434111 15023.7932818400
119125472.4029403627 16586.3367662000
116440464.1799108386 9998.0477311993
117750585.2798137665 14319.4077685045
120573759.8299217522 18496.3316040039
116642478.5421731770 11243.6741105439
116500781.8875972629 10509.0195317408
127470429.5465779006 20686.5697937012
119948257.1143060774 17760.5100521445
119834546.1225925237 17599.0398983359
116723874.4061384797 11657.3072831349
123120500.1771329492 20308.9501647949
116537781.5471412092 10726.7207326284
120199253.2942592651 18025.3914060593
120846104.9374918491 18886.5383834839
116505409.2701820433 10553.8819598982
116961572.5984948725 12342.6545021506
116606966.9072568268 11060.8203381887
119576021.8148000538 17264.9402927756
120013542.7854148299 17778.5976909995
116297861.5149746090 9279.5312997171
117005557.6306290179 12520.6045595826
116445404.3460758477 10019.9385091065
119197064.3940379918 16679.6596465707
121019397.6250319779 19085.2355155945
120523312.2691862136 18427.3925652802
127158223.3053535521 20683.6197357178
116413934.1127773076 9960.6943338299
118881991.3132050037 16185.8151374161
116279528.0439313650 9048.1973947570
124617681.6980340481 20559.1354522705
118008534.2439750135 14794.4957802461
118781118.3181259930 16097.1326740086
121141124.1829778701 19205.3786430657
121478774.9604687691 19448.4431152344
117960664.5774348974 14722.9476048814
124256998.1771449894 20458.8001403809
124606103.1581094563 20554.2955169678
116430194.1250086427 9998.0187981995
122229589.6484128088 20042.3410491943
116471379.5628340393 10438.8047707910
121352152.7140845209 19347.3159523010
117942077.4216926545 14685.3275402056
116577346.5886120796 10968.2131489040
116741600.3274812996 11667.7527306164
116344706.9904875159 9309.2034547545
121693902.6211653501 19554.2658233643
121242392.7129207999 19263.3926932812
123108921.6372083426 20306.6027526855
117869680.1729601175 14532.5225746797
121613802.9727707356 19527.3952787220
121492993.0955241174 19510.8885190785
118756077.8472923338 16044.5053157806
126937576.7127416134 20680.4684295654
121324714.7969358414 19288.5422554016
121186815.7479297221 19254.0116119385
122765192.4559596777 20272.2373809814
122820896.7896963656 20279.2634124756
121007819.0851073861 19076.9630546570
118280345.2175890803 15274.2574016916
121287130.4678698927 19285.1858520508
118170556.5502052158 15063.8903824853
120648887.6570879072 18599.4338760376
118451823.8856470883 15560.2520926612
124793282.4305225164 20578.4347534180
120900070.3566749841 18933.5620079041
120578277.3302302957 18536.8488006592
116646531.9487276971 11302.3127544643
120760873.3172395229 18750.5401496887
125380895.4746817201 20648.0596771240
118666560.9373615831 15912.0877751559
124615935.1526625901 20554.6044921875
121790401.5667856038 19644.9325790405
122716321.8130500019 20232.7139129639
124809249.7524297684 20588.3084564209
122650471.3355055898 20195.3923797607
123259918.3454594314 20348.9977264404
122867345.9467368871 20289.1471252441
120685140.7640787065 18680.2450942993
124109040.3462812155 20418.0193481445
116836473.3142094612 11963.9901278103
121198394.2878542989 19262.2840728760
121680544.1289192587 19550.8874893188
116555729.3167248666 10947.1737165293
121374628.9581105560 19352.8560943604
118063332.4010734409 14881.2583711760
116770945.5617586672 11728.6023027981
118066756.8557951152 14898.3977219628
116536438.6295150518 10723.3670121962
117289465.2784728557 13221.1868091168
122090520.9789326489 19876.1432418823
117894860.1848778725 14592.3680832552
118085574.2731336951 14919.6307346689
117828586.2066360861 14497.7346041219
121914286.3086763918 19785.5712203979
126482199.8433574885 20678.1450042725
122063206.5284169316 19869.1650161743
124120618.8862058222 20420.2141723633
121166060.6822672337 19222.6585083008
117956678.3128729165 14703.8048055189
117640573.6477028728 14141.2826435136
117707331.2272552848 14304.1612179147
120405047.1461297423 18315.7708406448
122448715.5842276216 20093.4512481689
120520284.4674211442 18425.7668733597
117899458.1914060265 14642.6269595491
120542717.1567116082 18461.3863191605
121712279.7356014848 19589.1858901978
121875393.3182360977 19770.3205337524
117475757.6350072026 13799.5817480253
117791060.4904677421 14427.6015122103
120438005.6492948830 18356.6301240921
117614136.3676087409 14120.8783328103
117398594.4905021042 13524.7201219665
122209532.2519319952 19953.6654586792
124599568.8689827472 20529.6811828613
117806263.3317594826 14440.5971109437
118219434.6692385674 15177.5324727165
120623269.2777384818 18569.1200828552
125191969.6568972319 20619.3894805908
117968271.9917171896 14737.0233975517
118039707.7725298405 14880.3953619169
122504097.3240722120 20166.0607147217
125369316.9347571135 20643.2197418213
116653339.0019852072 11313.7510249438
116934230.1879503727 12246.1526802154
121854638.2525736094 19738.9674301147
118349206.0005937666 15396.4852859246
124884664.9842292070 20608.4003448486
122247266.6487412304 20068.4498748779
118527689.3838096261 15670.8429438340
118483648.4231078327 15608.9565248191
116742664.1858428270 11699.7859946312
124620323.9346452206 20559.6382598877
117476706.1513752788 13811.0953366326
120597440.7689714730 18564.0222015381
120464292.3267213255 18386.5444831848
116631742.4906798303 11096.9658306958
118624204.3615278453 15853.9860175550
119468323.0082132965 17093.6280862689
118612283.3999994099 15823.4554362595
122046065.6020945609 19827.6120681763
118732593.7231923342 16035.5400626063
120736637.8084069341 18747.0440597534
120660709.4876237065 18626.0400428772
119555723.9172718823 17228.1210900843
119929500.5006124526 17677.4672336578
116620903.3124977052 11070.4998725513
118291521.4589571208 15288.8097071350
119515811.6180254072 17156.0903035998
120780036.7559806854 18777.7135505676
123714459.4526925981 20400.8751220703
118450419.7565329820 15543.4297701584
123954862.4608719051 20406.9335632324
120919233.7954161316 18960.7354087830
119335921.9420568496 16925.0877443850
116718386.8238701671 11456.2764704311
117087594.5678397864 12711.0901385563
116450933.7723212242 10180.1709352070
119343000.8039128184 16960.5058595240
119297199.6094794422 16894.0214845240
126470621.3034328967 20673.3050689697
116549314.9478413612 10942.1988648893
119295403.6558833569 16856.4050956070
118252176.6740728468 15211.6175014244
117189837.9618046284 13055.2098857628
117092103.0934680998 12721.4245931374
123403108.8264199197 20380.6062011719
117016662.7023627460 12685.4721166612
116593973.2108391970 11029.9869220974
116786595.4269882739 11769.2506391378
117132805.0755019933 12834.8104454698
116623462.2649385631 11089.2004994014
118703145.5221670121 15930.0069073141
117331170.3827680945 13452.5095023679
116818802.5428739786 11817.4528252454
116663730.6990253180 11410.1551170209
120112175.6809619814 17886.6305502653
116698208.9811968952 11436.9010949889
118732498.7288587391 15989.6796095371
116943683.1469241977 12272.1669642301
117309626.2298980355 13431.7350817787
122175261.2100596875 19904.3897056580
124797671.2125051320 20583.4685211182
116651952.7827769220 11313.2998636486
117658400.1896358728 14181.6977020370
116995374.8592685163 12511.6269289674
117563912.7986404896 13954.4779860543
116884618.0814797878 12126.4883842291
117208770.2527545244 13119.7428926693
123138027.0813075900 20313.8453521729
119258991.9705245197 16802.9517122805
117652996.5559951365 14147.2446209954
119245718.9998070002 16793.4742599130
116815799.3313599527 11816.6944188932
116916286.0542464554 12201.9476992311
125247729.8693886399 20623.0393066406
125652006.2436446100 20659.4538574219
117177068.8975291252 12895.6808173181
117108189.9154076278 12771.4646689417
117167893.7118888199 12863.9726517813
117499860.7403180748 13845.5484176742
116974265.6261841655 12485.2606407823
116905446.8760642856 12175.4667445393
117375434.2047952265 13513.3288715946
118960886.4102331698 16377.7403938174
116588696.1966119260 11022.2976864436
126082265.4195705950 20665.3576049805
118948926.2993658930 16354.7585322261
117533973.6541130096 13849.4781559574
118586316.2467464060 15763.4598789513
122719508.1463142931 20234.8498992920
117287496.1871663034 13145.5080148997
119157207.7167660892 16668.8663332462
117656182.8121989518 14166.3201781379
116776366.3958078772 11739.5894119823
117262351.6326482147 13126.3637322726
117272252.7308520228 13139.5847710909
122595041.3077426553 20177.9516906738
117455596.9182909429 13784.7290484475
122114757.3641143590 19877.8771896362
122451793.6495616734 20098.6955261230
116879618.8467533588 12068.5469012083
117340918.2343428284 13467.1523724662
118400735.1004566848 15475.0317099707
116849852.0131532550 12059.5855712714
117330079.0561606884 13440.6938078197
117611918.9901718348 14105.5008089112
117453061.3803860545 13661.9624639617
117095218.0978253037 12745.9382158937
118953442.4853052646 16359.0259949435
117993616.3087860197 14753.6353938447
120377554.1613651514 18216.7420566380
116662791.9609590471 11339.7653089585
117425014.4390309602 13577.6938963102
116969266.3914577663 12422.3852893533
119031035.7530378699 16471.7970731128
118959141.7892774194 16360.7549518943
119200702.4276922345 16701.9707907829
118931265.8260429949 16331.6416050792
124302266.5958036333 20504.4449768066
118906508.9833727181 16299.6687467098
119174956.4698779583 16678.7144640386
118807430.6632541567 16133.1390315834
118664049.0813847929 15891.0043360535
124513951.7653826773 20511.2396087646
119230807.0856127441 16756.5695028100
119215891.6227114499 16738.2267055809
119504023.2182254493 17121.5870121419
119508274.0708158463 17122.5012527406
124320614.8551071286 20508.7971038818
119012323.1278142333 16435.1936671138
