82360127.5994709581 3378260.6562500000
82374008.3505589217 3388735.1015625000
84990786.9153966159 3797839.4335937500
82364043.5400536656 3385604.1328125000
82937977.4414763749 3592119.3007812500
83027988.7052370310 3610813.5234375000
86616033.7594873607 3856535.0195312500
83006082.2106686532 3606053.3710937500
82964350.6326587498 3593264.9882812500
83048805.9958848357 3617722.8125000000
86348889.2418539226 3848188.5507812500
86040239.8941669315 3840103.2617187500
86254708.3568442166 3845720.9570312500
82423580.8564534485 3409043.9375000000
82717565.3793213218 3531485.2148437500
83134825.4177178591 3632051.5078125000
82605080.9664551318 3493464.2343750000
82538852.5032994449 3468740.3085937500
82534015.9870961607 3468432.6054687500
86375682.4105094969 3850122.1679687500
83199785.5212697238 3647499.4687500000
88567258.6581292748 3885709.8671875000
82413296.1906815469 3405721.7265625000
82564802.6845031381 3479063.8789062500
82569323.5849815011 3480054.4296875000
82646459.2771190703 3505998.0937500000
86118949.2996572256 3842512.2148437500
87224429.9307622463 3869011.5429687500
82841245.6028998345 3564526.3945312500
85584767.0642239302 3823512.3554687500
86539696.3239738345 3853892.4023437500
82552417.7058319151 3478709.9140625000
82609806.9170342684 3498629.7734375000
87117799.8398528397 3866343.0351562500
87489277.3356823176 3874237.0390625000
85174479.3062517345 3808529.7539062500
84927832.2213317603 3796588.0468750000
84697647.4640765041 3787369.5585937500
87543171.5865254551 3875873.4140625000
85581306.1618546844 3823176.2656250000
83767668.4306855500 3716495.1875000000
82940720.0427731127 3592442.9687500000
82782191.4714562595 3546770.5156250000
87243379.2565310001 3869077.1914062500
82629900.9828018844 3503161.7773437500
83576489.5594175160 3698406.2539062500
87215692.2243368626 3868266.2460937500
82804802.3563560992 3557050.9414062500
82748951.4576420933 3539303.5820312500
82648352.3960533142 3506526.2851562500
82913994.7248436064 3579731.3828125000
82648829.3948570788 3509794.5898437500
82726299.4715575576 3532897.2578125000
82572984.0009472966 3484206.5390625000
82657862.3734849691 3514912.2734375000
82606136.5729003251 3495519.0625000000
82674144.8879676461 3515253.5976562500
82589254.8509104848 3491965.3476562500
82606476.4743712842 3496976.9101562500
82630265.0652011037 3503488.3789062500
82577587.9619217217 3490227.0976562500
82580728.2066168487 3490421.5156250000
82693675.1481847316 3523318.7382812500
82685638.9754098207 3521028.7031250000
82790125.3944397569 3554565.1835937500
82593655.1407634914 3493026.1640625000
82698472.9606201649 3525470.0117187500
82651954.8925854564 3512711.7031250000
88590955.7015648782 3886269.2031250000
82743811.6751733273 3535841.8242187500
82824754.0203412771 3560279.0820312500
82751607.7240960300 3544152.0976562500
87491784.9264676422 3874371.0468750000
87843017.9034852237 3879855.0859375000
82876749.8308073878 3574825.3671875000
82829454.2119889110 3563633.3398437500
82862281.5537273139 3573811.2890625000
82785175.9380011261 3549615.1328125000
82404314.3192996383 3400725.3828125000
82425191.2768203169 3409383.2851562500
87509369.9080630094 3874631.9453125000
87288145.3857234567 3869254.6718750000
82428805.2850893289 3409779.2148437500
83256733.7847682983 3654741.9531250000
87309024.5437014252 3870450.5937500000
85208499.6362701058 3808749.2929687500
82808714.0247817487 3558425.6093750000
82789241.8330123127 3551323.3320312500
85603176.1980952024 3825699.5039062500
87302724.2945680022 3870428.9531250000
85588143.5358791202 3824890.5351562500
83247637.1531053036 3652296.7148437500
83435984.3156166822 3679024.4492187500
83584358.4725165516 3698569.3437500000
83525544.2840571105 3692723.6640625000
83198886.2137168348 3645971.0468750000
83213769.6004044563 3651075.4687500000
82442403.4193807244 3424679.2070312500
83206038.8205115050 3649691.3085937500
86829405.4838208854 3860870.4492187500
83504580.3834067434 3686539.6250000000
85365822.1702147126 3816413.3476562500
83069413.3696771860 3618442.4843750000
82432425.0734008253 3418239.3203125000
83743963.7951449156 3714512.2851562500
82406358.9480290562 3401689.0195312500
88450369.1121094525 3885330.2929687500
87135630.4616826326 3867912.2460937500
82442059.6550600976 3419379.6406250000
83070338.7876929641 3622067.3671875000
83436744.7665843964 3683831.7226562500
83469421.3276655078 3686315.7929687500
83179755.0902247280 3642186.5312500000
85631225.5057219565 3826483.8632812500
83286548.0324889719 3660532.1875000000
83148771.3255012333 3637399.3085937500
83559224.6573271602 3696327.6250000000
82971798.8408586979 3601251.7578125000
83037656.2813362479 3615392.9765625000
84875939.7786532789 3796104.0234375000
83370251.2447454035 3672919.8359375000
85726148.4712404758 3829593.0820312500
83668812.3465208262 3711659.5664062500
83328056.6476515532 3665248.2382812500
83838324.2923560888 3725233.4687500000
88329167.0955860317 3884651.8789062500
87081713.5173967034 3865903.1601562500
86962532.9226242751 3864409.3007812500
84928834.1812232584 3797025.5117187500
83624651.7698171586 3702383.0351562500
83570292.0937355012 3696655.7343750000
83648320.3034735024 3708299.2851562500
87340940.4682167172 3870544.5742187500
84578400.3409674764 3779747.7695312500
85430830.5830180943 3816415.2460937500
84506849.7384968847 3775922.5703125000
84160665.2677955627 3754771.7617187500
84744846.1154365838 3788738.2304687500
83033256.3337334394 3614213.3984375000
88347957.4235028327 3884883.6875000000
88340465.4727914035 3884781.7773437500
83963277.8709501177 3734210.0390625000
83781601.1393735111 3721408.4179687500
83802482.7304799706 3724219.3085937500
83939903.1175259948 3733504.1875000000
83945449.6912543923 3733993.7421875000
83885322.0262674987 3732096.2460937500
83813935.5688929409 3724811.1523437500
83967126.1710905582 3737321.7031250000
83737946.9449215233 3713864.8710937500
84000671.4396630675 3743407.0234375000
84098312.4057105780 3747334.0351562500
83695329.8992799670 3713834.2304687500
84030498.8682060689 3744506.3671875000
86045920.1293091327 3841075.2343750000
84054497.8399843723 3745768.2265625000
85778137.9434947670 3831096.3554687500
85586654.6258440614 3824050.1523437500
88840056.7227459550 3886589.9257812500
82922678.7384932786 3584176.9140625000
82521281.7583244443 3460509.2109375000
84602659.1473833025 3780126.5781250000
84110628.2171399593 3751568.0234375000
82908411.3321461976 3578345.6796875000
85590970.1571265459 3824992.4492187500
84848164.4032362401 3794053.9023437500
85701088.5692610443 3828912.3789062500
85508676.0529298633 3823032.0273437500
83630163.2383757830 3706352.0039062500
85131139.9066890627 3805464.2382812500
88238795.1941425502 3884258.0273437500
86745219.5782144070 3858741.4492187500
86641311.9471580386 3857294.7929687500
87032972.3611941189 3865105.1757812500
87008944.5459974110 3864459.2539062500
82478140.1404244751 3437575.1328125000
82919731.3332018554 3581424.0000000000
84553711.3113109320 3779597.7187500000
85272115.2669800520 3811746.5585937500
88980548.0755828917 3886854.1718750000
89138736.2968855500 3887246.9218750000
88877709.0996499658 3886602.3515625000
82922645.7049106359 3581699.2929687500
88507316.6036678255 3885642.4843750000
88863767.8423511684 3886593.8281250000
88812096.6464351416 3886552.9531250000
84408945.8641821444 3769803.4101562500
82469415.1961605996 3433465.7851562500
83346474.3791135401 3668470.0039062500
88156513.0872388780 3883274.1562500000
88334851.2076359391 3884746.3984375000
84639554.7612722814 3782966.6679687500
86913791.7664216906 3863611.3164062500
83406623.4093077183 3676184.6601562500
86172694.8973437995 3844322.3164062500
87897601.4161694050 3880680.0703125000
85845109.4851184040 3833246.3046875000
85690883.8083989769 3828024.4726562500
86692322.8885275126 3858057.6445312500
84215922.4700358212 3756113.4062500000
84714106.4141096175 3788276.1132812500
85438654.8085856438 3821097.6914062500
85221551.2229466587 3811111.4179687500
85719532.9607858062 3829378.6875000000
84212615.7462179512 3755201.6601562500
84277800.7640990019 3761980.6171875000
86210933.8692974001 3845558.1210937500
82680064.0426082760 3517089.0781250000
87952585.5738992989 3881063.3437500000
86049907.4864204526 3841233.6015625000
85949289.1695644408 3837777.9843750000
84181294.4342412949 3755001.1757812500
83858242.9342216551 3727771.5820312500
85299166.5167356431 3812935.4375000000
84484040.0137309134 3772769.8671875000
84294448.0748734325 3762398.6523437500
83270978.6034893394 3655595.5664062500
83097031.5465801656 3627750.1757812500
83242404.1885724068 3651924.0000000000
83113123.3609451652 3629691.7929687500
83118363.6230077744 3629788.8320312500
83151417.0803496242 3638907.4648437500
85138122.9479386210 3806745.5585937500
85301981.6393196732 3813552.9804687500
85091622.6049045622 3803499.1054687500
85165933.5330763757 3808458.5898437500
85305047.5957475156 3813908.7695312500
88093964.7012670487 3882684.3125000000
87882360.7334298193 3880563.6718750000
84938893.3160056919 3797761.9492187500
87860026.2417377234 3879962.3476562500
87733825.1980714798 3879819.1562500000
87371138.3548884988 3871819.5000000000
87638687.2197108865 3877306.6093750000
87942575.0983007550 3880686.1328125000
84634131.9156872481 3780907.3242187500
88000290.0217224211 3881817.6250000000
83004642.5824383348 3602561.7851562500
84534128.0540223271 3778072.0664062500
84453383.9880061299 3770811.8164062500
83281583.1787905395 3659439.1250000000
83305079.3036637604 3663754.3085937500
84507336.6181047708 3776533.2070312500
84786928.9318907261 3790752.5039062500
84803770.2550268471 3792423.2695312500
84493405.3255873173 3774112.8320312500
84322901.6330949515 3763288.7109375000
86196640.7712671012 3844453.9882812500
84767293.9786210060 3789192.2031250000
85909606.1860359907 3836513.5000000000
86124460.0809251219 3842944.0000000000
84358538.2718639374 3768662.6523437500
86334401.5010361075 3848048.8867187500
86055297.1402792931 3841592.7187500000
84771231.8288917243 3789934.2265625000
82489888.6015984714 3438442.3984375000
86171222.5610264391 3843704.9960937500
86524534.7162515223 3852705.3554687500
83025235.5232271254 3607140.5273437500
86690031.0157599747 3857443.0273437500
87250739.6387291104 3869224.3984375000
86022675.0865010768 3839689.5468750000
86554529.5908111185 3855036.4570312500
87413880.5143203884 3872918.8437500000
87408449.4131976515 3872369.9375000000
82491573.6305621713 3443920.0000000000
82477060.3980336189 3437411.9218750000
86264879.7207830548 3847924.0429687500
85765459.5292246938 3831049.8359375000
82455496.8661054075 3432216.8320312500
85340140.9140222222 3814637.9570312500
85802619.3802759796 3831480.6484375000
85859509.2599948198 3833483.5117187500
87945518.0131141543 3880780.7812500000
82500731.6718976647 3454823.9335937500
87837801.6297072470 3879843.6015625000
87471496.4926774353 3874236.2656250000
85283954.9526072741 3812393.0390625000
82500398.2009786069 3453188.7929687500
86802107.0300587416 3859755.4921875000
82497023.3656553626 3444509.8867187500
82506150.9014339447 3459568.8125000000
82548026.0463859737 3473046.0507812500
82454818.9424744695 3426528.5664062500
82453980.6631416529 3424964.0703125000
82544494.9371597767 3472299.2109375000
82739258.4521874934 3533458.2890625000
87682253.6932376176 3877408.1640625000
88142032.3435382694 3882899.3906250000
85076905.2877714485 3802895.7460937500
85008416.1793496162 3801247.1445312500
88136223.0153982192 3882801.4453125000
85133111.5930960178 3806052.7539062500
86012393.7079166323 3839282.2304687500
87971130.4527885169 3881179.2968750000
86548342.6396956295 3854629.5195312500
86467920.6364634633 3852107.6445312500
86419296.1170822531 3851100.3007812500
86886568.4506552815 3862173.1640625000
86744499.5096356571 3858350.4218750000
