99322125.7496787906 73971.6412324011
100702535.8053758740 81584.9630635604
94902283.3550817519 44171.4127104618
94556673.9486939311 38346.8237869218
104638486.0549927205 99545.4169769287
95719153.0367066413 51072.7500295267
103029746.3602685779 92217.3143346310
99287843.6028809845 73949.7415741980
100450427.9709277302 80409.3068135604
94310291.7637026161 32293.7623581090
94529023.8030728251 36405.0459010415
104268455.2854325920 97701.7614135742
107588690.4328973889 107076.7421264648
106354947.9547673613 104955.6393432617
104366772.9184900671 98037.8073120117
102416643.5410081744 89426.0253158524
100382424.9028852582 79811.3785909042
100527469.7651915848 80990.4709981307
103162457.4404631704 93397.3762547970
104175736.6289814860 97637.8610382080
99698727.5274721533 76795.7034716606
95862466.3312087953 52634.2048394494
94776992.8522867709 41724.3994120695
103219378.1244782805 93452.3594102859
95670429.4481088966 51043.9855031595
100469907.4544721842 80426.2653096542
100153371.3892988116 78883.5355558395
96986281.7337510288 59683.4359668829
94628081.8090595454 38507.0958035514
112238966.6178844571 108576.3585205078
103259252.5002123415 93515.3299961090
105170455.2592673898 101278.4946289062
111149252.8497124910 108367.2663574219
100706341.6381774843 81665.2680277824
95141397.0270222425 46572.8207865767
101273223.4594018012 84018.8682979681
95474417.9277723879 49076.8198079690
104673427.4193450212 99740.4969787598
96101724.6710139215 54687.2355401330
95643517.5584638715 50668.6672404483
94409640.0653140545 34177.5800682791
103700984.8426125795 95600.0635681152
100394551.6332985163 80080.7893575057
100001818.6973930895 77888.4329884872
100960009.5919215083 82990.9564259872
100195741.0780483186 78959.5513966903
100035606.8463402241 78732.8339137882
98792608.5278219879 70921.4667023718
106376054.8244621456 105071.7242431641
94589209.8893801272 38374.7692820840
107410243.7374811918 106869.0719604492
110839590.4784024060 108154.4057617188
100311036.6634943932 79744.7434590682
107668468.6691628695 107257.3395385742
99966228.4823201597 77766.4105275497
108253150.2498074621 107804.5149536133
100390521.7836486846 80011.1366475448
112002652.3185476512 108369.5988769531
110216531.7056331933 107931.7236328125
107152406.6148949564 106224.3439331055
99881239.5815452635 77534.0250295028
102805441.3312655687 91447.7777135372
95197774.9951467514 46827.0315382443
94386898.7235925049 32569.2942571552
100221916.5564724952 79442.2952931747
111107994.2155469060 108233.3779296875
107794593.2768204212 107282.4939575195
99908016.2404680103 77626.0545705184
101107322.2179251760 83293.3244799711
99163800.8148907125 73244.1697018296
102788323.0851069242 91395.4365270138
100266473.2152663469 79462.2594045028
112688261.8468283862 108945.9682617188
94400589.1947210580 32712.6941053630
99748793.2658893168 76824.4837980270
106236893.5782827586 104206.2042846680
112182832.9033831507 108384.5811767578
95131737.8025649935 46520.1449168399
99934236.7821766436 77695.5887859687
105038010.6702195108 100972.1656036377
104127998.6995138973 97143.9645385742
116603136.6803136617 109281.1993408203
94769121.3926179558 40620.3470723443
98759411.7131376714 70737.8355596215
99665947.5585049838 76051.6040447578
101367823.7713094354 84619.2720155716
115457163.7179162353 109201.0063476562
105498026.8790308088 102700.2611694336
99826876.1632231027 77210.3017986640
100936566.5651580095 82728.0927577019
99483727.2351169288 75167.0182576180
95200873.3736981899 47318.8678416349
95230440.2207921296 47329.1144236661
95746437.9775929898 52269.9634565935
95583617.7370818555 50501.6907515153
100695680.4940668195 81333.4908855781
101105609.5461025089 83083.1697862968
106753399.9331324995 105997.3358764648
96659594.6969500482 58454.8504566289
94687325.4417219013 40306.4764210992
106839016.2289693654 106093.2172241211
110947953.6935889870 108197.0727539062
111114250.9371742606 108364.1888427734
99577022.1237348169 75652.3052449226
107807660.9355411381 107641.7150268555
99356757.6317042857 74572.5261921883
99643334.9590124339 75848.5401082039
99401389.4697033763 74716.8969197273
106244066.9524860680 104582.5610961914
110441549.1597097963 108011.9616699219
106698269.3836120516 105536.3533325195
94718971.6463169605 40515.5304219536
111009408.2130741179 108207.1556396484
96631943.0789653510 57106.9607168436
105442469.8496023118 102508.2873687744
109568294.6290591508 107824.3043212891
96476237.0120938271 56844.8236265182
94930436.3550056219 44183.1043367679
94875123.8301395476 42325.7030152977
104630730.2733605355 99175.1796722412
106074180.4340243936 104109.6011962891
94995920.5124398917 46172.4422190785
96680426.5552849621 58506.6099857427
95350846.8892335147 48509.2538102046
101310702.7714819163 84438.2246346101
95030564.9150389135 46266.8729984798
96640526.2781730145 57218.9068075754
94690411.1376354992 40346.7460300960
95916117.3731791228 52664.7700153254
105867316.8615093380 103213.0594024658
95993363.3391363919 52998.7655390836
105319613.4814793617 102175.2045440674
95399759.4852566421 48713.3768092208
94458043.1960608661 34430.9358796217
96741326.7343637943 58779.0947879888
96315801.9449037164 56769.8422892615
95590895.5327139795 50568.8423930220
104864557.0817603469 100292.3183441162
106558248.7082263976 105333.1846313477
96042031.0234778821 53261.0674037077
96286990.0370917618 55228.2330988981
98957766.0576223135 72198.4002594948
104570028.5680273324 99140.0342864990
99249410.3804557472 73755.4730602503
95575993.9971004874 50328.1749379449
97093984.0675494224 61004.6909033395
97325628.6237656325 62877.8253637888
99193684.1131982505 73628.6519479603
95490376.0957373232 50327.7800303511
98919472.7214509398 72192.5148835182
96202033.2197667956 54978.4140666053
97196098.2830519527 61477.4715887643
95431367.1054832786 48777.4141703658
97168078.7839457095 61407.4007879831
95238531.8739620596 47701.1106402688
97126479.1364372522 61195.6210028268
98700941.5264684558 70667.4009914398
100946764.8209914416 82824.7058424577
97006364.8099057376 60752.3209575601
97694607.6479222625 64796.7802263536
95827623.5218735784 52536.6873179488
99070302.1308304369 72840.6596484184
101457524.3918432593 85166.9031452425
104237833.1627146751 97647.2482986450
104949090.2299621701 100876.7576141357
110510096.4708602279 108054.0338134766
97475873.6192370951 63605.9759832956
97134029.3428667188 61327.4663397409
98409268.6136499494 68902.7780121863
95463633.9010444582 48872.2919634059
110672435.3414428979 108081.5019531250
97234391.6192233264 61870.9033514597
97282772.3034010679 62609.6647039987
95995294.2662367970 53004.2122300006
105090310.3707576841 101193.0694274902
96007526.8601454496 53099.3287409879
95933533.8344955891 52861.9435938932
95938596.5229280293 52868.3135698512
97071058.9874617457 60895.9209300280
96526120.3234917223 56941.8302459717
103832999.2709570229 95691.2689361572
95271514.2732774317 48468.8722468428
94500673.0188984275 36071.0802449025
98422993.8327536732 69178.5137199461
104964193.6887587756 100885.7406463623
104888965.7145898491 100595.9085540771
99355927.6022571325 74066.1011768281
101597568.1158647984 85676.3030492067
101559943.9086606354 85584.1618312597
101625477.6726976931 85772.4011708498
94848812.3008839190 41921.1448739208
101615287.3340905309 85766.9003392458
105649058.4364237338 102823.7905273438
94791155.4749506116 41739.6834183894
96584293.7988305837 57092.7354740240
96087282.8377264887 54637.4201253988
94461095.0203297734 35955.0405882075
113041294.6893632114 109057.5487060547
106186695.2463173568 104142.7223510742
103878812.3504223377 96466.4087939262
97617089.6225580126 64452.8546683192
104839457.5231249630 100251.5835876465
95128792.2656043768 46306.6402861550
104375784.0804276615 98644.9144287109
112671210.4808907658 108849.8785400391
96908630.2821359783 59185.8277257979
102435095.7824464738 89937.8755998611
102077881.1240046620 87890.8538199067
101915917.3046983927 87245.4942522049
105773746.8396479487 102881.5366973877
96854831.7416015565 59133.6926002502
104078221.9710906744 97029.3940200806
107191156.2347957790 106531.2973632812
94802902.5598829985 41761.9757562131
101664988.4207913429 86028.5069154985
110672432.9647708237 108079.4331054688
98132235.9254554957 67362.1703613736
104867425.8276854008 100412.4035491943
101729386.3377363384 86250.1205477007
98072465.9014175534 67122.5761588700
97331493.9805550128 63032.2030318975
94866370.8404186964 42013.7603171542
98145107.6657878757 68153.2291368581
98272637.4776010066 68280.0821685791
104819682.6686149687 100223.5839538574
104018767.9712300897 96785.0009536743
97705881.7664688081 64805.7412228882
98601756.2417749166 69962.4473768622
103639650.3495805413 95301.5069885254
98481069.5720194876 69416.2857557684
97630414.1565427929 64766.6049827226
97736575.5267153531 65233.2317322232
104502412.4475530684 99002.1397094727
98579676.9390441030 69953.8492159694
98648190.1967081875 70500.0108370632
98571052.2007583082 69682.1951932907
97847576.2664080113 65816.1871970780
94992275.2692923248 44196.4802115634
98898883.5935298800 71888.2478160560
98302105.9612609595 68585.4894700050
99099808.5984927863 73167.2472057045
98818430.3740679920 71548.9301738441
98968220.3737035245 72412.5097789466
98356843.5913458169 68633.5529556274
99453106.9935998917 75128.6243891716
97934250.2867571265 66570.9246238358
103121761.1321118772 93025.9384746552
98864601.4467320740 71866.3481578529
103861871.7766824216 95750.4131278992
104427184.4733841419 98712.3076171875
97583841.5004074723 64447.8405784257
103944526.8742762655 96577.7261581421
98017062.8450054228 66890.9228843339
97527287.7871145159 63669.3550590165
97227285.7236158699 61539.7654609680
102914070.8632852584 91950.9001879692
100642261.6244864315 81053.9075569734
112630357.7993505746 108730.9500732422
100887710.6737507135 82270.9158757553
100822194.3923565447 82055.2881902084
102243906.5114909410 88728.3530492783
102510379.2698168159 90012.5818824768
102380282.3840789348 89405.2812957764
100661624.4882851541 81255.3814519271
101354165.9984446019 84601.8037328720
102622968.1734257787 90711.8864126205
101167871.3344325125 83702.0028379634
101113206.6784075946 83467.3639287949
103493159.3351364136 94719.6192469597
102220605.6059921980 88645.4586338103
103455221.9446450919 94506.3659510612
103073177.1007557213 92773.5475687981
102699117.4858840108 90995.4238271713
101754163.8425820619 86581.3951406479
102640086.4195844531 90764.2275991440
110605728.1122776866 108069.1585693359
115330177.4094815850 109076.7314453125
96758215.2315805107 58839.1959419250
101919620.0796500146 87300.2233069614
96914303.0984230936 59222.3632087708
97779294.6241465658 65236.5235655382
97887013.2463510931 65896.9574638493
106042406.4116356522 103766.0035400391
97837579.7821114063 65769.4374054857
105806451.0359996706 103127.3648681641
97920242.6130869538 66315.5990265794
110139014.2053545266 107897.5266113281
97902019.9047473520 65952.2697739601
105936014.2953745276 103755.1531982422
103615392.7312948704 95109.3410921097
103248933.5107225478 93459.0221252441
102955332.3634133041 91991.1363191605
103286014.7404853106 93648.8520278931
103339443.7794891447 93886.5500259399
102862630.9111352861 91796.7593278885
102573202.4921213984 90066.0699968338
102577758.6428493857 90162.4969377518
102822779.7958671451 91585.1525774002
102155007.4171819687 88047.4612390995
102116879.8216329813 87903.0905115604
