126431221.1066302061 1212989.7939453125
126516598.9802569449 1213007.8427734375
126604356.9665397704 1213010.2216796875
101647591.3045694679 798340.3779104818
101684719.9053391814 798985.6645315755
101584096.7485006750 793685.3373831380
101930268.9870207459 806845.4771746267
101780107.1747343689 801212.0015886892
101536975.5132464767 791161.3465593923
101572833.5494436175 792333.6585272420
105453754.4527293891 924524.1223536730
105023971.4284514338 911876.0146876574
107593973.5232159793 982528.7492513657
117871935.3185710460 1185805.4785156250
121403365.9970188141 1206127.8247070312
120104647.6948168725 1203284.2846679688
120039093.5327501595 1203283.2900390625
120592015.3682320565 1204623.2104492188
120437644.2536335289 1204135.7182617188
116370372.9301006645 1165166.2045898438
115901454.9192610830 1155504.7568359375
105156383.6534596831 914246.9763692933
105263945.5120867342 920539.1379903870
121608005.2549187094 1206618.3471679688
104556517.6782083362 898917.2297695307
112442355.8835666776 1093919.6178741455
112446219.1653130651 1094051.5666046143
106272938.5044572800 947831.5597832203
107041053.2740515918 965561.9719142914
106824886.3708905280 961729.5109843016
122137944.1942848414 1207330.7890625000
121152400.9424483478 1205480.5810546875
121733118.2247986645 1206626.0639648438
121036546.2103241086 1205431.2285156250
120868559.0226152688 1205096.1245117188
120977364.9736331552 1205295.6650390625
127761791.8354952484 1213674.9038085938
127481367.3197388053 1213099.1411132812
109568783.7033520341 1027818.7812118530
106064481.2837879956 940485.7723348737
106023999.8249133378 939432.9036825299
105782205.3155080527 934752.2963785529
106136771.8693695068 944785.5029968619
106027212.2824271917 939505.1768249869
106009940.6808613390 938602.4642027915
105621963.4332476407 932501.2396200299
106018684.0535486788 939381.9818075299
105801428.3267939985 934878.1708902717
105896975.6043748111 938215.2575129718
105589062.0146754831 932501.2366903424
122770176.1588510424 1208563.8041992188
112243552.3453729153 1090286.3693237305
107816262.0489155650 985111.1643033028
105105598.8629432619 912401.5408204198
122707098.7616400570 1208015.6323242188
104513386.7170941234 897159.4704940943
104833171.4250487387 908120.6934422570
104658433.3444913328 899892.5179066658
107248353.4093980342 971579.7920002341
118941958.5520143211 1197223.6240234375
103567053.4638250917 865590.2315480055
103431090.5830551386 861957.7683819532
103719044.3085940182 871955.4123154600
103638276.3838690519 871725.2460285147
103333501.5623781681 861303.3442939520
103521717.5806324929 862811.5911268890
103823052.3550081253 874472.0037731528
103235797.9268431515 860118.5498603582
103284016.1099561155 860832.4268134832
108057688.8969616592 994014.1832603812
109032985.6368596554 1016032.0352401733
107125202.4118539095 969567.8736987114
106794477.8965607584 960656.3861417025
106305726.3845189512 948556.2411832064
107879481.5024017245 989447.9080228209
108466822.3417186439 1002725.5917663574
108533595.9808787555 1003331.5705013275
108546664.3715009689 1003438.3972892761
107915408.8549066484 990106.8297176361
108974089.9868419915 1011978.3517494202
108979712.1235623360 1012982.9056491852
111206690.3410456777 1067464.8513793945
110637071.4918152243 1053334.9046020508
110368859.7429499030 1049647.6796875000
110448507.3991713524 1049800.0578002930
110412532.0981027782 1049656.2330932617
112045339.1965758353 1085602.8909301758
111978994.0366847366 1084870.3141479492
111982653.4186694324 1085407.9358520508
110185435.1637135297 1043951.5894851685
109756458.6595550776 1036854.2852859497
108828748.4460173398 1010922.0807533264
108594547.3136715889 1006672.5163688660
109595069.5859293044 1031630.8781433105
117592081.7283332646 1183054.6088867188
116367773.1114442199 1164916.4155273438
116481543.3597605228 1166977.0412597656
117068779.0999083966 1176505.3505859375
115809865.8051423430 1155461.8933105469
116383373.2963988483 1166785.8527832031
116132822.9927781671 1161030.2727050781
116514583.8407272249 1167558.8840332031
115688236.9080920517 1155073.8969726562
115022966.3192486912 1144495.5673828125
115593444.7687243819 1152403.6884765625
118952104.2825199962 1197620.1040039062
119689694.2701174915 1201476.1601562500
118958184.3580867797 1199587.4150390625
125409278.9488017261 1211800.2705078125
103175660.1748088896 854001.6846259832
103211733.4893662483 858877.9800361395
102923125.4911080897 845329.1258648820
102721099.5993584991 836886.7203473039
102711070.4722898453 836881.2223004289
102963458.1014155000 845330.2235211320
102824810.5058569759 845324.2176617570
112831522.4364967942 1101459.9958496094
112771624.3105920851 1100156.2441406250
107859438.3747752756 985417.0602993965
107806232.9218469262 985105.5393033028
107879392.7832803279 985592.2360806465
107496666.7435442954 978448.8459477425
100287922.3835694045 720710.7715931931
124498107.1113810986 1210784.5712890625
124183018.6590838134 1210586.5224609375
124483184.7353946418 1210670.2412109375
124086775.5120565891 1210116.4536132812
124248530.9371092916 1210645.0483398438
124606731.2958329916 1210892.7807617188
114247717.4990521669 1128361.4155273438
102148403.0430011302 816729.7831386875
102337167.4329261035 822835.9377515267
101903234.9506166279 803602.5441052865
102004422.9286150038 812276.5126963868
112107503.6574520469 1087471.3682250977
104453393.0483306646 896998.6308293343
104425480.2009343356 896423.2865910530
123003944.4055036157 1208883.4799804688
122955599.6602429003 1208730.9086914062
114044372.5475257784 1125964.2991943359
111224807.9424163699 1070151.6925048828
114436171.6846525967 1132895.2188720703
114382889.9407718480 1132767.9312744141
108024820.3019590676 991526.5829052329
122511717.7927634269 1207713.0947265625
100799786.6469857544 761881.9788527489
100643644.7442350835 754145.5813918114
100628511.7565235496 749830.4681410789
119994651.7205133736 1202941.7607421875
113856024.6829249114 1121899.2957763672
119351259.4759254307 1200716.1430664062
112926638.4811895192 1104269.4388427734
113929931.7682580948 1124978.7178955078
117311553.5489176810 1178697.8247070312
117362134.2873119712 1179295.1386718750
117947375.8169458359 1185864.2973632812
118051397.8587541282 1186500.1367187500
117364398.7047951221 1179320.7685546875
118132771.4513636231 1186984.8110351562
115398880.5136459172 1149889.3647460938
115535824.1073592007 1152371.9082031250
115487180.8934814185 1151811.9931640625
115537663.4940774888 1152379.5512695312
115010467.6835480183 1142797.2409667969
106988651.9467814714 965032.1239385605
112926857.3176755309 1105308.4863281250
113490082.7049108595 1115527.8298339844
112845797.0232616961 1104167.6553955078
113380639.3579404056 1114148.4298095703
103602307.9559947103 868261.4910246970
125198702.6728488505 1211603.2290039062
100001104.6176220626 693107.9930466213
100013748.4715295881 703447.0896042385
100364634.1775259823 728484.6599154533
100059702.5183801651 711655.3356967033
100042831.7782476544 704923.0905795158
100436425.6223766357 732104.1795700588
100296871.6568818390 725185.6529587307
100369433.7338985503 732002.2049606838
100328757.3683703095 726900.1800583401
114756186.6699173599 1140023.4384765625
114955538.5115592033 1141706.2473144531
127629172.8629046977 1213673.0488281250
127516734.6176116765 1213601.9482421875
126151748.3784081936 1212865.2133789062
106920895.0141329318 964281.2907040119
106879592.8601074666 964262.6993954182
101366139.9355654120 785650.3294291645
107057311.3025600910 969037.4040229321
106581651.0582454205 957176.6554501057
123856043.6242198944 1209970.2573242188
102686037.0773995370 835307.1897012042
114642678.0797692388 1138368.5708007812
102818130.2759651095 840609.0118694007
102610190.0708374977 833457.8428578130
102505745.3200767338 831790.4859904945
102652988.5169283003 834414.3510574519
109275216.3880620748 1023916.4252853394
111159107.5257345736 1066352.9417724609
119982528.2776516378 1202673.4653320312
119909530.7556625903 1202666.9829101562
106249642.2124012113 946836.4694010615
100627777.9585502893 747725.1114586559
100796425.1414798796 760459.1973961559
100763287.3057998419 757506.3968214989
100549351.2169329524 745663.1285484997
100445593.8865738064 735681.4506486189
113701988.9720444828 1120420.7448730469
113641285.3817671686 1119103.3460693359
113695590.0297482908 1119931.4134521484
101850693.3533680439 803140.4737871814
101909082.7948770970 804000.1153887439
100981227.4121561497 772350.9352641255
100900051.8130941987 761887.6708475240
100944087.8536243141 766089.8793436177
114592195.4791731536 1137183.2836914062
108617778.4365757853 1009212.0199127197
105181911.2170918137 917175.3307032585
109396339.0004719198 1026622.8422470093
109427598.5897820592 1027771.5883407593
113208704.9343903661 1107966.1935424805
113555955.6831544489 1117224.6134643555
117670206.8066227138 1183059.4682617188
119055973.2099553049 1199810.1806640625
119331249.4470498264 1200694.4614257812
116635747.9288457036 1169719.0566406250
111309921.9799937308 1071370.5689697266
100137472.8233060092 719002.2491501370
101017838.3371006250 773151.1324076802
123855835.7001780123 1209852.3720703125
125966544.0481734872 1212777.7812500000
126398663.8615197092 1212966.0195312500
109344529.0570070148 1025089.7911529541
109331895.0738674402 1025025.4659576416
123378424.9292621762 1209583.3261718750
125570189.6517547518 1212287.3911132812
125515886.6006140262 1212275.6860351562
100935157.0994706601 763916.4164652973
110494453.2035631388 1052224.6032638550
107053761.8635486066 967356.2932257056
114187927.7733888030 1127495.2086181641
100459221.9473830163 737468.3722008434
115178505.8011081815 1148544.4311523438
101300262.9185185879 784673.7710795552
110975243.4916239381 1063228.9385986328
101451544.5434328616 785747.7124913521
111935259.2753202766 1084692.9680175781
111817961.0791526139 1082844.6569824219
111395393.8419222832 1072836.1629638672
112530528.1534833908 1097586.7593994141
101556188.6471442580 791221.5986311545
103783793.8271950781 873622.2252873498
104292434.6028345078 887977.3061680794
103870899.3285712898 877037.0949864388
104212719.4009812325 887976.7212071419
104315533.3959387541 888431.2290196419
104197644.1155086905 887401.0107579231
105092175.4872218817 912220.2257098556
108267433.7861759216 997566.7676634789
102474812.1982674897 825643.3227059133
102389668.1902055591 823116.9175862195
102438153.7622714937 825642.7533699758
101982676.6874252707 811049.2103650521
101217635.7756049037 779314.6932234913
126041708.7664279640 1212797.3535156250
126068536.0247423351 1212838.2246093750
125509870.7645366490 1211959.7841796875
106482027.4103810936 951353.6211819053
107526038.8457869738 980582.8918613791
105370315.7313043177 922243.6017203331
118438733.5547274202 1191772.5883789062
110252913.3467262685 1047587.9216156006
110121811.9856998324 1043021.7040634155
109252630.4571403861 1023238.3024749756
109638031.5909591019 1034985.2558212280
108788196.5675539672 1010902.4066238403
118235802.3667296171 1189618.4008789062
114602975.4280279726 1137377.4936523438
114287362.1593599617 1130169.4477539062
113657469.6856047660 1119756.6341552734
113327323.4512685686 1110788.5531005859
110896090.8913505673 1061791.4801025391
112335414.5647181273 1093879.1325683594
112143502.7353083938 1088031.2409667969
111560515.5152983665 1075894.2821044922
111295490.4710677266 1071178.2462158203
111225361.0490097404 1071166.0928955078
119174840.9102219790 1200053.5756835938
101495423.5925013125 786661.2051957436
101163891.0818234682 774298.1801248677
116126751.1146229506 1160275.4902343750
118584387.5557814687 1193373.1982421875
118646597.0589218885 1193983.4443359375
116616674.3518072665 1169041.6210937500
116568065.2772301883 1168429.3593750000
115960420.7247941792 1158176.3891601562
112993055.7566086650 1107100.3429565430
107681536.4000071138 984428.9735088348
104336759.2678687871 891092.9021454155
114680297.4885335863 1138421.8420410156
