91388550.0338517576 114177.3972167969
90889646.8244988024 111060.7830398828
90178922.6576952338 104080.7033185959
90375354.7581096590 106173.6279530525
90980380.2398793995 111624.7975945473
91318606.5431210697 113752.3673629761
95951664.9782589227 127992.4187622070
90175595.0937429070 103932.1461648941
92371623.5605888814 119586.1841506958
92207805.9746166915 118561.6914367676
90690115.1179493219 110135.6921203882
90677723.1312375963 109749.4719467163
92080170.2446658313 118076.9299163818
92133345.3992024362 118122.6876220703
90562644.3526841104 107878.4527087212
90862389.9271430969 110999.4190567285
89867138.8870575279 98962.0203508101
90018584.9221566319 99497.6135451198
91182165.4833431989 112756.8227233887
92113182.7986924648 118077.9886627197
90088102.2850699574 102487.1634993553
90681050.6951898634 109898.1564625055
89904732.6819773465 98980.6459395289
90673245.5427877158 109524.9584778100
91136541.3959443867 111967.3073331416
90664181.1200282574 109287.4228199273
95989007.7193799466 128027.4094848633
91637123.3261373639 115798.3945770264
91806919.1339496076 117004.6010437012
91248238.8670384139 113438.2150444984
91739814.9752915800 116264.6004943848
91151177.1962438673 112179.3619583398
91334077.8543074131 113902.4745864868
93241912.8032838404 123472.4893188477
96603404.7101367265 128981.0534057617
93218988.2099459767 123064.2543334961
90862389.9271430820 110988.5104873925
91319628.3903517723 113801.0405120850
90908917.7047882229 111077.6212051660
91309542.1203615963 113514.8317050934
94444674.3539568037 126132.1427612305
91624833.6440402269 115403.8341827393
91472383.7020216435 115163.8736267090
90844042.4735850692 110408.9663858414
90591910.9389385432 107997.6971047670
92546515.5758598149 120583.6443328857
95692426.0217382014 127928.7304077148
91000826.2513899803 111643.8404026031
91267364.0090616643 113476.0792179108
93657851.0008160025 124308.8557739258
91136541.3959443867 111963.7451993525
91992436.2769031823 117609.3056793213
95364138.4843431264 127446.9505004883
93992682.8032581806 125131.9514770508
94476368.1630298793 126175.1661987305
90888471.6932776570 111002.9985092431
92979073.3584442884 122206.1587524414
92251259.6347077191 119333.8767547607
92680964.3560890108 120987.6316375732
90338039.1714374870 105543.8515024185
91909763.4968112558 117173.9551544189
90022633.9472036660 101928.0897860527
91707881.4738083035 116230.6156616211
95270421.3126626164 127342.3486938477
94649146.5495318323 126319.6098022461
91683863.8447174579 116154.4734497070
91489590.4452673495 115253.3090972900
96076700.8688071519 128402.2223510742
94898485.4111155272 126773.5300903320
90129717.8845698088 103365.7652325630
95999831.0473161936 128093.8859252930
96564524.5793537050 128669.7999877930
89904732.6819773763 98991.7285811305
90222636.0991417617 104810.8165392876
90254153.8750654310 105304.7046318054
91208247.2494777739 112782.9883575439
90074898.3284937441 102253.0510802269
93879542.2569092363 124982.8991088867
94434845.1539985985 126093.0739135742
92698344.6588924378 121100.1511688232
93161812.3956758529 122689.5906372070
91747534.2794039994 116457.3125000000
94800153.0475239307 126743.1502075195
91163637.8706102222 112697.1517333984
91448366.0729308277 115087.7314147949
95473050.1798481494 127669.9252319336
91487110.6347063184 115183.8121185303
94105357.8314794302 125534.8823852539
90845183.1838974208 110910.0181320459
91202382.4323857278 112782.2893218994
91472383.7020216435 115174.8167419434
91639201.9177650809 115901.3706817627
91972308.3772770762 117570.2417144775
90448101.8036123067 106528.5968713760
95089316.2849785686 127182.6182250977
91766061.8921369463 116539.1015930176
91766061.8921369463 116539.1194763184
91209422.3806988895 112829.0952758789
94964280.3944303393 126873.8731079102
91182165.4833432138 112767.9977111816
94923935.5457617342 126839.1570434570
96044073.5977520943 128245.5835571289
94632051.5489636511 126287.8619995117
92563722.3191054761 120673.0935668945
94964280.3944303393 126884.8871459961
95577566.7357383966 127825.5393676758
90643735.1085177064 109268.3800118715
90635354.7454847693 108222.4568109512
91933429.5466408730 117535.1833648682
96298150.7451598048 128597.5199584961
91438410.6275001913 114418.3329620361
96117045.7174757421 128437.7894897461
94270717.8070921600 125951.3369750977
95217250.4942001998 127226.8817749023
93957069.7433621287 125103.0877075195
93886103.3382044733 125022.9512329102
90564361.9140540063 107897.2903361320
96257805.8964911848 128561.9528198242
90543081.7876287401 107683.2420663834
94759808.1988553107 126697.4201049805
91736180.4058148712 116247.7047500610
92208931.7032844573 118951.8052825928
95230076.4639939964 127296.6185913086
90413815.5412843525 106469.3328409195
92138124.3066836745 118269.4507217407
93173872.0943617672 122707.6773071289
95346357.4543989301 127381.2175903320
96496878.7710114717 128613.3034057617
90574199.3533407897 107902.1219034195
90401917.8363594413 106285.5849986076
95036145.4665161520 127067.1513061523
92469775.0123111606 119725.2295989990
92456949.0425173938 119655.4927825928
90341366.7353898138 105692.4086561203
90543081.7876287401 107682.9669198990
90528448.3602753431 107668.6171884537
93666782.5231000036 124426.5795288086
91886581.6442499757 117170.9698944092
90463673.5594163984 106635.7101831436
90476183.9789852500 107343.6558942795
92469775.0123111606 119714.3639984131
96044073.5977521092 128299.0309448242
94030257.9745681435 125396.1531372070
92800093.4504208416 121153.1477508545
92116434.9936365187 118099.6365966797
93726522.3800193369 124523.4054565430
92157780.8360442072 118285.9116973877
91929980.4458537996 117177.3376007080
93604507.1140939146 123940.5230102539
95948662.8707113415 127991.8423461914
93598366.1393248141 123934.0023803711
93712412.4377692193 124455.2091674805
92456949.0425173789 119655.1194915771
94746982.2290615290 126627.6832885742
92191724.9600387663 118454.1210632324
91695323.1640022099 116200.9964981079
96541464.2121738940 128666.7286987305
94616581.2271024883 126271.1730346680
90470080.4066573381 107324.6130862236
91129649.8723635823 111697.5271887779
92490221.0238217413 120208.0872802734
90582919.9002286047 107908.1803107262
92477395.0540279597 120138.3504638672
94257891.8372983932 125881.6001586914
93618136.8224286884 124131.9639282227
94199244.1256380975 125681.3279418945
92170606.8058380038 118344.7829132080
91152497.9282516986 112435.3909225464
91668066.2666465044 116139.6467666626
91152497.9282516986 112424.4478073120
94088380.1507018059 125505.8418579102
95934021.0119971782 127961.4328002930
94239588.9743067324 125738.0720825195
92850942.6598463356 121811.9138183594
96190777.4238165468 128439.3848266602
92615220.5389972180 120922.8767547607
92187813.5490836501 118445.0815124512
91796145.0830777884 116660.5500564575
92133641.7368821502 118199.9173736572
94436023.3143612593 126129.4360961914
93616143.4667898118 124008.8265991211
93133527.2456931621 122661.9472045898
91933290.3491251320 117314.8398971558
94239588.9743067175 125727.0580444336
91158601.5005796105 112510.0136184692
94273536.3303612471 125953.2371215820
91952091.4282345325 117556.0266265869
90243082.1106523275 104829.8593473434
94578254.4630920440 126265.0651245117
91909763.4968112707 117173.9729766846
90616626.2953441143 108222.2516303062
93952337.9545895755 125086.2213745117
91517724.3322961628 115358.9811325073
94199244.1256381124 125692.3419799805
94450489.6470614523 126153.6968383789
95966533.7268325984 127992.5750122070
94550471.3738658726 126255.0537719727
90454182.2176495492 106610.5462927818
94490834.4957300723 126210.4409790039
94490834.4957300574 126199.4269409180
91650859.5234008282 116050.2315902710
94186418.1558443308 125611.5911254883
92477395.0540279299 119730.1154785156
93952337.9545895755 125097.0869750977
92028308.6639748514 117989.2847366333
93713696.4102255702 124464.5342407227
90600870.6913986653 108053.2168817520
90600870.6913986802 108064.1599969864
93726522.3800193667 124534.2710571289
94450489.6470614523 126164.7108764648
92011330.9831972122 117960.2442092896
94640495.5099363327 126316.9031372070
94743989.5981819034 126541.2079467773
90940598.1569059193 111124.8636659980
92912164.0951482505 122193.3773803711
95926188.8781639934 127946.8449096680
92294843.7516412139 119372.3292694092
95975416.0591533631 127998.5952758789
92654156.2016692609 120975.6359100342
94286362.3001550287 126022.9739379883
92178226.8475547731 118360.5343933105
94087580.5040143877 125481.7564086914
93726522.3800193667 124942.5060424805
95935071.2104847580 127963.0281372070
94105357.8314794302 125545.7150268555
92370643.4332252592 119563.5508499146
94047235.6553457826 125436.0263061523
92984051.1496186256 122319.6232299805
92822597.5618058294 121673.4608154297
93202438.5101582706 122768.0604858398
93992682.8032581806 125142.8170776367
93376976.2507722527 123663.3941040039
93506765.9124775678 123911.1076049805
90516568.5217049718 107621.9894647598
93037221.9680810124 122435.0901489258
94326707.1488236487 126068.7040405273
94145702.6801480502 125580.6124877930
93952802.6484880596 125100.4111938477
94047235.6553457826 125425.1936645508
94145702.6801480502 125591.4451293945
90604746.4567737430 108175.6239066124
93373125.1243971139 123648.4716186523
93655754.1417614520 124139.4614868164
94087580.5040143877 125470.9237670898
94015191.9194957912 125212.7764282227
94010460.1307232082 125206.7756958008
93081734.4158605337 122614.0819702148
94308679.2695583850 126038.1011352539
92178226.8475547731 118349.6687927246
95453889.9557687342 127489.5508422852
91972308.3772770762 117559.4090728760
92610652.0152189732 120857.0111541748
93438004.8644606620 123792.5475463867
93938228.0123394132 125028.8906860352
92822597.5618058145 121254.3602294922
92822597.5618058145 121265.2258300781
93450830.8342544436 123862.2843627930
91139126.3574214131 112058.9701614380
94666992.3378292769 126341.1099243164
94706499.0785322487 126507.2317504883
94701715.6344332993 126384.9977416992
