30436049.3012554310 1165189.2968750000
30946564.5225460865 1219580.5742187500
31327215.5110853836 1245177.7343750000
30722931.1184417009 1202405.7226562500
30876714.4147122055 1216215.1914062500
31500098.3972156271 1251253.3906250000
30999747.1443805881 1224300.9101562500
31011058.7775662802 1225515.0507812500
30880985.4603534490 1216322.1757812500
30756471.5926285237 1203768.4960937500
30859076.7771399952 1214388.5585937500
31131347.4365846440 1233819.4531250000
31305261.1299066842 1242672.2929687500
31280753.3173381202 1240617.6601562500
30423954.3371435069 1164597.0937500000
30345356.3694942184 1146124.8046875000
30854805.7314987518 1214281.5742187500
30701022.4352282472 1200472.1054687500
30976028.1046781428 1219744.6250000000
30376255.7506393120 1156229.0039062500
30347279.4432761781 1146926.2617187500
31173592.3732510470 1235895.7656250000
31155855.2491532080 1235874.0859375000
30977838.4611671306 1222367.2929687500
31098127.1201854981 1230671.6953125000
30356324.1840930022 1149123.4023437500
30824055.1648966298 1211119.7851562500
30319146.0159075223 1139973.4296875000
31488786.7640299387 1250039.2500000000
31269441.6841524281 1239403.5195312500
30989150.0943528228 1223581.4335937500
30583241.8904393427 1186915.2070312500
30794025.3047185913 1207799.8085937500
31542026.6866707839 1253863.8593750000
30333817.1785804182 1144008.5195312500
30798296.3503598347 1207906.7929687500
31315903.8778996952 1243963.5937500000
31787353.4705660008 1258350.6093750000
30761288.6490031593 1205611.6914062500
30362793.4859435521 1154624.1210937500
30841692.8024688400 1212946.4179687500
30408664.0374100469 1162399.9531250000
30645231.9117606692 1192233.3125000000
30461623.0277876481 1171733.3593750000
30542626.7272491939 1181990.8203125000
30819784.1192553863 1211012.8007812500
30605150.5736527927 1188848.8242187500
30845963.8481100835 1213053.4023437500
30640960.8661194257 1192082.5859375000
31109438.7533711903 1231885.8359375000
30739379.9657897055 1203678.0742187500
30393992.8747371584 1157052.0039062500
30520898.2144191265 1178891.2929687500
31584271.6233371869 1255940.1718750000
31292193.8988420218 1241908.9609375000
31684393.7078308687 1257207.4531250000
30356000.6881963871 1147666.1445312500
30384976.9955595210 1156968.8867187500
30310130.1367298961 1139890.3125000000
31084177.6428658292 1228932.4570312500
30437549.4871186540 1168181.0195312500
30721043.2956960015 1200724.6757812500
30420203.2283238508 1163203.3789062500
30301408.8918096870 1139150.4296875000
30621221.4438418038 1189345.0078125000
30483420.0385851450 1175956.8515625000
31666656.5837330334 1257185.7734375000
30469824.8886099868 1173749.7773437500
30402194.7355594933 1158276.0859375000
30933060.8921489939 1217706.6289062500
30656223.8994619362 1193990.3398437500
31786799.8524907678 1257242.5468750000
30443885.9036898054 1171702.6953125000
30603662.8606688268 1187982.2343750000
31411215.4067038074 1247911.4453125000
31437014.6015674397 1248595.0585937500
31462493.0049884617 1249295.8984375000
30622709.1568257734 1190211.5976562500
31524606.2097841911 1253308.0234375000
31444755.8808906190 1249274.2187500000
30539936.3061901219 1181984.8828125000
31351723.3236539476 1247232.3671875000
31222203.4259820394 1237258.5390625000
31204466.3018842004 1237236.8593750000
31369460.4477517866 1247254.0468750000
30664271.6329901852 1195502.0859375000
30581754.1774553731 1186048.6171875000
30965099.4801548123 1219602.2539062500
30776387.6671463810 1205973.1757812500
30772116.6215051375 1205866.1914062500
30634315.2162484787 1192056.7226562500
31347189.4193618447 1245286.2304687500
31151683.6900375932 1233962.1484375000
31419277.4774696045 1248573.3789062500
30718759.5593260862 1200493.7851562500
30544107.8653057367 1183896.8203125000
30626384.5769060403 1190283.1054687500
31133946.5659397580 1233940.4687500000
31393651.6131091043 1247614.0898437500
31566534.4992393516 1255918.4921875000
30660000.5873489417 1195351.3593750000
30570046.8502259217 1185943.9023437500
30686180.3162036389 1197435.7031250000
30587605.4333988950 1187306.6757812500
30681909.2705623955 1197284.9765625000
30617837.7266135551 1189078.5390625000
30494959.2294989452 1176844.2109375000
30693294.3471844196 1198417.4726562500
30807312.2295374647 1207932.1953125000
30561666.4484787136 1185259.5937500000
30548138.1670124643 1184010.2851562500
30785403.5463240109 1205998.5781250000
30522199.1820922829 1181963.2031250000
30503975.1086765751 1176869.6132812500
31013657.9069213867 1225636.0664062500
31274287.8469779491 1239607.0429687500
30819248.9391047955 1208135.1875000000
30853004.4356545322 1214160.5585937500
30652272.4993051142 1193296.7265625000
30831095.7524410784 1212226.9414062500
31231434.6646355800 1238927.9648437500
31266842.2440738939 1238984.7382812500
31249171.7887334190 1238949.6445312500
31053303.7142326795 1227591.3632812500
30835366.7980823219 1212333.9257812500
31035566.5901348442 1227569.6835937500
31031395.0310192257 1225657.7460937500
30899520.4179621749 1216343.8554687500
31080317.9139187448 1227702.1367187500
31079955.5687422529 1227684.6718750000
31062580.7898209058 1227680.4570312500
30915323.7680511586 1217684.9492187500
30911052.7224099152 1217577.9648437500
