90326909.5008378029 661157.9477539062
90502840.8360689282 685366.5769042969
91018598.6318878978 733947.1572265625
98447728.5459700525 812079.3603515625
90070269.0027398318 603119.1850585938
90096274.9213007838 609866.5356445312
90145829.1715804935 625213.9075927734
90390911.6928648055 670460.8090820312
91027829.5464459807 737289.1391601562
89850153.1482991874 527921.1765136719
89891129.4621879458 550678.7106933594
91408313.7842330784 761123.2573242188
89874162.1044919640 546825.6306152344
90475102.8144692630 682166.7861328125
91508331.0817879140 763011.9282226562
89827793.1241036803 509941.5922851562
89846641.6830959469 523279.8861083984
89969847.6380513906 579481.7105712891
90005898.6944106519 590071.4034423828
90405127.7295658588 670932.3566894531
89989842.7198778689 584427.6409912109
89995290.3914334178 588725.9957275391
90039297.4925256819 596582.2989501953
89988790.2686826885 584294.8211669922
90345062.9213064164 663605.9084472656
90799940.6526235193 717777.9599609375
89917258.6220277846 563770.5635986328
89869725.1905262470 544753.5095214844
89905022.7831379771 561400.3538818359
90014868.4596033543 592557.8856201172
90031503.6908092797 595327.7120361328
90242808.9081644863 647618.0219726562
90522246.0994562954 687702.9780273438
89924186.1211716533 565843.6798095703
90229250.3382833600 642831.6367187500
90777120.3649400473 715375.4736328125
89868518.4869041741 542573.5773925781
90001774.5028754324 589100.9102783203
90138391.6488421112 619046.5861816406
91069359.9244330823 739406.3164062500
89926356.8227615058 567246.1279296875
89869371.0330931693 543531.3835449219
89890775.3047549278 549456.5847167969
89877916.4815149903 547286.7438964844
89961228.9168524593 577913.0142822266
90071237.3160571307 604188.2812500000
90184962.4612244070 632902.4931640625
90516273.2065798938 686421.7722167969
91044336.9911239147 737761.9868164062
90192536.6021001935 634214.8471679688
90469129.9215928614 680885.5803222656
90655066.4897531420 706556.3261718750
90042707.9135528505 599924.9447021484
90435511.5917566121 675349.4387207031
90007962.4259671420 590410.7044677734
90081111.9695048034 608308.7363281250
90106633.8723534346 614582.1938476562
90114343.1834834516 615220.0451660156
91273999.1999886334 752805.0488281250
91362495.9454321712 755265.3256835938
90144096.8008439988 621957.7861328125
90942092.9872408062 727103.0517578125
91352256.1032133102 754638.7524414062
89916904.4645946920 562548.4376220703
89899858.2420404851 553832.6109619141
90196987.7647085190 634895.4980468750
90411100.6224422604 672213.5625000000
90314823.4426438808 658825.0585937500
90568331.9820534587 693552.4245605469
90703126.9833921045 710433.8798828125
93062162.8664591908 787850.1108398438
90002425.5715861022 589635.3385009766
90119173.1330750883 616187.0544433594
91219799.0021740198 748679.8422851562
90067914.0570739359 602125.9101562500
90200245.9132302105 636251.1115722656
93057980.0706788450 786641.8808593750
89965432.8514454067 578069.0201416016
93019343.0204810798 785661.7236328125
98472957.0621928424 817516.3935546875
89974559.5729499459 579597.7230224609
90078372.4962098747 605442.8681640625
90133804.9423746914 618478.0983886719
90168348.9757153243 629112.2375488281
90388368.3067695946 669162.8845214844
90893755.0128477216 725605.9238281250
90129614.0234945714 617673.1843261719
90204333.6294977963 638326.2692871094
90234986.6755452603 644557.8432617188
90539410.3078371733 688288.5085449219
91387518.8787413388 756876.7006835938
90254357.8438186347 649981.6193847656
90009952.4726615697 590716.2310791016
90123364.0519552082 616991.9685058594
90311292.4693976045 656871.0749511719
91148583.0555568933 745159.1708984375
98823510.0575300753 817924.2451171875
89841329.9488115907 522902.5101318359
90210663.8789061755 638731.3232421875
90366556.4590673149 667401.8288574219
90649093.5968767256 705275.1203613281
89985966.5291231573 582615.8406982422
90142582.5677222461 619851.5002441406
90278187.6813339293 652602.1572265625
90094745.6501969546 608933.7958984375
90839669.5835261643 719876.2988281250
90210911.9706496298 640479.1479492188
89948180.0021770149 573106.4688720703
90678104.0500829369 708780.3613281250
90589910.7336259335 695987.5559082031
90972978.1439715028 731358.7783203125
89946316.2640334666 571681.1947021484
89983178.2941488624 580963.1712646484
90254157.7597577125 647636.0273437500
90545383.2007135600 689569.7143554688
90286435.6593987793 655290.9777832031
91299022.1332978010 754432.6967773438
89937689.1615081429 571097.0540771484
90101970.9553233534 610301.4079589844
90845911.7918550968 721400.5966796875
89917632.1402822733 564384.9527587891
89931297.1067674756 567426.6463623047
90440383.0423706025 677355.0524902344
90218373.1900361776 640767.5876464844
91194776.0688648820 747052.1943359375
89866941.8856275976 541620.0446777344
90059718.8728729934 601618.1757812500
91130410.0202218890 742200.6718750000
90868732.0795385689 723957.3994140625
91251700.5467042476 749872.5307617188
90360262.2427020520 664593.8391113281
90290610.2479628772 655524.1386718750
90737286.9133337140 711995.5976562500
90625977.6449013352 700917.2145996094
89949311.2111962438 574714.9354248047
90068565.1257846206 602660.3383789062
90364027.5570634305 665512.7751464844
90283906.7573948950 652751.5617675781
90636823.1393271387 702474.1662597656
89946623.3956961334 572758.1214599609
90324366.1147425771 659860.0231933594
91254604.9333619028 750169.6474609375
90610522.3263781965 700227.6882324219
90013497.7856908143 590872.2369384766
90260936.1849704683 652134.4980468750
89922460.4634587318 564790.6114501953
89851597.1348513812 532979.0417480469
89886338.3907892108 547384.4636230469
90564381.8514100909 693537.1276855469
90520995.2679563463 686883.4812011719
90172539.8945954442 629917.1516113281
90257771.6784761101 650429.9328613281
90494694.4550074041 684637.0031738281
89849041.3999563903 523398.4739990234
91103550.8207613230 739493.1088867188
90548600.9770531952 691327.5637207031
91655399.5031049103 768254.6782226562
89899373.0310750157 552319.2838134766
90164830.5834654421 627741.5864257812
90961274.0319076031 729292.8232421875
90070967.9028726518 603163.4116210938
90157010.1168840379 625247.2651367188
90758390.5577467829 712203.2624511719
90303428.1783248186 656386.3742675781
90383548.9779933691 669147.5876464844
90344161.5084958971 662151.4206542969
96411171.6640663296 794173.1601562500
96512617.2728476971 798148.0429687500
90160639.6645853221 627075.9731445312
90468480.1773846298 678566.3503417969
91126750.0863773972 741521.8959960938
90222564.1089163125 641572.5017089844
91668923.4903456420 771655.2607421875
89855351.5118743926 533440.1550292969
89835175.8549281359 522322.8089599609
90301345.1475896686 655938.0607910156
91891373.3900665641 776864.2285156250
97144621.0431130081 807734.1796875000
89838930.2319511473 522783.9222412109
92419342.7450300902 777044.7416992188
96296253.7345519066 793794.8906250000
90458665.7450275421 678189.1308593750
92731240.7106948495 783846.0371093750
92464359.8269832134 781672.6308593750
92439114.7516001165 780978.0234375000
90409962.0651620030 671860.4929199219
91630700.2702287287 767907.0048828125
95226645.6468287557 790079.7460937500
96550828.0530355126 801839.5371093750
91460781.2234127223 761514.5405273438
91792532.6720791012 771684.7421875000
91624772.2766405642 765863.3955078125
91521007.5717564970 764832.9428710938
95728788.9671707451 792512.6650390625
