99196334.6458230019 53952.3285242170
132376128.2018531859 82956.3631286621
99460494.0584150553 55044.2691116954
99105500.6883688718 52594.0509439557
127673591.4841925800 78195.6388435364
127120562.2215857655 78161.8876228333
99083603.7018549740 52398.3411434442
99185782.0068554431 53951.2400842756
99217667.7183439285 54062.5200506299
110309961.0428528339 64795.9326394200
99359591.1958148032 54250.8781549167
99850554.1001825035 56479.9504700328
99354858.3589916229 54127.7196827556
99111352.6265048981 52608.5161081403
99129500.3470028788 53210.4716592878
101729590.6134005487 58465.8670349742
102310245.0088084638 59315.2313686684
132571651.7188193500 83238.6825866699
125408101.8229425400 76927.1622754633
101077462.9522151053 58347.2271584893
99622024.5073757470 55144.8879242564
99713287.5587061793 55822.2217941905
101490503.4296972156 58400.5311920072
101024024.8427883089 58208.4693911150
100405460.9164683223 57493.1249695445
108783961.1701070368 61999.6504942477
125004490.6595799774 75776.6610603705
105916448.3973569572 60745.1566196651
99456575.4413444549 54630.8155594493
99711239.4840090722 55590.3051148082
99966450.7589272112 56579.7620545054
123030755.8949928135 74793.9397166553
107858050.7134438306 61941.5266982615
107146071.5120006204 61711.9122543335
123533542.4409474581 74879.6312449756
123444800.9346066564 74877.8340037647
131365505.8245876133 82922.6305694580
109084177.1078608632 62558.4376191199
119039545.4082880914 72105.9303772575
100197809.1807963699 56828.7551804210
99442573.7425510585 54302.6355152751
99755741.6200053394 55916.8256149913
113367094.7577084005 68022.9515647767
112506307.2262900919 67111.0219993470
115878168.4286500514 68844.7284895480
115295376.4533387274 68220.3569838107
110283034.9633187205 63746.7052401938
115727914.4049875885 68731.4408622794
106086630.3323181272 60802.7510777594
99673537.1710087210 55484.3605263779
100848069.8945317417 57731.0862774700
131104018.9394107163 82858.0968170166
100832381.3426567018 57616.2646280527
128244767.2195878327 79649.7565307617
101947477.4057052433 59232.8114627422
120015142.1889185011 72708.0852981210
126507450.1900806278 77072.7620983124
127046454.3703444451 77729.7268733978
124857331.6682684720 75736.6575832367
124189999.1434229016 75427.6578463130
130672672.8893768936 80264.1783752441
104390394.6880716980 59798.7191349293
122017041.4809286296 73706.0534790787
130866364.4697945714 82246.3704681396
101784357.4591381699 58491.8320543232
118528686.1422383338 70218.0709708333
118591643.8626821935 70633.9667754769
105734789.3093916029 59817.0851040897
128964452.1669482738 79955.5965175629
130728687.6555899680 80539.5100173950
130825930.0064299703 81071.7154388428
117926486.2146272063 69693.1598545313
111813637.9457314461 64968.7372334199
112002975.3048977256 65753.3591206269
110059895.8607287258 63234.7938353494
110081640.7816345543 63364.1285254434
110057948.7506478727 62968.0361480359
111977188.9086213410 65265.9481487470
111887863.0286337435 65075.5279827313
126593936.6706864834 77119.2715225220
117181145.9543076605 69266.5701426268
117641937.2369263172 69305.0278013945
121284895.6798020303 73456.6183719635
121127566.1731077731 72747.2426853180
122763675.1773462296 73942.5799312592
