123178446.0651514530 144.9457893276
133369592.9241757244 182.7116508186
133437805.2367177159 183.2014063001
119272020.5318832248 133.3316407344
132503989.1134697944 180.6621288061
126106499.0747626871 156.4602750254
126109298.8452215642 157.0023467255
133476050.6284597963 183.3167786002
98689212.7326975465 42.9535978182
132685509.0249514729 182.4991726279
132245715.8238894343 178.7960487604
126821614.2590573281 158.1794562127
119333815.0479067117 135.5735868058
128339958.6248242259 163.7030815515
123992827.0840733647 149.9730433726
124021545.2253083587 150.4412359202
121673835.1299597025 142.6310787484
132104106.6491152644 177.3140228391
121299869.3199624419 141.0544941938
132553426.0556767434 181.2993679941
128037761.2960878909 163.3161364230
120464280.1299442649 137.0605645320
129667993.1324395388 171.1864868980
117836628.7375781983 131.0558511300
98713566.9325644821 42.9724764979
113628016.3571026772 108.8604419856
123134315.3310623914 144.4641307497
123221138.4672934860 146.6455389166
118688741.6718980670 131.6224932811
123719347.8965720385 149.9726439321
98678809.9032850862 39.8713557317
98677147.9340425432 39.8695178969
130904537.1398219317 174.3621996492
129626448.7369883507 168.0658893543
98725654.2829472572 43.0175333205
98727217.5012725741 43.0387736957
98732902.3356900811 45.7142701715
98796244.1052834988 45.8292130131
98809813.7305843979 45.8537442285
98766719.1162855774 45.8207017567
131393915.0800477415 175.0524122790
130155870.7777873874 171.4406815171
98893075.0293600559 48.9273828503
98731510.5573306680 45.6414338897
119195218.3030905873 133.1864653737
125657347.5582347512 155.8436812133
120569962.7430914789 137.9260429465
121213859.9186076671 140.2175484602
117595680.2745556086 129.0434502237
111178594.2262763977 102.4032053039
98818633.0027645528 46.2272548363
124651485.1956926882 151.2242730643
125119318.3508096933 152.9181374099
124162198.4889627993 150.8603924525
128583417.1025679559 166.0054790359
128906200.3456483483 168.0166383088
115927706.8615817428 121.1896509560
117088585.5396697223 124.9216303694
131965558.9441417009 176.1730402708
98842978.6897358149 46.3243498447
102778502.4649914652 67.7514285686
113802673.0201138109 112.2422065678
116019188.9113354981 122.5782141144
123328569.1093364656 149.4012089662
123296695.2723685354 148.7822428555
127570673.9275167286 161.5034531429
102071172.5353491008 64.6625884715
117545024.2147248089 127.7261053379
98867901.2939067632 46.3406028803
122633065.7507422268 144.3471679270
130352885.6160368174 172.0292815268
101538386.1072487980 61.6893980661
127405283.3852721602 160.1756383665
106052943.7379062027 82.1365580316
117160139.5324553251 126.4704738948
98883805.0126090050 46.3425045366
99251888.0569535643 49.8215909198
99048908.5069385320 49.7822902042
99189953.4184340984 49.8158122849
99089567.8713191748 49.8152852308
101152387.9246825576 60.4707065390
102146371.0467763692 64.9266731904
101092010.1628291905 60.4423158632
99280689.2493918538 50.9862808320
104636830.5857417434 79.9982742715
104810337.3113940209 80.0118422575
99275520.2771979123 50.9843284542
99324830.3506098837 50.9902989136
99261950.6518970132 50.9597973579
99805284.3324545771 53.3701417315
99668543.3554723561 53.3572247196
99342259.2233007401 51.1996452103
99704324.5217852443 53.3695653546
99428256.8570761383 53.3393095899
99422145.1457276493 51.3258281748
102666031.4027239829 65.5802619743
99407193.6621064544 51.2814928594
99420226.2146438360 51.3078648957
103895358.0484319031 74.3489829834
99812326.6927656382 53.4928403321
100008268.6441742331 53.5045150885
106986891.0174210519 89.6467556334
100071800.7757737488 54.2332838341
100065398.4514746219 53.8902716572
104847047.2096091062 80.1509390375
100259654.2975004315 54.5157324073
100203108.6158240885 54.4998811183
100378041.3511524051 56.1178069969
100481770.2327688038 57.9468667765
100236010.0343962312 54.5001436171
100406210.5351244062 56.1248903533
100806116.4802759290 58.2135545869
100470319.6095022112 57.5946553347
100280396.1259348094 54.5241518316
101864961.4980106056 63.4560373833
106088243.0064817667 86.2525582795
103156688.6617565602 71.2707466484
100447529.8928597867 57.4658188445
120437216.3576558977 137.0457860190
100956212.8826882094 58.5104159856
100871889.0943323374 58.4861806774
101442045.4319166690 61.5025199162
101036918.7909477949 58.5212786639
108518277.0248372108 94.4571571918
110857884.1445620656 102.3054955559
107946928.5696962774 91.5136226984
101291422.7413365245 60.4752538723
107286471.1137352586 89.8050244423
117362231.6544816643 127.4731656410
116353458.9563229382 124.5775757082
116401906.0510490537 124.7194639989
108459768.5752096474 92.2947764154
108989929.5377181917 96.6869582924
109489873.7908554524 98.9940231640
109250551.9666424692 98.2356956227
109203360.7323912680 97.0114027056
108767364.8428653777 95.7210842165
108968913.5898126811 96.1245184558
109197146.5216636360 96.8675162196
110165409.6522922814 99.3814197191
111900526.8595900834 107.6592328707
112171318.1181995571 107.6732207099
111489028.3790202886 104.7924075642
112492510.4745339900 108.3346394189
111328288.2542679757 102.4819415578
113712406.2950213552 109.1272348946
113051364.4687431753 108.6102957602
114217363.1652401984 113.6952169640
114372817.7573242038 116.7909994675
114640553.1488737911 119.4230948640
114506510.4521916807 116.8761598421
114333453.5524469167 116.0455071284
114636354.4189435244 117.4505619360
115367099.2600252479 119.6936049520
118721855.6519674659 132.0690590106
