116132992.4930112958 34126.2394780796
117220653.4228757173 47761.5706081390
119579690.4482345283 58010.0788574219
115997307.7287017703 33389.7051235121
116928948.8881362230 45360.4911763668
116899591.2277157307 45265.0309503078
116912500.1267489940 45347.5179097652
118049933.6485166550 52178.2886278629
121534431.3910443783 58957.3468627930
120685231.6200124025 58843.9483642578
120992583.0535342395 58920.2138671875
118045824.6085859090 51933.2457949333
117318205.8964031786 48710.4340641499
117574260.3796882480 49440.9632724971
120047791.2122969031 58254.0798950195
116649080.7685184330 43445.5595702678
116621878.6001259238 42861.4806308299
118855185.3257601112 55816.0035769939
118233772.0577281862 53574.7495465279
116236313.9276568443 40208.4764522761
121724305.0103955269 58976.6508789062
116131983.2221316397 33942.5781112146
117458637.8260128945 48938.2723588943
117006868.8758973032 46105.4623486996
119698144.8531891555 58069.5026855469
116162989.3321333826 35329.3778605610
118485149.4901526123 54463.4679751396
117169225.4560485631 47634.1210186481
117385762.5583112091 48729.1096391678
118366233.6874489337 53868.4861159325
116568704.9651623517 42855.1100921184
118797646.2556481808 55657.5607237816
119060012.6119880378 57511.3117675781
119861843.0011179447 58206.3610839844
117527831.0562101752 49200.1702253819
120255259.3104119003 58501.1472778320
120254887.3399163485 58499.6208496094
116209295.1199921221 37801.8612696379
117774722.7553835362 50735.9560594559
118079844.2368904501 52773.3584231436
118326528.5375325978 53682.5470694602
121808118.0357970893 59103.3858642578
117142006.6292895228 46798.8078430891
117387725.3840053827 48846.0993199348
116289274.4763260633 40691.9944622517
116392034.1689180583 40849.1150888652
118474976.1512388289 54252.9237532616
119483898.6860911846 57980.2293701172
119346317.6017521769 57767.6708984375
117009568.4285679311 46138.4333321303
117005156.8147806674 46030.0997998714
116977990.0346846431 45903.2246628553
119345861.3846955448 57651.0739135742
119811192.7117864341 58139.2728881836
119428132.9324147105 57899.8664550781
118498267.1600800455 54563.2175688744
118526535.5594659895 54708.2305083275
118737625.6290424764 55498.8586795330
119329107.3152835518 57511.5415039062
118761009.8508973569 55642.6437194347
118926751.7197843492 56522.3441619873
118876491.6709631830 56330.5027434826
118930228.2753616571 56596.5070648193
119048019.4386942685 57144.0050659180
118819790.4605887383 55674.1081790924
120798090.8947470188 58867.9584960938
116710651.7522803396 43665.5449026488
116544855.6000272483 42732.3826014251
116642290.1719131917 42967.7138525695
121252380.3295557797 58936.6667480469
121217868.1187902987 58922.7669677734
116439853.8098221272 41202.1486174315
116482438.2527590841 42429.6067206115
118703518.0739500225 55220.8269969523
120829661.9826870263 58915.5864868164
117506849.6382329613 49126.7656643391
118849091.9600327909 55809.4001674652
117885265.7090922445 51366.3834687918
117936995.7540847510 51920.2876117229
118828226.1166555583 55770.2081058025
118632049.2526064515 54918.7446792126
116788421.7498497516 44453.9283589125
117550830.1008092016 49239.4676296711
118184571.8906764984 52967.5578981936
118381826.7150225192 54154.8240218163
118873016.2842881382 55845.4570682049
117780775.0488439649 51337.5760607719
116732968.5064961612 43919.0203763247
118230990.8383399248 53180.6922125816
118426057.2413460314 54188.3968977928
117299328.1574568301 47977.6651165485
116733576.2377360165 44106.3237820864
116850219.8159379214 44994.2056458890
117478846.6863561422 49048.8070023060
117599804.4190711826 49474.7213528156
121583759.7440147698 58970.4031982422
117313971.7511285096 48546.0505840778
117112025.5993570536 46716.8080151081
117671909.6770940572 50733.0094072819
117627483.7157082707 49824.0264940262
116690122.4346696585 43554.0438972414
118358487.7792185694 53796.1778964102
120335935.8357439339 58710.6989135742
116097023.0528639257 33490.0335373562
118520404.3252366334 54599.5607771873
116462460.3737488538 41945.6686900109
118211826.4921754897 53048.4301848412
117615051.0584653467 49717.6964018345
117290928.0905260891 47928.0010911226
117309874.6589507908 48139.2382737398
117624440.0898702294 49721.6873686314
118193608.5380066037 53001.4691599905
118316368.4801755250 53581.8680701256
118194750.8592673242 53006.7499598563
117048825.2611152977 46566.8284577131
116983030.9482598156 45927.2347237319
116850207.3105769008 44692.2756928205
116952145.9826977104 45790.8696192503
116997476.3384112269 45927.4419938326
117125438.0155236274 46766.9995468110
116647558.2631139010 43254.9875617921
116452475.5392644852 41707.0004752576
116541300.6285194308 42615.9833885133
120164189.1227100044 58411.6038818359
116151057.0052681863 34839.0613204371
116124300.3821214736 33531.5585184982
116132219.5513468087 34060.0438548457
120131064.6751095504 58332.7903442383
116393912.0260225087 40862.3786582202
116747236.6982242614 44106.7446301877
116852820.0772546083 45018.4590805769
116426014.8657788187 40938.1925915927
116415216.4063207656 40932.2130247802
