111963841.4092226028 1097099.8339843750
111927903.9975875914 1089863.8681640625
111660303.1076051742 1066200.0893554688
111567356.9138994962 1058426.4350585938
111537593.6828894168 1050027.6606445312
111331267.0234991014 1029896.3496093750
111551021.2055744827 1057914.8530273438
111495820.3876549155 1049406.6406250000
111652049.2445567399 1064607.0361328125
111668777.8100311011 1066955.2319335938
111578227.2447903454 1060594.3759765625
111788755.8631883711 1079198.6962890625
111777899.6649653614 1078612.1567382812
111852200.3799542338 1084648.2294921875
111593633.8618444353 1062326.0854492188
111785998.6212483197 1079022.6240234375
111706825.7818523645 1073036.3745117188
111948935.1611064523 1093724.2529296875
111811057.8152285218 1081524.3671875000
111737238.2771309465 1077255.6523437500
112371543.5154808462 1136959.8198242188
113004329.7046258003 1184473.2734375000
112727455.7546317875 1165141.6435546875
112810749.0810764581 1172935.1875000000
112713471.8252768368 1164996.7919921875
112772779.5878191590 1171510.4462890625
112620907.5792742223 1160760.3164062500
112349052.9945301563 1135369.7226562500
112289470.4238307029 1128668.6523437500
113046058.3469592035 1186836.5800781250
112896753.5450623333 1177858.9873046875
112995049.7783621103 1184323.9912109375
113207022.4672757089 1197350.3955078125
112684653.6959654987 1162398.7553710938
112391464.4464334995 1139561.3061523438
112465353.7309479266 1146085.0756835938
112523667.4346047640 1150153.6220703125
112496890.6174478680 1148908.7578125000
112318316.8840802610 1133146.6845703125
112333107.3128744066 1133182.0791015625
112566538.1981839538 1153475.9335937500
112444845.1203748286 1144785.0058593750
112157502.5112609118 1117931.0742187500
112154620.7857967019 1114357.5048828125
112228997.8877132237 1122318.3198242188
112002115.3183638901 1100604.7490234375
111865257.4263536781 1087526.7387695312
112027513.4703986645 1101552.0458984375
111896400.6491612941 1089699.7167968750
112083310.0602377355 1106989.2578125000
111992130.4564209878 1097283.4741210938
112049317.4530713260 1102319.7495117188
112106399.3223894686 1110069.4985351562
112234606.7515032142 1123423.1210937500
112057651.7287308872 1103241.4809570312
112577633.2177912891 1153789.6533203125
113913913.8344060332 1235609.5898437500
113542045.5614237040 1216747.2636718750
113717042.4723975211 1227764.4843750000
113556917.1060060561 1217538.2285156250
113544712.4834757894 1216896.8496093750
113611011.1117238253 1220012.3906250000
113481775.6631269604 1215066.7412109375
113704964.0264675766 1226773.7158203125
113592143.1746095717 1219892.9208984375
113377269.5729633123 1206902.1181640625
113172656.5212998837 1192608.0058593750
113646030.8887539953 1224669.0439453125
113395140.4547361284 1207824.2607421875
113616638.9854027480 1224311.8320312500
113414223.7966757566 1210395.3457031250
113319867.2610373795 1205160.8232421875
113438877.4037941992 1213145.9414062500
113316269.9913699031 1203697.3496093750
113256960.8022105396 1202228.9638671875
113177241.7564841211 1195112.8994140625
113077797.6133408844 1191188.6738281250
112211299.0342025310 1120368.3701171875
113060802.9373830557 1187313.6943359375
112959616.8165876567 1180770.8115234375
113062164.7434037328 1187952.1542968750
112973052.6617573202 1181691.3750000000
112740834.5533095151 1169365.3710937500
112709945.1576589644 1163406.5791015625
116483334.4170568883 1334049.5146484375
110990271.4579176456 989372.2968750000
111328848.3535366058 1026239.9912109375
110491497.5568943769 928908.5039062500
110129471.2876945138 867148.7153320312
110099843.9562712610 855386.9125976562
113799027.2879045904 1229942.1064453125
115971037.7988324612 1320759.7617187500
111430300.9379152954 1038042.1772460938
111424574.5633964837 1037338.5971679688
113804923.1231611222 1232087.9677734375
113836658.2946922481 1232129.9023437500
114328091.9102021456 1255569.1699218750
114306637.6600701511 1255491.8730468750
114014067.2645785511 1242062.1083984375
113971701.2001801431 1240577.8466796875
114114850.0914260298 1247812.5781250000
114111111.7823855728 1245532.7031250000
114080742.7024931163 1245244.7705078125
113933073.8086221665 1238970.6269531250
113854114.1759369373 1235310.1650390625
114202537.5878652036 1252010.6406250000
114605402.0283269286 1267382.8437500000
114196384.5446681380 1251286.1796875000
110120492.3286025375 865891.7509765625
110125546.5670051277 867044.7031250000
110228999.2699562609 882396.3720703125
117268894.8756545186 1351168.3925781250
115123233.4082249850 1289521.6865234375
114664540.9494120032 1272630.1357421875
114623185.7581546307 1269637.2236328125
114759446.6643222719 1276509.4580078125
116553856.8460410088 1335711.4355468750
117952480.8347872198 1362365.3535156250
118066813.4242947996 1363651.1855468750
118138928.1642224491 1365160.7421875000
118197910.7454879284 1365627.9716796875
118067840.0966369212 1364317.7109375000
117762129.9872103930 1359624.1787109375
117676752.5418804586 1357780.6640625000
117778690.3466915786 1359821.0039062500
117684836.9015068859 1358217.9199218750
117749210.6107808948 1359431.6933593750
117483348.2699720860 1355352.2792968750
117453868.5340614021 1354962.9687500000
116680770.3884519786 1340085.8847656250
117382223.3904946595 1352982.7900390625
117864236.0396398753 1361365.5742187500
117372131.7829612941 1351320.3750000000
117026488.9195336699 1347009.8691406250
116931975.5306555033 1344337.8437500000
116790687.3667421937 1342052.4326171875
117235013.5850520730 1350254.4257812500
116608906.9664163888 1337941.8232421875
116576731.9649500698 1336953.5830078125
116808628.3798356056 1343513.0302734375
117128491.3518613428 1347896.9902343750
117114675.4661603868 1347198.0654296875
117153425.1545498371 1349819.6162109375
117093942.5816998184 1347162.0654296875
116584039.6074660867 1337211.7119140625
110448299.5319812000 923913.8823242188
111061752.9722185582 1003026.7993164062
111126368.0239580423 1007858.5058593750
111406391.8687378019 1035552.2104492188
111388503.6164647788 1032677.2221679688
111235780.7704830319 1018752.8154296875
119660935.2102679759 1374758.8623046875
119862812.0387003422 1374855.6552734375
113373011.0743792355 1205654.5175781250
112139994.0372620374 1111990.7802734375
111997189.1437276751 1099136.2416992188
111207521.1110420376 1015914.9409179688
111299325.1826913506 1024595.0517578125
111112158.6449053138 1005312.0205078125
111142832.0717750639 1011669.9018554688
116395710.7849524915 1332080.6425781250
110640695.2466972619 955207.1093750000
110711196.6029833108 960940.3505859375
110668108.0981060714 959893.8647460938
110639856.8837588876 954567.4614257812
110762600.7067752033 969595.7255859375
110733898.2749495357 963151.1196289062
114408370.9180152416 1261625.5527343750
114382611.3780784011 1259460.0117187500
114348173.0246250033 1257731.5478515625
114681088.2203834951 1272892.0507812500
114478010.2637973428 1264586.6621093750
114509312.9395589828 1266490.1064453125
114488393.5800587833 1264956.0498046875
114266628.8236980885 1254789.5224609375
114040639.3921998590 1243597.9619140625
114142591.6175366938 1248949.6845703125
114144751.9019509554 1249037.5380859375
113989732.0171599388 1241739.9824218750
111646679.1484902352 1063973.2133789062
110514272.2191267610 932481.2827148438
110365739.6449070871 909773.2055664062
110366980.7963676453 911514.7167968750
110383078.4711679220 915722.4428710938
110371699.5584472418 914771.9077148438
110347913.0808408260 909400.4858398438
110302568.7704105079 907618.4458007812
110175030.7287155688 878274.9604492188
110291176.8280245364 900274.6562500000
110295991.8658310473 900459.1816406250
110258838.3781801760 896874.8784179688
110183626.6971879303 879824.8857421875
110248608.0422404706 895969.4663085938
110242916.1607834995 887909.6206054688
110217376.3285927773 881968.3579101562
110203144.7629622519 881413.7573242188
118769018.6040971577 1370575.8779296875
116782406.1336850971 1340906.8867187500
110786099.6098524034 971849.4907226562
111477493.5764372647 1045069.8457031250
111254063.0072305948 1019785.6206054688
114776801.9073271453 1277057.6796875000
115083532.9137953073 1289125.8974609375
115063509.9723492563 1288836.9257812500
114967978.8047784865 1284962.3447265625
114980933.9077003151 1286090.4414062500
114936326.6074554473 1283681.7929687500
114708387.3391983211 1275182.2968750000
114742496.6297392845 1276460.1328125000
114823562.0492590517 1278843.2382812500
116153585.6520325541 1326789.9628906250
114999690.0647511184 1286863.3378906250
114836266.0181565583 1282591.4384765625
115994910.0703271329 1321517.8398437500
116011643.4781744778 1322457.4023437500
116078232.0782126337 1324792.7636718750
116156012.9524024725 1327005.0351562500
115857848.8984992504 1320323.3193359375
115416784.0330570191 1303075.8076171875
115422016.8105283380 1303518.2031250000
115486810.2894046605 1308615.3017578125
115536769.5722705275 1310607.1191406250
115278845.2599635720 1300711.5361328125
115182018.3490601331 1294105.4960937500
115125776.3631816208 1291759.2333984375
115275270.1913553625 1296536.9941406250
116089121.4581592232 1326022.8300781250
116104759.1159505099 1326492.8964843750
115689565.4006176293 1314430.4599609375
115679378.3926994056 1313276.3144531250
115439783.0937004387 1307790.1025390625
115335955.6341599971 1301540.0751953125
115463198.2812367231 1307944.1103515625
115599954.2090495676 1310844.8466796875
115794380.9717479497 1318548.6367187500
116437156.9954158366 1333400.1103515625
116338231.8489310741 1330363.8027343750
116176492.9266166985 1327526.8867187500
116044016.1556773484 1324366.2197265625
116020920.3062927872 1323143.1396484375
115920676.9184559882 1320424.6201171875
116726015.7936849147 1340605.2333984375
116276817.9892120957 1329151.1992187500
118259793.9341572672 1365935.8271484375
117629720.4607860595 1356691.0849609375
117576548.0079264790 1355421.8740234375
110106266.2074093521 862166.2189941406
110082652.5702797323 853027.4260253906
111037488.3159291893 996658.0185546875
110897434.2521231472 984014.6743164062
110995174.0079989731 994610.8745117188
110871678.8441910744 980778.9409179688
110807863.3229955733 975767.1088867188
110835633.3447676897 979809.3461914062
110891069.9835560322 982340.3286132812
110918095.6467417628 986023.1054687500
111061055.6016886979 998309.6201171875
110018716.6481200904 836451.2736816406
110007069.7064755261 834977.8024902344
109938889.5274710953 817700.8588867188
109961037.4000503570 825295.6870117188
109952471.7662186623 818668.6791992188
110063791.6268493831 848141.4943847656
110034494.9103933275 843510.6003417969
109964187.5088732541 827367.8139648438
109983994.6579783261 833427.6599121094
110051468.7426932305 847071.9340820312
110020405.1773905009 841285.4113769531
110172375.1112243533 876021.1467285156
110081928.8581521213 851806.2639160156
110543211.4733738303 942446.2343750000
110579448.2669062465 946237.4155273438
110560225.7779890150 945759.4487304688
110524219.8689386398 935882.9038085938
110533707.8542173952 940654.9516601562
110532345.6338133663 939310.0727539062
110468077.6102761775 927815.7631835938
110602506.6424167603 948771.9746093750
110603949.2332311124 950286.5297851562
110716846.5257403404 962221.3144531250
117917254.1796884090 1361448.6933593750
111301835.1887066066 1025485.7016601562
119392249.3986836225 1374015.1181640625
119148269.8166296631 1372988.0712890625
118979945.2669651955 1371740.9697265625
118658263.7166420370 1369461.1396484375
118594744.5403613597 1369405.9482421875
118583286.0578302592 1369404.4580078125
118272383.0855891705 1366224.5224609375
118294914.3596617281 1366230.3505859375
111450631.5925839692 1040547.4511718750
120076604.7946947068 1375187.7998046875
118855340.0555422306 1370761.6689453125
118899023.0862861276 1371103.3935546875
119291589.5282952636 1373176.2587890625
119007464.7686102837 1372905.9248046875
118732420.2111778557 1370462.1318359375
118706263.7291559279 1370460.9287109375
118415426.6943781674 1369356.1044921875
121027863.4747985154 1375573.5166015625
