89891792.4466369152 3165.9830859005
89622838.9863722920 2163.8741067946
89668225.3469801694 2698.0649762338
89832720.3100250810 3038.3642259687
89670017.3082745969 2703.8809464127
96768926.7727761567 5231.7685489655
89714938.8870872557 2907.4372187143
90920770.2503019422 3375.9853512911
90611704.1341717690 3336.9440920469
89828135.6652304977 3038.1494875401
89711863.6839687973 2847.5890864267
96685496.7380288690 5191.9697246552
89892741.7510541826 3180.4518430531
89614818.2950953692 1955.9521405995
89677994.1897384524 2799.0768646449
89744227.8343651891 2945.6786315292
89704987.4599201679 2824.8125753105
89936410.0272396356 3186.6170232743
89732760.4914028943 2928.2105414122
99325279.8596385568 5620.7110977173
89917024.9851211458 3186.3214290738
96687309.5971366167 5209.2556247711
89726174.1325671971 2924.9053088313
98807357.1816802174 5606.7905578613
89793383.5490913689 3037.6706854552
99063949.8279512078 5608.0899658203
89628402.3486936688 2272.4472825825
89656363.9614960104 2689.6167206019
98521720.9927039891 5543.7833595276
89708292.5525610745 2839.4728834480
89881813.2373060286 3083.0517812073
89832841.9719392508 3044.0540124901
98729638.8259454221 5582.6749649048
89621688.5625584275 2162.7228693962
89766354.4933552891 3034.3654528743
98502789.4982194155 5523.9218959808
89621806.9046208411 2162.9871385396
89615820.9682769477 2053.5269944966
96599632.7868395150 5181.3130073547
99136044.0800969452 5618.1481475830
89635237.6364069581 2382.7235081345
97097429.8517559618 5319.2664737701
89679330.4624282420 2800.0796034485
89644693.0999152809 2576.9028103834
89699086.1523778141 2818.7510271555
89623297.0365792066 2166.4585960060
89636879.0994451046 2469.5451951176
89675815.5378542393 2797.9770746714
89646916.2203031480 2580.1565765589
89644458.5173052251 2494.4694569260
89687724.3160629570 2808.7551568598
89645765.7964892685 2579.0053391606
89642235.3969173133 2492.1836521775
89695689.5698662400 2818.7503973693
89662722.6334065646 2696.3842285573
89655213.5376821309 2688.4654832035
89707598.3480749428 2829.5291093439
97357218.7418021560 5322.5419158936
89674595.2125360519 2711.1039402634
89653787.9164356291 2601.6437962204
89683529.9295069575 2805.8443726003
89612529.2446089089 1944.0668504536
89851609.2225247473 3074.2460949719
96077243.2117023170 4857.9462914467
96811413.9389574677 5292.1232318878
97635435.4954716116 5419.7699737549
89868437.6154190600 3081.0923073590
98661834.5357045531 5561.6890487671
89841889.8054400384 3068.4186585248
97036452.8256491721 5294.6216449738
97626994.4910462201 5325.8902359009
97056381.9613165110 5301.7974262238
89608381.8016336262 1748.2864191830
89629881.3389347643 2360.0850510746
89623633.1917457283 2250.8891761750
89611353.9906573445 1857.7465632260
98496768.9013944417 5421.3760356903
89638029.5232589990 2470.6964325160
89631031.7627486438 2361.2362884730
89635571.8202610314 2385.0093128830
89629999.6809971929 2360.3493202180
89636997.4415075481 2469.8094642609
89622585.0681998283 2163.1189670861
89612193.0894423723 1859.6362702847
96489584.7642212510 5180.3216876984
89615184.9443231076 1969.0964143276
89628574.0597506911 2275.5491688401
89621470.7494542897 2078.5565583706
89620381.2833743244 2078.1869871616
89838263.3678496033 3062.3503783047
96321474.0218029022 5134.7768793106
89618436.8526944965 2055.1087449044
95803740.0995632559 4730.0296590924
90346656.9987823963 3188.6115381718
96216463.1502979994 4893.9244327545
95867068.9568529427 4799.6262068748
95343078.8732476234 4699.8067403436
95659621.3565360606 4723.7727895379
94780019.9575909227 4669.0275782347
94739454.2372809798 4615.2795716524
96026082.5180500448 4818.6504751146
91101744.6134122908 3436.8216918814
91057781.0422467291 3395.4380116570
91099524.3173970878 3411.0796442139
91094250.0135614425 3395.7864911389
91653336.8803385794 3754.9261476398
91686187.7132564485 3835.6861300468
93584844.6487867236 4368.2712571621
91551399.7314865142 3568.5907722129
91842030.2717056870 3938.7663058043
91708810.8465017676 3845.0347215533
92032253.0248759538 3970.3199756145
92794917.7861366272 4140.8101577163
92000052.4377728552 3966.5404180288
91477368.1785886735 3545.9220063090
91343229.3308325708 3450.6683022678
91664727.5628314167 3827.1609988213
92566605.7286257744 4074.4164651632
92437477.9564344436 4028.8478864431
92148590.2588121742 4007.3201230764
93466439.0826188922 4364.1736162901
93174813.4168913364 4295.4697817564
93172220.9204312116 4219.9327650070
92536536.6778615862 4058.7468224764
92942410.8703872710 4169.4579675198
92480626.9406796843 4048.0870794058
92610092.7188174576 4085.6948789358
92610124.8316616416 4118.0175832510
93333720.6105312556 4330.0366187096
92757855.7042532563 4122.3747650385
92993095.6805571914 4219.6111477613
92987750.7094964236 4199.8825575113
93816626.9012332410 4404.6770279408
94479905.1106152236 4511.8328809738
94235924.7414775193 4479.3153254986
