81054853.2287851423 1269.7931669503
81126142.1160663664 1277.4582559913
81179224.7250503302 1280.1321758926
78862794.0408184230 907.6874153416
82117574.9584021419 1366.6122055054
81120162.3163881302 1276.2554205209
81284678.5041102320 1291.9982984960
78996658.1302047521 940.5111799983
81453359.0919593871 1305.0231719017
80186369.8293291628 1138.9976782063
79146621.2837972194 971.1830158775
78420554.3171222061 775.1798149062
82624924.2579839081 1389.1572303772
82584542.1080843657 1387.1353054047
79050207.2377638817 949.1737863834
78881238.8633535951 917.6773436084
78950921.0081195980 927.4917797373
79135055.8307868838 961.5766880533
79449630.8707351238 1023.2462620730
83282096.9391265064 1406.1029624939
83161609.0660118014 1401.1140289307
82985036.3278754503 1400.8589916229
81403611.8388803303 1302.5694589615
78835677.8321440220 902.9142924152
81832428.4316578209 1340.0348751545
82533100.0374840647 1382.9671154022
81707794.3415991664 1332.7798531055
81680526.9230379909 1330.0279929638
81750342.8268306553 1332.7854897976
81595484.2795320898 1323.3038146496
81642259.2336470336 1323.7647445202
78349233.2663023919 758.4968046254
78473658.6150558740 796.2471030871
78705452.9572996050 866.9459222780
79617502.2392961234 1048.9929825764
79588529.7583384067 1046.4462343896
79574656.6321214586 1045.1310723805
78670433.1093466133 858.3057802161
79296760.4283236116 998.0861261413
79760308.8706758022 1071.5915635297
82455401.7422239333 1382.9493808746
80936630.7282284051 1251.1097520143
81092741.2483793646 1270.4084490091
80995199.3397365957 1259.5580074638
79298304.7313614637 1001.8420289829
81320186.6386547834 1294.7851624489
81650266.3543414623 1327.0902550220
81456265.2737530768 1310.8454673290
80249110.0915851593 1151.5798024996
78578985.4921722710 838.1291100852
80705346.7434407473 1222.8098206371
79782509.1459383965 1076.4067443167
79628610.5806226581 1056.3940796112
80288760.2557712346 1163.4705553274
79450048.2373299450 1025.3620588630
79705115.9394541532 1062.4714258883
80089228.5696122050 1122.9676664094
78928424.0654654950 923.6292030565
78851379.2544993311 905.4632635914
78938795.2894725204 925.0619549696
78814174.3392433077 901.5114910613
80007181.4161095917 1114.1785330395
80143496.3973254263 1132.9867662648
79876765.1585440934 1095.4366726200
78747694.5737253726 885.5356067169
79997673.3916136324 1112.3009407381
81552963.5056759864 1319.5866382122
81491672.3472940475 1312.1697356701
80156376.5062951148 1137.2660116414
81050748.5365342200 1262.9646892399
78778350.9487299919 889.5309509814
78734799.6700316966 885.5170967859
81352353.7056058645 1295.1990349740
78626655.1789478809 846.0532801440
79765617.7125928402 1074.1904812848
79673362.8276798278 1059.7253021454
80179777.7848306298 1138.3715281929
80013321.8265877366 1116.0181171754
82018549.2956047803 1355.6389038563
80042497.6256680787 1122.5542576173
80106579.3281763792 1128.0205810824
78686763.1279582828 864.3794906096
79526595.0303015560 1038.2567198250
79732040.6411774457 1070.2713840629
79766198.0246640444 1076.0224904066
83764929.0894882679 1413.1197280884
81521704.1944847554 1313.9378240108
78699267.4904065132 864.8263429014
78450396.3798002750 796.2150753489
78528677.4789910614 818.5932582623
80584803.4016383141 1211.2877030144
80765479.8280662000 1230.9729196131
80894519.3832826018 1244.8646325916
80559059.3324845731 1201.7433108538
80808295.8280235827 1236.0456452221
82549579.5278682858 1385.2247085571
79621246.6202769727 1055.7366083290
80107416.4973347485 1129.4208496371
80241591.1979001760 1149.4860616485
80720354.0348093659 1230.8016743511
78646430.3386399001 857.6730231566
78606682.2544931024 842.7756747820
78602757.5943336487 842.2181527488
82732415.4307823181 1389.4062385559
80846760.1617301553 1244.4628953785
81407915.8740624338 1303.7574648857
78589862.6906399727 842.2181445413
78569478.1598120630 837.1236022226
81245285.0453540534 1288.6704750061
80931219.9303351194 1247.9005638375
78923006.8266646415 922.5905092922
82743019.3761049211 1394.9238548279
78838559.6719510257 903.5402665400
79691599.7935726196 1061.5608344743
81970981.5273367018 1352.2261428833
81863640.5874999911 1343.4880259037
81316892.7633984387 1294.6897268295
81366898.7098556012 1301.8229060173
82381323.4789462835 1382.2062168121
78731711.5986004472 883.2309677211
81783184.0873140097 1336.5681645870
83414458.0678765327 1407.6081714630
78559297.8451618105 836.2243087372
78563157.4630275667 836.9529241882
79738303.2091145217 1070.4372196968
81179846.1246223897 1285.5781183243
78520579.8980394155 816.5422250881
83672092.1085952371 1411.8412132263
83888675.5462215096 1417.0851840973
83183924.3064158410 1403.8365116119
78498371.2161988169 816.4044153044
79917499.2281675488 1098.0194408447
80319440.3106740415 1164.9538146718
78937184.7949970812 924.6564113772
83210780.5095191598 1404.4664402008
79630893.0854997337 1058.8719123075
82433021.9986308664 1382.3824443817
82173721.9572876990 1372.7682266235
79945083.2326600701 1106.5762896303
79606015.6822740734 1047.8531761143
79507758.2726250440 1035.5368273923
79851989.5772837102 1092.4816987151
78427818.5343452841 789.9107995585
78483525.1350659132 797.8667849378
81114336.5509082377 1270.8594121784
78929205.8045217991 923.8492622203
78809027.4917539656 901.1276434577
78837361.4164201617 903.4628000348
79562173.8848569095 1042.3712580869
79553791.7927464992 1041.7781274984
81027165.1020265222 1262.6562621295
79437653.6631010175 1020.9382130259
78798842.2958918512 900.8426714032
78778929.2304286361 897.0266662925
80094407.6720879972 1126.3869892517
82246243.4706542939 1378.6338787079
78443705.1529027969 790.0647805646
79273354.2085772455 995.4098541119
80190673.1115920246 1145.5786526958
78709140.1930073500 868.7582530561
79925107.3946162313 1100.9161147028
79386903.2637735605 1007.5974138029
80037238.7892311066 1119.7356725493
80343179.5416254848 1167.6327544912
80335913.0219683349 1167.2563204984
81004715.5752092004 1260.4268059582
79438973.5899646580 1022.9262045095
78425279.2901986986 779.2137054882
80256350.2527995408 1151.9538015588
78757269.4421829879 886.5574267092
80398202.7894088179 1169.8447904806
80813421.0436953604 1238.6019671708
80420323.1883038133 1177.3216819982
79473893.3603608161 1029.2573142298
80951019.9151352495 1256.8103669435
79156399.7653078884 973.0145789643
79117026.5790653676 961.4509199538
79222234.7692843527 980.5522502868
78496031.2488064021 808.8329169944
78487703.5861705840 807.9354066849
80689714.1893788129 1218.8471463174
80520663.4661751091 1198.6696067303
79000487.7152691036 943.9439909275
82847223.3508296609 1397.1940402985
79727779.7555776834 1068.9919411358
79782181.4274209291 1076.2811187063
80081066.6592259705 1122.7090033069
79136480.9500933290 964.6584499201
80229078.7066892534 1146.6734639060
79388104.6369326115 1009.3685802528
82140241.7186575979 1367.3669795990
78395298.1681351364 761.6543499536
80631579.9272066504 1217.6290795207
80116034.3167709857 1130.1191397272
79394189.1715279520 1012.2652439186
78976196.2392836660 934.4603247076
79582767.7976192534 1046.1552882040
79411479.8081716895 1019.9473460386
79841879.2041017562 1085.4662977122
80804637.6688069552 1231.2939798683
79794531.1604606211 1079.4457550714
79658286.9145378321 1059.6447439859
80500049.0082502812 1188.8191357846
80437810.7470788360 1179.0386284678
83337772.9654491842 1406.4764747620
80500506.4648362994 1189.8950689510
78301749.7777823061 720.0452307235
80461888.6121861637 1183.9020317881
80390865.4866967797 1169.4282052368
80403568.7674043477 1172.2471692413
78335093.5516239256 755.5980623385
78391165.1874416023 759.5331150452
78399590.9329554439 775.1511086405
79931392.9460289180 1101.4332683645
79707703.8463970125 1065.5319637917
79709767.7591728866 1067.3832771443
79109901.8864256293 960.7753152859
80086968.1693620235 1122.9055899158
79844486.0094524920 1089.4698358439
79136461.1539497077 963.6135616621
79186786.9323270172 974.8552254939
83630050.4003329128 1409.6981353760
80399540.0762041509 1171.1507708877
79339592.8949063867 1002.4282251480
81968541.7132586390 1348.9510445595
82045806.1458641887 1357.6418623924
79684284.4747559875 1059.8374150065
79209601.1948654652 978.7507086582
79234359.9073945880 983.3447629520
82079034.6991555989 1363.4855155945
82231564.8983061463 1373.0962562561
79028195.4637813866 945.1391176493
79056852.9802390635 951.5550244727
79030559.1666891575 946.9992201139
79092300.8171964139 956.8850090562
79408744.8930715322 1016.6161235044
78971709.6413323879 933.4805173746
78727858.5618281811 869.0000157538
79504986.0012267977 1032.4037311742
78966394.8973774314 932.3740963170
80127484.2096326351 1132.0550436302
79404835.5287020504 1016.1336005399
79091155.0971058160 956.2015642842
79359134.1307805032 1006.1301605947
81931754.9692074507 1345.7082362175
79799940.2165833861 1084.0761152171
79508427.9901949018 1035.6001645992
82074886.8229849190 1358.8632431030
79501309.6777582765 1031.0906455708
79981972.1899988204 1107.4490833017
81854251.0194832385 1341.4965314865
79183441.1492296904 973.1696351464
82074820.7937838286 1358.7888278961
79058669.0656308681 952.8749346898
81935323.9882585853 1346.3758687973
79401680.5712811053 1015.6503986427
79538862.3418834060 1038.9313871333
79260133.0008641779 989.5726491519
79221280.0651770234 980.5123037765
79393084.4944347143 1011.7463424237
81592708.2905339450 1320.5868303776
82052992.8280542642 1358.3140068054
79392257.0695335567 1009.4174123695
81890015.5793952197 1345.4662096500
