42195704.8125868440 8915.0569366217
43411395.2445256934 11445.4992868304
44316910.5235859081 12629.1339187622
42809996.1449609250 10328.5979840471
43431384.8633116111 11498.5166112185
42633327.0666075125 9985.5412552072
42309535.6050393507 9242.6352493478
44746150.6570403576 13033.1789627075
42887561.5284642056 10460.5647198869
44078873.5597332194 12341.5859947205
42393793.7208137736 9339.6678847843
43081021.3491736576 10832.0177228166
42528771.7983733416 9695.2707751878
42932861.9143074527 10530.1984982248
44822956.8197914064 13154.9645462036
42604724.6238586456 9889.0917502707
43558348.9362704009 11658.3535575867
44562037.3622966111 12915.4782791138
42602620.9590653405 9853.1911625862
43333445.1466492638 11259.0303441286
42716246.9316884205 10089.1117169572
44277129.1760590598 12597.9780769348
42382409.5616255775 9339.5165342116
43487970.7394014224 11543.2125530243
43629192.6213597432 11815.3453617692
44162622.6317649484 12519.9641418457
43227900.9681305513 11143.8339501619
42794122.5266909972 10328.5978736877
43211028.1204282120 11074.0462839007
42893757.8349886239 10460.5968285701
42449135.1056137234 9560.1354515268
42271886.7358526215 8920.8321611285
43917344.9777528867 12246.4958686829
42601466.8296175152 9852.3981194496
43692979.9230133444 11897.8398246765
42923712.7727979049 10517.0598146319
43641981.2793205902 11831.1802272797
42644095.5085344985 10011.0976715088
43915115.7614111006 12233.6197814941
43215112.3101697043 11127.9990846515
43876474.1994085014 12160.8689117432
43985493.9582800716 12280.4778747559
43052975.9520855024 10809.6091651060
43193274.5474889949 11071.5359882303
43095334.8308266625 10832.0497211404
44124934.5919988528 12389.6476516724
42072440.8531544805 8447.1465758830
43541929.4458753094 11628.8764190674
43113905.6094477475 10885.9704132080
44363781.7459707484 12659.0861968994
43380089.7385409027 11311.3762168884
43282896.9106922299 11212.1722508669
42605369.1220055595 9931.5884544565
42854191.0553849936 10438.1561621763
43211845.3261100873 11125.4566802979
42865712.4379004613 10438.5816767551
43889262.8573693410 12215.3400268555
44002462.3620830178 12293.3539619446
43865990.3839616328 12040.9916076660
41991727.2121466696 7686.2165283107
44179591.0355679095 12532.8402290344
44225822.5358582661 12551.1199836731
44142260.3241350353 12440.8486862183
43848173.0261544064 12025.4933204651
42961943.5388111994 10570.1228980161
42780880.8379425183 10211.9239258692
42424214.4322734848 9517.6365556866
43657274.7417432889 11846.5012035966
43754631.8706263900 11975.8537597656
43306523.4699532017 11217.5884265900
42536711.9092850611 9726.4059981443
43779518.2711748555 12007.0096015930
42281070.3856177554 9146.1835527569
44108400.8834572360 12358.4918098450
42445294.8876317143 9517.6387473410
43254480.3623766452 11145.1956210136
44151394.7977353409 12457.4497375488
42752398.1760221198 10145.6164466524
42448779.8612299785 9517.7900979137
42302836.8840739429 9200.1363535076
44298322.7108262926 12610.8541641235
43738212.3802312985 11946.3766212463
42112360.8254712448 8522.8871551752
42834466.6351310685 10385.2444293648
42787495.0699501187 10261.2367970264
44465806.2613858804 12837.4643440247
42968144.3521275669 10583.2730574608
43014745.1860722154 10756.5460817218
44189909.4266223833 12534.5189323425
42359282.8931894451 9291.0403797938
42740942.3267064318 10119.1148086786
42665868.8383534774 10013.8010613853
42380363.3485476822 9292.6678162962
44274123.1223396882 12581.3770256042
42986364.4556084275 10623.8512441274
42644645.6925959215 10013.6400758624
42816025.8225714937 10358.6010757685
43912473.8991997615 12217.0187301636
41994048.2607798278 8017.1766347451
42452177.2372540906 9571.5893564373
42827481.6718871742 10385.1027137423
43775904.2289726213 11977.5324630737
42081096.6755493432 8478.7814417034
42591363.9012652040 9839.6750077754
44026093.0708894804 12324.5098037720
42481918.5185380504 9657.9629424810
44557545.6316539049 12852.9638748169
42470260.1174076796 9615.6950699091
44444895.0403480977 12774.9499397278
42043417.6611344442 8388.6296376748
42929909.0793223307 10519.1021680236
43491193.9723048881 11547.9379158020
42980933.0100883916 10586.2387732863
43270993.9359789714 11163.7781162262
42749789.9000292718 10145.6089713299
42249624.5528573915 8919.5873768641
42417600.2002658918 9468.2220048457
44023259.4656717926 12311.6337165833
42107756.4982008040 8502.2261934346
43117172.5935073569 10888.5128175616
44740087.4243968055 12920.4012374878
43884391.7788162082 12185.8628883362
44012780.7531374991 12295.0326652527
42190759.8762600496 8850.2344446331
42566628.4416456968 9746.0549881174
42273147.7953371778 8935.1525208950
42622525.9794767424 9931.6137651256
43558095.7800687924 11633.7665834427
44441020.8271652758 12675.9920120239
42178517.4876161069 8828.6833505780
43349864.6370443329 11288.5074826479
43009416.4900123104 10701.3022277271
43184713.5560192466 10953.7905840278
43008756.4141127989 10676.1265886165
42463495.8632424995 9572.2835919177
42340292.4801416025 9244.3934175521
43679914.1119702235 11873.2528505325
43679673.1280619055 11862.3360691071
42457369.9502965212 9571.5915480917
42622665.8010270596 9933.1952720881
42577947.0676341057 9774.1538087726
43455308.0733223706 11513.6800251007
42679396.9520829916 10066.7031592466
43347758.6283022538 11274.1937580109
43527285.2656860948 11568.2089118958
43457414.0820644572 11527.9937497377
42738687.6271303669 10097.1874538064
42826916.7155614495 10358.6902608573
42513750.4262122437 9695.2501563169
42502431.8002238348 9662.4933827235
42904334.1530011073 10468.6404567361
42923147.8164721802 10490.5678116083
42991315.7699505165 10676.1012779474
43178415.2013521567 10935.9047242403
42357316.7394390851 9265.7931610346
42365341.9763865918 9292.6471974254
42644176.0408340916 10011.0977818681
42395477.1118739396 9345.3482474424
43149880.7315089032 10920.0503960848
42156177.9788932055 8763.5527450591
43065764.6100463420 10816.5865098238
43959649.7858544365 12252.7283592224
42464201.0342105478 9614.0882522775
42327116.0707519725 9244.2420669794
42046519.6385611445 8392.0997421294
42981505.8181078136 10595.3168877121
42110403.3230108768 8509.8236950680
42032625.2643325999 8056.6923429519
43020941.4925966263 10758.5884351134
42345927.7198722288 9264.1863434030
42274451.2932315096 9096.7690019161
42571821.1546881348 9747.6618057489
42037657.6857705414 8350.3171428276
42053846.0795443505 8392.1736583412
42641236.5796481371 9987.1480728388
42100332.1681361273 8478.7837489441
42768545.5272530764 10150.2706505060
43326244.1858242005 11221.8478852510
43358628.1979474947 11290.1861859560
43129961.2514682040 10904.3476830721
42762099.9392642155 10145.7581622750
43530024.7317550331 11576.5305463076
42062501.9019392058 8408.8301291615
42174835.7182074785 8774.7327414816
