111016452.8510574400 17186.7450459420
111370511.9593650401 17846.9024632394
111077987.8978158683 17328.6089531779
111154964.9443853050 17428.6227258146
117857912.4373771250 20955.1234588623
114634444.9989819080 20550.4307708740
115657811.4190499634 20746.7700653076
115123662.3670049161 20708.1549835205
113090873.0403466672 19849.1959762573
108172523.9255877286 10162.0062453747
115931132.7050393373 20811.5212249756
116370692.4213885814 20912.1254119873
116437982.0925890356 20920.7407073975
115951828.2102246135 20826.2430877686
116259082.0525247008 20893.4432220459
115691958.4199725688 20797.3635406494
115618357.3185700327 20722.3291473389
115490695.8343791813 20716.8018646240
108058517.7480482906 9636.2081140876
110524717.9741272926 16530.8650594950
110394878.3447484672 16193.1049906611
110506749.1356391907 16521.9163672328
108276862.0214277953 10546.3661938347
108598819.1871095151 11716.7846529875
108065931.2409799397 9676.8241083324
108112573.1890850365 9961.7909002006
108100598.7117614001 9893.8184408545
109787018.7728802562 15051.8405084959
107893128.8900013268 8567.5202760836
111089897.7962359935 17381.4228063226
112661700.5923446566 19400.5194473267
112237782.6824803501 19028.3433418274
112663487.0070055723 19443.6324391365
112899734.2978816330 19660.6821727753
107492214.7934380323 5839.4870824656
110061814.3832263947 15604.5074419379
112473722.0140379071 19219.7528190613
110299185.7774739861 16081.4569345117
109536558.5247470438 14510.0180523889
109771732.1791785955 14895.6447398663
111847514.2640811354 18532.3885059357
109437958.8367051780 14199.6706046015
109398091.5696332306 14186.4552370459
109221369.8721781075 13817.3523796755
109337896.9398794770 14126.4033594877
109208501.3701888323 13731.2414308935
109227896.0737449825 13834.6409975439
108727248.2483058423 12056.7369691125
108677618.9177820385 12007.8784761950
107537287.3233267665 6473.4814872881
107451811.1121489108 5808.2165686628
107487226.4309428483 5813.6748018106
107496425.0210092366 6062.2072738102
108236818.2857547849 10533.4592483044
112142269.8218576014 18926.8353767395
111864441.0470966846 18592.0811691284
111813628.9897142351 18506.7197608948
112394055.5707219392 19089.9696846008
111874629.7235466838 18702.2151184082
111789436.1023176610 18484.2361145020
111966746.6235541254 18803.0300598145
111621827.2021090537 18202.7776927948
111561244.2853603214 18125.2377376556
111563369.6478897780 18176.5927791595
111657975.9699571282 18419.3357715607
111684336.3351394385 18443.8310718536
111453036.6064333767 18108.7424314328
108503746.0753895342 11382.5380254686
108038110.1618870497 9329.7303809524
108099576.2053160369 9723.5916197002
109852276.2837909162 15198.4082904807
109678159.6559138000 14825.9462170750
108927567.9189459980 12812.6512140762
109178923.2944014966 13661.3224420506
113342100.9914233387 19995.3741607666
108555991.1281805336 11576.2257357463
108620013.6762141287 11953.9960184619
108557086.8631342649 11641.1593905315
107688127.9547891468 7365.1836289857
109616564.5427906513 14794.5434003025
112876917.5996082276 19613.8812408447
112354417.0185272843 19030.3387908936
112455854.3791817874 19193.6030039787
112545138.3575681150 19328.8319473267
111171658.3407560289 17547.7835019052
117407296.1668021679 20951.2820281982
117284994.8316444755 20944.7918243408
110782355.5256184787 17035.8831919432
112814831.6598584801 19613.3794074059
111538146.9281632751 18115.2436620593
113949045.9331657737 20306.8748626709
114006668.1222115308 20308.5986785889
113943355.5680330992 20281.7270965576
116349106.3894827366 20896.8653717041
113089229.3831501007 19809.0528964996
107928023.4515441954 8917.7802545428
107924277.3651416302 8874.0806135535
107528855.1235854626 6179.9845245956
111089490.0598222315 17376.7273089886
107789410.3334892839 7911.2758585177
107800681.0726708770 7943.8007988036
107709421.8541891873 7541.2723324252
108747349.3197583556 12111.5087204985
108044896.9552376717 9628.2692832351
108562923.2746346295 11677.2682413717
108708452.3023952544 12025.2242420111
108663496.6466696262 11987.9084117804
111430114.5460822433 17908.3741819263
107814759.1083297879 8171.6989139766
108700185.6944323182 12015.5861169689
108760212.8153231144 12252.7274769579
107760680.4426243454 7852.3747047782
107819616.6312148422 8198.4006398305
109540222.1832494140 14542.6226142049
108406131.0097966492 11085.4191521034
108493606.0307989717 11381.5231333598
108457584.2181673646 11297.7712774798
108477551.2310552001 11317.1227484271
108746289.1785682589 12099.4044208780
112475200.9320221394 19244.1342544556
112225399.8854920417 18938.0884780884
107910582.7186258286 8825.1585310698
115649098.7902738005 20743.4411163330
111127716.0489344448 17420.2184920311
110167901.2253244221 15785.8692580033
112235375.8995526284 18948.7809944153
108358787.4039605260 11032.0946150348
108187094.8106678575 10213.9737792350
109325634.3750966191 13915.1381719112
108808024.0509062707 12431.0869821688
108775667.0294226706 12396.6691351464
108504913.7846835107 11386.1659505259
108320080.5548514277 10904.9122512341
108277777.5639190674 10673.2084912956
113767092.6895336360 20265.8071136475
113479179.4297437519 20062.1400909424
113669875.0680357963 20186.8384552002
113521711.2658629864 20178.9898834229
109923479.0300092548 15226.5759682059
110257102.6942268610 16034.6442801356
110487217.5658563375 16423.3312842250
109949432.1835148036 15267.2564330450
108310058.8013607413 10851.0718307830
107511876.1421785057 6138.8545086971
109984097.3540348113 15366.7337578288
112346145.2921603620 19030.1686325073
110400635.3395231068 16369.9256541133
110564847.6037172377 16575.5259572864
109986383.6870205700 15389.6662821751
110023352.6667808294 15524.0489128581
110036030.4871750772 15575.9536407939
109203514.9430066049 13669.9220307022
107737686.9421899170 7813.5308828279
107781326.9041681737 7880.3151420280
107676114.0468335301 7207.7402367136
107692728.2361554354 7512.8950882331
107604991.4779874831 6862.1565586105
116032559.4346625954 20831.8093414307
108142841.4396012425 10029.9934758842
110881562.2752310336 17049.1585708261
108995982.3042575717 13094.2330020219
109077220.0365777314 13393.6957057267
112759543.5234726220 19544.2537212372
111628346.4044104069 18311.0710221939
112691089.5923200846 19528.6436390877
107597357.4513860494 6836.4744604817
112093946.6724938601 18845.7458229065
108975680.9404417276 13053.3699053079
108941519.0083639622 12820.6089109909
108859803.1357365698 12640.3953529854
115002845.0237766951 20649.8246307373
111204537.8645806909 17551.5076687753
112879127.6066166610 19617.6881742477
113130787.0371193737 19977.2021102905
109958769.6686728299 15328.4675243087
110708413.7697377205 16792.5138701200
109481506.7368002832 14483.6188148260
110753900.2253920436 16932.1196362376
113917593.4620419741 20271.2085113525
109962021.6916258931 15336.0530694723
109316114.1252197325 13911.0174443722
108516109.8917964101 11574.6209689006
108422375.5490042865 11252.5247144923
108406142.5475424230 11244.6026678607
108383536.0777159631 11038.2934446856
108404243.8945318758 11076.0861311480
108152470.0154014230 10091.9767522514
108081541.1535999775 9717.1837966442
107531898.8331016004 6361.4246648541
112943443.1598324925 19764.7821884155
112745526.2868797183 19535.3271980286
107629341.5410096198 6999.8027163241
108252008.2849860340 10534.8768713474
107770738.6145040542 7861.4382633418
108733817.6091155857 12068.4310152922
108609058.3934914917 11719.4261261028
108306546.1837890744 10675.7909044027
108945922.3820801377 12835.7034229785
109453880.3896706402 14458.2448486090
109593952.8385401368 14580.7639138699
109597684.9719249606 14607.6595615325
109707710.3025851548 14838.8611892462
111019948.7614840269 17314.8033282757
107678228.1794199497 7231.4876276780
107872705.5221719146 8530.1329736849
107880088.4900696278 8531.1726545308
107858353.7359481454 8221.7631759551
113114801.0523000360 19881.5833053589
108060692.8048906028 9642.0575980544
109128978.5851925313 13447.9823466148
109130619.2088072002 13499.0172416717
108734213.1773904115 12083.2488289874
109076204.4681992531 13221.4975421019
107644981.3030304462 7090.9072141664
113387984.9048137069 20045.8580169678
110000404.1028876305 15433.0905346274
112592057.7908590287 19363.4171218872
107506378.1549104452 6127.9921379536
110880599.1352470517 17045.1448876262
110851073.3034858406 17041.7807343602
108196782.9734057635 10234.0528886653
107429813.1904754341 5222.1686116895
114213875.9048888236 20420.5944061279
114099626.7024762928 20393.2979888916
111019881.7767939121 17265.9668368101
107568337.9842517674 6492.8964029243
107560053.2459812760 6484.7418379625
109274544.5005589724 13869.2053845078
109160912.3524079919 13623.6277410347
108925523.4110330045 12791.5668367893
107991723.6051152647 9288.6252141103
108001750.3658514172 9308.1777800918
114711217.0428419858 20563.6298675537
114913012.2263830453 20642.2234344482
115068534.4034077376 20671.8822174072
114820832.5559791476 20626.9979095459
114451855.2745520025 20514.6261138916
114404559.6894704551 20506.4596099854
114333827.0866740495 20488.8749237061
112431593.5958434939 19110.3684611320
111420458.6408732831 17867.1763809740
109948353.6464761496 15248.2987308037
109714537.5158469379 14858.9561751485
110089911.0344787836 15717.3212377001
110118294.3235779107 15744.9342814623
110087902.7728732228 15635.4989281050
109828345.6274821162 15186.5861731521
109739462.2108540833 14883.5927701942
109907536.1686446667 15212.6893030754
110251108.9688601196 15946.6345874667
110343532.6161926091 16117.9453227520
110379861.0923111439 16146.4244755507
110273705.3089390695 16063.1137452722
110571385.2885335982 16641.7682844996
110551853.7187507153 16543.1832014918
108198119.6523823589 10479.6188278534
108888280.0028931797 12783.0039423257
109093624.3309047818 13429.7709638435
108853397.7757644057 12499.5818879354
109923052.7623344958 15216.4108978687
107827137.9577808678 8198.5507972751
107663945.9960652888 7172.5985786170
108744632.8077627122 12093.2866476905
110652753.9539103508 16682.8221605420
110620870.1003607213 16666.6492785215
107945075.8710093796 8972.8680819869
107960507.8269480169 9265.3935050368
107918953.9033276290 8870.6784047484
108001187.5637629330 9289.2332574725
110925059.0261641443 17168.5501286387
110677000.4447521269 16787.8965910673
111228410.1615719199 17660.7781041085
111321483.4682874382 17819.3378880441
111279853.3848672211 17720.6230061471
107581509.8506170362 6720.5538655238
107441559.3617696762 5494.5900207302
107593655.9298204333 6836.2457651934
110239970.2802682221 15897.8004860282
110184474.0351392627 15888.9174989462
115647591.5913589150 20733.6093902588
107732257.5747201294 7545.1181139201
108830201.1397882402 12455.8035218719
107733984.7957146317 7556.4832645137
107578099.1348611563 6697.9028156493
107520492.5943241715 6140.4007512322
107443947.0631290674 5500.3281332990
113488104.8686978221 20083.0983428955
109048147.0713724792 13209.0966267120
114553838.2196689397 20544.4223785400
114320525.1381658316 20449.0102081299
114482983.0163075477 20538.5181121826
108823835.0711595714 12433.6854489823
112392047.2799754739 19054.6892547607
109004099.3060558140 13157.9039387237
109039460.7659285069 13174.3775410186
109290716.5212545097 13900.5106375378
109587690.1250259876 14574.7869309364
109554832.9564533830 14572.2649096427
108947991.2867754102 12850.0385164749
108992301.2057896852 13055.2638901431
