110502820.8493768722 16168.4035155177
110799419.0226527005 16608.6472710343
110616823.2464147955 16409.8983544083
111404738.3181549460 17429.9444023371
112281317.5237230062 18806.6861114502
109243184.3643392622 13590.1593931219
109231319.1871752739 13559.9248407981
108649369.4681224525 11705.8252220667
108621201.6712515801 11641.2878638770
108528885.2659064084 11291.4986892309
108206639.9750536978 10052.3263286389
109710873.4729867876 14628.6693886695
108719839.0563558936 11818.2235618529
108595720.1252820492 11568.1205598963
108470421.3767426908 11196.6675569670
108481246.5333985984 11204.9890002601
108377503.3272253871 10891.9608251445
108355481.0368104577 10829.9775487774
109341875.8541020751 13930.3563268185
109262539.8367428184 13620.8528416342
109351778.5071352422 13932.2576207519
111370096.7790158689 17336.8456387520
111737958.7714328468 18108.7184559107
111881289.8494542241 18356.3311629295
111781154.7943470180 18234.0101734400
111332128.5780585110 17324.7955616713
111018238.7320833206 16912.2584874630
111051578.7985670567 16925.2870543599
109264504.4936208725 13724.3869210365
109164927.9271242321 13462.4336668733
111429908.0316872448 17522.1965690851
110248978.5366540849 15792.0275928378
110248541.6924563348 15703.3014297681
110110838.6356937587 15487.4148330884
110107618.9193074107 15481.5458765225
109937231.7595311701 15115.7990570264
110080834.4710723460 15444.1585741239
109887971.8505515456 15084.4174490571
112497028.9371987879 19064.2875696421
111575844.0859389454 17840.5522733927
107891440.3878341615 8202.4023818271
110718018.1931065470 16450.5772749782
109958047.7785904408 15141.7717384277
109957581.9646449685 15137.2165931640
115168719.4095129371 20619.9181671143
108909182.5821967721 12502.2001738530
109004904.4274745286 12872.3425468188
108920607.3902799785 12508.8679166767
109969321.8052946329 15307.5580061255
109886546.4570137858 15074.2851613038
109805126.2538810372 14989.0616491614
110472647.3849140555 16136.4273358881
110578081.2771490961 16300.4316756129
110350153.2268291861 15971.7629477382
110368654.8397529125 15972.3915688396
110134307.7425955236 15533.8218426108
110267589.8715972304 15883.0805191398
110396559.8338847458 15981.6656021476
113884134.6244591177 20077.6630477905
113653584.2205084562 20035.5916366577
108144770.0593096316 9866.4874416627
112831736.6869316846 19482.0017051697
113042926.5895699263 19671.1191329956
108252103.6669053435 10270.6098709696
108271472.2354938090 10358.8348620236
114312686.4991237223 20259.7794952393
115572343.0209454298 20692.3610687256
112585640.1120998859 19185.8428497314
107703638.7020082623 7141.7519864533
107734233.0601560026 7415.1958904956
107611587.8394125253 6732.5507990971
107649879.5140882879 7080.2875653002
107683099.5707633644 7081.3303355072
107695926.5952005833 7120.5993762690
107553686.6851001382 6089.2291797254
107625580.2830630392 6773.1330132475
107597160.0083973855 6708.8345623706
107554258.5368857235 6394.3604535166
107568528.7177210599 6401.6800103178
107585908.9524132758 6427.3779180041
107533426.2779516578 5714.6560910661
107478293.6204694808 5369.7590293307
107731213.2893981338 7242.3571779728
108095696.3582110852 9645.9967927374
107971627.9769869447 8612.8006541431
109895731.6511206329 15090.4200657606
111372806.6356498599 17372.9816865921
111509273.3543861657 17715.7201108932
111470577.5800714940 17675.9512739182
109529552.7463435531 14481.4305926911
109663635.3296611905 14608.3919838844
109644431.6083528996 14552.9200992761
109793033.6430304348 14887.7452811180
109596608.3859497905 14551.9875048576
109829598.9390310049 15069.6210096655
110453438.4324795306 16038.2973475419
108995415.3001859188 12852.4763255077
107858923.9106551111 8134.2363663837
107830210.2653909326 7799.6920408532
113935271.4568372369 20109.7452621460
113928378.6431150138 20087.4732513428
113827456.1094797850 20076.4869842529
113957903.8287723064 20167.0782089233
108845715.6834165454 12327.8469453371
107956138.2401141822 8588.8365717074
107896052.6317844987 8548.1835374972
115019626.4975536466 20481.1565399170
109516434.4950752854 14338.1437463760
108003185.8700405657 8849.2575878790
111215733.0063104182 17238.9276618557
111195040.3542961627 17198.2740497189
110994115.6575321406 16867.0671559572
114981321.9922157228 20475.3964385986
112211212.2487064898 18786.3469719887
112328012.1121138334 18881.9746747017
113402761.8800095469 19963.0532989502
113389429.9098591357 19944.7006378174
116141326.5256332159 20712.2621307373
114868417.5271017551 20473.6719512939
112808527.8673691899 19424.7270050049
113413259.1495913416 19964.6809539795
114220797.1808667779 20250.8894805908
109415818.1581607461 14155.6704842201
109381074.8512251973 14020.3817781806
113361424.5166952908 19935.5162277222
113725138.8415412754 20051.8523254395
113742935.4520285428 20062.6423339844
113489213.8634455800 20014.8602905273
113199855.1245715618 19753.0742416382
113191263.7413986623 19682.2033309937
116905032.0259081572 20758.5836334229
114458458.2455245703 20305.0164947510
107826045.4116730094 7798.0490647703
111862909.6161534935 18322.9257721901
109734076.7070935369 14767.2731759725
110818654.5857527703 16641.2817021012
110603671.9217619449 16326.3113487931
108776323.0777482092 12060.3292339742
108707699.7400057465 11731.2620283878
110833313.1253737807 16713.3462705575
110901110.0879064798 16766.8736977177
110864735.6467868388 16725.8253801623
108945400.2395503223 12544.0419636699
108023898.1311612725 8917.7348451754
112547952.1969942003 19117.7186627388
112335183.5123568922 18885.8821148872
107755776.6458209455 7511.9020106345
107838387.4440543056 7882.9778517634
107837557.8259773254 7840.9507357478
107856425.6246405244 7914.0362439305
107754463.0224531889 7466.6308643669
112961567.5464957505 19615.8744125366
107825001.4163250625 7794.5246889740
109219458.2335175276 13493.6072939536
109118868.5726007074 13176.3732595137
108432283.2394699305 10965.5250100151
116336623.4789492637 20712.8834991455
116748828.0572690815 20758.0950469971
107808504.0880480409 7767.9128827080
107799005.3596193492 7742.7066365108
115054683.5048221350 20531.9078826904
115121568.4789283872 20601.4379425049
110230031.7363937199 15664.0999054313
108983173.9888191521 12725.5289073633
111644926.1779718697 17936.9917745590
111969577.6914811283 18504.8884868622
111819103.1160006970 18254.8750829697
111711796.7051439881 18014.8697496653
110746432.1684299111 16503.3684671680
111289360.0017864108 17288.8266166411
108544344.4271625429 11349.1931530793
108538746.8304197788 11315.8918533027
108514206.7231504321 11271.2806824446
108440591.9642997235 11032.3835877180
108438687.6956925541 11001.6034011543
108399857.5826250762 10960.1506165266
108707965.1657224298 11750.6058396518
109717349.4581122398 14760.6269035535
109827556.2828939855 15033.9074783521
108567427.6583912373 11361.4386759913
110033910.8966891170 15342.6297363602
107893072.7111096680 8237.8930771947
113281046.9471793175 19789.1390304565
110049810.7802408189 15412.4004330635
108290577.9602601528 10511.6900159710
111096274.1870167702 17056.6714057522
110725260.2052020580 16500.6415710049
110957944.2458181530 16864.1368770199
108613471.6544674188 11582.1506704052
112894626.4007746577 19484.8340682983
112918391.7145358920 19562.9909820557
107973104.4692364037 8803.8762336811
107960539.0939746201 8607.6725986399
107877556.4891659021 8144.1279505342
108898286.1387858689 12499.2996183368
110676501.1617315859 16419.2605226403
115386771.4400383532 20686.4322662354
110908969.2691076398 16816.4822405139
109494134.9359907806 14183.7107369057
115026510.1568165123 20493.0596771240
110468151.5318581462 16068.1106995316
113288406.6171236336 19859.2963104248
108816968.7041631788 12130.0190943099
108055251.2668891102 8961.9071336687
108283038.3379125893 10501.8652763956
109029129.3413473964 12961.9790804974
110462594.6597716808 16058.4090446383
110400331.1077446342 16028.8238484859
109739506.4665483534 14841.8481945130
108210518.9153667837 10214.2506981231
109125407.3870389760 13214.9254288208
109026212.2202473581 12896.3891202877
110324136.9676572978 15906.4916017056
109655746.5470654666 14591.9947742554
114648554.0612662435 20402.2279510498
111437574.6057817191 17528.7626213133
112055287.9698550105 18585.5213075876
112153270.9421089888 18700.6277490854
114340177.7973025441 20262.2923736572
114576852.5885994732 20396.3681182861
114422812.0246703029 20282.8712005615
112747504.1323716491 19380.9152755737
112414070.3178814501 19027.5181813240
111354042.3406006247 17330.2645013332
112194772.2055382729 18704.1611676216
112800776.5911900699 19385.5924911499
112673921.0001399815 19295.5676498413
111735952.3888028860 18045.3408657312
112567016.1210159659 19173.8333058357
112079737.9167726338 18648.1620352138
112402299.3667415977 19021.7317128181
112511479.8204717785 19115.8606724739
112372700.7271351218 19010.5121388435
112743626.0341080427 19306.2401885986
112608712.0092478693 19217.8132133484
112626353.1336654425 19259.9964752197
112208973.2075957954 18719.6154747009
112366136.5383521318 18924.9226951599
109098930.8456047773 13170.3096167329
109140304.4420087934 13365.0926905624
109218473.6651214361 13485.0132311913
109155028.3707666099 13371.1680163476
109078655.4043077826 13133.7649389985
108994184.8099924922 12756.9149634126
108322580.9249078482 10627.5287592709
108350182.8286748081 10647.2374772087
107753396.5986998677 7421.9413811415
108044953.1776479483 8956.8615535498
109770628.6389605105 14881.3933204589
111060866.4939322472 16935.2285959721
107794781.4998340905 7515.1322876438
107848207.8772660494 7894.0672777742
110912359.9701114297 16824.3463762561
111014991.2603773475 16898.4587724963
108354596.8238850385 10703.4557800330
108312757.0482107699 10542.7637673013
108131299.9823393673 9660.2510187663
108074823.1836915165 9279.0204805732
108078950.5231575221 9606.3989433683
108252986.6304488629 10304.9524042904
108249053.3853292763 10248.2631182112
108174418.9233902842 9987.3818590939
108144870.0980169624 9938.7933916487
109304337.2010448277 13841.1005134894
110883320.9371290803 16738.5337236682
115932223.8613271415 20695.3405303955
114103489.0752028376 20221.3008880615
114355267.3286851645 20271.8096466064
108059681.8645600379 9251.2008799454
111153081.3858807534 17117.9340395033
110230420.2794890702 15687.5038768798
110167460.8741418123 15657.3708455563
109030766.5007713735 13128.3679663422
108882907.9678199887 12418.6553171492
108011725.4632257819 8870.5994884968
108035732.4926616549 8953.3970083734
109937775.3239086270 15120.1721268436
109294529.7168264389 13815.5121096275
109457719.6077537537 14160.7577710464
109265996.8063634932 13802.9699532143
108693341.1166668236 11726.1435177187
108764925.1310930848 12006.6269135988
108712054.1688332558 11793.2702650941
108666686.2174089253 11725.2613788760
115385563.3227407932 20626.8069000244
107801149.6971257627 7749.8564966548
114807730.8940134645 20454.7332000732
114691422.4174774587 20411.6219329834
114480332.4213501960 20335.4841766357
108839351.5988881737 12172.8033693648
115737312.1281355321 20692.8509979248
115094675.1446765363 20540.4203948975
108937439.3326511234 12515.1596015021
108979754.2047583759 12630.1716218508
108845243.8653577566 12258.7186189211
108726288.6118425131 11975.7454133547
108021464.0737441480 8906.4071169039
107803736.8264485598 7756.2799294814
107729160.6384039223 7143.6792847142
