121061524.4589030296 19428.8814172745
116904448.6729048938 10043.3478606604
118923145.3530532271 16103.9727965659
117052019.2139702439 10909.7273664940
118250871.9892787188 14807.0283049382
120730541.6175824851 18994.0623382330
121504598.2841188014 20003.2945345044
120886744.8033865243 19209.5195937157
118420371.9790243953 15143.1456175074
118123776.7018932253 14652.7342762146
125929227.4587771297 22421.2177276611
120007845.8837779909 17986.5952123469
119749403.6104100049 17636.0303796595
120126363.1552838832 18148.9364599055
118857765.4956052899 16048.6347018546
120432515.9520273656 18661.5145570636
123653636.0563408434 21757.3861694336
117826502.4779932201 13760.6860125456
119763656.5030581802 17664.1739223069
122750025.9414595664 21189.6957244873
125180599.8753373772 22321.5563812256
119084540.9944664687 16461.8767269850
121381196.6498326957 19825.7207887769
117745941.4085445255 13348.1334574614
117676792.3284172863 13299.8291007746
120551624.5296169668 18742.6145796776
122867559.7338693589 21271.4492950439
119284166.7982465327 16765.3317064112
120225274.9183836877 18342.1073814034
121660063.9027007669 20168.6498964429
122577233.4288105071 21024.0076599121
117492412.0268267095 12486.1828662623
117315019.0260801613 11745.3820474409
118938315.0832950324 16272.1573530501
117388993.0937150866 12095.9448405970
118179520.6827884018 14701.3441700134
118355192.8765356988 15103.4351881780
121106405.5496294945 19475.1942896843
123789751.1067632735 21771.2322998047
124906896.2125541717 22269.1608734131
119715616.6052677333 17531.7580329543
120431778.3848052770 18611.4126635194
118025450.8033141941 14249.6626890097
123124906.7360231578 21477.6794586182
123563928.9698616415 21631.1119079590
117317274.7553651929 11912.2947589625
117213161.8809797168 11339.0906039942
121085760.8440846950 19433.6688516736
122323344.2583258003 20806.6805205345
120232890.1482472867 18358.0595776439
118530818.5539634675 15443.8429526193
118051560.1598356813 14418.3543087877
118456090.4908235222 15323.8246707954
117886553.2989615053 14003.3121264372
119925717.7475800812 17925.6771876877
120277771.2389737815 18404.3724500537
124381733.4223492146 22015.0610809326
121205835.0513415933 19620.6448597908
118323620.8669232279 15095.7304762639
118274683.6518093646 14911.9444763698
122315512.7040256709 20793.0734729767
117793445.0483724624 13581.3722505961
117234466.1950540096 11560.6921308301
120047704.9938580096 18084.8621116281
119970897.5367018431 17983.5810979670
122986213.4433758855 21274.9436035156
119060959.5411337763 16391.5935889548
120089182.2800677568 18121.0236864751
120200857.4679948241 18298.1721373200
122444759.9696594775 20867.6630525589
119305356.4266816229 16794.5587266749
118934090.7486536354 16150.4240623629
119034597.4311767519 16334.6399850100
127106641.5698626190 22480.7741088867
126871992.8386560380 22466.7094116211
125677585.6460422128 22404.4115447998
117131935.4215715230 11132.7939289082
123526980.6227855533 21629.5591735840
125247203.7161406577 22354.9200286865
118509628.9255283922 15426.2782973154
118922617.6309310794 16076.7669059104
119904528.1191450804 17807.5527999467
119922801.4003054351 17838.0464760429
122698140.7385011762 21118.6278686523
119100376.3278169483 16533.6606184310
118401131.2151397467 15117.5006809272
121582991.9129957259 20052.4182527661
124426206.8792114109 22023.6736755371
118467609.9165603817 15378.3831628598
120790431.6675730348 19071.5360786319
118488799.5449954718 15395.9478181638
118439530.2211850435 15282.9194889106
120568919.2418873459 18771.0699285269
123826699.4538393766 21772.7850341797
119285572.2114979327 16772.8236407638
120906058.8403210342 19263.5260553360
118229627.9641464353 14772.7994306125
118633414.4147279412 15666.7153017372
121546043.5659196377 20049.4041383862
119329840.1620173454 16872.2240385413
124644503.9063269496 22156.7342071533
118891045.6213185787 16069.0621939963
120775422.7083089501 19040.3752106428
119308650.5335822850 16840.1410745978
121344090.0206443220 19757.6994525790
119166447.0469784886 16612.0564547843
125640637.2989661098 22402.8588104248
121058430.0596435219 19411.5456603765
118750540.9889710397 15842.1808931679
117361876.8877765387 12077.1720636152
117535741.5980973691 12716.7725619469
120133037.3726077378 18179.0494423574
119264382.5830628574 16740.7406768203
116867500.3258287609 9907.6921256445
117868998.3513880819 13821.9935772456
118584633.0275052190 15504.1261961311
118026689.2951710075 14276.1313831843
116995019.0583268404 10628.8491655923
116985988.0171148926 10562.8573880456
121013435.9502376616 19376.1786458745
125878435.5644771904 22405.7092895508
123288185.8746138811 21509.2953643799
119790692.9551236331 17723.7710160017
120089724.0028260052 18132.7572460771
119633511.9147830755 17405.0646011895
120178873.0440718979 18278.4705162644
119866152.4989530891 17794.3453457421
119965431.9714171290 17970.6543784738
117572689.9451734573 12852.4282969628
119089819.6050512046 16474.7696983814
121732912.2438949496 20243.7222108841
121688031.1531684995 20197.4093384743
122988467.0435600430 21366.0695037842
121980499.1403443068 20483.1854219437
118600079.5404606760 15606.4773573913
117992477.9837604612 14247.1062672175
118649974.6843664199 15707.6204836220
120950939.9310474992 19309.8389277458
120649196.3962198645 18913.3045496941
118563443.3990701437 15493.5917818397
116958070.7112507075 10493.1934305765
121581124.9686544836 20051.4961843491
119619305.1537666917 17310.9491881132
123251237.5275377631 21507.7426300049
118075735.3264883906 14422.9677999057
117905946.6984641999 14033.0775654353
118702736.3224139810 15725.8596098274
117168883.7686476260 11268.4496639241
117196801.0745117962 11338.1136213932
126956707.6288270354 22468.2621459961
119145257.4185434133 16579.9734908408
119429591.2911758274 16983.5688542724
117425023.3050535321 12136.4750903398
117988391.7669542432 14227.8609698210
117569444.8058496714 12781.0001050625
117666443.9738940448 13175.8169497643
116935891.2270123661 10091.2330371477
120269658.8801042587 18365.3870735830
117777990.5748898536 13558.3121898677
117822260.6411786228 13614.8058116939
121963508.5561580211 20464.9288544655
118793963.7340035439 15990.2731702179
119204520.3123535365 16626.5329436660
119656426.3832870722 17447.1708442336
117483187.4653719068 12409.3860116042
117968566.4501864016 14217.3408282194
119225709.9407886267 16658.6159076095
118681546.6939789206 15715.3251955360
119110035.8453770876 16543.6693942612
117347068.1924254745 11955.5607798472
120110738.8636313528 18140.7618925041
120744711.7122211456 19035.8408807516
117566006.8061773330 12750.2451532148
117600522.0926823616 13025.5810262356
117451051.0699988306 12188.0904772654
119131225.4738121778 16575.7523582047
118865785.3816630095 16061.5054282952
120975475.0146244913 19353.9201314702
118253494.0233742446 14894.3798210658
116898942.8799362332 9955.5773021318
123897724.2184299380 21783.4992980957
119965126.9656421989 17931.8129484057
118262732.6594014168 14901.1302318051
122599717.1865984350 21066.6560912132
122622187.5255933851 21112.9689636230
117529058.4591012299 12614.5894181989
126674659.9524309039 22462.6339416504
117741042.2278137654 13345.7523220088
118974484.9298194200 16334.3192589348
122578196.8833709210 21032.6572203636
119121565.9562520087 16565.7435823744
119385812.2669869810 16951.9446905810
118753464.3251222968 15952.8574801749
117492579.2635732293 12536.2164514326
117849604.9518854171 13790.7522585783
118085501.6242824644 14492.2888029013
121448236.0791040957 19876.1091604233
118807647.4061518162 16028.0301418114
118286828.8976415098 14954.6177654117
118423281.9786770493 15224.6881002858
118828837.0345869064 16038.5645561028
118166962.7380779982 14680.3511192836
117557881.2498224080 12730.8170131948
119507655.7296251357 17104.7015411258
117704842.9799393713 13341.2357577477
117629495.6268179417 13040.1612147484
117455630.9164971262 12400.5607164167
124587067.5933272690 22082.5802154541
120708510.1474143118 18986.2603214979
117761348.5716937035 13447.2771804370
119741581.3023035377 17563.2491446203
119569036.5068105161 17238.7087259954
119503686.8150764853 17088.6515838504
119435453.7701821625 16997.9859465957
117667894.6328632534 13205.5800227318
117924952.3050068170 14168.7309344206
117439342.8486181796 12175.3058250416
120575621.2578639388 18774.3976505995
119459523.4503741711 17056.0916473269
117494029.9225424528 12565.9795244001
118092944.7040986270 14570.8219525851
117530978.2696185559 12701.6352594160
120677942.8138215989 18941.6789311171
120842586.1250741184 19142.0574605718
117749121.0922714770 13411.8766978178
120528991.0891297758 18728.0708001852
117644792.1589710712 13082.0746480618
117490558.5119165331 12411.0808580182
117384016.5395016074 12091.2165148631
121356794.4786514044 19767.1283292770
125300250.6461502761 22371.5037231445
118248429.8915961981 14789.1989574283
123420879.5370683968 21574.0662689209
119543270.1477332562 17193.3784037298
121267915.6037411243 19686.9455139890
121195902.9883476049 19596.2545197263
123003851.7597252727 21373.2995147705
123040800.1068013906 21374.8522491455
123996341.4633700103 21839.1086730957
117520932.9027462900 12595.1612781789
123325334.9919627011 21525.3852996826
125237829.4568156898 22346.4242858887
122793887.0566582829 21219.5006408691
122558959.4101864547 21007.0960540771
122512075.8869902194 20984.3538942337
124448560.7931060493 22059.6509399414
122756938.7095821649 21217.9479064941
125200881.1097395867 22344.8715515137
122522011.0631103516 21004.0819396973
122363595.8206898868 20866.1103181839
123959393.1162939072 21837.5559387207
121039331.0481568575 19400.0297353521
120371024.0137408376 18519.9855188131
119565979.5350369513 17236.1177025437
120586423.6241638809 18778.5956109762
122449998.4477168173 20913.3909454346
120337551.0846734941 18434.5729707479
123457253.5179859698 21576.3825836182
123310022.2601869106 21510.0589447021
122480565.7813095003 20957.9723358154
124887468.2438512295 22226.9268951416
122337658.0154595524 20808.4120025635
126827535.4341585934 22464.0470581055
122168995.9910817593 20666.5322999954
122270542.9136194289 20729.4579896927
124851094.2629336417 22224.6105804443
125121998.1202297360 22288.7709350586
123896222.7825120986 21780.6527557373
125914689.8634325713 22419.6649932861
124835384.7553770989 22205.2261657715
124682789.8234817386 22164.7223968506
124076759.5414909720 21886.1883697510
125930588.5763991475 22440.5458679199
124158790.4079733193 21919.8425445557
125263302.2990741730 22369.9509887695
125112438.5216818452 22278.6153106689
122232220.5153415501 20727.9451112747
121730813.6537436843 20204.3714845777
122158202.4813621789 20624.4790468216
121779497.9099835008 20298.9553773999
122195272.1682654619 20724.4089784622
122153956.6172616184 20623.5110411644
122056498.4952443242 20575.3570650220
121445018.2665560544 19862.5173547864
121992795.6834486276 20518.8521364331
121433857.0938151330 19857.1529043317
124193622.1466695964 21942.6273956299
121240949.1309573501 19648.2319601178
121677811.0582830608 20171.3557007909
121853515.9439628720 20402.4214418530
121737493.9327997118 20246.8360956311
122045159.8646184653 20546.0425508618
123493342.5050181895 21579.2983093262
121277521.3006706685 19698.1918920279
124175598.5937334746 21920.4181213379
124123756.9664620310 21911.3421478271
124295129.0275580585 21973.1300811768
124004226.5326374769 21858.6301879883
124612924.6432741731 22133.4371490479
124287261.4007986784 21960.8969268799
