92440629.3914336115 47144.9202270508
89858444.8425884247 22819.7800177658
91158572.8968169242 39687.6625393778
92630078.0119919777 47849.8517456055
92595567.9686054587 47788.3847961426
90707499.1810596287 35902.7908365149
90596761.0854811519 34847.7602480054
90766389.4539233297 36667.4338523168
90668899.9298607409 35758.0916788001
90740457.4098532498 36481.6027719397
89843175.1087303013 22777.0526422840
89846064.5728043318 22777.2207290405
89903835.2139701843 24411.8753580792
89882058.0013893098 23653.2765921677
90568816.2408121824 34681.6382682323
92261631.6567199528 46674.2978515625
91635038.3050254136 43118.6749038696
89799204.1448565125 18870.4389290120
91404641.9851103574 41745.1481399536
89877934.3812243193 23565.9163955772
91973374.1538199782 45171.4808731079
89964645.2332133651 25609.2600891721
90317459.1289215982 31690.1212694645
90351831.9631704688 31946.3428016724
91836054.8815457523 44448.7642498016
91471727.6323440820 42074.7579930425
91387267.6204776019 41641.2385635376
91673451.9501980394 43377.8082962036
92194604.5406736881 46358.0888824463
92726193.9207913280 48353.5946044922
90874109.2734374404 37504.3387085199
90980593.1415145695 38457.9525634609
90146056.7402793616 29154.7074494213
90162194.0793650895 29307.7939594537
90802173.3189871609 36804.1953255674
91663673.1860061288 43359.7887954712
91280409.9248663336 40921.9298504740
91311496.4763924778 41164.0917249918
90415077.1225219667 32739.0176173542
90918415.7861285210 37899.7060701251
90901750.7961650044 37659.8608349077
92635848.9403750002 48033.4125366211
91019958.9788148701 38540.9480649829
89903473.9890318960 24385.4829897625
89869656.7104002535 23550.5787796635
89865174.2385294288 23507.6898789067
89878451.0557227284 23583.9149508221
89860964.1337433308 23429.2140640873
89835953.3873893768 22557.4541396225
89789093.1449863315 18869.3277992513
89820039.2914545089 21742.7637223328
89824481.5066291094 21755.8861006821
90422844.4825054854 32853.9096928658
90353288.9167442769 31973.6028836640
90432834.2301158011 32876.1365416916
89801397.6543042362 18979.6893257406
89773732.2387785316 18097.2046608236
90437386.3354344517 32879.7373407753
89818944.4051756561 20439.8122464847
90346204.5423047990 31865.0025868835
90316789.6459369510 31641.2258075895
90276563.5612753928 30930.9279560270
89812031.9172475487 20330.6333772372
89808299.7612918466 20310.2663575839
90341581.4577481151 31842.4332252564
90370455.2614248097 32103.6455927910
90290599.6094469726 31095.1833368363
89957755.0871407390 25526.8159482609
90231545.4025216252 30094.5452416688
90289111.5174809098 31048.6048249574
90338520.2097180486 31789.8584272563
89970003.2709008157 25609.9309437405
89957971.9217507243 25535.0773251187
90259521.5414523482 30592.3032156322
90269139.4754314274 30866.5662723873
90254123.7482898086 30589.1492191646
90322102.9688924104 31778.4958378170
90280059.7075383812 31019.7937641144
90291616.0183153152 31501.0787845943
90083672.9054632336 28218.5960423648
90109968.1340312511 28371.8464696109
89944578.1415006518 25323.0245525967
90227586.5319635123 30093.3332102001
90188661.6684797406 29987.6287214458
89950870.9174130261 25506.9530880582
90446344.6600831151 32987.7824124098
89914088.9156996161 24649.4769429099
90181417.0611908436 29393.9747848511
91270732.6657775789 40723.4772465825
89910053.6569146663 24426.5974892508
91614543.5244066417 43049.7618961334
91878554.4755601436 44721.9255313873
91722216.2609800249 43811.7903975248
91445256.2135574818 42033.2141649984
91613327.1136896014 43001.5929050446
89983169.9207315296 26346.3556248844
90992408.3534772396 38473.1200890541
91796454.4465691000 44024.1497573853
91744023.4554895014 43908.4112319946
90027598.3660737127 27186.8296019733
91651768.1126550287 43273.8987197876
90033835.7909938544 27218.0027854145
90037702.0904712230 27258.2851903141
90131787.4013855308 29060.5148961246
90123919.4892178625 29050.9711377323
90234932.0572152585 30140.6036930084
90268172.3172845989 30850.9015445709
90206913.7055132240 30006.6224707514
90096389.1461883634 28272.0372351557
90150499.2792925090 29176.1729572564
90106570.2844158560 28307.4134442508
89912083.7113603204 24429.5528286826
91867599.4168467671 44714.9990921021
90211717.4086183757 30092.3172486573
91941494.3101037592 44889.6347904205
90438457.3457727879 32943.6809556484
90447385.4773368835 33202.5657604933
91627405.2150672823 43061.5832257271
90748517.9017193466 36578.6608392615
90453394.5106417239 33306.7047737837
91586698.4042286128 42984.1426079869
91710571.1302734464 43803.8193352818
91851345.6793241352 44453.1195977330
91804340.5595899671 44130.9556522369
90121675.1698634773 28858.7333447635
90025322.1955931932 27057.6875950992
90815611.2110736817 36915.4729597718
90067827.2465309352 28071.3321911991
91375554.2431689352 41440.2454808354
91532580.3305715472 42515.2195816040
91502045.9888991266 42242.9137668610
92243024.9329587221 46471.9301910400
91728108.4741797149 43824.3490219116
90458766.2067153752 33489.8284481764
90406303.0541127324 32732.9427822828
90887828.4745194316 37612.4040642325
91008859.7224268317 38496.0085326992
90080723.4312818199 28170.2147557437
90043443.5621790737 27287.3729394227
92296004.3542898148 46836.2363281250
90468843.8759888709 33534.1606470961
90390390.8648044467 32579.6923550367
91696651.2730439752 43694.4404595494
91435312.8765947968 41958.8819649816
90597846.1553304642 34915.6498381514
90537004.0734564513 34427.3329453468
90020183.5111928880 27053.3951656949
89999276.4490424097 26418.8826534878
90119857.5289236158 28749.3544690311
90185252.3821185678 29749.0334851444
90977906.4950513989 38249.9884149432
90886555.0556063205 37584.1752612013
90863633.4760106206 37490.2168666683
91483741.7018461823 42157.7064151764
92145971.4985892773 46027.7982101440
89935161.7919406891 25294.5368492734
92031120.5598914325 45475.8296813965
89898169.3962920308 24382.6072838437
91328115.2712220699 41316.1900323033
89891488.2991633415 24352.6950528752
90826974.3487103283 37339.5355116744
90580226.0758280456 34809.2719759941
90166525.4544001520 29391.4834408015
90392907.9851429164 32619.4555841535
90683609.1548465043 35845.6132494826
90619907.1107533872 35107.5362687111
92228231.9232439846 46396.1448516846
90657205.1297881454 35666.7312738318
90620174.8427324593 35124.5401749182
90252418.6296143532 30563.7344186008
90025907.1211493611 27066.0260990262
91378765.9935845882 41570.6569512486
91332746.7926497906 41377.1876214147
92674609.5390668809 48189.4910888672
90884161.5292106867 37532.6779412739
92023122.1156222969 45290.8478317261
90707321.7844292969 35846.7392001152
90638963.0962054580 35625.9476897139
90724363.6329173744 36427.6059462447
90623723.5322095305 35348.5875992347
92079131.4871877581 45701.6851654053
92489100.7068558037 47672.8777923584
92467389.2976839691 47484.7701263428
92686724.5392986387 48241.1860351562
90801980.0229694098 36763.1149656922
90845037.5730504394 37355.6423834065
90136574.2314187735 29080.0588868409
91905844.3400049210 44803.4220428467
90250257.7566365004 30483.8372323215
90856279.8415027857 37376.3638292421
90063405.7384644002 27901.9077794254
91506329.5786982328 42344.5326271057
90528501.3136128485 34038.5594698805
91036869.0109067112 38585.5549352765
90714551.1555848420 35903.3647429366
91425502.1160986274 41915.6205332279
91487794.6454217583 42235.8618615270
91327852.9463067800 41223.7338555455
91510846.7488144189 42354.2908623815
91530411.1346647888 42400.0616493225
91361663.9086626321 41391.9753716588
91238191.6749801785 40528.3665097356
91174504.5092931837 39893.8539975286
92331652.0614846647 47066.4895172119
91640244.5358552039 43210.9702224731
89948078.0884766281 25407.6283753049
90118607.3525182903 28739.8752877414
92466953.1557841152 47207.5321044922
90499574.5443873703 33821.7522110939
91689668.9297730774 43396.7144412994
90808844.9225482792 36848.1728196144
90380809.9766016901 32488.3319500685
92157280.2835308611 46156.0330047607
91980472.8320393413 45245.1570205688
91825712.8958820105 44265.3566761017
92099323.3750630021 45809.1708965302
91251424.2305875570 40644.5274041295
91042735.3979115933 38677.1858121753
91959083.5429028869 44915.6019744873
91047777.6967838556 38775.8740751147
90111093.0084994435 28713.0640084445
92024717.8006115854 45375.2374877930
92250909.8083147854 46498.0668029785
91565415.9862529635 42856.5782136917
91140056.4231791049 39667.1550625712
91112641.3190159351 39535.3716763407
91127193.2666626126 39649.1698731780
90047032.9440929592 27801.1344430149
90714779.9546728730 35939.2871603278
91821109.4248422682 44200.3512148857
90505297.9784352779 33898.8555130959
92565323.9317512512 47673.3912811279
92067126.3960258961 45562.5332641602
91168277.1589543670 39749.9388459325
91550183.1973212808 42760.5402215123
91692212.3158682883 43459.8299149275
91960474.5953911841 44979.5378246307
91215991.8019533306 40384.4513581395
92401907.6534273773 47088.7722167969
90915357.6815889180 37871.3562875837
90912906.5638341606 37722.4170525825
91197919.7268199921 40091.7614023685
92872935.6470737010 48393.0343017578
92134006.9852177501 45906.5288391113
92567775.5402164757 47748.5900573730
91096373.0535105467 39334.2517170906
91034904.3761984408 38580.2745143771
91866800.6060218364 44560.8006629944
91781917.3211140335 44004.2562332153
91762270.6608779430 43928.4708938599
92013344.1248915344 45289.7701816559
91212553.7921774238 40184.9525464475
90617842.0953807533 35023.6163545400
90018069.5393455774 26974.6342732608
90004365.2256625593 26889.2048775852
91024797.6496219784 38575.5725789070
90567786.7367424965 34661.2978884596
90737163.7890913785 36447.6316790581
91182178.5800687224 39931.6218934059
90635093.1085650921 35396.2116243262
91090161.7213083953 39306.3224222660
90623025.8550426662 35127.0600706954
89975071.0836871266 26166.3075134885
91107761.8622819036 39486.5425801277
91059098.4177650660 38879.5591948032
91077011.9605346769 39181.0012898445
91066591.7569043785 39066.4199984074
90570550.7692268193 34785.4645144362
90823621.7523649186 37002.0742421150
90950409.4738940746 37900.2628183663
90507886.7819459885 34017.7124146926
89928257.9336528182 25237.5951569211
90542639.8563282192 34521.8755518813
90556252.2777073681 34610.1085478682
90822099.2966346145 36918.4823443312
90715347.9534638226 36208.1844927687
90630691.7696933597 35360.8515505228
90480657.9341304302 33811.5777003188
90538015.3550777435 34446.0902125258
90530193.6999861896 34188.0476455688
90263147.1597725153 30798.4120989724
90261235.4015535563 30734.3500118090
90437942.6065897644 32881.1058206558
90368839.2654407918 31982.5249643326
90399053.5130614340 32692.8228158951
90235183.0113168508 30454.1945946291
91027168.6501935869 38578.5457240939
90950958.2853651494 38138.0611354709
