52286468.9402488321 408856.4535970688
54048784.0328446925 449252.0769042969
54137168.7839432508 451384.6384277344
54009507.1693939269 448949.6374511719
54726411.7144898102 459342.3784179688
50787187.9340124950 297437.3528928523
53573765.4559886605 439331.7908935547
52242964.1763059646 406990.1028585434
52111639.1345396936 401752.7403970063
52012287.5371288210 398294.4156899750
51129417.5701365396 347996.6703373678
52626684.1520279497 419896.6506500244
52176849.7854666114 403960.2560220063
52570496.5063101947 417775.5569000244
53172936.1295461506 432678.2742919922
52604484.5209367871 418206.9626617432
52199579.9844110906 404905.1655984223
54075924.3681075722 449837.4072265625
52007301.1790964752 397223.7828025818
52561473.5011010244 417689.1350250244
52699952.1762258485 420953.9077301025
52077348.7643563598 399866.7620339692
52236428.3027787656 405461.0042076111
55177716.0844075382 465428.5229492188
52787011.1674709395 423219.5119781494
52213032.2010438368 405058.0482921600
50809559.0912236124 304781.4442593064
52430205.3447725102 413152.3122100830
52595461.5157276243 418120.5407867432
54534522.1274153516 456978.3720703125
51053408.7399784923 340871.4468383081
52384499.7262183651 409958.2648468018
52125950.9885730594 401839.1622720063
54334417.5783560574 454761.8837890625
52227405.2975695878 405374.5823326111
52414362.5808591917 412967.0021514893
55156108.6797353551 465009.9106445312
50903872.9152849019 323563.2125840232
51141570.5889533237 349113.1403615475
53523663.6582704633 438778.9659423828
51044495.3751462102 340240.6924467571
52447973.2759434134 415088.0959014893
54118935.3879433349 450355.2348632812
58014138.0363331586 482959.6230468750
51845981.2767589688 390983.0478616059
50862374.1361335292 317512.7802627132
51555216.0846240371 377341.1411446333
56823850.3141319826 477173.6162109375
54381717.5420879424 455273.2084960938
51784128.5373227745 387813.7715662718
55304721.6025604457 467549.6166992188
52055544.4466117024 398540.7082009614
53282755.2214335799 435281.6083984375
52651652.3075658903 420565.0464019775
54479507.8449409157 456397.9272460938
52347861.4202484190 408969.8444900513
50806825.5237603262 304374.3406368699
54470484.8397317529 456311.5053710938
55394401.7044169158 467666.6391601562
54497754.6847704351 456437.6132812500
52358278.9923431352 409494.3622589111
50916774.7529842332 324241.4555478141
54506777.6899795905 456524.0351562500
58304380.5755307749 483956.7822265625
51324483.8598364368 362754.0352276564
51571836.4719296321 378262.5068978071
54320459.6824226677 454715.6948242188
52278242.8519707620 407265.5639171600
51836958.2715498060 390896.6259866059
51947076.8862019032 396086.9000649750
54911275.2296636105 462484.0717773438
52071789.4042832330 398684.4869790375
51549927.2357998490 376661.6366890669
53072427.2044857293 429957.1636962891
52379210.8773941696 409665.3853302002
54997547.5247408077 463176.0249023438
55178795.3183502108 466547.9453125000
54109912.3827341720 450268.8129882812
52105465.0967702568 400672.6642251313
58556449.7275197878 484916.2700195312
53248767.2068069726 434850.2026367188
52408196.6699443758 411611.9269561768
52509513.8663020283 416330.2418975830
50782857.1970478669 296712.0717159715
53858473.4282161519 445871.5466308594
52716862.9584928006 422772.5620269775
52040254.4458433390 398465.1486001313
51882542.0182104036 391758.2352700531
51663943.1672607735 383125.2014206648
54354447.6970492601 455147.1005859375
52548790.7297528088 416632.6813507080
51435010.3143675253 369087.6641736329
55523195.2475428805 469497.9106445312
55951085.0983584523 471608.2495117188
58022932.0628570169 483026.0170898438
55660842.5591608360 470611.0903320312
51790217.1042662561 389391.1084389985
53376854.5056550503 436814.9859619141
51877420.0938081890 391651.7083840668
52985643.6822638810 427135.3752441406
50771185.6181587353 296458.1198301081
54266195.1669261381 453295.7495117188
52976620.6770547181 427048.9533691406
51855427.7551931739 391598.6240639985
54419928.8024638146 455528.5408935547
54102652.4854923412 449949.1048583984
58313174.6020546481 484023.1762695312
52756139.8219435960 423075.0014801025
55064523.4102848470 464716.6738281250
54786215.0817719698 461233.2451171875
55038280.7478165179 464605.1655273438
57861789.1410063654 482066.5292968750
52103948.4800456688 400066.3307595551
57518431.8167138845 481069.3701171875
53797215.5685508698 445338.0095214844
53359830.3435748369 436781.7717285156
58846692.2667174116 485913.4291992188
57417014.0850264505 480109.8823242188
50838405.8094210625 309850.5113418148
51254343.7240960896 359205.7766304016
50921395.3517370746 324274.6719666012
51011635.5527817383 339163.2137210853
50909670.4433018342 323947.9647522457
52240028.8943465725 406436.0996246338
54692423.6998632029 458910.9726562500
51187797.5649596825 355582.6851738691
53831203.5831774697 445769.4152832031
54136067.1230648011 450699.3631591797
53128452.4242343009 431558.6130371094
51028734.6371896565 339461.4934241064
51065370.5111719742 341073.0873877294
51197911.9233314842 355720.9349136353
51529633.6478107423 375640.6619585752
52055748.2035689801 398645.6600442231
51735159.8893676102 385487.0263023376
51071480.8725245893 347219.0442053564
50940740.6948935390 330682.9271759279
56046292.5490505099 473333.3833007812
51140896.4905807525 348685.3359143026
54393200.6850790530 455416.8432617188
54009615.4359037057 449149.4234619141
56508907.7370495722 476080.3725585938
51847018.5103353038 391179.6215195954
56119240.1069961786 473407.6713867188
53812518.2878974527 445357.7563476562
51261837.3173340037 360977.4709748030
51630874.6252542436 381641.5910080671
53305959.7888397872 435628.7607421875
51065966.1240980327 341791.5270033367
51780504.0950142294 387608.1200523376
51346985.2178663984 364209.5131043196
51151047.2728100568 350437.3761699684
54858956.0844283551 461934.3935546875
51332198.3519133329 363558.9298429489
51710477.7616758943 385326.7915258408
51767529.6940152422 387511.9566307068
53297637.8309255466 435359.2561035156
51654695.2185842693 382355.8546752930
51696085.2761811614 383849.1066330671
53041831.3279816285 429256.4689941406
54567363.5519715548 457660.1459960938
53041397.5516204759 428987.6317138672
50850140.2379591987 310114.4274544008
56799150.2762471884 477077.5317382812
50977137.2935055047 332404.3950101621
54168404.8640731722 452147.0541992188
51524194.7341388986 375342.1069817841
53315596.6459897757 435963.3823242188
53554217.5619479790 439001.6488037109
54717388.7092806399 459255.9565429688
54630911.8730595186 458829.3452148438
51002846.4273059070 337750.8523427732
54291160.1763435751 453640.7333984375
53463145.4286829457 438182.2279052734
54601351.5665981546 458091.5517578125
53904779.8799138814 447180.7702636719
53536867.6325378567 438871.7576904297
51313866.9359219745 360994.1420879364
54202392.8786997721 452578.4599609375
51726136.8841584325 385400.6044273376
52372322.0619415417 409558.9795227051
52615154.9535749033 418518.6083679199
54454458.5447443277 455950.3803710938
54252467.4193565473 452764.8227539062
53349584.6606163755 436394.7880859375
55029351.9794017598 463795.3247070312
54853417.2326427102 461463.4721679688
54781455.4187077135 459940.5175781250
52682145.9200142100 420913.5371704102
56463281.6813440099 474335.7509765625
51164569.7337589338 354633.8544625044
51146898.6842270866 350272.0733440407
51040956.0071167797 340117.5380316265
54175123.0336610898 452476.3286132812
54754185.5736690313 459838.3862304688
53066796.6379424334 429313.3907470703
54427188.6997056454 455848.2490234375
52713147.4262524024 421533.5208740234
51108796.4559655711 347963.4371936806
51747112.4935300723 386847.6252365112
51529313.9968694821 375398.0830950737
54300183.1815527380 453727.1552734375
50986846.2152226046 332855.2138584144
56424633.1092398092 474127.5664062500
54890214.0970311016 462045.9018554688
54763208.5788781941 459924.8081054688
56381902.2188966721 473959.2788085938
50957558.2327528596 331545.6612685211
51745232.7310803309 386231.6108856201
53668954.4130590707 442506.0775146484
50895913.6745933369 319088.8400105443
53889413.8401653841 446363.1082763672
52792273.8780987784 423317.6224365234
50924442.3342038319 325714.1173989065
50903618.9256866872 319941.4991127737
52812685.0649980381 424892.0579833984
50934728.0393878669 326298.8058681972
50900229.7801116183 319539.9871572740
50959976.4173508063 332274.8664491661
52858524.2749503180 425997.2808837891
52807214.5652628392 424012.5313720703
53934758.7342119738 447296.0373535156
55316442.6299681664 467661.1250000000
50931817.6960580423 325799.1067525633
52935179.1504825279 426705.4677124023
56461466.8685681000 474330.5424804688
53900527.0755747557 446536.0397949219
53765882.2186467946 444054.8801269531
53420861.1072847247 437474.2745361328
50885662.0279108807 318491.9481941946
56481068.1629227251 474562.7309570312
52830932.9292840213 425002.4244995117
50860876.3963667974 310733.2059105635
57126771.5458288342 479112.7231445312
53106076.6475137174 430345.2650146484
53097053.6423045620 430258.8431396484
51108192.0097782165 347347.5072476864
51921197.9495948330 393721.2349351645
56340764.5382091105 473887.9541015625
56187343.0684818774 473426.7563476562
53587403.0511932969 439521.6043701172
51105970.3545047343 347223.4667034149
53721555.6409943551 443299.7977294922
56663878.7862589955 476365.7338867188
56852113.2652257830 478152.5849609375
51913572.1678485200 393700.7096824646
50998803.2770305946 337566.2660205849
53162264.2932314724 432466.3587646484
51886086.6626030728 393495.2833824158
56190825.6237251088 473565.5717773438
50953995.4498780370 331222.6495082863
56736786.0012674183 476634.9433593750
51937503.1088249087 394041.2355041504
53520185.6122866422 438701.2889404297
51924171.9901300296 394027.3554344177
53691204.2610319331 442769.8328857422
51604122.8092115894 379388.8616256714
53499273.3899535984 438577.0360107422
51599180.5971536487 378597.0995407104
51813845.0460233688 390323.4693791866
51795515.4735202789 390013.0470159054
52798970.6273901090 423482.9250793457
51576987.7548639178 378428.6926078796
51509668.6087944359 374969.7686309814
51618339.8364075273 380049.7773625851
51452476.7372581586 370270.1791598201
51457787.1870022267 370384.4150390625
51610266.6703306362 379556.0827828646
51215304.1372409090 356884.6847467422
51231944.3727303594 358805.0463027954
51223996.4640980810 358055.2083463669
51227711.7209698111 358513.6862070560
51205666.8915949911 356879.0027799606
51322447.8777766377 361137.0652770996
53120873.8571532294 430657.5045166016
56292712.1932831109 473850.9331054688
51480375.9189441651 373470.5422496796
51381145.6057186723 367421.4455108643
51241581.6183762848 358810.7282695770
51484882.9772503749 374607.3118438721
51610004.6858597696 379555.5882110596
53707100.0052121580 442949.3353271484
53642154.3180904537 440791.7203369141
53698341.9638082087 442912.8140869141
53177061.5028709769 432778.5982666016
51458605.4961149916 372681.2683210373
51417992.6610287577 367716.9921340942
51386286.5222726315 367538.1217193604
53044316.1458716691 429303.5274658203
51350867.4943915904 366292.0229110718
52839123.1771339774 425104.8781738281
52964238.2421768531 426781.3869628906
53009291.1613498181 428065.1922607422
52926755.3744660020 426142.6109619141
52994766.1867941692 427175.4801025391
52930538.2204586044 426532.6816406250
51687991.3237400949 383621.3152856827
51740197.9618035108 385742.4090356827
55819394.2960476354 470818.5825195312
