51857314.2190788910 38960.8225646552
53008669.5620381534 50640.2205810547
53013246.9505747482 51011.0351562500
51940628.2207014114 40405.1551449746
53015286.6743390039 51026.9802246094
52965509.4957071543 50541.0615234375
51084416.2837348133 16638.3477633595
51667965.3731014505 36843.0836544037
52877036.9557778686 50035.8352050781
53264712.9284776077 51657.5158691406
51488483.8458237648 33671.0942662209
51426890.5323241949 33016.1584141701
51359816.0111957118 31638.0861653388
52672121.7500202805 47623.7207183838
52405030.5711887404 45263.7284698486
53058446.7406699955 51126.1392822266
52925102.2645065486 50495.5875244141
51644643.1836283058 36095.9722118378
55622800.6543433741 54823.4169921875
52454807.7498205826 45767.2907714844
51721271.1470105276 37341.7051906586
52819366.1567803770 49192.8365325928
52766577.3807795942 48792.2140502930
53518828.3202601373 52639.2956542969
52497967.8161515892 45866.4498291016
55297039.2011550888 54613.5104980469
55600652.0814759582 54681.8381347656
52876238.7960602045 50031.2415771484
53991752.4498031959 53190.1995849609
52235307.4629823864 43548.1462821960
52443860.0973710641 45342.2087554932
53158877.3857287914 51552.5295410156
51394210.9168576673 31776.8748588562
53678846.4842809290 52678.9262695312
52968262.3308375478 50594.7465820312
51800537.1416079178 38399.3477249146
53332328.2367845923 52083.9061279297
52833645.6075378060 49235.0943603516
52082628.1474962533 41983.0056190491
52875325.0858747065 50009.6688232422
52400700.0310400650 45243.0496978760
51931886.1209374517 40023.2444114685
52846016.2732750401 49249.4959106445
51919675.7033730522 39636.2103360146
51326049.8649446517 31386.2153122872
52230565.0140803903 43485.5589675903
51786915.0541020483 37850.6540966034
52254212.3851614222 44032.5721206665
51197199.5020892695 25944.9206666797
51868682.1649957448 39023.6532071084
51455976.1657557935 33502.5368168801
52778897.0059423372 49031.2885742188
51206491.9377272129 27000.0832664669
52622344.5713884383 47135.9650650024
51555453.4587115198 35232.8120072335
51580653.5967340693 35535.6786625832
52817268.2695969492 49076.3524475098
52767491.0909650922 48815.6885070801
53243432.9159285501 51604.0039062500
53375488.3031155989 52096.7053222656
53172171.2616044283 51574.1623535156
52886715.9884119257 50258.8007812500
54041302.6088284031 53237.4884033203
52196258.7455374300 43301.9592018127
51176394.1130350679 25817.5158955306
51529328.9536951259 34746.4336045235
52746313.4115793183 48503.2665100098
52936493.1670437753 50519.4647216797
54662735.9925503209 54049.3570556641
51339275.9631255865 31468.4230149239
51163470.5950004309 25733.4890022129
51782323.9542938843 37844.0123729706
51590081.7550224364 35545.4292194247
51522290.3312729225 34262.0945084542
52938381.1279421598 50537.0191650391
55602540.0423743501 54688.2353515625
55034264.8057524636 54408.3945312500
55166794.8968346342 54601.1483154297
52888603.9493103102 50276.3552246094
55646260.0205154717 54914.1611328125
51404486.8103978112 32760.6969864815
51791993.3013497144 38372.0132992715
51891336.4214650393 39196.0461387634
52190185.5305213481 43019.9493689537
51495731.9116424173 33747.5134479403
51415815.4497608617 32950.1576332897
53504215.5539980382 52153.2517089844
51388387.6477215365 31724.8232776523
51960340.4125094414 40572.4606742859
53457137.8138091564 52111.3286132812
55774046.2665889785 54956.7258300781
52317971.7765948400 44289.3404669762
51517192.6729791537 34221.3492691964
53728623.6629127786 53164.8449707031
52348874.4962632358 44629.1518287659
51277757.0248151422 29971.6881516427
51264093.0524403006 29224.6710290760
51487723.1347905621 33535.2427398562
54155492.7517887652 53651.9188232422
51877381.5449513197 39025.1262168884
51465404.3240441680 33512.2873737216
52001935.2867475748 40862.8777275085
51265084.2540083602 29882.7320046276
51096785.0875122473 22151.0134890378
52367748.9552266896 44797.0770835876
51394908.8007596582 31915.8738503307
52097207.4721666723 42087.9429359436
51148676.4257156923 25512.2148275226
51433625.8065056056 33266.3387864083
51101038.4405111745 24068.0597158372
51488169.4709461480 33539.7620491832
52700194.2838272303 47869.6264953613
53930252.4843093455 53177.4003906250
51244069.6747455746 27943.2780909687
51446851.9046865404 33272.9261887521
52398651.6748950779 45136.5800971985
55645019.9922549948 54823.7625732422
51878110.3232841119 39113.8384361267
52518523.4499006420 46056.2033042908
52211772.6966555864 43310.2357902527
52467246.2266889438 45859.0499916077
52526500.1692114547 46726.3015289307
51348252.9493882135 31538.7938892245
51137426.3600612506 24359.0770149082
55611148.6585399508 54809.9873046875
51719812.1624864414 37253.4501622170
52185285.7884319350 42538.8635377884
51300558.9573796391 30208.5540261120
51231527.4743399248 27442.5414386839
54619575.9262193143 54042.6596679688
51261208.9568017349 28796.1532602161
51919383.1900986657 39626.6802609414
52521359.9237431884 46109.9421234131
51205083.1577840000 25955.7308879942
51920244.2102200016 39974.2730369568
52083997.6432698667 41998.1650362015
52221088.2501897216 43359.7607307434
52145051.7033284083 42519.2323732376
52135876.5510276482 42365.7023897171
51950056.3789897859 40495.3403739929
52126525.1524074599 42138.2883632183
54549858.2056434527 54019.4561767578
52373822.1702427790 45078.7785682678
52054521.3460409716 41226.5728263855
52324044.9916109294 44571.3502998352
52130129.0054620206 42163.5527217388
51806410.3525003642 38545.2024952881
51287332.8591987118 30131.4337258190
51404540.1730740070 32779.9603836983
52135100.4284256473 42283.7449061871
51223458.0384678617 27003.0338703245
51667445.0270201266 36739.9683354348
52068746.0990605429 41783.4599483013
52076834.0352982059 41934.5393257141
52015161.3849285021 40869.4651298523
52412301.9444877952 45338.7665901184
51711285.4528100342 37016.2810325623
52367825.0351625010 44809.2542457581
52615711.9750121161 46726.9631271362
52143188.3646633103 42434.8242835999
51829176.8879040778 38746.1380551308
54449287.5903020278 53674.7602539062
51326603.1923187971 31463.0425515026
55132044.5590224117 54439.0001220703
54945887.7212021574 54138.3494873047
51450001.9284443408 33495.5165532082
51372112.6118241772 31711.0764286965
52246035.9241692722 43814.5815315247
51090847.5251389071 20452.3124929965
55611093.0599905849 54809.8106689453
51573019.4310223311 35279.9566777200
51787329.2413942739 38232.2454312295
52034604.0441876203 40993.9619102478
54804481.8971170112 54134.9960937500
51863309.7484494895 38973.1344705671
52064384.5407848880 41395.8919715136
55299078.9249193296 54623.4224853516
52704060.1650816724 47899.6884765625
54687198.4319096431 54118.8004150391
54521881.6814718023 53689.1850585938
52047830.1423685551 41000.5493125916
54312744.8901431486 53658.5062255859
52359935.2995373830 44663.3732872009
54972407.4274483845 54148.2614746094
52728399.8518121764 47938.6792297363
54673972.3337287158 54112.2130126953
54151675.1871194243 53494.0291748047
51702328.9124125168 36929.3378842324
51360030.1764989719 31688.7151616067
51642709.6107180119 35584.2991421670
51641113.4648412168 35568.3148892373
54672084.3728303313 54099.6575927734
52741625.9499931112 47951.2134094238
52653285.0139397532 47395.1080627441
52227352.4503115416 43428.9189805984
51361626.3223757744 31704.6210453957
51765952.6658231765 37530.4984295815
51394097.7859016806 31751.9093651623
51815950.7897231430 38739.5506527871
51761226.2318993211 37453.7320645303
52653085.2011473626 47327.4496917725
51900498.4549209774 39238.1721890420
51230802.1674335673 27329.7748333067
56778052.6324420944 54966.1982421875
51690698.9601083770 36859.4271786660
51371255.3603749871 31705.2888893932
51697434.1685418338 36870.1177304238
52703062.1925716028 47881.0267639160
52617619.3084454760 46764.6667938232
51703925.0582893044 36941.6348813027
51170205.8034338728 25753.7276496738
51913724.5531019047 39244.7595913857
52717286.2632625923 47911.1802978516
51779178.7640041113 37537.0858319253
51689606.0487948954 36847.1596844643
51832070.7174698338 38813.6329052895
52666511.1121206805 47406.5998840332
51713554.0962885171 37022.7373974770
51838770.9048006684 38827.2405713052
51633329.5499585271 35564.7729199380
51641616.6994045302 35574.9487622231
51624395.2015226707 35554.8857129067
51749647.0311374366 37359.3888867348
54395718.8239277229 53664.3409423828
56816795.8251231685 54975.2559814453
