128347950.7620786726 6928.7200517051
127960763.1304495931 6847.9261804181
130866615.7363957167 7504.3218868352
128281473.1094577312 6925.0071624509
139908823.4169474542 9166.4399471283
139120619.9503296912 9032.5756301880
140814372.9988549948 9294.7100338936
140372587.9512905180 9227.0828555822
131076457.4157544374 7571.8484457112
142752748.3177209496 9533.2848052979
141812956.9641408622 9437.3638629913
144962165.4116790295 9745.0247077942
129568629.0390157700 7203.6458755281
137444435.2557820678 8787.6784319282
138192689.8824848235 8896.9482347965
138266292.9969513416 8924.6404027939
144942967.3034756780 9737.4826545715
129911278.8833162487 7302.2737634328
142156988.3378984928 9450.2577638626
129359295.1621401310 7176.7048632797
129931615.2666033208 7308.8764932301
137416283.3665309548 8768.9678599834
128318684.4744355977 6928.3776823274
128161712.6505792141 6906.0712589017
128687343.0440882444 7014.7476669542
144140872.7901605964 9663.3547515869
142210289.4453872442 9468.2679119110
143388434.4236229956 9586.0231819153
139531635.3745817542 9115.3902554512
144072950.6427441537 9656.2929611206
144292083.1425330639 9677.2014312744
130146808.5482580513 7372.0565564907
130218159.7168041468 7391.8066652096
138657544.2930577397 8970.8314266205
129166345.6098817736 7119.4689098588
128653558.2473589033 7000.4183408014
128571576.0572445691 6999.7225662462
130874400.3871663809 7525.6010927702
128914006.8438628167 7078.3973690263
128936649.5074825138 7082.4519240455
138707263.6980841756 8978.0864909887
128558882.5447228104 6989.8288728026
143124198.5957424939 9556.8679962158
137562828.5392835736 8800.2749624252
128839565.7645513266 7064.1013466112
140548251.2533271611 9245.0134735107
139973982.9368683994 9169.0364742279
138547717.5320785642 8967.9113963842
145013524.2499146760 9758.3616485596
144723040.2233714759 9736.1954154968
129656175.2101361454 7260.6536195424
130384597.4915050268 7406.5393399123
129973517.9134180546 7329.9547795180
129976540.9295600355 7342.2181958083
130404854.3196972311 7407.4046719051
139771123.1906652451 9145.9646625519
137427589.7159348428 8783.1843271255
136702135.0487143397 8658.1443108916
137467542.6553009748 8788.6273779273
144458090.9140435457 9701.2194213867
135437824.0440669954 8405.7749893256
142249569.3341003954 9473.9006328583
129634284.5919344723 7234.8631098270
140197516.1953361034 9201.5930480957
129208087.8185309619 7131.1281433695
128800127.9761093408 7053.8337975767
138218526.3306127191 8908.5189146399
138403851.8282424808 8940.3778651953
138429458.7905364037 8952.7337532043
129308288.2070127875 7146.6228723526
143033510.3280448318 9551.3987464905
128529737.5520688891 6980.7350465086
134987848.8304645419 8329.1117570614
137210727.4414009154 8753.8261460848
128502521.7316430956 6978.9910813597
129914759.6726273745 7307.1593568600
136845438.8643136024 8684.1649860740
142709638.8857714236 9525.9520301819
137613915.3863060176 8815.4719404578
129412564.9603984356 7182.7045224882
129325668.8083955348 7159.4566023350
128757413.2974126786 7033.7761983956
129749330.9856501371 7265.0065954006
129801216.1080137640 7288.9807660854
138099440.2249841392 8889.9419393539
126966307.0206996948 6568.7878571225
137666128.0079197884 8822.2311391830
126891192.7422722727 6537.0949972344
126561307.1926308721 6470.0221291257
126957337.0255833715 6557.3117368890
133023493.3923098296 7979.8673325048
144607048.4055596888 9705.7943725586
137687579.6478292048 8836.4447088242
129354855.4328612685 7159.8130699388
137140104.1507624388 8730.6925917156
136762641.0398626328 8674.7447842956
138215212.6137335598 8906.0255252719
137425951.1894138455 8779.9343418479
137991904.9300794303 8881.1527723670
138547278.2563674450 8958.2951015234
124424452.4278110117 5622.7503599970
134853861.6076009870 8315.6479547379
137030991.1678056717 8723.4778179526
130758502.9517030269 7475.5185804660
143161971.7597730458 9575.1226959229
138951174.6551370919 9025.6572322845
137485712.6503071487 8794.5356878638
135942734.7328360975 8503.1478013881
138725584.7525905073 8998.6025573611
135871692.3754684031 8495.1778924242
124294605.5897711068 5576.1187993111
129002796.7238374949 7092.7918182603
137087856.1492131054 8724.7798643596
130681500.1213045567 7475.2625618542
142845108.1415125430 9540.2638816833
142034940.1534042060 9448.7186336517
141694208.5975847840 9411.5665836334
124401096.1839427501 5617.0132256895
141745931.1237857938 9428.5620288849
141781927.5472052693 9432.0089206696
142189369.5934926569 9459.6135425568
142342753.7297513783 9493.9857120514
141486629.1180141866 9381.6803264618
130500574.7525121868 7442.0784156822
130119636.9592753351 7367.8222748912
124187672.7674159408 5539.0269414335
127413844.8626727611 6691.7245928076
141624570.1772272587 9398.1215744019
142180725.4007428586 9455.5500011444
141710898.8557559550 9425.9107532501
141149985.8439100981 9326.1379184723
128382630.5682783872 6939.1220272356
130633358.5810836107 7470.9639997776
123858658.1628800780 5395.0119891588
130673903.1090128422 7473.1410186759
124241515.2959422767 5557.9985349923
139217301.1335471869 9066.1829471588
130571362.6838804185 7464.1929505691
127900675.9371034056 6823.8529804522
127934198.4727747291 6834.5386461622
142502667.2105591297 9500.8577175140
135460818.2364289165 8438.5237769969
132781739.3078007251 7918.9620105326
132580229.7963427752 7888.9213054776
133905641.2292841822 8130.7184473798
132346163.1774679869 7846.8464069068
140977995.6385211647 9312.4957923889
123980427.6215101480 5447.5339811593
131074044.1959212273 7568.4322237372
123810133.5451561660 5377.0895511175
141150780.2314156592 9340.6082878113
131298134.8568838388 7626.2960779257
131379100.5792293102 7635.8066180646
140796373.4114287794 9277.3257293701
136616895.3240267932 8644.6003977656
141385940.9481487274 9361.2030982971
140683331.8373305500 9269.4435119629
141325306.9177432954 9352.9571876526
123825561.8244740516 5384.9888987963
123725410.7805208862 5337.1564634591
132461830.6650587469 7875.0845679343
123361989.9533559978 5155.4172570074
140882463.5255845785 9308.5811729431
131180227.9613930434 7608.1180499494
130936181.9368626624 7543.7095666230
131195516.5953825563 7617.9654450715
131408378.9368578345 7654.2569947541
131272163.9131150395 7625.2246515341
127623914.9637966305 6768.0087765032
143711583.8168888986 9636.2257308960
144006168.2127011716 9639.1241531372
132863984.5639444143 7940.6557186246
132743720.8494369537 7916.6033883318
132243530.5048034638 7820.5093308521
132081367.3269494623 7787.0916483895
125684877.9514566809 6158.7654005098
124339853.6634936780 5579.6258287588
131593572.5083163828 7710.3369908631
136441443.6450110674 8602.5424281880
123541016.9997508228 5266.7595759893
140581937.7210779488 9255.1682395935
139450649.3607497811 9096.8305873871
126464103.5495340973 6410.6061077202
125792793.4151714742 6194.7620917484
131846743.3281820267 7739.1119408906
134350139.3095505834 8219.1353827305
134662391.6471513510 8300.1630488224
134784149.7918519378 8304.2944389172
126380163.2253980488 6399.1451080749
140018857.0071025193 9189.6637477875
139884736.5934301913 9159.4081306458
131791257.4873290211 7732.4162316620
131858829.1142155975 7758.8004327118
136241482.3516953588 8572.7571152598
133129135.9119137377 7992.1536384933
133950542.8414756805 8154.2580332339
124091229.8899152726 5519.2379442079
132053875.2359231561 7786.6754495557
133756857.9556085914 8123.2419864461
128118578.3979850560 6877.7517989451
126053590.0451786071 6268.6485470245
139186960.3556561470 9064.1360006332
123088622.8091226518 4916.4921573250
123059673.7513552606 4818.9205173104
127789803.3145693541 6808.0277811512
139427065.7353093028 9093.1152591705
136219293.9188831747 8565.7843443677
133788047.1661817580 8126.7886587561
125758278.4425043613 6185.4130797051
125566821.6699607521 6117.9694490953
125836794.7409516424 6205.8732641148
136154701.1446413100 8560.0954520032
134555900.9979941547 8263.0046949396
128114931.7014301270 6870.2329066569
125522691.2653355449 6116.8215253758
135301205.8450188339 8401.2777010724
125408837.7691003233 6083.7821271825
132874558.0591998249 7941.4604444101
132545682.7181161195 7880.9180346243
131479564.6991621107 7686.9551415741
123488990.3229476362 5247.6663832325
134514991.7558717430 8262.8088218309
136556521.6240118444 8621.8623229787
123236440.2228024006 5040.1876282036
132089702.9373570830 7797.7642794363
140519279.1309565902 9232.8569889069
123977900.8512982428 5412.1814389211
134332097.9687711298 8211.0801295378
133361415.7864998132 8055.5978936665
123268884.9267598242 5057.3584400861
123287982.1694506407 5112.3539147973
127271080.7432832271 6666.5433636341
123151198.5038721859 5035.5256277858
123307383.6656435579 5135.2058235853
136384642.5124450624 8591.8441154286
135599774.9952855706 8454.3535668179
133499895.6298037916 8073.9754293487
134007998.6552610844 8176.1402033903
123056291.9623841792 4818.1778378503
123629343.2185651064 5299.9406400918
133566773.1101500839 8084.2291912809
136307066.0533992052 8573.5838533715
124933745.9206154943 5914.4632893610
135210600.1403931379 8380.3324703127
133154533.7258895487 7998.2416261770
124949580.2342011929 5917.5684564519
125159464.0155265629 6006.2840612340
143590289.7064748406 9610.7093048096
127731613.0190177560 6785.0546232685
135176311.6170945764 8378.3855754659
123472163.4394640774 5194.7229752391
123452006.7471957654 5180.8136945962
123419593.6844566464 5176.8796734660
126282502.5381719321 6355.7290930937
133173098.7329781801 8002.3190664389
133315476.0854313821 8029.8026632406
127776347.9195521623 6795.2855008163
135663979.4623377621 8460.2618419863
127104684.5725056678 6599.7853489552
124859388.2136099935 5899.2878296780
124915646.5763463378 5900.8216545987
125703070.4762479514 6182.8238439867
135059855.2234131396 8359.1775905415
127437133.2436686009 6692.4475493291
127571445.4995103329 6743.0023069347
143396976.5036450624 9596.0190811157
143660595.5810226202 9617.8144989014
143334556.2058984339 9581.6470947266
143454733.6921369433 9607.6132659912
122909953.1845181137 4635.7482877374
123080136.5751569569 4841.6981810047
122904159.4251793176 4612.9288577139
122860616.7692362666 4599.7992874766
123061679.3415450901 4840.4411051884
123043286.7876000553 4736.1828608842
122940328.6645621806 4731.3608504863
126307037.5026469380 6362.0599306819
127225845.5712894350 6664.9894285167
125845793.4117748886 6215.2022071553
125858203.1856678575 6228.8601284099
129444048.3482180387 7189.0133224020
125898545.9987088293 6244.5968258329
124727831.2450055033 5845.0453963865
124723547.2143290788 5844.9772884072
125061127.7747849375 5957.1366242905
126814630.5767075866 6526.7332966591
125624185.2908453196 6149.4187778721
127046587.0213425905 6583.7374177242
125358447.3522144109 6077.0616400687
127034008.5549680144 6582.7484755779
124440296.8949473947 5667.1016678894
124632210.4381638020 5757.8934233774
125234831.2122565955 6012.0687869040
125099294.3480509669 5990.9850066153
126724138.3181881756 6484.3566017844
126724921.3426623493 6488.4423250071
124538859.3665464371 5753.9912862320
124512428.4766781479 5682.5834388616
124694189.5389470607 5766.3363895935
124586106.0529077798 5756.6418735508
