137186308.1888839304 8669.7696933746
137394458.6968041062 8697.0824766159
124965417.1192951947 5878.3482591624
125049456.5103425831 5899.5079358069
125234831.2122565955 6012.0687869040
125099294.3480509669 5990.9850066153
138316452.8080911338 8867.7065925598
133974337.6643109769 8087.4286738485
133949220.6471098214 8079.6337456896
139742372.4022522271 9059.2911248207
129889364.5985607058 7241.4769406756
140602127.3904609084 9213.3786926270
140757049.8021826446 9229.4091949463
141482471.8068654835 9328.5486736298
134239530.6915992200 8142.6890466306
127317662.4511522204 6599.0973161570
127069485.1046047062 6568.3427408940
127179261.3900024444 6573.7020055366
126724138.3181881756 6484.3566017844
126836093.6799203008 6497.3104529644
126970938.6504069120 6515.5918001048
134395439.3831509650 8163.2436719965
129016912.7374646813 7022.9400730641
123449503.7249448448 4973.6277452843
136751050.1203469634 8589.4757837765
135844401.5995556116 8459.1468496434
137033830.7603318989 8639.1241025795
134469339.8832663894 8203.1147581171
134689360.6563737094 8249.6191320252
127291632.6268873364 6596.2071926460
137051482.0218376219 8665.7819347382
134605735.4982121885 8224.4145352506
134906594.3972617984 8297.6786923520
134812898.9803164303 8280.4622174167
141058319.3439404666 9273.8479614258
124102646.2933693975 5364.8727856910
124320127.9463231266 5471.1859876354
133297112.8471686989 7970.4723661970
134107707.7755499631 8128.0941571985
139775009.7491350770 9107.6072025299
140105617.3231360316 9128.3796367645
140334110.9394339919 9190.6843318939
123394279.9753251225 4971.2276231425
138704102.4306874275 8925.9517192841
141318806.4530066252 9314.4731597900
141914606.8675525188 9385.9322147369
141175823.7815365791 9289.6033401489
141803346.5904589593 9358.8231868744
140660820.2136841118 9226.4411649704
140128649.3421529531 9152.4634151459
138174262.7240755856 8852.2549896240
133362801.5715314597 7973.0908694230
133256170.8072816283 7958.6389984689
133752142.0671006292 8065.0042786791
133406528.2691656202 7989.4508233264
131410793.7378666252 7604.8711927701
129224880.5249783844 7081.2260333593
123999796.4465101510 5335.2304181616
124440098.2131182551 5498.1528092743
144886323.3625435233 9675.7251243591
127617587.6755838543 6685.5398966438
125771773.7398132235 6169.0651923583
125761025.9384519011 6164.0929074411
136240635.2812113464 8538.0891332142
135876005.0551834106 8464.9728588210
135769955.7826101482 8457.2734831624
135276898.3932855427 8367.1789097898
137735276.3300589323 8762.3991193771
138388678.7330516875 8881.4018230438
137676824.3907714784 8755.7552399635
124033017.7902648300 5344.3237119949
124276829.1370674223 5445.6860494177
135007310.5228808224 8323.0432041949
125939679.7524794489 6215.3716159130
130308954.1263281554 7359.7288460857
134309134.6347725391 8155.4899853588
135339118.3245609105 8367.2717843167
136148273.3469984531 8522.1149262125
135978917.2518049479 8491.9346075170
135673704.4478901029 8440.5479569547
137805240.1618453264 8792.5207854509
132128437.6594289392 7754.1978689004
140008648.8660318553 9117.0035142899
127640424.1873772591 6690.7068187362
128072806.8032984883 6812.5576964981
127901311.3020414263 6767.9734870559
129784777.5929053575 7206.8526720708
132909500.4707198590 7896.1088705852
140587765.4465725124 9210.3634977341
125700403.6698233336 6118.2681992722
128176791.8309447914 6835.0389379715
128004686.7255901545 6797.3798592599
128388788.6288191825 6879.3852698119
138340351.6283020675 8879.9616699219
131668776.1255841106 7649.8137668539
142718020.4446438849 9469.6736669540
125493294.0760543793 6062.0628633623
125070001.4444627911 5946.0495311145
125456151.4937010556 6059.8638239030
133276834.1306056529 7961.0014324579
135606428.7440087795 8415.6202362841
134783624.8315170407 8267.0871053320
135628787.1458008885 8430.9974508118
135444338.0550982654 8401.8472685646
135752284.6296741366 8452.7150797676
141216856.0422378480 9310.4571380615
140846669.7312043309 9250.5111999512
140601779.4388978183 9210.7784233093
140978880.3857784271 9271.9675674438
140866431.6458846629 9258.7646255493
133602395.0800032467 8027.4850596581
135737164.4719143510 8446.2224450223
135198070.7237807810 8355.6204051618
124463840.4329466820 5523.6551039182
138473219.9797573686 8891.7696385384
127371518.6426685899 6658.0082806460
126724921.3426623493 6488.4423250071
124301213.7039416283 5447.7535168648
138817875.9768286645 8930.2749977112
136418182.9139999151 8543.9061063398
136859041.5624767244 8602.9104744401
135158754.2540783882 8341.2236585449
134785650.6909734011 8268.2001082730
134686571.5935281217 8235.8417024445
126049947.8048397452 6262.9907252158
128416094.4924291521 6883.8240556969
128681866.2171651870 6962.8924961598
142020042.4760534167 9400.7706871033
138837934.1588284671 8930.8037179708
123641449.1952818781 5075.7129445562
124943803.8827719241 5873.8841357206
140917978.7108052373 9271.3288002014
124207753.6202272624 5433.2108079911
132701305.0735640973 7864.9794176929
144850340.5211327076 9623.8892059326
144862287.1541031599 9656.9359626770
144389979.1272571981 9611.6916770935
134419542.1479603350 8185.6688353886
143748670.1535066068 9566.2037734985
131055636.2073543817 7518.7821402773
137613051.8947409391 8743.0376572609
129623128.2188522965 7191.3256661287
138588064.3766493201 8906.2528896332
140558187.5405790806 9191.8519763947
130505795.4345207363 7381.2445037421
124749616.4977107197 5788.5583807675
124885791.4496120065 5867.1177951817
124538859.3665464371 5753.9912862320
124902170.7449021488 5867.1726200108
138504868.3499083519 8903.2392024994
137398931.7194887400 8718.7125902176
143074083.5245224833 9483.3235645294
124499731.8318289667 5665.8391530958
124512428.4766781479 5682.5834388616
124694189.5389470607 5766.3363895935
124586106.0529077798 5756.6418735508
129362249.4256151468 7117.5803059577
137621720.4692430794 8753.4415574074
135166740.1647384167 8344.5181836914
136872539.5732497871 8608.1973104757
126008855.4421939999 6228.9751993979
144208588.0347159207 9602.9340438843
126618237.1907258779 6421.8965028636
123773501.5520831048 5176.2921333846
123752907.5149843246 5168.0268702377
136875126.7986327410 8619.5543918610
127226813.9513848573 6593.1967225338
127553138.7349042445 6665.2208602145
127341107.5292132944 6604.7465680949
144031865.1934425235 9583.8118610382
141666167.3497565091 9346.8264579773
144214331.2492088675 9606.2281799316
132566583.2669940889 7828.0151455551
136807763.6241055429 8600.4248419088
139087699.5246999264 8970.9337997437
139173191.3455201089 8987.6356034279
124444479.7062980235 5512.0184480334
136510161.4036718607 8553.7458359078
132585918.2684486657 7831.4030784752
129767700.4745095819 7191.9991747812
133594620.7219613343 8024.8485981058
130359599.9036124498 7377.9656238407
123322418.1097047329 4934.6816082647
134315145.8916466534 8162.7847584606
128931229.3993029445 7013.7188619443
125568232.4886738509 6096.4097371174
132485703.6197289973 7819.0584211275
128877905.3239458948 7005.5005582268
128640062.3400938660 6937.3692544396
138657011.9935423434 8921.8896527290
138023102.7825208604 8809.2715573311
140071787.4434761405 9121.9807052612
137596771.3809932470 8739.9765309840
123363321.3177145869 4945.1862947123
123259414.8255538195 4862.4158367668
123384821.6894361824 4945.4340785658
123587917.7121294290 5061.7762406436
130176693.3464785367 7302.4984046808
130006069.5272201449 7288.7561294427
132509835.5313491970 7820.2554808452
132559869.3779498786 7823.0843985281
129142999.7107102722 7052.5067295320
128212099.6564759165 6848.8053423639
128520389.1114333123 6920.1408540484
128528986.6415108889 6936.8209883483
129312052.9317649454 7100.1581012246
145829395.1950909495 9690.8616828918
146281447.3311814070 9697.0191383362
145746617.7158161998 9689.5308265686
145576572.7204840481 9686.7797584534
136983608.3994092345 8627.7572174352
137559167.6811046898 8729.3222875595
137742702.4341655970 8773.6879143715
132611725.9644944817 7845.0065846294
127823068.1217428893 6767.8400223763
128240059.2545260936 6868.0069878609
129951026.2819179147 7262.7828107318
132774619.8999420255 7871.2943740394
142489585.3812714219 9425.1605377197
123697759.9514721185 5136.6167440302
123638531.6368871480 5075.1869991533
126038359.9925446957 6232.9957618082
126108579.6319016367 6267.0112876261
125922834.7998964638 6181.1871574682
137844903.4147418141 8798.4768319130
143850850.2616474032 9573.0739688873
129169309.6432584673 7072.0955136712
129098123.3247253150 7050.8706810172
128804446.0742885023 6995.6992658074
123474859.2732274085 5038.4677540821
130519008.7991334349 7395.9764500037
123215054.5909883827 4836.1088255787
130989308.5329209417 7498.2402195185
126332845.7921214253 6326.8446265064
126494881.8363693208 6379.9766436420
143328201.7772315443 9536.1199169159
139521097.2625924647 9048.0755265951
143097813.5935250223 9496.9680080414
130792913.5817802697 7472.4259204715
142410954.8035751283 9420.4259157181
129580475.2693769187 7157.0435114215
138272805.2032560110 8857.1505055428
133073752.1067633778 7933.3858660572
132663923.4107157439 7854.2068873290
128777719.2758842260 6984.7845166619
133454356.0274158865 7995.6429931317
133370851.0105334371 7975.1421806256
139218077.8675222099 9000.9110673666
143243537.5140889287 9533.9162197113
123543757.9849784821 5055.5910659544
139462956.8548844755 9025.7831063271
132510058.5037038028 7821.2746347953
123300349.4991761595 4922.7924829798
123024982.5837802440 4723.3657003718
142261824.1848522127 9419.1917886734
142605760.2379192114 9426.7366533279
143598354.9632245898 9551.0093002319
131718525.4780930132 7667.1777414251
131466208.7547483891 7617.5460943935
132027945.7514399737 7737.5017782617
132301498.5567491204 7788.1273758896
143405876.5963307619 9539.8008708954
127906989.2714061886 6781.7700068267
125809394.6804496199 6174.4342555369
138968649.1894040704 8953.5646494105
145402081.2965253294 9686.3727531433
131194609.7932914943 7548.2630748600
126546949.6230020970 6395.1517725192
126429950.0267897099 6364.3356166087
131746275.7740454227 7679.0329231545
131856088.8706585020 7706.2903635702
138970197.8924565315 8953.8780407831
123153481.8668660372 4830.2672430953
123141499.0970005542 4821.2138918781
131952832.9982972592 7723.2149460800
145134609.6159082055 9681.6758613586
145004525.1566631794 9676.4557762146
130190416.5917524248 7323.9737568274
123251868.2307790071 4850.0324793022
128123972.2375966907 6817.2398716123
131474487.2967310697 7630.9952577520
133248633.9669132382 7953.6744789481
127745036.3133752793 6726.4143950255
144162124.8752177060 9602.7328453064
129031095.0072515458 7037.4665476191
133437927.0670660287 7993.4900161420
142091624.8419456184 9409.6066217422
144285647.4370562136 9610.7489242554
128053788.3708392084 6798.1503673704
127700822.4363023341 6706.4384723814
125874437.1251814812 6174.5436993335
126153461.9290139824 6283.3683176241
143721906.0871750712 9554.1866855621
134092470.3146246821 8110.8887117933
130213386.6361826509 7326.5453180438
129484359.4505605251 7141.6629014923
143215137.3913373053 9503.7840976715
144160662.2423937619 9597.1188583374
123814401.7427044213 5205.0483583779
129223943.1043158025 7077.4390279987
