63486427.3694166690 1136331.3618164062
62568186.2794114351 982431.5996093750
62639147.8476881459 1004510.5004882812
62526101.6295120940 979644.3745117188
62569971.7989485413 989601.4423828125
63968370.1634985283 1171745.7246093750
64121893.4972058609 1182434.2402343750
62919813.0507360473 1059110.2065429688
62733959.4407451600 1027724.4487304688
63267835.5136289746 1107825.7060546875
62507925.6056535468 964168.9804687500
62597330.4589038491 992061.4804687500
62567206.3373612165 981096.6152343750
64431298.7290386558 1197831.3388671875
65994770.8522922993 1227387.5712890625
63252896.0309271216 1106412.0112304688
62829194.6241708100 1044658.1166992188
63362477.1444787830 1119188.9262695312
62677740.7484056801 1015854.4804687500
64275065.0120938197 1192265.3896484375
64256175.3060177565 1190985.8066406250
64039463.7820373625 1179233.7158203125
63516371.1136097014 1137332.1069335938
64420511.5602203831 1197177.0068359375
63232775.7603283376 1104984.7563476562
65494037.5256964564 1226219.1357421875
64167081.5683502182 1184907.3857421875
62497444.7507631853 955522.8642578125
64120316.6384222731 1180373.3925781250
64201384.6133421138 1186783.1728515625
64158152.7845070586 1184453.2841796875
63051796.0995448902 1080705.2402343750
63147999.2216672823 1092824.2905273438
62972589.9016652778 1068280.6459960938
64226805.5959554613 1187013.9609375000
62948975.2411667854 1066361.6264648438
62873197.3124680817 1050346.1811523438
63369709.3869234696 1120551.0834960938
63036205.8235559687 1079485.1328125000
63170437.2184096798 1095286.7094726562
63102120.0974610299 1088486.0361328125
63060809.4574099779 1081332.2592773438
63277803.6022362784 1108430.7153320312
62665679.9112609103 1011526.6406250000
65177585.3171674162 1222839.0810546875
64889917.6618661955 1215146.3349609375
62569044.6785847694 987444.8720703125
65692267.3157718778 1226900.5322265625
62775247.1575912610 1034933.3022460938
63870888.0446105823 1165177.7773437500
64136858.1616989300 1182523.6318359375
63175761.4037156701 1098629.0332031250
63088900.5280494764 1088037.5883789062
64690398.7762321830 1208688.4863281250
63367198.1583791822 1120201.4438476562
63279218.4635532126 1109587.0947265625
63350391.5608920008 1118058.1362304688
64249406.5417001545 1188575.5234375000
62954238.4577662498 1066684.1684570312
63355511.8273450136 1118929.1713867188
64246029.8517235518 1187268.9150390625
64945547.3690166920 1216501.6318359375
64953578.9873772413 1216860.1611328125
64769495.0237570703 1211301.5458984375
62767714.5720552132 1032423.1459960938
63351924.1885991693 1118728.3881835938
64356783.7360042110 1196292.4248046875
63212450.3068607450 1102535.7172851562
62761397.4091676176 1031510.4409179688
62707878.2090668529 1020741.8930664062
63574801.2717551067 1144003.0615234375
62733070.4855493456 1027417.8110351562
62522320.5104473159 972174.1645507812
64835530.6296248436 1212859.0185546875
66119875.0734360591 1227920.3720703125
63702947.0253527984 1154977.4516601562
64928876.6852801368 1216377.8662109375
65105189.0031155795 1222642.9814453125
64659806.9412463158 1206064.3369140625
64497274.3304489031 1200638.7275390625
64592160.0637814924 1203798.3154296875
63420055.4284834862 1127759.4326171875
64783910.8336691782 1212545.6435546875
63011567.0773194209 1075383.1967773438
63552035.2180753425 1141196.9072265625
65052954.5542305037 1219026.3271484375
63083601.2030275017 1085523.7500000000
62859215.0661909655 1048797.1372070312
65162439.6234307811 1222740.9736328125
63602340.8994314671 1144569.9926757812
63892867.1303042769 1167220.7519531250
63635138.7270839289 1150142.3476562500
63883930.6628026590 1166120.4331054688
64003459.8631330729 1174488.8984375000
63768683.9478859305 1162066.1264648438
63159826.0788614079 1094649.9731445312
63969766.2673078850 1172803.5327148438
64116123.2615463957 1180257.9033203125
62901639.3401500583 1057345.6840820312
64355879.4608520046 1195508.8076171875
63262025.1745181307 1107293.6230468750
65238235.8191174716 1223471.5947265625
63458998.8433246240 1134257.8950195312
62911192.0409210101 1057929.8183593750
64565327.8430022672 1202527.8505859375
64910168.2104038745 1215485.4580078125
62696780.4718119204 1019892.4467773438
63294982.3229563907 1111705.2460937500
63606200.4657438770 1144808.7675781250
62543257.7859125659 980363.5947265625
65274994.9502969608 1226105.5654296875
65029225.2262452990 1218509.2197265625
63319830.7729025111 1116654.9213867188
63880100.8119679168 1165459.6831054688
62641994.1430882066 1011237.8720703125
62974656.2598225698 1069283.9707031250
63242329.6772894114 1105682.3984375000
63143081.2904096991 1092697.1689453125
63166030.5006116033 1095250.2612304688
63066867.5122950152 1081439.6650390625
63899965.3071509525 1167620.1718750000
63102860.1139121205 1090312.8442382812
63289265.7648981363 1110400.9731445312
64994963.4761837125 1217386.5556640625
62510072.9054929167 967715.7138671875
64246852.1371904984 1188549.7265625000
63814220.9587696195 1163806.2158203125
62914157.9952898026 1058926.9409179688
62562537.5700681880 980654.7954101562
63846286.8209016025 1163892.0341796875
62847691.8735705093 1046190.8061523438
62905221.9748569205 1057776.7294921875
63131844.3176921457 1091111.7758789062
64680589.1340417340 1208030.0244140625
63142128.5416464135 1091279.1220703125
63373394.4026143625 1121755.0439453125
65022504.0720950738 1218503.4394531250
62605225.6463102624 993123.8281250000
62878024.6796515658 1055426.6645507812
64516889.0691955760 1202297.6982421875
63394549.5921439305 1125616.1250000000
63377883.4583552778 1125496.4506835938
64485588.9091836959 1198899.5517578125
65095740.0792581141 1219482.2919921875
64312706.6771421209 1194202.7880859375
64021199.5381875858 1176887.2861328125
65259659.6900218502 1225649.6005859375
62634560.9804009348 1003456.9389648438
64711196.8815501556 1208859.3544921875
64748955.0226993710 1209421.6835937500
63068142.9922290221 1082117.5268554688
63077279.1071896851 1083087.7851562500
63213190.3233118355 1104338.5444335938
62828772.6637256816 1043940.9965820312
63680194.4209353030 1152936.3583984375
63651126.4940183833 1152751.0869140625
63100061.9498865232 1088207.6699218750
63021036.9134462029 1077643.0537109375
64586542.8280188739 1203433.8701171875
64603534.8551859707 1205042.9892578125
62843360.5924340636 1045525.7612304688
64450447.7438343689 1197952.0615234375
63154992.7005820125 1094357.7558593750
63988481.3095061406 1173281.8056640625
64185897.7026737034 1186249.7763671875
65220662.3155304044 1223437.0673828125
62959992.0454412848 1068227.6289062500
64885918.2584289759 1214721.8613281250
64718274.2567078993 1209032.7216796875
62862244.2087493315 1050086.0488281250
64646456.0473682657 1205211.3515625000
63756127.4226378351 1158838.8183593750
62861986.0168470517 1049497.9223632812
63211144.4684490338 1101885.1684570312
64486646.6145003885 1199839.5244140625
63431540.0875688642 1128880.5302734375
65557216.8859247714 1226536.9404296875
63456007.3855033144 1130713.9702148438
65101264.2052984685 1220091.2158203125
64331738.6241539493 1194359.7353515625
64307866.2743630484 1192276.2783203125
63705361.0869967416 1157231.0224609375
63698652.5000767484 1153056.6157226562
62992843.2504629195 1070555.8779296875
62991871.5886821374 1070196.9116210938
64251736.9485003948 1189630.7089843750
64467726.5420391485 1198272.7939453125
62923853.7711870968 1063617.3535156250
62858790.9145163521 1048603.0849609375
62886415.0281487331 1056493.8242187500
62785772.2387323678 1038240.4184570312
62988331.8806433305 1069773.8476562500
62991078.6391754225 1069845.8774414062
62846539.1213181093 1045538.2280273438
62770915.8764548078 1033007.5288085938
63543068.9782297462 1140473.2294921875
63571464.0781073794 1141676.2236328125
63922550.3892165571 1171054.3051757812
64101081.1145382449 1179318.2978515625
63607428.0568561256 1147456.3618164062
65720291.0030331910 1227282.5087890625
64138594.7162128985 1182988.5917968750
63403389.2946948335 1127639.7583007812
64734786.8217581287 1209166.4501953125
63312268.3360311538 1114852.8432617188
63317955.7782886252 1115323.3813476562
62564854.8051085696 980877.2973632812
63622257.5779881552 1147815.0439453125
62821335.3206833825 1042198.5878906250
64532059.2633644789 1202471.4736328125
62996298.4871663451 1074874.8574218750
62756626.5095735490 1030371.2124023438
64138473.9370635003 1182549.5273437500
62610946.3199024424 1001916.7192382812
63368489.9740264267 1120294.2934570312
63570655.5284641981 1141463.5703125000
64110885.5748850182 1180228.0004882812
65042931.9739927724 1218681.0830078125
62943699.3695501536 1065536.3730468750
63452240.7174242437 1129856.5698242188
63308989.5384430289 1114599.7036132812
62805158.0032271892 1042021.9770507812
62757372.0088323876 1031139.2768554688
62750401.2204400823 1029667.8886718750
63209958.2606223449 1098923.0439453125
62714838.1384890676 1025709.7192382812
65505899.3284822702 1226511.2998046875
62876848.5811934993 1054420.3574218750
63290776.3806340918 1110486.6323242188
63240242.1848962903 1105515.7202148438
63342695.9634294510 1117832.0971679688
65637322.7336966991 1226826.5439453125
66003758.7608144581 1227464.4072265625
62690889.5870404169 1017909.2216796875
