102939781.1298436522 4815.4013308734
100472989.8152633458 3587.5627220124
100078073.4354328066 3315.9991404463
99671332.2881855816 2930.7979159568
99548009.9318681806 2879.2272558760
99495413.1051162034 2809.3699521076
99633158.2846937180 2929.1572866988
100212772.8231963664 3473.4299048830
100075238.7549331933 3312.0771214266
100087605.2666145265 3321.4513366122
99802670.9148018509 3164.3997087277
104572139.1776093096 5450.6951026917
104294723.4199966341 5363.4600429535
99391871.1224016100 2779.4714913568
102378347.5062342584 4565.5924729130
100598814.2043204308 3686.6486205960
100823041.5789871216 3791.1167866642
100823423.2380838096 3793.2294845486
99770517.4303124845 3152.0124011299
100447146.0943558365 3572.8372914862
100464245.5561889559 3576.6152553011
102483227.0108405054 4608.6158064753
102726690.7761184573 4707.9805424213
102655653.7242544889 4694.0852978379
102481479.1301669776 4606.8106230646
102272268.6968451142 4492.6568306705
101555080.0859719515 4146.2053626478
101277889.2708679736 4033.8361008763
99266016.3755801171 2701.6929411207
99171826.2007365078 2598.6217729364
99178147.2684634477 2636.5253474627
99323497.6401720047 2701.6938185010
104667114.6518379301 5452.2952804565
100047824.7694069594 3276.1426789214
100142552.0285602957 3374.4261208226
100053447.9476548880 3310.9816986967
100036681.6538230032 3275.4528557707
104682202.1980069429 5455.6958141327
104959864.9917666763 5541.2721385956
104451301.5983124822 5396.0785923004
99574980.0108278543 2916.3230810713
100944754.7228426337 3802.6199517299
99713991.8624309450 3056.3248235136
99687285.5560741723 3042.0714353968
99687181.1058247387 2996.6574475218
99948770.6974842548 3268.1736161162
99951130.6135956943 3271.3930832793
104824515.8736671805 5529.9674282074
99867920.9745348394 3171.9208981654
99090071.9837617129 2591.4321531568
99435947.5133081973 2788.1516305203
99420760.6870944053 2784.1708794827
99383833.9549097121 2765.9067788324
99349762.1766069978 2749.2877491702
104067832.1954534650 5264.2425498962
103761262.4072580934 5150.9311524630
102694983.2426847816 4697.8912300020
102246109.9560134709 4492.3146933466
102940113.1537057310 4819.5384214520
100761521.5730049908 3776.0481429658
99767837.8705362678 3056.9206784268
100437072.0467893928 3572.6127599532
100589867.1920815408 3686.5795135403
100619482.0219448060 3691.3746871854
100580545.0904469937 3666.5879989228
100272852.5955054313 3494.7909177889
100340515.4077725261 3524.4660222430
100528786.1232995242 3628.7171437640
100391604.5130823106 3564.6145447840
100182935.4313517362 3418.6663625140
99908116.0461474806 3213.7504499157
99246775.1397565305 2665.0172969315
99214605.6178928167 2661.1918848742
102999604.1684908122 4828.2653149366
102723455.7427128553 4704.5533115417
104393967.5997994393 5367.4744358063
100875699.6138200909 3796.6564272604
101056268.9825489372 3883.8485506734
106722413.1863228679 5784.4846153259
106479833.8337209523 5779.5243339539
101206118.7598263323 3982.4973888202
101000714.0698533654 3863.2720093090
104114727.2321365178 5273.8913249969
100110055.1762162298 3365.6187980671
101338055.6847026944 4053.9918912053
104489818.8363586217 5434.9043502808
99546685.5044946969 2857.3002577376
104035025.6063198149 5263.7784385681
104518329.2984049171 5445.5282211304
104277190.0010684878 5352.4067249298
104556770.6052557379 5446.5513458252
104513317.7697750181 5436.4375839233
100321297.6859109253 3524.3796422382
100371268.1065166146 3537.0486034954
102737059.0031084120 4715.9613270015
102479644.8177932501 4603.3508633822
102297010.7171362638 4496.7855805606
103285576.6567578167 4935.2285006642
103176462.6852503270 4917.0849168897
99340628.1763635874 2728.0617454004
100735476.9937611073 3744.2063959708
102507115.4533449709 4608.7741107254
103727954.2965566069 5133.8010161817
103923959.0746129900 5247.0341393948
104221231.9317380935 5347.7596302032
103922459.3989969939 5186.2554070950
103796948.6795253307 5171.4443109035
99946423.2960226983 3254.1415696640
103702699.0251004249 5119.6368144751
103154629.7085661441 4911.9223907590
106568526.5976629555 5780.3843269348
100934954.8166573942 3802.4459595530
101315657.0227616727 4049.2257779241
100152852.3074513823 3376.1455233748
102471074.5438668132 4601.9897073656
100354437.0832402557 3530.0833477581
100731957.6639998108 3695.9602678473
99518011.4945937395 2824.0668139277
99030236.9602938145 2383.5736035729
102748514.2472351491 4718.5949468017
99489036.3793415427 2794.4367730718
102712557.3460840881 4704.1121203601
99073453.5176922083 2404.8046933437
101006914.7037344277 3870.8467705507
102400086.2246775180 4576.0346316604
102511195.3770731986 4624.4877032547
102974228.2583297491 4824.3007880449
106914274.9145116508 5787.2095832825
106770561.3361755908 5784.7803382874
106540922.6898841560 5779.7713966370
106615108.4760841727 5782.9843559265
101054930.6134914458 3876.9151568074
101178734.4994913489 3952.7165491087
101129153.2686178982 3940.3428043593
99526090.7542164922 2835.5000877481
99517533.0094806850 2817.7164423865
102628135.9481085241 4677.1680948047
102733945.3343193531 4711.8458673267
99339154.1252140999 2709.8072288435
106212794.7826817930 5771.3620719910
103125997.9406500757 4901.2402166426
106055655.7828035802 5767.7878608704
102595220.8299123645 4675.1150476246
106365745.3629683852 5776.4215278625
102383163.3466240466 4570.3241137771
100996556.0816968083 3858.6737711090
103294642.6247659624 4939.7237480879
103504944.6123374104 5031.4304183722
103179244.0848797262 4929.9092262983
103415986.9025802165 5018.7081211805
103465187.9212310016 5028.1154845953
100108462.8698454350 3324.5215291584
102902252.0288836956 4809.4791915119
102796081.6626582444 4721.3584658802
101873916.3103871346 4321.6929357697
106152383.0424504280 5768.9601707458
103118076.3522890508 4871.6795961559
102901691.7774106562 4808.0868804157
101806742.4440442324 4305.8427556206
102639120.6451352239 4678.0421327502
106217594.7068104446 5774.7224159241
106143508.5614948869 5767.9023704529
106052348.8320117146 5765.9954109192
101039296.7759166807 3876.1121208925
100960802.4419849217 3856.3091394562
105854850.6394381225 5763.5506172180
101035647.4318816662 3871.6621086854
102543396.5411392450 4657.8606374413
102970240.3532819003 4820.2723613083
101792094.7014402449 4305.6375401665
101127439.3084334135 3933.8221516078
101180233.9144519269 3966.3839940047
102457000.1161729991 4583.6839882284
101680735.6316788644 4215.9156967700
101879312.9491222203 4332.6605625069
101865289.8572643697 4316.4023327827
101990047.6544113755 4374.4516911507
103909942.5111547858 5178.8646071255
101140150.9454351068 3945.5384358382
101287110.1385204494 4038.3411149001
101572179.5947426260 4194.4260798360
101867678.9978222847 4319.2110101879
101673456.6383121610 4212.8954419559
101300248.4792951345 4041.0458802199
105804943.9799293876 5730.8320121765
105759371.4750070572 5728.4621543884
103087639.4471137971 4867.9018041790
102563527.0991504788 4668.2868663578
103069588.3901110291 4864.8577696979
102361092.9713762105 4555.0825927763
102169987.3467296064 4471.7530157715
105757064.7003907263 5728.3887367249
102312850.3717584312 4522.3836375773
100946247.5691667348 3819.8803178621
102432176.5598530173 4576.3320062310
101378534.0804693848 4080.3998237972
101360887.2858593464 4073.4469966209
102331774.8441472054 4534.5121400475
101729804.2055680603 4249.3788467806
101746219.9345101863 4253.2760677349
102015164.6904104948 4426.5277871250
102883082.1160322130 4777.5617682636
103313725.8464188725 4971.8886205852
102165631.8915759921 4464.1601170807
101439072.4983001053 4103.6693936503
101615605.4343335629 4206.5839080727
103052584.4232130945 4863.6215560138
105516656.0092927665 5680.1954765320
102350285.2491729110 4545.5993959275
102531600.5124792755 4630.0671178666
102807969.7468810976 4768.2293865441
103786379.7448133975 5155.2388705015
101497205.4191401750 4141.8359365715
101645410.7800736129 4208.8191974175
103534995.7534710318 5062.0654149055
101500310.2192821801 4141.8480062736
105454391.8917829841 5679.9670295715
105505059.0167950243 5680.1932182312
105440630.3691285104 5679.7817268372
102070608.1331188977 4441.3432549594
103111278.9381767213 4870.6154124497
103016069.0720710903 4842.3526815381
105337546.9490594715 5676.5056724548
105105169.2293174118 5644.1733665466
101684154.9827625006 4248.6298732769
102075442.7446007729 4450.1906509411
101540996.6001757383 4145.1033392204
101927715.8168749511 4370.6942147381
103633678.3457746357 5080.6181385815
103863103.3526117355 5175.2281172574
101544057.5567131788 4145.7516628206
103531679.4191834480 5058.3685383797
101400282.8809227049 4097.7065181052
105047392.3326394707 5586.2210426331
105629889.3504325151 5716.4490318298
103712666.7036819607 5126.7519133389
101887060.1855439544 4352.6441555035
103415113.8992737234 4987.3092080951
104994419.3037360758 5548.9964103699
102235120.8461530507 4478.7045696676
101537950.4501592070 4144.6122169450
104212894.0917113423 5300.9055233002
104884326.0926953256 5534.9703655243
101769176.9371877313 4271.5711190850
104169655.6798542142 5296.8318872452
101244907.0565377176 4020.3562601125
103410760.2654658258 4985.3505441546
103913083.9368740171 5180.3153891563
103509837.1117826253 5041.4352994962
104167229.7830516100 5282.9211711884
101762780.8059624434 4254.7238344562
105842237.7972537130 5731.5989875793
101764104.8004759848 4259.8479494464
101059200.2108306289 3917.4001754737
101742176.8943276107 4251.9705956876
104416947.4955412745 5393.1877412796
101090170.5338659585 3931.0714515364
104931558.1372644752 5537.0224866867
105720328.3057103157 5724.5904045105
104816339.1160283834 5489.1070432663
104805452.7913329750 5488.9691114426
104714254.1132564098 5486.5663280487
104941403.1516717523 5537.1407346725
105769004.8432614654 5729.1181297302
105711865.1396047920 5724.3848228455
105653469.7248793691 5721.4745903015
105652849.4792090654 5720.8521308899
102801206.6087169647 4741.7508846326
101559349.0353930891 4155.2463685584
102794218.3104042411 4720.2424328864
105702727.8053064197 5722.2149085999
106166344.2623489052 5770.4068641663
104768653.6508227736 5487.6082639694
105521049.3527537435 5684.3127555847
106440197.3744634390 5776.5081901550
105548328.5391234607 5695.5345802307
107673354.0300896466 5797.8798942566
107580648.4380456358 5796.2244758606
106922043.9055579901 5788.1312980652
107491985.0434746444 5795.5281715393
107357889.1864313781 5794.1127433777
106852803.3423434347 5785.1325187683
107244237.6372002959 5793.4732627869
107046339.7422819138 5790.9651603699
109688245.6939022988 5802.4897117615
109670772.2419717461 5802.4383583069
106938325.9078996480 5789.5926399231
109369362.6650536060 5799.4386329651
109063275.6852601767 5799.3559608459
109014129.4001094699 5799.2034263611
