21445392.7848454714 185610.5371093750
21230806.9112907313 175767.4262695312
21020906.5257286578 159555.8579101562
20524399.0608425885 108423.3725585938
20732676.8608169667 135258.6401367188
21227104.8199463040 171548.2270507812
21147795.5443356857 168391.0434570312
21174832.3742906488 169465.9731445312
21637504.4286610298 188015.8056640625
21399237.6254288889 180896.8720703125
21504378.5831418112 186579.1093750000
21276446.7933052033 176601.3227539062
20665435.6096014678 126659.9467773438
20509621.8123979270 106352.6848144531
20655135.7093876228 126094.4106445312
20586581.2571881935 118352.1474609375
21325063.5308920182 178799.6904296875
21069569.7843395099 165398.1323242188
21388937.7252150401 180557.4414062500
20897586.9662009366 147964.9892578125
21675107.4857209772 192421.3837890625
21607680.8434956893 187707.7187500000
20647270.6708807237 123066.8962402344
21370259.1986418404 179991.9052734375
20445324.1968408376 97451.3339843750
21597380.9432818405 187368.2880859375
20849408.1905736662 145180.7465820312
21297501.5741761215 176990.9033203125
20984494.2829656303 158021.7495117188
21013281.0841135159 159096.6791992188
21180222.5380314142 169790.4760742188
21485079.1610939503 186119.9306640625
21437758.5037947558 185045.0009765625
20532317.5326772816 110289.0830078125
21024962.5996073857 160345.0366210938
21258678.2082754374 176405.0644531250
20998969.6963885576 158587.2856445312
21204711.9028003551 171053.7612304688
21056047.9200356714 162812.4702148438
20899545.5817112252 151482.1997070312
20613897.0488073081 121613.1164550781
20547616.4508672245 112283.9851074219
20624196.9490211569 122178.6525878906
20747152.2742399015 135768.0336914062
20557916.3510810733 112849.5212402344
20512386.1770080030 107685.0114746094
20689773.4895532429 129877.7429199219
20793847.7828038037 140137.7656250000
20951890.8119157515 154308.3208007812
20478101.3453923762 105426.2592773438
20762845.2772448808 137016.3911132812
21181464.9379318319 170714.3305664062
20547602.6100172885 111527.3466796875
20491078.8720969632 105961.8881835938
20505890.0440987349 105973.2607421875
20824632.8769368827 144105.8168945312
21160520.9865656942 168956.5795898438
20758789.2033661492 136227.2124023438
20486019.8172270730 105742.9030761719
20929777.7433316000 152421.4760742188
20792029.4058870077 139705.5976562500
20861045.1196999103 145639.9252929688
20865101.1935786419 146429.1040039062
21209022.0716906190 171351.9687500000
21113442.1020928882 166053.0043945312
20855238.6232743114 145351.4926757812
20581293.5777574331 116211.7724609375
20572391.7645040043 113358.9147949219
20868760.4875781499 147514.1484375000
20458301.7235454284 97681.6879882812
20393994.8905064091 92817.0148925781
20469952.9659920670 98082.9777832031
20475545.8435741141 98992.5764160156
20521062.4581695758 107776.9865722656
20435024.2966269925 96907.2207031250
20650309.2915703394 123147.2248535156
20417596.8856772631 93426.7966308594
21312086.0041874312 178234.1542968750
20967313.8680057488 154653.0556640625
20427315.0792520344 96097.1279296875
21348665.5260628723 179309.0839843750
21167245.0113268271 169224.9399414062
20722376.9606031179 134693.1040039062
20638672.3624440879 122688.0461425781
20839108.2903598137 144671.3530273438
20769916.3373028561 137975.5678710938
20600419.1697535962 119660.3679199219
20708899.0815494061 133470.7934570312
20531212.1338939443 108715.7236328125
20896713.7800547965 147842.2089843750
20667660.4209690951 128989.4992675781
20797289.6653774641 142069.4868164062
20695822.9679054730 130186.1054687500
20468245.8984332643 98060.8510742188
