134435056.3272847533 66130.9443405611
132606347.0949801654 62476.1235673428
132509599.1098203808 62319.5049787363
132066479.0114756227 61455.0981523991
141525330.8023411930 75526.6873626709
141396087.7513210475 75450.8618316650
144570711.1286180019 77813.7277221680
129564928.0893398970 54711.7677093744
130279897.0742627233 56133.9610258341
129624884.5346063972 54805.5828949213
130134209.0864993483 55967.9636741877
129714799.7844233960 55269.0380096110
130154242.5292173177 56033.9535528421
129594592.4608332962 54727.6073828152
129827209.8427188843 55490.3662776947
129374218.7614566535 54421.7402740717
145766404.9867677093 78497.3629760742
145285869.2070770860 78364.2647094727
145250902.7147651017 78334.1036987305
145568638.5953379571 78435.3476562500
140819511.6435082853 74967.3341674805
140914271.8684564233 75067.8185577393
140273309.7215246856 74665.7929573059
140425678.9301792681 74713.3667793274
136963855.7519409955 70083.3220503330
137047403.6481295824 70254.8705541268
137707829.0847723782 71454.0122299194
137525787.7439627945 71048.1413060799
130303457.9847950935 56181.0772832185
133683543.1017231047 64887.7355922032
133860864.0422666073 65212.3848689366
134043031.4980625808 65452.2252491284
134172783.7011692226 65998.0167356413
136529257.8213710785 69604.3468319178
136940370.4719141126 70062.2625608444
136739080.0332472920 69958.4270734787
137101588.6658403277 70382.2507658005
138437299.9372746646 72356.5153427124
138373365.8481719196 72344.5444412231
137881469.5402051508 71715.4194564819
137720178.7437284589 71608.4015180469
139988650.4646525085 74394.1708412170
140072688.0856361091 74406.3423194885
139945222.5699614882 74264.0934486389
140430733.6289045215 74897.4023628235
140103741.2130131721 74497.7142372131
141647939.2799293995 75652.3559417725
136598403.3455775678 69675.9032254070
136064190.1587032974 68844.6493788809
136706322.3119063973 69769.6754274219
131187389.6535583287 58724.5841277502
130748456.8536480814 57570.5671750698
131073876.1488923281 58357.0066622160
130699470.7284182459 57534.7998969220
130768972.4807988554 57725.5080431364
135768252.9468425214 68496.9537416548
130608890.6049807966 56939.8183073364
136220500.1655685008 69266.4837032557
136820522.2308132350 69970.9619747400
136716872.6924777925 69772.2938839197
137000327.6968167424 70159.6971584558
136837505.9996944964 69977.3481441736
134923099.6243965626 67166.1776604950
144578822.5209233463 77820.1873779297
144313434.5485838652 77721.3694152832
131968610.4147291481 60594.7245971709
131837440.7609241605 60540.5866226256
131581447.2185201347 59907.8361844942
131331946.7670551240 58908.9593060575
130328279.7089892328 56505.8623443246
130544617.2232204378 56813.6950240731
133935953.9824757576 65244.8800766589
133956734.9459830225 65381.6591548752
134533289.5982638299 66292.5906527191
133418293.5357247591 64188.6840174962
133679383.7809702158 64755.3421651125
134127273.5676081479 65647.0946775358
133522543.3206996620 64489.5915063191
133332948.5698131621 63855.0741771031
129071151.4699243009 51181.4635970301
129136528.6573948860 51822.4271750569
129239817.2579479814 52125.8468664593
129097706.9588148892 51291.0820357508
132007848.9370239824 61321.3314689487
132414585.5411368012 62302.0328453273
132364423.1959480196 61783.0121285953
132367381.2865760326 62182.5635460109
132761901.3121000975 63164.5935799569
132163987.6832701266 61743.7504051417
132969644.6247765124 63174.0780647487
141945257.6458743215 75940.8310394287
141418557.4723941684 75475.4807643890
140972851.5800857842 75077.3395156860
132655931.2255863100 62607.8433409054
133251868.4257305562 63693.5286097843
133473465.6896035671 64311.0098346788
131088363.5836609602 58434.4828558713
131172691.7011780888 58566.1780922115
130900191.0562517494 58007.6911862496
130958722.1166047603 58207.5532982051
136470413.5414426029 69480.3123373985
136889387.2874674201 69995.0617022514
130893822.4919616431 57994.8380500972
130761651.7970648557 57717.0099428557
130612529.7507340014 57150.5141051412
130951830.6535527259 58093.8382532857
130660003.1622649580 57159.0292206071
131665445.3853295147 60032.8937939955
143281065.6045637131 76951.6105880737
142551743.7425592840 76552.9886398315
143074580.6357744634 76712.0963363647
142416818.9462729692 76400.5701522827
143096265.6841697395 76838.7639389038
139635303.8199200630 74114.0827560425
139832406.1608499289 74243.2788124084
140009454.9078165293 74397.9977455139
139563355.1310458183 73794.1718788147
140339408.6697818041 74668.1188240051
139576565.0746124983 74058.7707557678
143605769.0605283976 77182.5533142090
144327439.0127340555 77775.8120422363
143972043.8553114235 77342.1173095703
144071283.3358851373 77388.1482238770
143963077.9929887056 77331.5082397461
130494855.3877947330 56693.5388732553
130435958.9520864487 56565.6891847849
141611264.4216803610 75556.8625946045
142281847.5002902448 76145.8152008057
137967564.1895091832 71737.4367122650
138169419.0632636845 72076.6875405312
131511061.2915479839 59675.5441355063
131829779.9733792841 60333.9891165644
141865577.1673297882 75874.2885742188
133082704.4599758536 63515.9491239280
133165381.4003786743 63652.6657911033
132654813.6734374166 62516.7886014670
133036878.7523932010 63386.7358122189
130320424.5129395127 56309.7679050565
130317109.9631675482 56249.9237665497
136724928.7786944211 69958.3192745447
136600948.0262548327 69681.9232174158
144563727.5605324507 77784.6594848633
144266967.1004353762 77580.4471893311
144608965.1234765649 78025.1347045898
133614074.4496329725 64608.2822688390
130111478.5300456136 55865.8331384808
130039365.1320537925 55602.3228311138
137531045.3919703364 71072.7964215279
143962570.3820230663 77312.1842346191
131792481.1970317066 60196.2016977621
131418177.2855949402 59389.7162240101
130435562.5235149860 56554.0364278853
130070723.0341899246 55611.3173436821
130533012.6382502466 56728.2909707129
135299744.7013416886 67653.0709464215
142830678.0938201249 76617.8317718506
132710542.5383245349 62700.2410636634
142312948.9031132162 76152.8833999634
142366890.9876919687 76280.5341262817
142193294.0174026489 76116.3117141724
142165889.5529451966 76005.5146255493
135477311.8279789090 67799.8339830488
135491440.1254617274 68023.4697409719
135081566.8877237439 67182.2577677816
143048831.1860953867 76651.8613739014
131187238.3749358207 58658.1939257452
130206848.4880270809 56084.1250565425
130606710.1018580496 56926.3705940507
143822180.6299840808 77216.3498611450
144165979.7064219117 77560.7496032715
144475946.7420029342 77779.4847106934
137634452.3291768730 71179.3769989014
143548502.2938278317 77058.7521057129
143727978.2158515155 77203.2347717285
141511711.9463381171 75525.4421386719
141253025.6911647022 75353.5760650635
136981690.2677435279 70115.0964007378
130243627.7100152373 56100.6512991898
143416994.0042925179 76982.5041809082
130996941.4002483934 58311.4580774307
133430757.0408549905 64239.5728916246
135273073.6329285800 67585.5644154400
135890146.6456396580 68702.9035761356
141784664.3035205305 75814.4283294678
140904856.8787767887 75007.0106582642
138438228.3743910491 72403.4568023682
138962077.3529118896 73306.8794975281
138488151.3669553697 72815.7332517505
138479189.8734982312 72596.8024291992
138222627.3471531868 72190.7262802124
133394980.5723126680 64099.6581456959
140905026.3766298890 75048.4149017334
144838186.5064432919 78196.4801025391
145774795.2828869522 78544.3685607910
134562536.0319824517 66403.7357144952
134591446.8067433834 66453.9379601292
141232949.9455057383 75296.8716812134
142343640.8661075234 76255.3845291138
130602107.9090031832 56884.4611036405
130554782.4959384650 56840.9261322059
143961927.6128206551 77246.9523010254
136094465.6283181310 68852.3833876699
136258015.7645893097 69373.2346449941
135843746.3725448251 68663.7245951742
136631719.8684115708 69704.7529706955
135446514.1907962263 67798.6458827108
136127296.2606027424 69028.9693251699
135592880.6830381155 68172.1489396989
135663701.5400411189 68244.5423572063
135156505.1513926983 67305.4440477341
135411089.0897646844 67722.1815749109
135210269.2144801915 67561.3095379919
141089419.3823924065 75151.3128433228
141741492.5681531727 75723.6366806030
141273969.6598691940 75362.7654190063
142164757.5879436135 75953.1580886841
142192839.8401606083 76019.1264114380
139195670.1979458034 73451.4207725525
139342685.4886625409 73652.2450523376
134501463.2434850633 66196.7163742781
134429972.6708793938 66117.6939349771
137802541.5621944368 71663.2784131169
138355819.1823292673 72338.2799148560
138125510.3098634779 71889.9586410522
129363582.9562548548 52439.3710542328
135373456.9114335477 67678.3344902843
135121711.1172678769 67252.5166458338
137672191.1593662202 71185.1726922989
137130516.0609194040 70586.9782156944
136898606.5874802768 70016.4256496429
137547258.5076588690 71087.7523860931
137205097.3960995972 70652.0743999481
139546794.9958117306 73700.4167060852
138706482.0208753049 72982.7550964355
137207005.5279065371 70699.5706930986
137325422.4115961790 70897.9122248427
137320470.4356813729 70854.1746389046
137468318.1823501587 70933.0603835583
137609710.5435680747 71112.6556387773
138050372.1064647138 71810.6691799164
129349886.9852255732 52195.2128360805
138924024.4661617577 73101.4553794861
139285768.5056889355 73542.6818656921
141308671.1462779343 75421.0150909424
141119783.0134344995 75264.6360855103
134713014.6723184288 66841.4379735142
134866499.3060003519 66863.9794205171
138144395.1706334949 72022.8309993744
135768077.0376208425 68443.1301508993
135638832.1161578298 68183.0899897665
135570228.0493476093 68169.2091227621
136192898.1881432235 69139.3424136639
134529899.9309882820 66247.4566810355
137220360.5816849768 70710.8301840654
136656593.7607933283 69764.8690792322
136626714.3469721675 69690.7348102666
145122563.1312716901 78218.6290893555
135686537.5484360754 68361.5449458212
136055463.8212032914 68773.7256404012
