75791966.1550376117 805031.2053222656
79672037.2067505419 1187625.9199218750
79647204.6020764410 1181632.3222656250
79274316.1223525107 1168802.7207031250
80086757.4078958184 1189931.8710937500
75925056.9756151438 847219.6586914062
76384792.8437696546 920485.2348632812
75764409.6774151474 797832.1977539062
76812206.1303908825 972378.5361328125
77251049.7928883284 1019499.8227539062
75885687.3859019279 835567.8344726562
79654459.2998047173 1187420.3349609375
75865251.5277070701 831902.4953613281
76202251.9390590340 896839.8923339844
76181124.6718606055 894042.3862304688
79063409.6121699214 1153616.2031250000
76206005.4709646106 897120.1760253906
76299970.9820381105 910186.9406738281
76362591.3890453875 918025.9497070312
79367871.1899951547 1176389.6181640625
75904932.4802766889 843286.3605957031
75897840.3262757212 843086.1586914062
77508347.4989508837 1042657.0620117188
79710968.7400266081 1189412.5849609375
77070463.2516948730 1001166.0527343750
76239428.5781227499 903109.2404785156
76277420.1799827814 907682.6564941406
78124768.4566391855 1096238.9916992188
75914829.0889943838 844371.9267578125
78585457.1891667694 1126639.6191406250
76612920.5610468686 949842.8146972656
77017750.8407063931 996347.5180664062
79192795.7761261165 1164562.5224609375
76322172.4367624521 912646.2258300781
81312777.3610075563 1235588.9101562500
75810686.6912552863 815613.0048828125
78790786.1603419781 1139254.6064453125
79571894.0275920480 1177227.5205078125
75802272.3401281983 808932.8081054688
79119804.7356281579 1158962.9550781250
79344630.9932457805 1169302.7490234375
77007795.7009204924 995232.3525390625
80249501.6078011692 1200627.0869140625
76236130.3381335735 899577.3366699219
78928097.2764956653 1147372.9609375000
76380707.7338542640 918120.0083007812
79175556.1478988826 1164127.2607421875
77654756.9719356447 1054296.6289062500
78770926.0737067908 1135872.7568359375
76254002.7445617169 905094.1218261719
78202782.2270199060 1103047.4829101562
81671515.7166881114 1249320.3916015625
77437493.9539519250 1036620.4516601562
77489294.1868308932 1041791.3427734375
78816208.2085192949 1142121.7236328125
77213221.3810140640 1017250.9785156250
76606089.7865546793 949763.6706542969
78966600.6319599897 1150466.3251953125
76536820.5675991178 940682.7897949219
78282427.1434813887 1108659.9619140625
81501003.0705732256 1244013.9316406250
77129862.1240544319 1008755.0947265625
76265821.6935925037 905728.7658691406
76866514.8964925259 980481.0937500000
76546378.5510189533 942500.2626953125
76849785.7042762190 978324.8291015625
75875409.2129401863 835088.3837890625
75935613.0060438663 853713.0234375000
79209976.6531061381 1165523.1035156250
76624429.1655727476 950758.6162109375
76127206.1234858185 886116.3981933594
75970386.5327757597 859640.7666015625
76226795.7346982956 899572.2802734375
76532248.8296705484 939554.6083984375
75878384.8929889053 835145.2145996094
75964973.4419227093 857939.3896484375
76319836.9093565047 911755.2297363281
76298507.6183551848 909590.9465332031
77605036.0698787421 1051979.5507812500
75784487.5158652961 804263.6638183594
76034014.1323751509 870082.9453125000
78736092.0447219014 1135091.3574218750
78898581.6789011806 1146055.4013671875
78927714.8169487119 1146282.3359375000
75956048.7504059076 856444.7753906250
76054328.0507847071 874993.3847656250
80402001.3657878786 1206682.9169921875
81671604.8588326573 1249550.5986328125
75779729.5190840214 803111.9768066406
77172680.5472717136 1013421.6401367188
75861270.4260725826 828512.0156250000
78995384.1285645664 1151799.4785156250
77399888.4909169972 1034993.6748046875
80164170.6622610688 1199834.0712890625
79125033.8294372410 1163601.6083984375
81276454.5806779861 1232071.1308593750
77141796.5163599551 1009482.6132812500
78336426.8068624586 1110594.9648437500
80087332.0696547180 1192432.5849609375
76543122.0396497250 941437.7717285156
76632841.3287124187 952236.2038574219
77384632.7794107199 1032764.9736328125
75962307.5451948494 857878.5449218750
76842835.3721271157 976679.0859375000
76686571.9390300512 958866.3068847656
76088517.1680563539 879765.7204589844
75862985.3370729536 830450.5419921875
76583888.3318303823 947297.6501464844
78268179.3274025321 1105565.5429687500
79101399.0941287428 1154367.5488281250
78178857.4936447740 1100330.0805664062
76010551.7860870957 865309.7136230469
80289925.4409880489 1205117.8369140625
77659802.5535323173 1055667.5883789062
76574514.2311448306 944798.3891601562
80204205.5280943066 1200313.7822265625
77191262.0416191220 1015037.8344726562
76093783.0163276792 880232.9282226562
78504645.0839613527 1122183.5771484375
75976362.6688154638 860537.3779296875
79024431.1620855927 1152617.2978515625
76495006.8092836738 935124.5307617188
75866763.8440728486 832173.1293945312
75840370.7286030650 827838.7797851562
76331160.4666780978 915473.1262207031
75817689.5074708611 816442.2675781250
76354874.2377681732 917771.3906250000
76916556.6651614606 984516.3159179688
76029592.2888099253 867906.5156250000
75836040.5067231208 824588.7480468750
76520920.5849254429 938971.7512207031
77658582.2013057917 1054930.9316406250
81503698.3426492512 1247859.7626953125
76435612.0951807052 928233.4411621094
75819529.8670999110 818552.4997558594
76164403.9506752342 889757.7460937500
80116312.7133933753 1194099.7177734375
77241154.2226046473 1017566.7314453125
78517993.5631542504 1123357.1914062500
77300819.2400570214 1024207.3388671875
76677179.3489191681 957333.9567871094
77170402.9577967972 1012318.7529296875
76457813.5499050319 930699.4616699219
80125130.5451926738 1199531.1767578125
76630715.0226775408 951773.6987304688
78417921.2432829589 1118287.5102539062
76149407.5782101303 888575.6833496094
76043248.6072128117 872569.4689941406
77362533.0900431722 1030747.7568359375
78053946.8063637465 1089413.3071289062
77571318.6179200113 1049223.3447265625
76413784.4050679356 925995.7629394531
76699088.4678026885 961196.3818359375
76447076.9617464840 929488.1540527344
75827581.9662491232 819578.7343750000
76114033.9113299996 882947.4692382812
76424875.5070222020 927028.8688964844
76080721.1662544757 877678.0515136719
76400368.4725296944 924386.2509765625
75938890.1097737849 855247.8735351562
77450130.9490861148 1037704.1171875000
78604783.4582216293 1130060.0605468750
77457140.1388427168 1039859.7075195312
76739629.3015450537 964807.7692871094
76028379.3317062557 866979.1853027344
75797604.2838592380 808099.5427246094
75960427.2401090860 857355.2272949219
76121897.5927425623 883531.1315917969
76834448.7951605767 975686.5595703125
77279173.8330835402 1021597.7465820312
76924246.1811158508 985473.0961914062
77111949.0894757509 1006283.1699218750
77285805.1926220208 1023804.6362304688
77005312.0928463191 994803.1166992188
76901844.2503266037 984185.2128906250
77423182.5093456209 1035919.7695312500
77447932.1916366816 1037447.7475585938
75965283.2252435386 858149.9304199219
77723117.5105854571 1064540.4824218750
75861519.1776181906 830322.2414550781
78688083.7217884660 1135034.8544921875
78893123.0681217909 1145973.4833984375
77065388.8109721392 1000713.3359375000
77537334.4309179783 1045640.7397460938
76557115.1391775012 943703.4482421875
77260822.6174960136 1021235.8125000000
76455798.8436924815 930091.0625000000
76430680.1826948822 928156.4916992188
77467711.1571668833 1040429.3857421875
78589249.6164583862 1127684.8906250000
76933904.8394843042 987095.9541015625
76219890.7090232372 898007.2526855469
78380325.8631314635 1116123.5292968750
78223602.0304648429 1103921.6372070312
78778789.5788452774 1136359.8378906250
78397565.4913587123 1118084.5883789062
76637977.3688359857 952873.6906738281
77312475.9324979931 1025032.2661132812
75793330.6917099059 806702.0080566406
76720515.4240619838 963978.6518554688
80896791.1272134483 1222910.1044921875
75824606.2862003893 819368.1547851562
78747321.4789706469 1135862.3261718750
78079785.2556788474 1093212.9228515625
77391689.9957946986 1033098.4941406250
76025592.3517496735 866141.1315917969
78154920.1794606745 1097660.0864257812
75926101.3474198282 847802.7819824219
77517566.8900091499 1043714.0126953125
75807633.0749629587 814304.8105468750
76152086.9225898087 888653.2336425781
77331989.7179029137 1027186.8750000000
76153599.2389555871 888734.5632324219
75835567.4903592914 819834.5139160156
78664729.3066840321 1133192.5458984375
77708669.3771386892 1061963.3764648438
77558751.3819640577 1047710.5844726562
77774264.6982488781 1065724.2250976562
78451715.1579562873 1120598.0214843750
77042226.9385322481 998598.3457031250
75779878.8545762002 803919.3146972656
78424472.4185072631 1118903.4111328125
76004575.6500474066 864140.4367675781
78498955.7970654219 1121732.6757812500
75775120.8577949405 802576.8278808594
76823178.8213496953 974268.5927734375
76785292.4922767878 970593.5122070312
80798264.7377282232 1221261.9130859375
81152625.7545040846 1226069.7080078125
75773914.3805441558 799208.6948242188
77065280.4270677418 999884.5859375000
77550123.1932719201 1047267.5444335938
77082767.7722746134 1002430.7260742188
75774181.3307747096 801040.6330566406
77832422.8400222808 1069346.9594726562
77841784.7377292216 1070676.9663085938
76976488.9326002151 991192.1342773438
77804105.5320778340 1068318.3095703125
78623404.0193445235 1130937.8154296875
76830284.5966298133 975631.4738769531
76629048.8929333985 951369.8513183594
76179222.7863766253 891661.1853027344
77053415.5093362480 999668.3095703125
78291043.2868507951 1109512.5322265625
78239132.2938814610 1104747.7236328125
76472854.1155675799 931938.4914550781
88865565.0343169868 1291253.0820312500
89345653.8661433458 1292129.3261718750
76778764.7671519965 968857.4782714844
76708739.1470296979 962242.6179199219
78036256.8574902266 1087276.2636718750
85829168.5574235171 1264398.3232421875
76773325.5971944630 968410.3474121094
78010871.5622218400 1086304.2441406250
76752174.1775313765 966391.4577636719
78356627.1734032035 1114734.0253906250
80406859.3163403720 1218688.6113281250
89017608.2828840911 1291839.1162109375
77925293.2009117007 1079149.0034179688
78573833.1882607937 1124732.8457031250
83950980.3134732395 1253625.1396484375
77036036.5480337739 998452.6479492188
88960277.1592965871 1291298.9082031250
89178655.1016201228 1292070.9013671875
78078602.8799903989 1090993.8188476562
76958616.3909424543 987894.1606445312
81186512.4384743124 1228089.2041015625
85382404.5471365005 1259226.0283203125
78656770.4842850268 1132370.5957031250
78004026.4261836708 1086125.2856445312
78248910.4117099494 1105247.7285156250
76653327.6393742114 954016.0603027344
76166661.0890287906 891284.6638183594
76616219.2985416800 949940.9787597656
78042391.2286489308 1088772.2709960938
77802250.1416816860 1066620.6206054688
87768567.9739056677 1275271.4042968750
87909663.6353917122 1278142.1894531250
81711871.7293338925 1249605.8955078125
81455899.8067815304 1235644.2070312500
86506153.4488216490 1267095.8037109375
77935829.6909005344 1080660.8164062500
85747072.9252682179 1259974.6738281250
78051267.0652928054 1089137.1528320312
77682450.8807898909 1057514.5600585938
85799775.3970587999 1261559.0146484375
76651123.8536359668 953178.9167480469
87006602.8934149742 1273358.1337890625
84254183.7873950750 1258470.2460937500
87901063.4021719247 1276172.7490234375
78027029.0508223474 1086378.9985351562
83597087.5994876176 1251250.6464843750
77883486.6180942059 1076228.4321289062
77850843.4461490065 1071772.2329101562
84044628.9085925668 1255982.5478515625
77839958.2199056000 1070261.1879882812
88623214.8474939018 1278490.9345703125
88673570.3427274674 1282385.2832031250
79963138.4794182330 1189562.2734375000
80815327.6441862881 1221538.2500000000
