83161335.9132039547 10.3650555611
78389097.5244542956 5.6004653157
83195010.0756757557 10.3786765784
83510058.7423759997 10.3912031874
83079184.5542739183 10.3632066697
83355306.6763274968 10.3789868951
78318077.2468093038 5.4419907958
78468077.0685525537 5.7630188123
85252026.6176907122 10.4312368259
78804459.0711068362 6.4592819899
80712085.0491295457 9.1350939824
81970425.0144392401 10.2158074006
85941622.6685273945 10.4423986673
81328653.5441297442 9.7444695130
82556609.0241002589 10.3066112101
82485634.2068625093 10.3000140637
81339531.8160467297 9.7526815226
81902412.0404622853 10.1937978417
79234512.7323488742 7.2383341308
81394780.7460431308 9.8510020868
81435190.0256951600 9.8728094519
81353490.4647889584 9.8352396608
81168442.7021846324 9.6892669693
82357127.8543267548 10.2863219678
78848113.5203904957 6.4840323023
82319035.4829881191 10.2777164280
82231451.2902521938 10.2762511224
80130158.0451465696 8.4655199057
80170050.2102893293 8.4764202263
81610771.6774189323 9.9910813300
81364518.7005494386 9.8487448887
81223680.8939517438 9.7061610565
80486733.5528477132 8.9159118754
78522560.4716675431 5.9084309554
78873917.6040808558 6.5923791520
78584835.7176886648 6.0640268388
78886004.5168679506 6.6243232784
81115805.5073905736 9.5654118620
81307727.7261133045 9.7418274736
81311041.5972739011 9.7424843658
85498474.9714244455 10.4331573024
84995132.5027018487 10.4259177521
79590917.3990996480 7.7703785947
79634948.9244071096 7.7827347631
80338927.8116383255 8.7285443072
78509652.9201109260 5.8051231683
80484523.5231977254 8.9010129920
78274245.9393005669 5.1261622436
81992012.2653370053 10.2350513637
80396992.2380841076 8.7903220928
80139788.1647956371 8.4741630282
78962194.6639981419 6.7647882387
79343556.2791345119 7.3826204504
81164317.5749533772 9.5922840095
81278028.5003914237 9.7363634935
81095509.3159267306 9.5605911702
78712041.0997368246 6.2881785698
78869605.3629847616 6.5920172646
79711746.5970711261 7.9377339063
83478416.9962258935 10.3890011683
80746783.8522365689 9.1490889694
78780172.0977838635 6.4209138445
78771624.9357715547 6.4207707636
84559044.8161439598 10.4183185399
79904875.0907122642 8.1460284282
78365279.5070171505 5.5914104239
79984687.5820083916 8.2701727037
81448303.0516257584 9.8883637906
78392886.4825508595 5.6315635697
79632029.2642987520 7.7800566573
80652314.2118772119 9.0959544523
80580452.4825018793 8.9763386364
80435056.4815809578 8.8161985846
79918842.7290273011 8.2637231384
80304487.6944200695 8.6431480101
79351743.3472848833 7.3938688503
78923090.0859842151 6.6280354837
81646701.4106855541 10.0572966263
79277240.8892254233 7.2646238129
79050431.0042888969 6.9286735043
79149069.0356676728 7.0902248830
82640693.4445613921 10.3282202706
80272529.4696099907 8.6301422840
81403299.7639423311 9.8637474404
79534517.4389569908 7.6431729266
80227531.8824061304 8.6155762500
78421084.9074573368 5.6409261583
80722809.7456287891 9.1361060272
80863922.8479030132 9.3037667628
80115234.3506942689 8.4574333580
84895599.6304306239 10.4255768433
79532739.9902495742 7.6428623358
78686248.9801454395 6.2611210711
78659446.5481972843 6.2458308332
78279662.0151814073 5.1263495052
78610855.5611503273 6.0897612604
79260909.0538955331 7.2421591255
78512480.4761642963 5.8981163117
79333519.9849265665 7.3783145020
79371033.4360809773 7.4562948341
78266299.1476085186 5.1258254578
78289112.9663700014 5.1273639952
80865409.3314632326 9.3334940591
78502313.4413382560 5.7883591403
85185411.2719144821 10.4283570051
83005775.7011076808 10.3537054881
81827107.1826058477 10.1833489910
79909566.2169585824 8.1613812900
80107057.1552798301 8.4559481057
84304063.4060096741 10.4180327654
81692554.1468479186 10.0685204854
84281399.7999840528 10.4162540138
84008015.9445473105 10.4106148407
83153084.9717937708 10.3632171899
78440482.7964439690 5.7368222096
79992112.2221156210 8.3084042805
78768371.6913283616 6.4103971394
79527915.1496897042 7.6364539275
79318644.8937654495 7.3731979904
80389148.3532219827 8.7674837286
79263914.7983304858 7.2472247434
81096194.4619110823 9.5652847254
81733054.5156868547 10.0769247934
81091885.7055634111 9.5579937041
82456568.2827853113 10.2871425077
81983456.2007457614 10.2203713506
78509204.1720453352 5.8048045033
80828226.5772222728 9.2816990510
81919106.5147373974 10.2145862654
80659479.9311277717 9.1111682175
80669824.9717595875 9.1160956553
83387620.8128411323 10.3830435127
79521649.6134137213 7.6357462997
79280220.6866926700 7.2917224312
81255413.4008367062 9.7141645035
80091890.8447144032 8.4304863689
79794068.0720795542 8.0939874881
79122911.4275246710 7.0736666742
79197321.0262247026 7.1280045468
78975520.0520355850 6.7945374880
79171377.9969905168 7.1108276760
81235477.5414555222 9.7129005349
80748424.7812280506 9.2391576289
82338462.2685842365 10.2802654579
81276608.6201781034 9.7181495810
81579764.5510880500 9.9535396425
80039923.2944063693 8.4136207149
79836605.3368915766 8.1164404253
79947267.6120521426 8.2690225799
79741266.4945066273 7.9516650458
79809811.7143051326 8.0974145261
83794310.3375505805 10.4053778574
78245738.0790744871 4.9625673485
80976517.8705647737 9.4278750007
78205960.4953311980 4.8011374806
78643538.2823844701 6.1159958795
80237022.8385743946 8.6237053822
80175811.8468913287 8.5151585987
83622501.5813276321 10.3952081874
83586823.3594352901 10.3930092826
83386153.6593903899 10.3828396127
79443311.1523896903 7.5838537813
78630050.5483790040 6.1146911785
78265452.1407069862 5.1246189850
78938835.1153008938 6.7423798653
79015654.2488188446 6.9160959187
79903739.3662226945 8.1408288777
81217001.8632777333 9.6927792028
79507674.9231495708 7.6317530790
79403994.7637642324 7.5553025229
79538454.0554136783 7.6522185871
79112689.6237029284 7.0716618536
79460515.8416885287 7.6225384617
79389457.9169005454 7.4633308196
80933016.7977504730 9.4046150238
80945137.6657961011 9.4123254677
80893338.8895340860 9.3879541174
79110196.8301557004 7.0595097573
79205336.7175192386 7.2311178249
84696182.1411219239 10.4236719385
79363852.7784007043 7.4243628533
78204328.1626487076 4.6454536504
80992972.5108294189 9.4556370691
81122554.8394703269 9.5917461083
81065070.7613641769 9.5551271901
81985919.6709540188 10.2337532043
82561259.7176878303 10.3082068041
79489055.4562425613 7.6295744473
78210020.6927197129 4.8109680244
78434264.7729519159 5.7270842113
80305783.6953268945 8.7062574713
79662710.5362532437 7.8058844483
78657707.4496352524 6.1397557685
81457362.6796131134 9.8891173155
82563193.3920212239 10.3174850270
82463983.3824532479 10.2991560623
78296203.0846805573 5.2666282563
81626864.2833921909 10.0350835128
80338198.1141569763 8.7168564913
80505113.1851877272 8.9170725436
80508599.0686198920 8.9265415377
79684631.4449452311 7.9068454722
78261343.6043620110 4.9637177778
78235120.6270307153 4.8134338313
80682244.6943727881 9.1317185069
80599412.1879783720 9.0858709083
82100293.0580448210 10.2581707612
82150996.0851655602 10.2732294723
79269609.9759784639 7.2636556412
78644458.9626429081 6.1256927380
78754231.1370149553 6.4003404891
79734963.8303439617 7.9428653768
79135731.9293150604 7.0814622414
78595725.3313092887 6.0754343189
82529527.2331060767 10.3064054623
81487027.1697596759 9.8948068247
79099925.8898230791 7.0584859314
84540935.5004957914 10.4181589186
78545774.2800586671 5.9480764673
78490224.3751876354 5.7773942545
81627741.8105413616 10.0395311257
79586728.3257196099 7.7619134843
81852899.9595248848 10.1843473613
78657629.5621749759 6.1264645511
80460065.8806988448 8.8946275783
82081648.5192972124 10.2549034208
81012973.6511281580 9.5316642315
80868716.3451297283 9.3675728955
81007766.6980210394 9.5122196317
81613660.8018097281 10.0201213052
80202988.1352152228 8.5773924631
79686037.1532007754 7.9271177081
79707730.1185311675 7.9282147262
79590030.9357455969 7.7653726638
80582038.3458226919 9.0048930465
80544632.9422076494 8.9747835155
80807863.6800012589 9.2584218473
80847956.6572865695 9.2887236894
78469934.0935887843 5.7764680788
79131846.2776909918 7.0800680626
83768031.0511352271 10.3952207342
81537808.3258427978 9.9212874575
78566146.2616733313 5.9681528113
81495966.1271357089 9.9142399197
78820176.7271194756 6.4626150685
78843997.7616839707 6.4786484423
80075883.8478200883 8.4217662055
81071643.6964924783 9.5557287947
81061953.4259069860 9.5362841949
79641262.5991377532 7.8058432010
81788881.0313693881 10.1465361640
81797916.7373432517 10.1533920467
81616438.1935867369 10.0270772418
82007453.5567842126 10.2372648343
81530041.9193932861 9.9197038999
81478675.5091853291 9.8943340247
81437881.6961182207 9.8881382615
78736312.0221251249 6.3062969180
78749371.4396886230 6.3078264276
78827619.2954491526 6.4712330828
78730737.2806606591 6.2996246943
78505778.7757772803 5.7886505325
78464099.2353836596 5.7419691451
80524059.7259555757 8.9619308077
78452914.0908370614 5.7400965982
82075462.7888137102 10.2489523739
78537491.0428000987 5.9135794185
80967313.8912134618 9.4168597270
79664524.5425042063 7.8757552801
80374313.6700851470 8.7664657176
80391517.9587902576 8.7696960212
80364797.1083769202 8.7509033407
79084062.6664004326 7.0575597557
80340231.2123162001 8.7422892001
79667080.0640474409 7.8993722418
80508516.9653472453 8.9251565651
80221794.0083875954 8.5823500973
79155592.9861193150 7.1011787328
79863283.5655378401 8.1367958921
85672896.6751602739 10.4369428307
79074692.5537271202 6.9563961584
79602084.0535815805 7.7766392398
79065348.7991854846 6.9330589804
82929740.4949676991 10.3476896882
82782120.1104447693 10.3411788791
78313091.4061293453 5.2735767310
78225595.0991270095 4.8124648460
80008962.9960564822 8.3105559858
79779702.9224615693 7.9750720271
79769567.4986930490 7.9713544407
80345120.9475346357 8.7470837531
83053337.7552831769 10.3618266061
80071852.8776029348 8.4136256402
79573286.0144592822 7.7565148542
79583448.8946541101 7.7574102947
79775327.7380332351 7.9722263300
