85015413.5025224835 146020.0283258110
83573119.9067344218 125038.0202704668
82247541.4234279990 76773.1549605727
82356644.7307928801 88437.6810223460
82775363.2364793420 106367.5756568462
82869777.8532748669 110178.9644736797
83217557.3946882188 118656.9747922271
82227210.2915374637 76649.5946652293
82317152.2268864363 84944.3794103861
82604774.9542421848 97363.6200475544
82786468.9817154855 106377.7027985323
83177426.4939232767 117959.1879436442
84361833.7722331285 136733.2750410223
82439314.1357835829 92216.1587139964
85866353.8762543052 158663.5456205904
82221305.7743447274 72934.7149050236
82263748.0392283499 77120.6113255620
82501521.7899331748 96338.4697491527
82826887.9099706709 106966.1334244478
83935341.4461059868 131286.8170205255
82699834.3512592763 102097.3085337877
83280818.9510003626 118963.6085425615
83455629.6812987030 122178.9233161211
82375721.0330668241 89611.7622534037
83020824.3902803361 114311.4026505221
82249903.7406609356 77053.2688300610
82198773.3710153699 72897.1069104075
82672931.4067033827 101767.5955376048
83326435.1966946721 121673.9489203691
85687048.1803439111 153408.5191618502
82871223.2304513156 110189.0916153658
82275486.6519271731 77292.8223890662
82294904.4019791782 84244.0455966592
82722922.1710143089 102237.3794571627
83478050.1455238760 122784.9323188066
82288694.7895451337 80776.7586184740
86153708.3185500205 160551.1534983218
82617394.6470414996 98114.6604715586
83559406.9845234901 123396.4783082604
91145199.8997567743 176755.7937622070
82304532.5340871215 84292.2698855996
82899140.6873240024 110455.6552498090
82984130.7754783928 111150.2292720079
82284811.6800312400 80299.0300032804
82438050.7626341432 91843.2857242227
82536701.7128451318 97031.4844203591
83526389.2525362074 122921.8965827227
82468985.4333652705 92921.4027358378
82472609.8967607915 92931.9849101829
82641657.4125113785 100861.6546639353
82453747.5417326540 92909.1733852029
82589351.4704367518 97349.5017590374
82745579.2296711355 106016.6872812975
83972001.9058448970 132022.8656732440
83287304.5050133914 119135.6816760302
82493808.9747428000 93191.1353603005
82447049.5778904259 92882.1566998363
82910430.7215154171 110586.3994010436
82359266.8914839774 88565.0655128360
85756581.7169156969 155232.4334623212
82567046.8287277669 97202.2642865032
82312165.9274773598 84422.1384345889
82362218.6596988291 89039.0821996927
83120439.8795979321 114725.6813759971
83251304.2293663621 118954.7081081340
83163662.7209464312 115597.0119155049
94145796.1064954847 191313.5172119141
82349598.9668994844 88386.9726749063
82661961.3412152380 101465.1348430479
90636917.6932363063 175196.1469879150
94110254.0265372694 189564.0083007812
82315117.6956921816 84896.1551214457
82236855.2053639889 76665.6767837405
83094343.6639912575 114590.8181899190
82953747.0624326468 110633.5920879114
84366707.3253983110 137898.4250619560
84645306.0225336850 143614.2977520283
82676017.0563754588 101894.3762461413
83083611.0515010506 114363.5844269414
82760324.8170597404 106055.2194720972
92824227.9866338521 186288.6810302734
93723440.5149628222 186734.9677124023
84883349.4970258325 145536.8513558060
83143638.0576540232 114862.0529720256
82864644.1376709044 109982.0715228785
92457648.7259854525 181082.4844360352
92557160.0293074101 183906.7943725586
94313627.4605613649 192997.3736572266
83161597.0937838852 115280.3229030967
82742748.6067649424 105447.1444283575
85950075.6134644896 160086.0562712252
83923617.9778407365 129391.9473667825
85253910.3702075034 146644.6670805514
83663212.7716060579 126122.1744720936
86313381.8230165392 161349.9162874222
94295827.4299360365 192482.1837158203
83813974.0990892202 127310.2109553218
82348838.6305064559 85188.4858767986
83739710.2916650325 126946.1092897058
84599036.4216074795 141898.3506829888
83986733.5811091065 132452.4313968420
85795192.5736235976 157631.2774626315
83824448.1216657758 128251.1164514869
82606309.9065674692 97413.6427798271
82702033.1111606658 102111.1659648418
90158632.1752898395 165134.1408653259
90306022.8783610165 165337.5172119141
83154609.8445141464 115116.9195090532
84836360.7907284945 144959.3853809834
82293187.9143126011 83948.4936925173
86155462.9087736756 160754.8108851016
86276931.3378724903 160917.2355619967
83662816.4723307788 125687.0868198499
85471467.3737866133 149307.9794196188
86108979.8016758859 160283.0827433169
91683713.9546298683 179058.5404663086
83704166.9118781984 126864.6993333697
85630615.5540737510 153368.6704990119
84491390.9328041822 138515.4701287895
89497322.6888094097 164581.8336486816
83088804.9752845317 114558.9378882647
83537002.9938345253 123234.9300538301
84065988.8430353999 133585.7756367410
83529507.4167417586 123174.4434806108
83921027.7997579575 129364.1388513446
84236554.6671752483 135951.8548016995
84277903.8313314021 136360.1820302457
84863444.3289500922 145249.5897288471
84890300.1298766136 146007.0953271538
84302109.3528925627 136566.7007809430
83899127.7302729040 128851.6129857898
84187532.9853763431 135081.8388410062
84556431.7830431610 141711.2511641702
88522337.7495248914 162102.5017547607
84499683.9856821001 140669.4074828348
82742459.3188099712 102403.7251546979
83470489.6816721261 122375.5164350774
84140708.8774936646 134339.4434506297
84407377.9901943505 138268.9168116769
84769693.0786416531 144371.3157737255
84153169.0438087136 134691.6916471422
85319388.0146048814 148470.2376632690
83914959.5022852719 129144.1532352865
