135342195.0102363825 482520.0044555664
134668398.0654708147 454072.5972989518
132501623.2104985267 327263.1047663987
132367696.6103406698 314161.9553724676
132704158.4556551129 345520.0578112900
132884670.1488761604 358157.0868054628
133315348.8390314281 386528.2522488832
134990904.9009286165 467499.4574432373
134765634.6601943970 456692.0565274674
134153705.0644024462 430814.6295585632
135553677.3758974671 490275.5461425781
134563544.5367286801 448501.2101626117
135383917.0709515214 487461.1689453125
134807273.6547721922 459715.3389110565
134151481.7205580026 428468.0895762164
134120621.7413308769 427734.6219099164
135075275.9703894556 473894.7751007080
136645469.4592109919 520982.8559570312
134177794.2044494748 432119.0470766742
134896297.9542387426 463815.3925781250
133132745.4855359495 376100.1013737917
133664219.3702820241 404372.5129910707
131835372.3582001030 238216.3392705694
131818617.1923797131 237284.0192451552
131855620.6048604697 241126.0074043050
132837956.7735546082 356741.1989014000
135862743.5947439075 503617.4873046875
132303249.4626548141 308143.2413191348
136282852.2828097045 512812.2917480469
132622654.6998151690 340112.4672351182
134772517.8383363187 457036.9856033325
133734059.8644027710 411024.8945828676
132544342.2608139813 332387.3299108893
133410998.3100520968 393827.7562772036
132047165.5569516122 270249.5683714896
134850067.5931151211 461116.9064054489
131885241.9483932555 252623.8526916280
131901300.0295186043 253141.0490981713
133847693.0232608020 414524.7039090395
131873544.0227089971 245593.1886910275
134963472.0720876753 465868.7820625305
132928382.5150083005 359867.6804554462
137526794.8909953833 531678.4648437500
132931588.2371542305 362988.2015668154
132170427.0450386703 292440.2908186466
134145947.5150583535 428366.2843437195
132780953.6274413317 350901.2724945396
135277366.0938552022 481429.5151977539
131813088.4102208167 226603.8586832657
131929005.2944678962 260933.0221375003
133023177.0508293808 369873.9268018007
134728350.0589217246 455998.9522890765
135653216.1325053275 496146.4875488281
135653216.1325053275 496817.6169433594
134834037.9941514730 460532.7770109177
139383514.0275785923 541253.7851562500
133542226.0899030119 400314.4928494692
132344100.9632776529 312520.2901770025
132375292.4309697449 316154.9089925438
139099918.3175530136 539716.5493164062
135923468.7421153188 503739.8925781250
134177696.4112575352 431893.2259740829
133097555.9088459164 372447.9907791466
132375636.7264058143 316954.1357313544
133776909.6633249968 411115.0825101137
132328374.3426916599 311011.3701741844
132501623.2104985267 327577.0432429612
133707318.6878232509 409000.5886746645
132501623.2104985267 327606.5491023362
132397906.6890636832 319539.4818617254
134945448.7584067881 465766.6202392578
135010338.2095890939 467775.2526550293
135653216.1325052977 495438.5588378906
133855888.0446082354 415966.0590726137
133071746.9319460243 371167.1682693809
133854955.8449286371 415222.5756741762
136503818.1901155412 518352.7080078125
135924400.9417949319 504447.8212890625
132254372.1818775833 304417.9186415225
134151887.4343576133 430612.4034643173
134179514.0413023680 432364.7308769226
132059362.8772613853 275421.9673583284
132283538.1746213287 306888.4084333926
132444824.7773417532 324683.0206800848
133576090.9079723656 402199.9136258364
133142830.5433712304 378340.5504857302
135750187.7461815178 497963.9392089844
133256967.2092208117 385062.2106229067
131788995.8488468975 226008.4381179884
132743162.2377335280 346734.9525550455
132827871.7157193869 355263.0642425865
132753247.2955687642 348213.0872138590
134575510.9556338489 450036.8814506531
133256967.2092207819 384299.8961697817
133954446.1828576028 420540.7415677309
132304009.2547976822 309904.1587026268
133013091.9929941595 368395.7921429873
132454909.8351770043 326161.1553388983
133897676.4440957904 417178.8727933168
133989544.6661617458 422183.3223075867
132328718.6381277740 312254.2980848700
132276707.5014835149 304908.0642516762
141330959.3673020005 543603.4682617188
135617540.7922342718 494623.7915039062
138911904.6472087204 539673.2514648438
133786705.5777418017 411431.1231298447
136282852.2828097343 513100.6311035156
132696244.1494554430 341591.4137366861
136022390.5812503397 508504.9770507812
132278069.1105424613 305110.1787001044
138470506.0793435276 538164.1884765625
133461954.2421227992 395804.8247777224
133142830.5433712006 377578.2360326052
135999170.7179358602 505364.3603515625
136122615.9503727853 509369.2529296875
132902421.7044616342 358712.0783760399
138483761.8427116275 538871.1552734375
133918865.5572722852 418231.7981786728
136022390.5812503397 508328.4550781250
132700572.7685247213 341867.9472166449
133543158.2895825803 400657.9371854067
137526794.8909953535 530650.0708007812
134873952.2434578836 461358.0975675583
135823243.3729928732 502946.3579101562
132238571.1517578810 299267.5324369818
133893056.5803723782 416950.9756689072
136062823.0026808977 508999.5844726562
132011424.2513246685 269517.4676891491
136198317.9261932969 511136.0795898438
136239047.7528184950 512557.7082519531
132069789.9251193106 283570.3688637763
133271052.6673026085 385511.3351536989
136022390.5812503397 507919.9838867188
133503754.7578551620 398562.2921658754
133601899.8848722875 403480.7361356020
132968899.1282419562 364674.2980224937
136540845.4947870672 518513.1118164062
132214350.1236853898 299259.7803205997
132011424.2513246685 268755.4227672741
134842908.2072051466 461078.6369018555
134516188.1196528673 447480.3038139343
133410675.2237662375 392912.5169163942
135559286.2471374571 491464.2080078125
134776715.6487342715 457976.1993741989
133410998.3100520670 393513.8178006411
134048286.2614514381 425294.7770195007
133594114.2216532826 402278.9285374880
133353443.3368789107 390588.3357640505
134716197.3464124799 454773.0987358093
133473550.3567707241 398503.7324734926
134048286.2614514679 425564.0558280945
135443103.8157278299 490017.7465820312
133410998.3100520968 393520.0593777895
134576443.1553134322 450303.2227592468
137374586.8940874636 529298.8825683594
136884674.7318404317 525827.2272949219
133675640.4802364260 406656.3455619812
136474289.0688761175 517227.2687988281
133802921.3432473689 413449.1789456606
134461877.7967758477 446556.0276908875
134576443.1553134322 450306.1602592468
133245993.5503034294 382733.3791137189
136220918.0139622390 511619.8366699219
132986743.1712597907 364768.5390083641
133802921.3432473838 414211.4933987856
136556875.0937507153 518694.9145507812
133993822.9180675745 423942.8389798403
136431253.4236189127 517009.1054687500
138103923.5591601431 535460.0322265625
132328718.6381277442 311910.8537489325
133245439.7058400065 380544.7734329551
131992868.2791591585 266694.0325745121
133919936.7333499044 420125.4012870789
133054316.7789423168 370323.0863242596
132612371.2639992237 334920.8093382269
134032180.4336624593 424369.4986991882
132301053.9606940299 306964.0895514041
132203873.9792896807 293362.5601012856
133448081.5424092859 393984.3975124359
132207464.5908257067 296295.2637832314
133347061.2909917235 387458.1044876426
133218432.6257820278 378994.1065628380
136556875.0937507451 519457.4506835938
133115051.1956161410 374647.9894652814
137992666.1686931252 534948.5029296875
139253547.7197377086 541105.6665039062
133504690.0848836303 398638.9535193890
132385721.7842410654 318432.2703901678
133131468.3088952005 374797.8916221112
134819941.0579209030 459851.4480743408
132240977.7346958667 304127.5362585932
133969141.0332761705 421539.0339261293
136415223.8246552646 516827.3027343750
132957610.2660964429 364445.5081322044
133315921.5628788173 387183.7224636078
135784993.2769981921 499750.7902832031
139356127.7399277389 541146.9873046875
134549274.8540849686 448241.9339408875
132759243.3235751688 350238.4810058922
135742109.8883815706 497612.4523925781
135579973.6415905654 492952.3256835938
134102486.1255718172 427458.1909599304
132603533.6014384478 334141.6906763464
134180446.2409819365 432857.8910331726
136877361.1294730604 523151.9169921875
135579973.6415905654 493660.2543945312
139401686.7618141472 541928.8461914062
139794302.0979681015 542691.2148437500
135702207.4925105572 496887.9614257812
135579973.6415905952 494331.3837890625
132144115.4802119881 285578.7431426793
134634697.7004101872 453336.9424858093
134270976.2219556570 435881.4589653015
132154687.7341151237 289454.6557470709
133054316.7789423168 370009.1478476971
132415422.4751363844 319615.1629797369
135764806.4372454882 498211.6430664062
137135857.9720976353 527586.0046386719
134248070.8588203192 434955.9330863953
134727012.9809233248 455580.5440483093
137922176.2799899876 533836.8425292969
131857841.3399395198 244060.5828628615
132953520.3911196440 363627.8382980675
133225268.0339003652 379945.7329056114
134931775.9647608399 465545.6524162292
137135857.9720976353 527955.5295410156
134326030.9742304087 439593.1941947937
134965525.7911693752 467349.1902008057
133085322.3911509067 371943.2502586693
137135857.9720976353 527247.6008300781
133204788.0193204433 378950.8222992271
135421498.7413858175 487531.5134277344
134415357.2310004830 441840.1221532822
134709733.6995608807 454224.1500577927
134965525.7911693752 466869.1296539307
132579584.4828957021 333898.2949911505
134965525.7911693752 466802.9143218994
140232134.4821175635 542938.9995117188
134461877.7967758477 446537.0721244812
139398537.4973491430 541889.1186523438
134440596.3327680230 443836.4869194031
135479753.2864825726 490088.0910644531
135243724.7272446454 479063.2157707214
134437962.4193725884 443830.1592826843
134166597.7652011216 431440.5811063051
134417009.9462841451 442319.2615262270
139149758.9367204309 540472.5288085938
132824425.9683956653 352491.7301514000
132059406.0022261590 277050.6314551383
137926363.7273858786 534138.6284179688
136393447.6022826135 516315.5920410156
132492880.6458870769 326193.9857603461
136606700.6075411141 520101.1228027344
137719072.9847325981 533084.6306152344
134234127.9223892689 433003.7145291567
134234127.9223892689 433331.8375760317
134098281.0998438448 426803.3199979067
131919663.4798903614 255015.7071768790
137500976.8268100023 530297.6298828125
134622128.8365058005 451041.5731534958
136378240.4947212040 514408.5629882812
135121665.1686901748 474476.2302970886
134251833.0021387935 435084.3980008364
134417009.9462841451 441992.5007840395
137553769.0399184823 531977.6674804688
137500976.8268100321 530616.2124023438
135058050.0567096174 471031.8676261902
135121665.1686901748 474834.5237541199
137551962.7121731639 531859.4536132812
136881019.0118065476 524353.2551269531
135243724.7272446752 479771.1444816589
137942960.1989436150 534457.3369140625
137274229.1584256887 528494.0166015625
137942960.1989436150 534604.1186523438
135165764.6118345261 476408.8140373230
134795381.7991195619 459122.9100019932
137706058.0000741184 532173.8945312500
135243724.7272446752 480442.2738761902
135243724.7272446752 479947.6664543152
135055046.8004573286 469705.4097404480
137437944.2788334787 529910.6064453125
137578484.7289429903 532092.5766601562
135360431.3196763694 483208.6843986511
136830899.5910300612 522826.4982910156
137028270.8172601461 526106.8774414062
136755385.5956363380 522689.7678222656
137126255.1025428772 526326.6860351562
136853369.8809190989 522855.0661621094
136755385.5956363380 521717.6589355469
140699776.3632312715 543567.4956054688
138048083.5608983040 535198.7978515625
137418941.7970263064 529659.2978515625
139102971.8352360427 540277.5385742188
138720067.6118896306 539551.7539062500
140201496.8808346391 542913.9497070312
140259604.8822940588 543542.4458007812
139800582.7981414497 542798.8398437500
139741548.1116589308 542107.2890625000
138266938.9008192420 536339.9350585938
138266938.9008192420 537345.8999023438
