51804878.1102268621 115220.1224049851
51945691.5490385145 126356.3867919818
51826011.7292419150 119326.5845881179
52626147.3127960563 154972.1164460182
52752924.8206268474 157271.6271564960
51893339.1087949723 121641.1515973806
51935749.7297766805 123025.7147331238
55095790.3020311669 206880.8107910156
51818724.0012856647 118209.1298083663
51848312.5961589292 120322.4000587463
51742044.8403885290 113560.4332809448
54189941.5191037729 192703.2701416016
54479552.6610915288 197404.5700683594
54099629.2709278986 191341.0075683594
53573756.0968688577 180455.8851318359
53853673.0577683374 186964.8486328125
53590862.4213993996 180803.8437500000
51431138.0791622102 90505.5278472900
51441539.2286308706 91541.8377838135
52753364.2789950371 158181.5461822962
51003890.3310243562 43560.1253196001
51051266.9121660665 50584.8510570196
52931002.8700642809 164001.6509876251
51583530.9091485664 103596.0469347239
51564599.0910129622 102713.0303897262
51505378.4399136305 97589.6352992058
51407410.6835318655 90401.8429527283
51515068.3681603670 97710.2304310799
51387298.2381002307 89832.0845179558
51544509.6669958532 97712.7060043812
51390305.4521083608 89952.6796498299
51361168.8234411329 87950.7259405516
51374492.5920269936 89079.4155180715
51272638.8311327696 82195.1300499700
51355982.7345954105 87932.0790416002
51262864.0514679551 81321.8647368215
51230358.2470721006 74784.2397843003
51238211.3147611991 80170.8867903948
51143179.3597291559 72413.3360091448
51015683.5624714345 43596.7117187306
51114683.4196820259 64623.9968785909
53925521.4529936612 187122.0050048828
51335247.3762560785 83449.5016337037
54063793.9676335752 190349.8024902344
54374666.6648472473 195068.5516357422
53404809.2961610183 177513.6144828796
53134660.1690610200 169794.2253532410
52818997.8605069816 161989.3760318756
51613986.0829701498 104931.0824857950
54213871.6580934823 193716.7976074219
54452183.3653314412 195998.2421875000
54551664.5392439961 199490.3754882812
54345304.7725874037 194764.5106201172
54716404.3266784102 201510.3872070312
51031199.8668680489 49514.9795671701
51036787.7024566680 50302.8244857788
54884950.3743863851 202715.1101074219
52102467.4141595736 131862.0721580312
52161083.5029339939 138305.9128155038
52041820.0802268609 130527.0970535428
52000947.3976780549 129207.6638260038
52103633.6065238342 134590.8654735088
55160094.6883177236 207970.1083984375
54505907.1948941723 197510.0932617188
54677961.7595975175 200587.5065917969
54683195.6334191486 200598.5002441406
55190084.4409504533 208885.0244140625
54797042.9317262545 202099.1273193359
55106684.3414017931 207535.1401367188
55051312.7410491630 206852.3256835938
54910257.7769821659 203496.3950805664
53166555.0401803106 170320.6418609619
51107797.9559123069 64099.5413303045
51055953.6095423326 51652.0022541285
53935248.8936205059 188192.4508056641
52716396.3710793629 156936.1552326679
52469965.4594230279 148995.6105804443
51063216.0192147642 56341.9905490545
54539711.0939223766 198904.1726074219
53525420.5398821235 179001.1422119141
52940499.9834027663 164862.2597408295
54062253.9022869170 189829.7644042969
53971605.5721578002 188430.3177490234
52764970.7354846746 160285.5026454926
52762706.5636115819 160179.7980990410
54379876.1913546771 195688.9089355469
52632280.0532709286 155336.8906159401
52975832.7316951007 165308.6874160767
51666352.3910712823 106746.0214347839
51688981.2800701112 110120.9694557190
51561494.4561064765 98988.4706535339
51934380.4886608198 122479.0238933563
53214573.5814684480 171802.2174682617
54850145.2230837569 202402.9339599609
55180939.5365409777 208431.1914062500
54084398.0473377556 190936.0053710938
51637803.7995410785 105370.2646694183
54462076.5353070050 196875.8691406250
51075116.6459863484 57784.7892299891
51093144.0916922539 58277.1993524217
51932297.1652723029 122320.0202171654
51963001.9362266436 127347.8413982391
51725779.8708460853 112755.4586950829
51475034.4923271760 95838.4961534739
52221322.2276842222 138815.5935039520
51218728.2055292130 74526.7646647096
51825035.8379786983 118304.8319536448
51866041.6720088497 120887.0441894531
52534915.0140200481 151751.3558554947
52544699.0487519428 151857.0852856934
52574384.1740972996 152905.5434570312
52571208.1982742175 152889.8042271817
51851552.0626522452 120520.7699056399
51912370.8206482306 121827.7276912071
51922154.5361475423 122047.7673950195
52711744.1838395149 156559.6364536285
53309083.2981661707 174833.9829101562
53065307.1948448271 167562.1857910156
52151555.3970033675 136970.8263102472
52059049.8272794485 130532.7087565362
52068097.6546357125 131084.8962479682
52212647.7121677250 138771.0921708197
52035318.2112630904 130420.3565751166
51487734.0410864502 96253.8685464859
53504917.2501973063 178913.4488525391
53227472.1789912283 172119.6014251709
51651867.5132832825 105938.4197348513
51876835.3655316755 121000.6408834988
51319257.6832623184 83111.7503977418
52025158.3584576994 129507.3704577386
52256508.3574089631 140022.4918387830
50996584.0022808239 42510.2099895147
52435823.4645557404 147875.0760955811
53332406.9792505801 174879.0688476562
52249738.5370009243 139341.9106252491
52275979.1346963644 142458.1997970194
51498323.7407444790 96353.2320089340
51546050.9108781144 98425.5056238174
52217196.1975607127 138775.7977620363
52878098.5151040554 163018.1996784210
51851525.8913132772 120322.9309973401
53180188.2534104586 170645.6810302734
53135506.9870754629 169848.0839767456
52141330.9555915669 136968.6257741601
52066569.6525191814 130557.9337577820
52120634.1484213099 136166.0673861504
51776994.2931148410 113882.9086589813
54148398.4652016386 191634.6927642822
51579453.3382358551 102800.6043059230
51627029.7584771439 105264.2064294815
51299133.5129575282 82747.9770660400
51503957.2943172380 97137.8323755264
55019931.1824729815 205521.9492187500
54585475.1093536094 200404.1462402344
54903537.8112187311 203169.6972656250
55314761.8395544961 209434.2631835938
55374400.5998404399 210591.9570312500
54921189.6540316418 205204.9501953125
52020890.3257216960 129453.0387620926
51986068.8716698289 128350.1948142052
53078403.5389094502 169722.2513875961
53108783.0452653766 169774.7553939819
51021038.4164888412 48193.0642404556
50988538.4658126459 41555.5509318975
52293742.5190687180 143057.2582819444
52509263.2905275151 151349.5505878908
52508625.5388050079 149178.6044515652
52376455.6036544144 146794.9890136719
53001323.2429346740 165635.9359436035
52800589.5833981037 161983.7490367889
53167056.0972440690 170368.8083515167
53638291.3484670967 181936.6401367188
52688631.2848718166 156428.4612746239
52762793.5122885108 160246.3826220036
51048832.3754558936 50409.0908558574
52406294.4432915896 147804.4606246948
52934291.5626548380 164300.4665927887
52735008.9690998420 157111.0038242340
53348787.0216893554 175068.7390136719
53971923.0538642406 188856.9904785156
53154919.6304824576 169931.4056830406
53184201.8830319569 170718.5315704346
53447209.4933439195 177845.5482635498
53771865.9305434823 185042.4657974243
53814810.3883133233 185435.0973510742
53678073.2336839363 183139.0183105469
53019808.6628591269 167368.9112854004
51092776.4445677996 58000.7466694117
51033328.9151342288 50243.1958881617
51350566.9317611679 87288.5440139771
52231066.2918721810 138877.7796828449
52267847.2400527298 140048.3284893036
51554107.4574266449 98556.0906372070
51120143.4822708815 66203.5366927385
51438879.9861323386 90507.8903555796
51898468.6467257068 121827.6740112305
51779839.7805204913 114070.1769099571
51646117.0256586075 105578.6673669815
51735967.5929992497 112763.3641753197
52118207.4738093913 134697.7532812208
51649731.7662467882 105802.8824996948
51765395.4818157628 113726.8736696243
51738521.6785186902 113130.8672542572
51646035.0946604684 105373.3164730072
51664598.6576107964 106449.1204280853
51840118.2458258867 119527.1891898513
51880611.2722720951 121640.4594402313
54536495.9140040278 197544.9953613281
51105483.4539005831 59011.0689764023
51098948.7992597222 58635.3551304527
51095036.6362213418 58444.8893996775
52761852.7033299953 158241.5453623533
52254118.7756726071 139838.8925428391
53361035.0303632170 175172.9970703125
53532339.0387621522 179474.0137939453
52932314.7575267702 164175.3284091949
53665246.6110411361 182750.3962402344
52441629.3920802251 148384.3427052648
53187319.2720935121 171574.6998920441
52901572.8917514831 163913.8955478668
53463432.7465746999 178383.1827163696
53796721.6921177134 185084.7077178955
52819153.1463484317 162884.5817050934
52894924.1632181704 163659.2159824371
52789314.3067112565 161834.7476596832
53066464.4571033865 167820.1199131012
52614472.2225792184 154746.1147556305
52584877.3659855723 154109.3153457791
52585559.2872463092 154607.3523483276
52355166.8392794877 146353.4238867910
52325881.3369555846 144763.7545752675
52153430.6964096949 137239.6805839539
52193473.5805348158 138609.4396706522
53289947.7307201326 174507.9667358398
53233787.9037987292 173439.5310668945
52746388.2672849521 157148.8864634037
52637756.3686250821 155509.4116530418
51023618.2914729044 48294.0660039186
50995077.8621395081 41967.4329287931
51003035.2763168514 42827.3002757696
54383413.8050263673 195736.8093261719
53837516.7571596354 185705.6785888672
53764976.9555883259 183977.8497314453
54156106.4610828310 192610.5566406250
51690351.9555194825 110761.7468890548
52507719.6168905273 149086.1680496931
52099018.5382240638 131806.5479470193
51349836.9885019660 87234.8797814213
51334118.7381995022 83124.2391805649
53592115.0570204854 180946.0842895508
51234922.4963974208 74792.0371704102
51219995.3865851834 74540.6105118394
53368151.1819303632 175653.7031250000
53835759.7544296831 185502.2712402344
51675398.3211563602 106803.5952565521
51786707.9173755273 114561.1460378021
52090775.4323937669 131561.4727974832
51253844.9660550579 80368.9134511948
51980942.2689772546 128133.6055345535
51926153.3448782638 122318.6968190521
54301757.7791400701 194630.5683593750
51862391.8578006998 120644.4834013283
51298163.3820276931 82284.3154459596
53600018.8824317604 181681.9605712891
51209712.7349912524 73633.3023137490
52236519.8659046888 139106.7942188047
51463414.8882815838 95000.1471735919
53721470.8607612252 183702.0808105469
52684432.1286507398 156244.8492150307
51251777.9999606684 80255.4853404760
52301369.5180340707 143591.9998066408
51346253.8472466469 83603.7486734986
51592697.3185952231 103887.2126528025
51724758.8296254352 111340.0394355133
51611335.3087277636 104896.4780184031
51716745.0954567268 111334.5955721140
52249865.6379560307 139474.1183729172
52270012.1524511650 140108.1403071284
53387500.8317667544 175908.3826904297
53576446.7786100656 180607.5607910156
53553357.0014878958 180359.8814086914
54000417.3686504364 189481.4284667969
52685016.7724631131 156321.4886300564
51182094.1123187691 73464.8065567613
51086574.6902912185 57998.7095218264
51064119.6772310436 56975.1221332219
