105861911.0529206544 69577.5690088216
117496991.2275538146 85537.9388732910
106089337.6234317273 69922.6867039669
116148012.9629715383 84426.6981787682
105797239.2644183636 69428.3485927582
105056776.3077162057 67981.2995965779
105307054.8370776772 68706.7175042927
105658145.2949718386 69171.1005432904
104945108.1294634342 67974.6447146982
112594783.4373172969 80224.6796435940
102381069.3028744012 61956.3546599085
119693408.6572063863 87650.7778930664
120183333.2126356363 87995.7776184082
106086644.8765238225 69793.9638131130
111560861.1636416465 79326.1637332886
111152325.5796967298 78484.8188236207
111018502.3276981264 78400.6018671840
104711021.9980314523 66986.0156531632
110699489.3740780652 77921.0963838361
110690030.4602936655 77873.4761219919
117547626.4517830908 85605.7358703613
113466587.1953471899 81498.3375565857
103482928.9558205903 64629.6832024157
107314039.3839119524 72428.1831088364
107205931.6876809299 71836.6431657672
117064399.3551813960 85324.9086914062
117279118.5827817321 85449.0530395508
118016337.5599957854 86052.3267364502
117867986.5803152919 85874.9089050293
110409111.7396678478 77618.9906681031
102797304.8397799134 62920.4878897342
103223514.0663630217 63870.6017279300
113676330.9043148309 81824.9610459656
104462940.7494803518 66573.8224307597
104174897.6743760407 66449.0437442362
110011820.4405533075 76784.2343585752
111537057.9908930063 79021.9205139130
112276947.7867365181 80082.2068223712
104807280.6833902895 67490.5416320264
106595405.0332282484 70911.7734032441
106476430.1521087289 70849.6171274651
103550690.8335490078 64759.7341667712
103621442.6454443783 65192.8468071520
103691321.3958108276 65367.5455327332
114807153.3507193923 82956.6877996773
115475841.8079017401 83820.1552641392
114686757.3154229373 82950.4527532905
104583269.5321074873 66920.4497875571
104647682.8074517995 66945.8704123795
103707999.3424266726 65428.5856398344
104008899.7256718129 66111.9855400622
104115522.4804544896 66205.2850318253
121049725.0484236032 88552.9563903809
120838803.8036258519 88425.3023986816
121172484.6607722640 88698.3093872070
109246281.2798988670 75459.3565688133
115846936.4062921554 84102.0691852570
115903594.6663087010 84150.6049404144
116275678.0840219259 84667.4313068390
105274331.2423640639 68694.5002191365
105773646.9235583395 69306.7320306599
109365537.8540102094 75746.3451911248
109290701.6436119825 75615.8203498162
115085297.9086831808 83394.7726416588
113874096.1510270834 81972.7132394165
123434753.2486794442 89422.6737670898
123183566.7607622147 89398.2889404297
102064872.4965297282 61078.8507254915
109311776.8518086672 75690.3688727655
117894269.0480117351 85911.2255706787
114258323.4857085347 82667.5818290710
112703958.2138594091 80408.7077493668
113764939.3816573322 81864.7527940124
113820729.4474461675 81897.9891831726
101633568.1496557891 59672.4161255229
102821802.7880524993 62950.0361151370
102828628.7180089951 62968.9324164065
104089997.7416976988 66143.6062065661
104509345.5399549603 66718.1866689920
105185557.9828338772 68207.8752800524
108295376.4470664710 73981.1952586174
111340253.1981493533 78944.3887577653
123362676.3689160943 89405.0161743164
106459291.7306892276 70719.8029377926
108031120.9736177325 73474.2523441017
106135180.8711467236 70031.5235147942
105851294.2107318193 69435.8070841301
125941452.7749195695 89515.3779907227
125553092.3119405657 89479.6993408203
125897300.3277863413 89487.1477050781
125707369.8757305145 89482.0947265625
106089510.2994037718 69943.9337838162
116950320.7133310139 85154.5956211090
116018656.3171331584 84385.1539893150
111510058.1443956941 78946.4595515728
104260413.0900449008 66484.0048648417
104803555.7305006087 67470.5116332471
104161184.1060163975 66233.9318596423
115833698.1640170664 84082.5668659210
111339356.8658848852 78748.3532798551
108305610.4118127674 74027.6829024423
110847601.4214098603 78161.6720197462
119012277.1632421017 86896.3467712402
114663705.5520700812 82771.1196384430
106172759.6009341776 70129.7738199700
107532104.5283606201 72702.9500676692
109071105.6587346941 75293.6675190926
106833532.7579921633 71472.4780872632
106638587.7676255554 71381.0359485913
106265974.0339306593 70551.3811499048
117145695.2382609248 85404.8295288086
103532601.4657926708 64666.9122063220
103857447.5519317091 65582.1458183825
102113703.3483714163 61208.9870477673
110856790.9626753181 78235.0364191793
105094438.2762307078 68133.2801567614
103943838.7296757996 65615.9160820544
115298027.2612711340 83547.0222258568
120385071.5995395929 88146.4181213379
120403066.6966774017 88149.3523254395
108993428.4765747935 75124.2527950527
106908650.4764234424 71714.1430436969
101267584.4087898582 57211.5544412043
101326430.4778140187 57245.4831006434
119322299.2725180835 87170.1416473389
106570833.4409828931 70909.0042124260
105963851.9145574421 69748.9843819607
107210857.8007747829 72174.9736141562
105090350.3792162836 68092.8748528063
105688331.7284085900 69229.2648064196
105230075.3602007627 68345.6491447985
117691152.6783060133 85782.4928264618
116085067.3631119132 84419.1404280663
116189972.7970199287 84458.9005599022
108859000.2398063987 74976.2927167416
101883258.3603128046 60391.0162146883
101849475.9151940197 60271.3280066187
104519461.4154201001 66896.7121947706
124218340.9513964653 89468.8409423828
122985107.4654975682 89349.4329833984
108164372.5096394420 73887.7619700432
108201314.3419570178 73920.6674876213
125518400.2610201687 89477.8668212891
111819754.0963278413 79513.3240250349
108369665.6541270018 74227.6924075782
117490067.4732616842 85519.5612773895
107750311.6843262315 73165.8794928659
121316860.2857892364 88709.7533569336
109039382.0383451879 75161.8408077480
109057130.7618331909 75169.6999386074
117465122.8608761430 85462.8520050049
109561078.2906890512 76380.6461029612
106400480.5516285747 70629.9122934807
119717055.8547153771 87723.8002319336
120328386.3377555460 88073.7752380371
116705966.8496163636 84984.4734077454
120966648.9882445782 88443.7796936035
110347656.9525161833 77320.1574913859
115953252.0600893497 84242.1458296776
106419732.4564984441 70664.4784555901
114154112.7329149246 82566.7111015320
113750391.5907379389 81862.0015733093
104781007.4130609035 67462.5808471143
114672857.1886682510 82866.7651922554
101498841.5248441100 58973.4301727023
109949193.6004142910 76690.3433492335
109786313.1758863777 76405.4403967857
108877680.9975787401 75005.9737372398
102845471.1201903820 62977.6923651370
103302412.9820473343 64159.2096228274
104398226.1242913157 66529.4730748107
109893530.9896021336 76588.0360788144
108590399.0239368826 74557.2907176018
113558511.7693472207 81499.7998187393
116004597.4706883430 84289.3387618065
115397997.5921254158 83646.5547482073
110146787.5679360181 77007.2902996205
102583197.0836105496 62395.2414679202
108891272.9784266353 75087.4205196621
119214936.7479762733 87090.1653900146
114094153.9720421582 82236.5523597598
119839799.3485105932 87786.3038635254
112392468.7897226214 80208.1018060446
113055913.9210372865 80844.5824579000
116575248.8702427894 84686.8237075806
112039074.5646233708 79622.2203355674
112190048.6258534193 79836.9374274837
110567898.6327700615 77770.7091739625
108019565.9299901277 73429.6388238191
114854312.3923737705 82981.3333685249
108210811.1108860224 73957.7297434807
108649549.3596764207 74715.3075470924
107285725.9401618689 72379.2831229866
112803585.8231275380 80441.6235959530
102955570.3145280480 63444.4094214114
113177870.1185578853 81107.1667207703
113090331.8648525923 80951.1875947937
108103168.0016135722 73822.4135813713
102589566.2999951392 62480.7135228557
107011644.1632397324 71808.2217180133
107505208.8929408044 72648.7023698688
107809349.0754239559 73232.7679691017
107440873.2948175222 72619.7195428132
109077652.9896672815 75335.2272257805
108714934.3014065772 74794.3619456291
111871003.1420314014 79598.4260850791
111858868.6929201782 79594.9236436728
112904660.7483067214 80603.5672735292
108089800.1195011437 73568.8704318702
108344407.5057001263 74171.7625369728
107858303.0875038654 73401.6527347267
102276408.7439822555 61691.4061192912
102407110.4589776546 62289.1367747984
115165888.7070866972 83444.9697966576
115336335.0041623414 83632.6293425560
107409173.3867609352 72529.8933613766
104752508.6676291078 67372.8505004346
118789244.7622225881 86817.5289764404
119357301.1477290094 87369.8331451416
112607217.0853001773 80384.3489236832
113126425.1807415485 81003.0896333680
101404649.2638071924 58089.8593805898
114896157.8421588540 83074.3343901634
122269435.5027751476 89210.4575805664
122257218.9416196793 89195.9785766602
121915091.7673677206 89096.2701416016
101795770.1441496313 60256.2948034937
101957977.0705183744 60944.7705496484
111248902.7169605196 78582.0309632404
108770940.3804125488 74938.7437618496
110251650.4707089812 77263.2821443342
110793895.6503654867 78146.6388166212
101949596.4840690196 60539.2863031384
111209765.1730206460 78532.5762422346
120790020.1753469557 88323.2653503418
105502697.1241852641 68826.1695915759
106996400.5754666179 71747.3819352984
101437051.9058820158 58774.2196253408
104855474.1449863911 67571.0832382739
123818897.8117464185 89448.7004394531
123025998.6278782636 89356.3673095703
123134826.9441821426 89394.8502197266
107664920.9359360635 72996.8294440378
109412152.3603434265 75900.1766180992
109498232.9863057882 75974.5042548180
109385274.5588244647 75804.2684200527
101207774.3036490381 57110.5808480289
101420311.0597863048 58519.2488334384
111813017.8138635010 79510.6215196494
101329331.1685675383 58043.8930251803
113560317.2367632240 81798.3903062195
113960001.5279086381 82106.7380897403
102967199.6094935983 63748.2170656520
102474025.7075917572 62352.3906468791
102463080.0892490298 62299.6155523929
102686450.5439156741 62636.6791968021
105750399.0296030790 69258.7882068753
103405043.6932434440 64481.2572079934
118672439.3518138081 86645.8100175858
118833633.9792119265 86865.0862340927
102696344.0548879355 62832.8448919925
110203479.5863136947 77139.2587444447
104494069.0869958997 66610.0987115736
122495399.7195016593 89286.2993774414
118714590.7064166367 86719.6479692459
102685067.8902754188 62630.1654486331
102904082.3316425532 63235.2059118506
111252128.3930283934 78687.6175721272
101469246.5593723059 58843.1528643239
101335660.7887888700 58052.3544509616
102213124.3861128241 61433.8379528830
103277682.3475265354 64075.0502722021
101490247.2577368468 58869.6760795321
101593701.2163446844 59550.0006884867
102344083.2234878689 61758.7052425342
123098746.6878767610 89392.1644897461
102875891.6384124011 63154.5467016455
101761356.5579035729 59713.2690237695
121965147.4615012854 89125.5513916016
122363559.4770807624 89243.3782958984
102239661.3857264370 61435.9657605002
102013334.6874411255 60972.1276053125
121676996.9752584249 88880.6632080078
122073021.7356586903 89148.7744750977
118233794.9048520625 86598.6735534668
120215830.9779363573 88029.0697326660
121550724.9617934972 88813.5468750000
122459914.2030384988 89252.4829101562
122634276.7976619452 89318.6448974609
112977893.7599037290 80604.7111045718
122688660.2509883046 89322.3795166016
109551647.2608375400 75978.5780399293
121754811.8594444990 88966.6219482422
118751572.3370697647 86806.5831298828
101911519.1140048653 60515.5290335352
101893343.6476535797 60408.9575671488
101690799.1276206374 59678.4077014262
120170556.6570851654 87954.9386901855
119595613.1890665591 87491.2679443359
