88672213.5879155397 226191.9831749797
88943480.2133869529 237840.4527499676
91178654.4890286326 278935.4608497620
90924131.7656616569 274987.5044898987
90555238.0452226251 269562.9794965982
90726063.3421121389 271359.8153811693
90309152.1608772874 263781.7575270268
91291397.9764560759 280003.5114021301
91107122.5087779164 278745.3120040894
91478205.1197469383 282873.4539260864
91323167.8916055113 280703.7649154663
90354140.9139429927 267237.5043531986
90159380.3541058898 263119.5745827556
88189088.0258240551 202271.0508019030
90215299.5232497603 263492.9478737712
91475053.9401031882 282121.4110870361
90292535.4184580147 263494.8522101045
92548300.7000998706 293978.2230224609
88297331.9821135104 210798.5203934610
88937953.1410456747 237191.5762565136
90354113.0600023866 264251.5008433592
90086674.9406203181 262944.5971568357
88560501.9259911031 222109.9549694061
89320893.6605388224 246059.5411316752
88212469.4449412823 202307.0010274947
88147993.6106209606 198519.6227197051
89080494.1814987212 239468.8764598370
90080520.0139822066 259595.0494447351
88113466.8626135886 195004.6984677613
88582181.4917371124 222197.2761093974
90759458.1835949123 272976.6847651005
89901579.6138326079 258824.0108268857
89744759.8766100109 255451.6742141843
89082699.7075920403 241109.0964267254
88924377.1128846258 235346.5654246807
89315675.1057421118 245312.9353330135
87885512.9574525207 174154.9226775765
91325578.6406425536 281039.3086433411
88589996.0515184402 226159.9624974728
89670612.4798749238 255405.8758171201
90071923.5107203126 259271.7674571872
88224313.9798437655 206104.7436216176
92053906.9371005744 289458.8327331543
91230536.4611065388 279653.4402065277
87901574.7618029863 178206.2034149170
89385855.3643832356 249336.3523023129
88710956.9781395644 226555.5128812194
90489728.3519479334 267439.9959027320
88510159.3326665610 222038.9224650264
88430777.7776266485 217962.0377489924
88548840.8476518393 222069.6721398234
88585235.2102490216 222478.1882643700
87990165.6473771781 187380.6615005732
90890358.2474280149 274711.8294391632
91550925.0957433432 283688.7208099365
91022690.3460927904 275001.7140426636
89488455.6304864883 251393.7690503597
90000153.8680396527 259270.8244566917
92628458.3597865552 294113.4718017578
87900497.4482671469 174302.9300677180
89253513.9409159869 243703.6195396993
91639872.7034299374 284625.2192230225
88716219.5714320689 230267.4804131985
88800123.5304595083 234374.9983289242
88088421.3887601197 194876.2016457617
88062596.9931588471 190882.3874326050
89274180.8424146920 244392.2952820659
88263609.9073814154 208004.0924718874
88229684.3804742992 206244.5532166064
88827998.0051911175 235042.7675044537
88872744.5847236067 235194.6664645672
88162859.8939969838 198728.7210106850
88161132.4031835794 198710.0028047860
89170429.7483665198 243241.5911777020
89322068.5010951459 247355.4415223002
89542364.4744062275 251431.9541603923
91765004.3105546534 285736.1793365479
90659370.2702600956 270265.7826044559
88417472.0202209502 217918.2997360826
88031608.8595344126 190766.8789487183
89868552.9661425948 257050.0087828636
89015927.1849176139 239119.2801425457
91854455.3970009536 287283.3473052979
89881241.1884734333 258261.3710875511
87935672.5817446262 183113.7793488801
91700558.1820731014 284882.5739593506
87914075.1990292668 178276.6558021903
89661572.3800079972 253617.3239820004
91774030.0511146337 286314.2186431885
91371782.6366319805 281212.9613246918
92114739.1595999002 290234.3634796143
91888859.4544452727 287883.1591796875
90872743.5163124353 272984.8628823757
89404216.4609619528 250689.5930249691
91645341.8969967514 284838.7034873962
92333006.4059268534 291900.6145019531
91863598.8138856739 287816.0676116943
88373774.5154257715 214248.5760547221
90350501.4381830096 264069.4865839481
88787379.9965844452 230992.8200576305
89216894.4340459406 243476.2477359772
90085288.6215653718 260221.9577765465
88087947.0963922739 191002.5992086530
89231573.7006362379 243501.3254392147
89807590.7632077336 256070.2987071872
88164650.3025098145 198787.2408911288
91423300.9096180350 281780.1734561920
90749445.8199940324 271626.9134638309
88116201.6976041645 195962.0976188183
89646074.1165660918 251886.1208436787
91053337.0391227603 277154.9301376343
92195800.3988244087 291244.6445007324
92662573.6206226200 295169.2581787109
88506464.3348581046 218459.4403761947
92522519.1990321726 293814.6229248047
88404850.1331711262 214362.3540300429
92122372.0280682743 290709.5793457031
91044466.5303719938 275636.8056406975
90715497.7645582557 270459.4590365842
92105478.2349156439 289732.5732421875
88494397.8045510650 218428.6907013977
91736623.1720392853 284973.5790863037
88351461.9033431262 213795.9887009263
91520390.0593008697 283231.0393981934
88415473.8349538594 214462.5529099107
88086919.2416032404 191002.4827335477
88456016.1612569392 218356.2104455531
87942481.3437348753 185987.5078247190
91807029.2951213419 287237.8419494629
87985271.9450418055 186822.9290912747
90885736.6262235940 273159.1275863647
88284568.7170272619 210227.0546567738
91052646.5753137469 276709.7519149780
88285807.9441259205 210240.0429948866
88072593.8604466617 190887.3328922391
92506926.8357225657 292735.1846923828
91792902.8786800355 286620.1682281494
91414675.4514644593 281260.0807418823
92341557.1106635928 292264.7012939453
91597954.3114789873 283739.5549736023
88147322.8138056248 198215.5541845858
88174180.6368812174 202122.2421814501
90887396.0796417743 273177.4559421539
88175419.8639798909 202237.3920227587
92078177.5987253785 289620.0283813477
88142023.3274533600 198149.3176772892
92350486.2576416135 292623.5877685547
88074855.5211491287 190985.3375747502
91741125.6886286139 285241.8811187744
91983670.3108552098 289354.9440917969
