103141545.8649944365 1999449.5117187500
103008961.4715115279 1999249.4921875000
102903565.0493004173 1997863.4882812500
102877060.2370203882 1996822.8125000000
102880973.2055140883 1997578.5859375000
102778019.7470667809 1995520.1757812500
102874138.5968209058 1996357.7343750000
102553745.1645442992 1991794.2304687500
102791952.4578493088 1995612.4726562500
103743600.0539060235 2003066.7304687500
103777541.4196810871 2003544.4023437500
103605297.8508428484 2002424.5507812500
103140788.3227327913 1999283.2226562500
103236448.3203597814 1999904.1757812500
102641445.5347787887 1992931.0468750000
103544433.8822373599 2002082.3789062500
103193540.1246633232 1999453.0156250000
103521132.4112871736 2001831.5117187500
103607256.2770051509 2003042.6171875000
103457109.7700930089 2001318.6835937500
103456361.0153098553 2001255.8398437500
103552694.6032529920 2002141.3242187500
103348182.9315551966 2001016.2617187500
102981640.6985824555 1997883.5976562500
103343835.9208116084 2000820.4218750000
102649968.1251381338 1993290.4804687500
102592523.2709929794 1991999.6835937500
102758305.4077812135 1994105.2929687500
102602641.2565548122 1992468.9453125000
102665153.5976190865 1993597.4648437500
102330771.8741472214 1989453.1406250000
99337397.1022877842 1748830.9296875000
99392767.4834572077 1762658.5019531250
99312632.5208084583 1747452.0175781250
99380156.4060044736 1756741.7011718750
99354329.3302329034 1751090.8203125000
99863644.4911889136 1828609.7421875000
99968488.8649797440 1842649.8125000000
99871369.3894777000 1829114.2402343750
100397815.7020128369 1879897.6464843750
100435764.5922813863 1882569.8613281250
100146614.8362621814 1867567.6718750000
100280914.3472388834 1868512.0351562500
100295582.8655346781 1872464.2089843750
100082612.8197510093 1853633.0136718750
100330952.7692878842 1875231.7363281250
100040280.6302604824 1844325.1230468750
99951282.6699700058 1833598.1054687500
99967543.1061965078 1835753.3554687500
99919262.7231676579 1833226.9472656250
99651107.7658151090 1801837.1250000000
99792738.3517262638 1819670.4726562500
99706053.5860258490 1811023.0625000000
99500026.5793019533 1789122.4101562500
99607576.2907391489 1801789.3828125000
99719744.2891319245 1812039.1230468750
99553537.1176158488 1790334.6777343750
99680229.7054355592 1808192.2636718750
99605556.0016800761 1797408.4980468750
99567390.8684081733 1797332.4785156250
101010167.2474821061 1929181.2949218750
101391787.9227294475 1948207.1738281250
101114231.8103822917 1938451.6035156250
101385694.8233690709 1947894.8593750000
101092591.2431342453 1933465.3867187500
101001481.3792733699 1923918.0898437500
101063092.3124534935 1931699.8183593750
100985010.4244821221 1922246.7832031250
100062269.8814534247 1846126.3847656250
100480731.1171074808 1886894.7832031250
100337680.9932836443 1876839.6835937500
100749592.3748004287 1906383.5605468750
100633987.8177393824 1904428.6054687500
100770991.6591178477 1906762.5839843750
99377458.3144256175 1752101.1093750000
100491460.6946178675 1888331.4589843750
100748959.0384138376 1906203.2402343750
100712314.8034697324 1905512.3378906250
100617904.4263395816 1903133.2441406250
100544812.5502215624 1895660.1191406250
100580348.5274061561 1897238.6699218750
100808904.4370577484 1909223.8710937500
100536934.5205650032 1894749.4394531250
100463115.5447065979 1885231.1738281250
100475982.8095742762 1886847.1699218750
100534295.8375781924 1888844.2832031250
100389507.0662489533 1877654.3398437500
99226963.2028856575 1735535.8593750000
99155530.2714561671 1724604.0195312500
98968237.3994570524 1683505.4082031250
98997668.2990565300 1691261.0234375000
98968148.5462447554 1673460.8867187500
99306211.0447454900 1743472.5781250000
99254974.5520310253 1738314.7968750000
99118641.3933437914 1718186.2246093750
99134691.3813308328 1721119.5820312500
99085110.2716099024 1710936.3593750000
99118529.1502507478 1717470.0351562500
99154931.7311170995 1722627.6679687500
99117243.7881368995 1715868.8007812500
99038246.7764106989 1708922.2421875000
99171282.1475056708 1729031.1816406250
99091147.1848569214 1714203.0371093750
98993009.9162585884 1684067.2910156250
99006757.6352974474 1691893.0332031250
99457331.5890812874 1785410.9453125000
99407196.4362185895 1770852.8613281250
99721927.3786091059 1818097.2851562500
99816603.2666757703 1824561.4414062500
99878488.6056786031 1832118.0507812500
99795114.3446286619 1820573.2382812500
101111483.9835478216 1934662.1699218750
101754472.1489920467 1968529.0351562500
101937040.1154434830 1978401.6367187500
102151311.1354857534 1988133.3203125000
102408898.9040364772 1991282.6250000000
101680616.3525720388 1966026.6796875000
101513965.1866858602 1955894.0527343750
101938589.4563494921 1981463.6484375000
101776298.0658045560 1974896.5957031250
101640044.0101871938 1963481.7500000000
101916046.6667113602 1976999.3496093750
102048487.9075912684 1984685.1171875000
101882482.4969215691 1976265.9628906250
102031026.3591221571 1983217.7070312500
101871340.9919412285 1975301.5292968750
101762380.5742836595 1969303.9140625000
101730597.1392603517 1968185.3906250000
101764186.2633119524 1972579.3535156250
101634938.4819551408 1961609.5078125000
101504183.4580683261 1953767.8144531250
101582030.4202458709 1961571.6523437500
101629690.8707425147 1961597.6367187500
100819491.2233767956 1912295.6171875000
100772834.4278606027 1907935.2871093750
100825929.8831763715 1915986.8242187500
101272862.7016404271 1947520.3671875000
101078115.3041565865 1931869.6347656250
101431740.3882725984 1951949.2402343750
101201932.5132788569 1940183.9003906250
100976680.1425079107 1920806.6601562500
100920447.8307528794 1920336.7109375000
101229112.2602252513 1941305.0605468750
100840773.0991066545 1919444.7050781250
104113822.2451178730 2005688.5703125000
106069441.4144957811 2013444.7968750000
105941463.5291414261 2013117.6289062500
105983308.2248798013 2013188.1835937500
106282956.2732100189 2014693.7656250000
106507395.4357022345 2015219.6289062500
105842630.5354905427 2012672.7929687500
105323418.4124082625 2011740.7343750000
105291248.8744816780 2011280.2578125000
105416869.2487351894 2012500.1210937500
106250671.1289075017 2013730.6523437500
106093360.6079148650 2013587.6250000000
105217221.7806214839 2011200.7734375000
104507521.6922574937 2007968.5039062500
104135815.8952098191 2005957.0781250000
103883493.8535561264 2004600.1679687500
104248945.5263783187 2007776.7851562500
104535429.5556982905 2009803.1406250000
104157378.7888055295 2006909.9140625000
104130364.1024525017 2005816.9218750000
104988343.0292668939 2010173.6757812500
105082315.7257919014 2011077.7265625000
104044483.1457972825 2005170.3007812500
104039234.5785072148 2005030.1484375000
103860200.6347397417 2004067.0351562500
103588039.6691246629 2002316.0507812500
103475040.5676823556 2001466.1523437500
