109617163.4704842716 599627.7951471887
105250474.3891170025 532650.3061230183
103369520.0272280127 500712.1713171005
113914898.8260350227 660307.5324039459
103127932.2989979833 492602.3053503036
108287120.7904104292 579833.4609741233
105931238.1143257320 543096.0361370705
106950770.6586487591 558239.0568780899
102630041.9112363309 469185.6173868179
102390725.4926987439 461716.9261797355
105780668.2198849469 541074.2030956745
113270685.1683048904 652941.0438296199
105456175.7567772120 534807.3011557460
113270685.1683048904 653131.7401186824
102044959.3177126348 452190.2509012222
108317125.6335668713 579997.1176622026
101897220.0754733384 433053.7453955053
102168975.9841645956 453526.1611040519
107090042.7071388513 561589.9535839558
106012045.5504895002 544065.7602751255
102752921.7962817252 483319.0711250901
102917619.0174530894 486291.8865547776
102496329.9434333891 468497.4682714939
109685985.0357631296 600649.4274675332
113215981.1242948622 652328.2890434265
106054200.7553131282 544377.3832352050
113360953.0091257095 653271.4437319636
102731228.0555370152 473873.5879004002
111135952.0494198054 623168.4875300012
102927691.6461174786 489134.5361242294
108275486.5978143811 579719.3306085467
105963932.9144922942 544049.7313797362
104955504.7555747926 527659.4275522232
105963932.9144922942 544046.9833328612
101900356.1493296325 433669.1372717260
102496329.9434333891 468782.2324316502
113229014.9770244807 652795.4054889679
103083024.6291819662 492363.2362585068
102257873.7106912136 455311.5703287125
106258711.3147796690 546338.2831627727
104515160.1593583524 520339.6854772568
102257873.7106912136 455308.8222818375
106000495.3932189494 544054.7827524096
107645722.7811642736 568579.6188974380
110798773.3590480089 619909.6288874231
101929572.1084611565 439009.8424253417
109566291.8917436302 599423.2609675012
104871500.2716066539 525129.0150766373
106013751.6996721923 544194.8182937987
105141629.9762661904 530567.7786948085
102012343.9473551214 441733.2086828589
108270295.6431343406 578929.6535577774
103830077.7483066320 509195.4291979671
107302943.2657241225 565283.3314291835
119370510.5038929284 709586.6296386719
113724936.0270464718 659119.8768768311
103202384.5441450924 496987.3110876083
108175761.7478079349 578428.3545288108
108175761.7478079498 578715.8667358421
110598835.5625352710 615294.9137956582
101806032.8441211134 431420.7277864763
119147351.1253221631 709094.6203613281
104740896.0710466206 522408.8481548429
105491781.8681762367 536015.5096518397
105891732.3520065099 542929.2675993443
106540878.5244737715 552182.6285965331
104164073.3281826973 515034.7358922958
103859950.6880150139 509229.7041003108
105344107.0314732790 534612.5678698421
103295090.6468774676 497739.3558874130
104378903.1224197149 517255.4553210139
104361098.2532040030 516933.6682116389
119161269.8372503668 709251.8776855469
110891921.2819829583 620923.9172175012
119326775.0863114148 709421.9992675781
102310398.3288995326 460580.7976236343
102039350.8717348278 445071.8075418472
110434138.3413638771 614303.5788347207
110434138.3413638920 614588.3429948769
111253914.8558220565 625008.1220324121
103326703.3304926157 498340.1000890732
107628047.6728406996 568105.6176102050
107618853.7886233777 568071.3427078612
102719587.3939220607 472039.8120214939
106925841.4994629920 558186.9011707007
119425846.3160372078 709914.4602050781
102310398.3288995326 460865.5617837906
111226231.2106809020 624739.2851374231
102871318.9163404107 483819.8207921982
107499959.3707546443 566993.7157547362
109142683.2351785600 592006.1789972864
101784228.5212843120 426707.7577551245
106798754.1398775876 556570.9677776955
106804546.4430280626 556704.0896038674
101832900.0497455001 431891.3990659667
110598835.5625352710 615579.6779558144
110524406.1821847111 614633.9787370644
106108796.7349821329 544444.2590374611
107214818.9530394673 562810.9854168557
102634931.8524577618 469507.4887793064
102826946.5547436029 483758.4164953232
107225317.3542501628 562876.2071738187
104491599.1775456369 519095.0359484553
119692147.4115138203 710062.8269042969
107700146.0389271080 571105.0658327900
102826946.5547436029 483473.6523351669
101784228.5212843120 426992.5219152807
101962525.1621752679 440060.9884680151
104318750.8590857536 515808.1462389827
106961397.4121459275 558653.4647299647
101962525.1621752679 440345.7526281714
107189569.0051314980 562515.2496542875
107236545.3235999644 564323.3269650551
106791523.3066795915 556306.0883831643
106701255.4658587724 555975.6884808205
104761648.7484028339 523350.5905749202
102000881.6972572505 441071.0089758276
102750777.6130486429 474158.3520605564
106693717.6003609002 555482.6396526955
106718722.2265860885 555989.9555706643
106298855.8636066318 549335.8666283699
110582657.5699723959 614685.5375597558
102412621.1868604720 466400.8254928067
108071627.3998355269 576387.2576748133
108890142.8011450171 590017.3376886249
107693074.3325809985 570687.7501589619
107832938.0158268064 572346.0416271985
114067095.9371792972 664031.0063152313
103292937.0486204922 497670.2876574397
106441212.8446822315 551257.8292319179
111417179.0946916044 628743.4623205743
109106359.0323632210 591483.0761663318
110717718.8187866062 616760.1388781152
109781408.3580163270 601830.6496203027
109358065.5386496633 596997.1985284686
111545923.8421561718 629705.3278906948
111545923.8421562165 629992.8400977261
112244032.7090632021 638281.9016733170
103586810.9604938626 500874.9228429794
112244032.7090632319 638739.9656381607
124782701.8259683996 715306.8098144531
118225767.5026465952 706805.1242675781
118047946.3430608064 705909.7924804688
118047946.3430608213 705964.9790039062
103601198.1387746930 503388.9731359482
102712414.9960253537 470476.0324838161
109979160.5309758037 607102.6930448494
114253155.7939635813 664903.7623615265
114275393.4141017646 665859.0648517609
108049737.2998600602 576037.6056792140
104121683.1155961901 513376.6547155380
124499466.6545931846 715035.1215820312
104124818.7176119983 513415.6001802087
104104578.2985798270 513308.9978647232
104155559.1358930171 514101.9110631943
103690686.1348097324 505557.4637975693
103740504.9199896008 506944.9198522568
118101860.0144973397 706384.1914062500
109403022.2875976413 598960.4885026894
109728556.5331069976 601413.7765886269
124746480.2174525112 715287.4980468750
124287569.6530939490 714983.2797851562
115414994.7256907523 680344.3955230713
113056844.6355856210 650757.9675998688
104629664.1288530082 521904.9157702327
112900301.8028385639 648882.7740843378
104614556.3993994594 521904.2936999202
105311792.9373483211 532994.3042043062
105559745.0557828695 536525.3478991389
113089202.2079990208 651334.6319944940
104779253.6205708385 524978.7311999202
112494900.5980712324 643538.9601233087
108472422.3261195570 582968.3486711464
109235945.4049812555 593728.6860163293
111624352.4340701401 630671.2055475793
111190646.4332957864 623964.1340143762
111194723.4266858846 624251.6462214075
109868160.9691083580 605810.3815690957
105066252.8749874234 528719.3758627772
104914121.8516932875 525689.6254870296
105066752.4987490177 528736.1615073085
111960987.8551605642 636194.2970964990
111271032.3450111300 627418.0217096887
111271032.3450111151 626959.9577448450
111757852.6886359751 634211.1716120325
105596224.9225016087 537535.8432604671
112585700.3338549584 644781.8061297021
112675968.1746757627 645112.2060320459
109286505.6689447761 596153.8689386249
109151534.3309423476 593086.5639421425
112954617.6522772163 649907.4985125146
112750397.5550263226 645422.5385515771
118135970.2929027677 706629.4626464844
110750291.8678087145 618262.4763604999
114047595.8931558281 663133.0344047546
106987119.4512020648 559376.8458816893
104772668.3862574697 523685.4862007760
107549162.2687743157 567717.0948416591
111978364.5184964538 636896.8564226709
111867005.4758939892 635450.1962664209
107078292.9830488414 560598.1278006434
118532865.6123726666 707935.0361328125
115110457.2278051078 675327.3220252991
107921533.0200106949 574227.8734695800
107448433.6750341952 566975.2970535643
109257022.2985983193 594236.8862077675
108444059.5946056545 582426.7636339150
108346672.8156816363 581639.2759210467
113579420.4736986309 657393.9710159302
108842153.8159676194 589000.6772882342
112036277.6365258396 637116.3243503571
108780099.0815185010 586870.9076921425
108794544.4688946307 587091.5737077675
109390643.3276745379 598868.6650163613
110278508.7886028141 611638.9467546425
109461420.6313177496 599330.3647233925
109875364.4738227874 606337.5055925332
109440375.5682922751 599099.7438737832
120689742.9865655452 711894.6489257812
122772290.7543838173 714325.7343750000
109930918.9768970907 606724.7568132363
110406118.2049497515 614065.0887968026
110395905.3292321563 613984.8307878457
113597463.7815904319 657838.5639915466
121177199.1329054236 712383.7387695312
120667977.0269345939 711865.4965820312
108897544.9770410508 591031.6061784707
109935615.2062113285 606878.7106229744
107692314.0437071174 568993.1370607229
109812149.5174035132 604754.2036416016
106621815.0969652086 552964.1308525950
110921485.6294643581 621830.5157835565
122399649.8254167885 714141.0849609375
110110751.9109667242 607830.5187284432
123532661.4492803514 714443.9934082031
123741741.6680506766 714836.4724121094
123727782.9473933578 714668.8742675781
122126546.4373240173 713592.0820312500
110407204.2135673165 614291.6854764901
115808700.1627052724 684902.4687271118
115808700.1627052724 685093.1650161743
120613097.0080029964 711813.2470703125
112472340.5095651001 642678.4067192078
110838983.3292512298 620384.3685819588
118678655.8727283478 708519.5534667969
118321968.7179507017 707159.4052734375
122084158.3661949337 713165.8540039062
119747068.0620828122 710324.6279296875
121985428.2284712493 712923.2651367188
118692861.8422444612 708587.6618652344
110585073.6710851490 615161.2014505349
114517270.1623547822 669195.1204185486
114678523.1357754469 671171.9019584656
111040639.7875791043 622450.5286924921
113472420.5662853420 656444.4812755585
114587591.4795384109 670742.2261772156
116825313.4310314208 695375.2568359375
111688026.2011902034 631017.8388407312
117804224.3016796410 705408.9609375000
117892257.6817895919 705891.4301757812
115659849.3382677734 682635.0245285034
115116634.9585375935 676689.4757041931
115016692.4834647626 675139.5509872437
114878367.3109907061 673141.5128021240
118641448.4185904562 708081.4848632812
121790986.5632856041 712472.6765136719
116857274.4703226984 695679.6972656250
122238415.2234930396 713812.5432128906
113917263.4221557081 661535.6978874207
115224387.7547876537 677353.1784305573
120740558.6709696352 712162.6435546875
108547377.7913350165 583320.6878592453
123414015.4690692872 714364.8359375000
115324082.9763435423 678436.2507171631
117439807.8483007848 701048.9675292969
117889228.5441986769 705671.3310546875
117383786.5418156534 700485.6193847656
117480463.4300561249 701564.7180175781
118332162.7863094509 707676.1811523438
116583410.6864511520 693942.6582031250
117661063.9191238433 703913.2041015625
114756473.6566867232 671524.0117034912
116311333.5738977641 689154.6395263672
116409224.6575912684 691441.1938171387
116345849.2035078555 691149.4203796387
116419777.2965588272 691477.3520202637
117037007.8793070614 698634.8524169922
116042978.3421594948 686815.0633239746
117117810.9008985162 699073.1439208984
117117810.9008985460 699263.8402099609
117015111.0912311524 698601.8880615234
115920396.5143434554 685587.4619140625
118882384.6307048202 708677.5703125000
119857321.3196446896 711073.1777343750
114398977.0495076925 666251.7376041412
115589340.8353328854 680666.2850341797
120605547.3418241441 711657.1450195312
120298039.5781450272 711640.0937500000
120101745.9351874590 711105.0834960938
115946475.9317013025 686282.5804443359
