110894054.6961317956 144805.2003213018
110813507.0465093553 142233.7096613497
110779984.4620349109 142098.3564604372
111470672.1015758365 161832.5076928288
113088552.2422938049 200431.7621953271
113048624.3300634921 199946.3235966943
113391792.0248561800 207143.4453908950
113178394.7758972049 203056.6923450679
114708941.1749308258 231049.5106230974
114514937.5214782208 228486.5116211995
114298517.4465656132 225826.6261231527
114948045.9739638716 236959.7565765381
115232707.6363653839 240938.0369338989
115267267.6989879459 242637.4704399109
115262560.0219367296 242417.1442642212
115075191.4241106063 239539.2859878540
120075504.4426858723 279587.1896972656
119745531.8611860871 279521.5429687500
112093971.1367657781 178425.2172202063
111879560.8485044539 171563.2853966754
111916749.4812467992 172240.6643318933
111311989.2234990001 155232.0601970702
118917933.6059891135 278170.2692871094
113116723.2981239259 201328.5045481920
112819146.5622462332 194656.1917369850
112973570.3515925407 198778.5027721412
112792875.1325633228 194641.4903848656
113675315.5363297164 213075.8172285557
114612894.4299679697 230305.9073562622
114599499.6287572682 230294.2464675903
114616937.9212038964 230928.0506801605
116347408.7940978855 258408.8530387878
116081752.7761984468 254439.0804710388
116236373.3254453689 257338.3029336929
116365332.9084080309 258454.2687797546
116366379.7431558520 259107.8800821304
116294826.7792315334 257827.5402383804
116389887.2285058647 259113.0197305679
116541714.6008455008 261817.3787231445
116471269.3258601725 259803.4513711929
116741413.3231046498 262844.1689453125
109994024.8061140478 113467.3447536230
114980099.2249279171 237402.3384633064
119338111.2154489309 279460.4575195312
119083331.1801229566 278904.7702636719
113994895.0482513011 218512.1843915880
112621085.1366913915 191551.0555704273
111773891.8535215706 167969.6337234974
115248445.0417764932 242063.6760444641
118587777.3745424002 276929.0009765625
118543140.4293220490 276638.3208007812
112355104.2541452944 185047.1785200834
109893897.7029172480 108632.5162928775
109918153.9304653853 109709.5902939141
117874435.5577406585 272742.6203613281
117619948.2781823575 271283.8505859375
109839785.1850001514 104794.1127693988
109834244.4228183031 104613.1365722455
115196901.4636344463 240614.4016258717
114724514.9933647066 232504.4247326851
114799953.9150607735 233742.2382030487
114596539.0631698817 229986.4735405874
116217279.0269509852 256281.2641563416
114389609.2522163242 226026.0869648457
114562730.6154988855 229434.2548234463
114566111.6826661974 229570.8527595997
110548378.3641620725 133763.2134539187
114070828.8215491474 220191.7398159504
114043615.6743915975 219839.5037065148
119105778.8892024308 279398.3691406250
119529475.9301261157 279466.1423339844
119231977.3160261065 279402.9665527344
118805118.8213131577 277317.1171875000
118828027.5509510189 277377.1789550781
110416172.4310932457 129621.1542813778
111500778.5997190624 162675.2888970524
114000419.0838660300 218536.4831224084
115859966.2695332766 251885.4700584412
115938683.4100238085 252015.8952903748
115932222.5496345460 251928.3951988220
115921146.4633186460 251904.4999656677
115835182.3050535619 251058.9065513611
114090151.5450061262 220380.4415047765
114167487.3161291480 222533.1344438195
111363435.3101760596 159255.7342705876
113130050.7546751499 201534.3476234309
118680360.3031578362 277160.0764160156
118512822.2429446727 276396.3120117188
118448759.3039977998 276395.4792480469
114404635.2048906386 226389.4268448949
113841201.3909620643 215879.7022538781
119645501.8903397471 279493.3400878906
120201242.0056571215 279598.3188476562
110251030.4728635103 123005.3814540207
110112864.1527801603 118800.1377211809
109959501.4926873147 112889.2411291003
114452241.5443211645 227606.9293901920
114452818.8076857775 227768.7700333595
114224622.2981911451 223489.2524983883
115576652.4292687923 247441.2776778936
115405801.3052992970 244344.6378310919
112303009.9087571502 183709.8631927818
111722189.0960289091 167823.6481430531
112265305.1800516248 183597.7228191942
117599068.2908848226 270914.5797119141
117770439.2303268611 271860.8992919922
116765792.5828244388 263156.8050689697
117652097.1099135280 271701.5451660156
117882104.8641564846 273392.9660644531
117077316.1931982636 266199.1829528809
117053821.9073598683 265944.5717773438
117187229.2017444074 267348.0681762695
117341669.7063515186 269812.2518920898
117280573.2316192389 268501.9871215820
117265753.2605314255 268445.4588012695
117128515.5937052667 267268.8403930664
116715599.9971306026 262832.5080566406
116764267.5488613546 262880.3061523438
116852584.4649030268 264519.6508789062
112564336.2306109965 189989.0846762210
115533983.7752365023 246862.6716995239
117808552.8524585515 272097.4500427246
115701342.0273953229 249549.8873977661
113880557.4605094194 216539.4074354172
114408402.7439338267 226651.9272384644
111104181.0209795088 151653.4099537730
110264384.7084908038 123355.7524106419
111175262.7974684834 154466.3500905186
112424330.7763957977 187230.0323693901
112790623.1170580983 194574.6352012157
112820329.1258696318 195632.6143683828
112664972.4674359560 192617.8640344292
117457285.7472601235 270192.3028564453
114829596.8496691436 234066.0787205696
112123694.3966491818 180088.6721275640
115133112.0576736480 240146.4995392710
114867599.4978006631 235104.8275973946
114930789.7997996360 235510.1616631746
114868097.6478496939 235328.1939667612
110705605.1861006469 139301.0824047625
110434621.2199196070 130702.3980651414
110435169.7484404892 130757.4077680027
111696307.5370800495 167075.7762340456
111416033.4590529352 161285.6582228690
111416714.1300655454 161390.1508278996
110855365.1792256832 143966.0288171172
112238997.9996188581 182171.4660430700
111233535.6748934239 155113.5952418596
111865039.8670095801 171442.5488817245
109915688.3026083857 109691.2853358462
112853111.6128928661 195781.0135412855
113225167.0701062083 203976.2382797056
114129819.8672023416 222111.3320677280
119079827.1791576445 278207.4589843750
116142549.0659062862 255135.6010856628
110311001.3381956071 126385.2519683875
118731815.4462064952 277245.0070800781
114844059.0304429680 234518.3706321716
114234647.7911819071 224174.6566429138
113594089.4984587729 211747.2533826828
113945734.7172438502 218436.9792432785
112066984.0401008427 177798.0683585001
112101342.4685861766 179226.8545990778
113339350.3501927257 206262.1567054771
112241962.2742435932 182334.1145091802
117102693.4197628796 266390.2583618164
113114822.4401182532 200983.5993936695
117255671.4075224996 268124.1284790039
111780928.0649894923 169859.5584662408
112490383.6917524934 188170.3941726238
113189332.4256007373 203835.6103187584
113099983.0542718768 200835.7501522452
110327216.0969090611 127144.5655553257
116910660.7691763937 265054.0703125000
117973267.4105540663 273658.9150390625
111388859.1236282736 159686.8282183409
109898953.0340697169 108650.8212509453
118435397.6422471553 276082.0617675781
112692536.9274556637 193879.4638058096
112910847.6436042488 196992.6769405752
118342385.1337153018 275992.1630859375
114741418.9223100096 232745.6055283546
111100091.3363975286 150663.6419911534
112569796.0225630701 190370.8709924370
110277285.2657911032 126346.5370251453
112376712.3763272166 186230.3590886742
117539019.8966905177 270204.4383544922
110356930.2789063156 129172.8023667634
110500659.4604657888 133353.6057241559
115006041.4718689770 238148.4451756477
113644330.7200508714 212145.5755337626
113660472.0196067393 212145.8116177469
113443786.3494281769 208024.7055336021
110557444.3259412199 134284.6446572542
110828866.1328724176 143133.0926974416
110854819.3841198981 143464.7536427379
110829084.3037237376 143150.8932345510
110992627.4504455328 147581.5927540660
109939089.3028483093 109889.6122427285
109876263.5745621771 106179.0623922944
109863681.1177808195 106152.1673513129
109848692.2543438673 105568.9743006900
109818002.0983956307 101462.1222174838
114011387.4187314510 218977.7091966271
114571939.1268890649 229918.7435226440
114812214.1690697819 233812.2359433174
111838664.9592350423 171019.6906939000
116836081.6847714484 263849.2857666016
116165296.8158577681 255613.4685325623
116124444.4415847659 254993.3690004349
116000508.7481794059 254116.2815208435
115954732.0200356990 252147.2638053894
115669826.6756921262 248629.0038986206
115470432.0857687443 245209.4492721558
115414845.7533839494 244731.5818252563
110931097.8644123077 146263.3135945797
111971940.9851427525 173905.9503119439
112586335.4639661014 191352.3434045464
112513441.6094523668 189935.8521936089
112742141.3615091145 194098.7245479971
110161556.1975467503 121227.8988046050
110060040.5614717603 117114.9337128997
112930471.8692576885 198221.0355831534
112926069.4203288853 198019.5822838694
110050349.5327435732 114224.6789059341
111336051.8569941223 157476.0653240234
111508442.8285565078 162800.2995150536
111528141.3948021382 163362.2629265338
111166113.5186940134 152827.5698309094
111218913.0019892752 154633.7963934094
112184228.8651183844 181015.0570955426
113365877.5728463233 206960.8206509501
113139190.7540257573 202139.8456703209
112999862.8344995677 199713.2992836021
111984793.4598111361 174303.1768164081
113757783.5711176991 214685.3325114250
115353996.4477856010 243713.3202176094
115492130.1509460956 245941.8298149109
115275327.9122395664 242733.7020535469
115192304.2220428735 240167.5185666084
115489538.2362239808 245611.5603299141
110730404.1212178618 139613.3523797393
110726485.5811766833 139443.6819383204
110580416.7368431538 135008.4217509329
117966236.6547714025 273530.8898925781
118225026.3613920063 275390.2893066406
118108412.1073982865 275228.3986816406
112911781.5221149027 197492.0185218834
109901360.6920680404 108768.7812413573
111921253.1469560564 172927.4536400836
112014739.5517183244 176171.0460691644
110226596.9146435112 122965.6973419227
110206910.6265217811 122264.1921093501
110587649.1637803465 135163.8247338831
110475627.1612797827 131079.2313760733
112494919.9093605280 188337.2622415019
110370413.4701064378 129212.1547389328
111460827.7114737183 161732.8133568913
115778375.4053400904 250112.5443229675
112031634.6232025325 176264.1716559125
110106097.8899966925 118148.7841987908
110441395.3073881567 130821.3136613285
110456050.1435165256 130905.0647389805
113869016.3152486682 216505.0136091709
109980547.8969863653 113154.0149539113
113640115.7964490354 211896.2056962848
118064660.7435638458 273713.9091796875
118199603.3234079927 275302.6787109375
114030220.8731809258 219827.8428178430
115658554.2996920496 248166.5480003357
118857789.4958343357 277901.0395507812
111613047.0190816373 165775.7505517155
111488676.7788533270 161887.3197881728
111432826.0029857308 161653.4395165592
110505348.9777153730 133393.9985935390
111030542.9720653594 150344.0390553623
111517486.7472358793 162820.3686034232
115805576.8366849571 250675.4661979675
119966670.7855757624 279545.8591308594
110571881.6846226007 134664.5416638171
110304382.2331660241 126378.0450245654
112020953.3062807620 176255.7126715375
112332011.2483552396 184427.2799011357
112001982.3572228253 176170.8961529327
112657900.6956357658 191578.8612313406
114136574.2611140609 222216.8169427887
113805969.7289411724 215551.0159285069
113740797.2146573365 214419.0676252842
113727465.4846836030 214361.4144880772
113918478.4048368633 218407.8063337803
113490260.8962086737 209282.3205156326
113307497.1969746053 205123.4794120424
113475555.7490377426 208123.6571855545
110186734.5267418474 122261.5070571937
111692673.3190692067 166932.4692937881
111053569.9466585517 150468.6206689030
111345808.4150751978 158698.9634423405
110946254.3424947709 146267.1159291416
110961686.7484738678 146469.9708886296
