102171325.2304723114 16745.8182866573
104473086.4280289412 18645.5030364990
104022319.6071595550 18347.8206419945
103932140.9171016067 18268.2046456337
104648213.1123671234 18713.6648507118
104882504.9667248726 18990.7332534790
104172487.1631728709 18439.5186876059
102525172.6692150086 17046.5358945592
101956307.8561952561 16674.2551156027
104607735.4825095087 18705.0905623436
104680769.5286675990 18763.4123330116
104373747.5856092721 18626.6989302635
103650060.5080762953 17973.9800887108
102058909.8810261637 16697.3040816243
102095965.1303598285 16713.3276405526
102061112.9286111742 16697.3699780492
101782797.4540923387 16397.3986678100
103650796.5225967765 17981.6116042137
104011419.9540328383 18281.4687132835
102448526.1253729165 16989.3007494672
102295615.3605080992 16971.0498491986
101802951.9084830880 16589.6270028097
101552020.0787762552 16325.8510786946
101515731.7904692739 16244.9429745803
101407314.7186173648 16154.7987020016
101679844.2092544287 16379.3742261062
101003205.0387909412 15743.5897860656
105130574.8990550935 19128.6921291351
101867751.6962836385 16617.5817910177
105450656.0421987474 19287.6290187836
105621237.5931976140 19391.6683349609
105059966.9994052351 19021.7292423248
103058045.2948237956 17540.1139331452
103188617.4885192811 17632.7469953579
100344481.0983133763 15092.7418282455
102277784.1925911307 16887.1168743662
101228997.7751682252 16007.9212231765
101209832.8348693252 15941.1725290837
101663183.3973323554 16359.8185348341
101170192.3074266016 15858.2997686612
105535820.8224409521 19379.4327392578
103932398.5568591803 18269.0866026878
100339718.4241143465 15001.2989586500
100892048.0833595097 15634.6079861003
104748076.7962829918 18786.6377010345
100492144.8124540895 15304.4258011487
100964054.3578971922 15660.6915433017
105371412.7959033996 19204.0345058441
104868572.9478928447 18921.4512767792
102742530.9371908307 17261.2955908451
104569219.4573345929 18661.3397712708
103163095.0352939218 17592.3551607132
104361369.7229095697 18560.5522332191
100417817.2217793912 15205.6803859174
101357003.8407478482 16086.6347591877
103302285.2215117514 17770.8061511517
100802927.8676485419 15564.5728773315
103696527.1321438551 18073.6426672935
101184794.9664964229 15864.9392068011
103719086.1711620539 18141.0939723253
101016324.5980416685 15761.7343414930
103884542.2489985675 18209.8492518663
100148905.1265270561 14910.8205388234
104302967.8654686511 18542.2926278114
102702095.0119695067 17253.7940570396
102625331.1245256811 17218.6712317143
101186333.7024667114 15871.8006722552
105505675.5025771409 19322.8802394867
101492015.8572544307 16222.6132793135
101191940.9776757360 15913.3643213039
101038831.0975332856 15795.5659202208
103833188.7261229455 18145.6415572166
104758313.7663771361 18875.2379684448
102210560.4340948910 16843.8374096445
104199739.3318497986 18511.0256905556
100853984.4239443243 15617.0209786517
100845902.0600584447 15579.5282562879
100768948.9279997498 15525.3107965291
103851428.7237950116 18203.2627587318
100769677.4223633111 15557.0955780652
100669393.8737321347 15513.8161133436
103429032.1697621346 17805.8600020409
102455981.2516090721 17013.5452562273
102211862.6111380607 16844.4925152353
100374567.5782556832 15180.3537186292
101044993.1125800312 15843.9204682020
104517914.4815850407 18648.2403087616
100433519.1342556179 15230.9394272474
102563736.9544038177 17112.4101044536
101451676.2984186411 16174.1980284317
101065612.2767734230 15849.6482220807
101324635.1519365162 16014.5442163298
101448985.0899188519 16173.0250210891
102942180.1882304996 17443.6578854918
100636646.4212421477 15472.4674652723
100373461.2065454572 15106.6948661048
102465450.5683089644 17030.4183076192
100549828.3609582037 15429.8431061414
100212521.5476377606 14932.3066442562
102539343.9120454490 17067.6375665665
99943446.8178954870 14685.5460862959
100344138.1378569156 15004.5211998554
99997133.3880459219 14882.7809789730
99661989.2113129199 14348.1494188154
100229440.9440415800 14992.7939430805
99745730.2122880369 14470.0433208870
99844059.8902218938 14619.8339433516
99815351.6342739016 14500.2952482432
99542486.6101464331 14206.7149961186
99815551.8457628191 14558.6512766773
103469992.6097383499 17860.7330884933
99940159.2151167393 14626.9194408655
99493870.5810820460 14186.2282598303
103522967.1232883185 17904.3983564377
98904773.2955966741 13486.7607422434
103234258.2804512531 17645.3795318604
99743107.7303390503 14363.0721287405
103384045.8269252777 17790.0813568830
102861525.6606951803 17387.1961297989
102909025.4939972311 17389.7676172256
99169484.3115217537 13850.9443517290
98900905.7133717388 13440.4691187679
103621702.2305202186 17913.7694355845
99128329.5555976927 13676.0758046558
99286523.0899533182 13887.2646273127
98944409.5455610603 13568.7778643122
99484424.6755616963 14051.4929001828
99091359.8173541129 13610.8019118359
99327242.0395680368 13966.8647873899
99360715.9278787076 14009.8366587162
99337598.1005174667 13973.6699768727
99364030.6801782399 14016.8927953243
96095465.1871878207 9856.2377574417
96072081.7192251235 9803.2909356204
95835355.9413933903 9484.4151309795
100981607.0500832945 15661.1253860891
95701248.5002884120 9267.9007913518
95967645.6391787529 9732.1749014652
95909842.5323935002 9607.6912881779
95757114.8360704780 9449.5908078282
95723647.5580655932 9449.5714821975
95954905.5974000245 9608.1852995652
95960232.1820504367 9677.6740373365
97819950.6023337394 12203.2835283620
96427745.6975824088 10257.0752936879
96246887.5506455749 9992.4567657781
97843426.3059225231 12229.7149461736
95656785.5673058033 9236.7322966355
95479742.2535322756 9078.1378048986
95374420.6692306995 8953.8681855697
95139073.8858058006 8376.9430354975
95228571.3324608207 8734.7651637934
95908262.2301825136 9600.2109587387
95329748.4696533084 8740.9520419829
95368962.9326780140 8795.4266046278
95611037.4956489652 9228.7579558090
95813314.6547749341 9483.9398660432
95570420.6227004230 9131.4292374549
96073797.5796674788 9854.9952558401
108388492.3915751874 20303.3441162109
95505728.1305563599 9112.4002079365
95577894.9803164005 9138.5409826163
95333696.5525964797 8747.0273441069
95811811.2401878834 9483.5422529104
98864559.8730050325 13351.3582152128
99099953.6023985296 13619.4263314060
99066706.1287082136 13591.0588591695
106742339.0352497697 19877.1675262451
106969630.4884726852 19931.4500885010
97518991.8691677451 11889.7225248527
96884183.6304340512 10966.1376608142
96748098.5571273267 10903.3177267766
97102323.8946441263 11284.9719201481
106924243.1856060922 19902.6891784668
98730484.7025368363 13290.4719551853
96801197.1490887105 10907.1442991948
96974728.0088238120 11246.9347960210
107061509.7469415963 19990.9430694580
105275496.5931710154 19197.1808776855
98423626.4124236852 12833.2199239758
106101185.8281415701 19602.2343902588
94708596.8532625586 6944.9949077735
94564070.8544558585 6550.0181653798
97057059.8985402137 11259.7341282365
99055597.6811467558 13579.2135255425
98583927.7790416479 13026.0161916390
106471895.4689466208 19781.6277313232
95033754.5830409974 8031.3483833492
97489006.0759605318 11794.3939830706
97626804.7753711194 11991.8183074448
97736917.0831495970 12118.9667917644
110506396.7124381661 20460.3070220947
110861013.7787885666 20491.9369812012
96730645.4828862548 10859.7967610370
106374039.9941805452 19688.2679901123
106651093.7348404080 19835.9102935791
96915746.0379783362 11174.5746400966
98551645.6362437010 12954.6256668419
106432240.9961101413 19742.0337677002
96579681.7693079412 10511.3392904710
107472321.3162533045 20108.5311737061
97233277.4415576011 11572.4263418469
96946214.1515140682 11199.4250874530
94758164.8844366521 7000.6424125329
94632971.1873597801 6891.5899022967
94886144.1881419718 7398.0021782815
106962794.2517979592 19924.2356719971
94696996.2525151223 6932.8872529164
106228958.6173092574 19687.7512054443
96256358.4514489472 10077.7702858314
94487430.1619308144 6418.9797264233
94884979.2869116813 7394.5653982803
94965789.3907743990 7844.0568088623
108797410.3022056520 20393.0630493164
108570217.2142303437 20310.7525787354
97423333.7572341263 11717.3072228146
94760566.3240030557 7332.3288832352
105982410.4838351458 19541.1991882324
94396956.6201411486 5979.1842356524
96595443.2125109285 10534.7841926332
96615009.9588195980 10554.1637533616
97109810.3794412762 11294.4123215505
105993695.4860865027 19588.3863525391
96040720.6857201308 9801.2771152107
94954395.6620733589 7738.4719564140
97982836.3794428706 12393.9530175803
108813054.6465833932 20399.7092285156
97871823.0595203638 12283.9021297691
98275874.6455550641 12675.2057186363
97446874.8382886648 11740.0185617220
94439625.2591900975 6035.3396939829
94377800.3731007725 5361.6399449900
105785383.7361678928 19514.6822662354
96695269.6264933199 10646.2714370204
107862415.7375322431 20143.8364562988
107814005.2449781895 20141.4331054688
107210563.3666036129 20055.8717498779
109069517.0816990882 20433.9623413086
109322891.9837923199 20441.7867431641
108269007.2822065800 20237.0761108398
108618456.0575780720 20363.4728546143
108634732.3408106863 20370.1190338135
108792826.3149775416 20377.9434356689
108106193.7463632375 20229.2517089844
108365655.5536117703 20301.3428497314
108021030.6798598319 20225.8830566406
106382439.4465217143 19690.2723236084
107308157.4983408302 20097.1038208008
107627268.6513879746 20134.7285919189
107967553.8489036709 20194.4724731445
107881724.1128827333 20162.2008056641
106195511.8975776583 19674.4199523926
106154932.7717982829 19623.1526794434
105920685.9364864081 19540.4289398193
105420180.8797917217 19222.9275512695
107027804.5476057082 19974.2456054688
105196499.9530290961 19135.3754272461
98052616.2472013831 12467.3611828086
98401785.9497509897 12821.4305474684
97874253.5708691031 12346.5771785972
98352219.4354641587 12753.3741410486
98280060.8491974771 12734.9537628070
98171790.3551755697 12613.7580926344
98433416.7969096452 12853.4433563128
98361092.1385714412 12795.2392731458
98493898.9592693895 12915.4055811949
98642286.1498516351 13098.8048454113
98636730.0040288568 13049.3930915184
97360476.4311601967 11624.8297047626
110587035.5747544765 20463.6123962402
97676189.6188951135 12016.7934602634
96270134.0564891696 10098.6453995716
98244662.5169969946 12639.8009393526
97689989.3207774758 12041.8678142279
97363745.3384621292 11680.3153570307
97547780.6995279491 11970.2965837120
110263144.7851893008 20448.7322845459
96623045.5171402097 10611.1779346291
96292129.0661673397 10162.1823284145
97087891.1819919497 11267.3597861978
97228175.8399915695 11570.8780903827
96336650.6932829171 10239.7249316994
96839914.5403474122 10929.3962635824
96463517.3655258864 10358.5525535487
96317625.9331420362 10169.1038978081
96329248.9583220780 10220.2155326746
96616029.9855240136 10569.8293112828
95080744.3827275932 8068.3669835746
94389170.7354549915 5685.4244565561
94689228.0294288397 6932.3355229989
94922952.8747883737 7705.5701682985
94746892.3252419531 6980.3015721932
94485149.1556857526 6102.2432291999
94894892.2590493560 7636.4343434989
94844280.9817896038 7350.7069655105
94368281.9069034457 5030.0649106459
94378490.1864264160 5412.4490255311
94604376.7703488320 6667.5040427342
94463052.3658870906 6089.5283740655
