139620271.1177203059 1069498.2233886719
139481642.2345460951 1063375.5031738281
141487291.2428221703 1135583.4804687500
139892331.7879171073 1086958.6987304688
139973656.1146929562 1088291.9008789062
139848524.2803226709 1080894.9458007812
139762180.0596944392 1079585.7851562500
139993799.7611197531 1093392.9252929688
139744480.3701680005 1078996.2104492188
142487584.0256682336 1142515.3149414062
142676759.1323616207 1142966.5502929688
136683567.3983337581 784807.4095264226
136714406.1522083282 788820.7728606015
136702999.6682925522 785367.6573567390
139178972.4076605439 1042882.3870239258
137204508.0476087332 857316.3082084656
137175679.6230285168 851141.5912723541
142446275.2262061834 1142055.1831054688
142064121.6824458539 1139126.4599609375
139333217.5498618782 1052200.4413452148
136985421.0950317681 827275.4332333803
137042410.3049087524 835631.3165951967
141926083.3630616367 1138279.7724609375
141760752.0239059925 1137957.8144531250
139867065.7206917703 1086438.3505859375
139651224.5465511382 1075392.3358764648
139402977.7167717218 1060388.1452026367
139558443.8631062806 1068242.6508178711
139660202.3200484514 1075506.9924316406
140413633.7381113768 1105213.0205078125
136982088.4645373821 826881.6481381655
136987354.9151273370 828535.8384881020
136963538.4280568957 820775.7404248714
136897177.3112353384 816835.5828679838
137332610.9553996623 870269.0039958954
137358793.2318054140 871778.1719551086
137480851.9821217358 882348.6219291687
137323264.3339709640 869962.2618598938
138608694.2270359993 1001460.6029663086
141725439.5532290041 1137700.7670898438
141664298.4975917637 1137342.3222656250
141897675.0770574808 1138196.5336914062
137755157.4783962369 920107.9128723145
137747134.2636118233 915491.8806457520
141660582.7935441732 1137138.4560546875
141574764.3122724891 1137064.0869140625
140569412.4685054421 1110927.3466796875
139328781.0465632975 1052084.0553588867
139269555.6605191827 1050287.6754760742
140470635.2262713611 1106054.2460937500
140453460.2484986782 1105370.4233398438
138974426.7488438487 1025786.1760864258
137143842.3140150607 842552.6302223206
137181400.6878841221 854801.6245975494
137270349.5947915316 861159.2095775604
137160477.3524384201 848855.9434547424
137263157.9236497283 859460.6578102112
139036297.6875212789 1032516.0956420898
139121930.0837903619 1042162.6393432617
139979268.6041372716 1088449.7441406250
141193160.5103034079 1128848.8779296875
141943718.9839488566 1138428.6733398438
141954916.7286944985 1138528.4921875000
138726697.5814177096 1010570.0925292969
138770665.3191615641 1015264.9079589844
140304451.7247755527 1102805.0961914062
140200214.5728696585 1097298.3344726562
140349651.7036657333 1104413.2709960938
140341511.3605851531 1102840.5048828125
140164947.2131773829 1096830.0263671875
137340551.1896597743 870461.8419380188
141469437.3966120183 1135027.0639648438
137414398.7438542545 877756.6246795654
136612849.6278051436 765749.7749403715
136617825.2632967830 768350.4733573562
136623243.7975525260 768615.8132546842
136623651.7168003321 773608.2749036551
140261609.0086165369 1099632.6528320312
141207364.7033142149 1128945.3974609375
139325898.3992459178 1051418.3153686523
136611044.6325785220 764999.5015423354
140945291.0386521816 1122771.3164062500
136644863.2748081386 782154.0286401063
139014346.1993946433 1030399.1117553711
139625363.3388926387 1071873.8241577148
139391450.1077567339 1055079.7033081055
140919320.3281657994 1121978.9423828125
139109288.5442835093 1034166.2926025391
139043572.5375743508 1033352.0309448242
141273424.3534669280 1133177.3681640625
141264174.9572924078 1133099.4482421875
141084233.6782023609 1128807.9257812500
137443899.1573123932 878138.7297134399
136295144.6113002300 695949.7861830592
140930836.3351314366 1122034.7690429688
142893445.4390271306 1143841.2861328125
141288535.6620194316 1133193.6230468750
139499839.8517356515 1066823.4699096680
139396939.2524881959 1059007.6032104492
139697010.0525244176 1077509.5002441406
139541890.0549842119 1067266.1036987305
139632669.7210564315 1073135.3048706055
139600611.8271451890 1068329.8217163086
142913847.6980211437 1143888.4799804688
142640306.6166039407 1142828.4833984375
137070461.7188872993 837180.1453495026
137256177.0342541337 859023.4012584686
139496092.9525862038 1066745.6168823242
140295338.9984916151 1100927.4350585938
141984638.0630036592 1138882.6074218750
142906597.4478828013 1143856.7788085938
142821567.9542174339 1143596.0693359375
139024830.6404059827 1030542.0785522461
140266830.7349332869 1100553.6674804688
141235868.6378472149 1130129.1518554688
140864876.5373653173 1121608.4995117188
141243803.5261310935 1132305.2773437500
142849364.0289379656 1143718.2563476562
137786509.7464756668 924358.8080749512
142568832.7920178473 1142731.2368164062
142719767.7390545905 1143572.7163085938
140954044.0691684484 1127012.5390625000
136602430.8948220611 764410.5981763601
136564913.1420672536 763271.5572828054
136553740.6934756935 758137.0467451811
137407056.1881437898 875880.8663177490
137086432.7976296246 837949.9509220123
140153833.6810243726 1095274.0019531250
142718443.2194238007 1143552.0698242188
142860825.0428548455 1143763.4301757812
141572817.2753198445 1135923.8178710938
141531360.1069284379 1135730.6762695312
137283949.0216625333 862763.8547878265
137276570.7643676400 861510.0696773529
136908198.2205656171 817974.4927102327
141690905.4928287566 1137411.4350585938
138226540.9148520231 964752.7713317871
141269856.6625277400 1133132.7885742188
137145826.8986884058 848486.1058082581
136367773.9726311266 720499.1743669510
136288017.6104331315 687259.1576201320
136263012.9118878543 682626.8834044337
137101225.4081552625 839060.1172828674
136524862.3366920054 754662.4001728296
139842305.4555922449 1080849.8164062500
138135039.2248595953 959451.3560485840
136417778.8019773364 732627.0167131424
140780596.4726069570 1116557.8359375000
136519022.9149435461 752680.0991474390
137773631.1201603413 923549.4877624512
140783738.5414057076 1119156.8505859375
141236479.5716501772 1131598.8554687500
138242789.4958634377 970274.0514221191
136332296.6003287733 698146.3002186082
136320138.2400929332 697068.1642322801
136484920.8923945129 747430.4838941153
136461667.7165375948 746999.2972040232
136485029.8239004910 747515.0321579929
139197398.0573678911 1043967.2714843750
138855719.2114658952 1018120.1955566406
141065054.2165814638 1127221.5336914062
140850568.8617945015 1119939.0180664062
137499620.8752251863 886281.4468460083
136277807.4874053001 685211.3363634497
137240998.9866665602 857631.2416744232
137039430.6154124439 832492.3018131256
138826284.8663440645 1017682.3290405273
138555769.4430696368 997735.0639038086
136960539.0062039196 819566.5675035715
138755582.2280471623 1013818.8068237305
138920003.6100999713 1025666.4036254883
136492151.5103295743 751049.5799799021
138412255.7248046696 985003.5801467896
139822620.5285526514 1080418.1088867188
138722666.1169685423 1010465.8422241211
138636243.4770927131 1001899.9058227539
137820084.7811380029 928612.9500122070
138227944.6001428366 965416.2207641602
137985137.7107016146 944879.3626708984
136558060.5320253074 759319.4400189519
138646528.0000444353 1006738.9091186523
140675833.3973385394 1114815.7583007812
137944484.3636637628 940197.5859985352
138029349.9160702527 948888.3526000977
137902148.9282594621 937892.1074829102
137968665.3437762260 941458.0873413086
138072518.3848098218 952771.7018432617
137580429.2059555650 892951.9175872803
137586461.8623268306 893974.2843437195
137372327.8046579659 872086.9763755798
137529159.0720218718 888537.0300254822
138461917.6775119901 990847.0585937500
138739271.7403913736 1013474.3676147461
138703091.0441698730 1007329.0443725586
138645713.9732045233 1006312.9083862305
138521353.6578992307 992057.2958374023
138869397.0978924334 1021378.0847778320
136333332.1972731948 702889.5306873582
138571726.0374011099 1000939.3563842773
138049537.4749151766 950579.0806274414
138011458.1462239623 947074.8954467773
136432950.6734385788 732955.1094341874
137462171.0224320590 882194.0924644470
137444358.7941270471 881269.3185386658
136324262.8516097665 697932.4134388231
140727985.2351162732 1116443.6289062500
139464139.9657295942 1062123.5065307617
139377720.5280546844 1053158.0292968750
136395190.8405009210 727910.4437198900
136352981.9630334079 719921.6814823411
136342218.2221173644 706064.9673939012
136831393.4768651128 805050.5159658232
142442470.7920866609 1141299.4648437500
142435874.7583386302 1141230.1059570312
142359241.4742713571 1141073.1113281250
137120768.1473698914 840786.2340689003
139008335.6970511973 1029609.6281738281
138299080.1119051278 973461.5217361450
138275394.0672616363 971068.7763671875
140488203.7387008071 1107361.6206054688
136505353.1323622167 751268.2284104880
140709221.0875382423 1116269.9477539062
140752304.3464554250 1116538.9594726562
138530808.9335412979 996728.4028930664
141296190.4915703833 1133604.9887695312
136881360.2460399568 811335.2619435191
137593712.5557185411 895411.9680557251
138374071.3477738500 979758.7243652344
138473071.6214310825 991658.4715576172
137596643.9853335023 897875.5160293579
138062078.5887673199 951100.5637817383
137997709.9025022388 946848.6821899414
136867506.1933464706 807440.3406588623
136817376.4897110462 799139.1419283935
136458582.8208782971 740635.9203193840
136446704.3838691711 737763.9617012199
136448362.0538595021 739920.0980770644
140493183.4110614657 1107368.0986328125
140509752.3533350527 1110138.2861328125
136828675.6173292100 800542.1678761258
136806896.3276516497 796964.8944928646
138087927.5090387762 953489.0977172852
137902901.9631307423 938837.4053344727
139236359.0467093587 1045152.2938842773
137647430.7649866045 904496.4495697021
137653589.7003006935 904695.1568450928
137659903.8243579566 906160.7239227295
142114424.5993821621 1140205.9199218750
136962570.5473148525 819586.3191535064
136896168.3452205956 811336.2142912933
136831269.0854025185 801842.7647311279
138975220.0181868374 1029286.7254028320
137980639.8286685944 942095.3421936035
142004373.8896854222 1139124.6958007812
142069867.8342487812 1139140.7060546875
136369757.2172587216 722244.5375998672
138866667.9563583136 1018939.0574951172
142100931.2295356989 1139157.5209960938
142351435.0664186776 1140516.9785156250
140949281.9152458608 1122796.3222656250
143280359.5317049623 1144921.9233398438
136765637.4072435200 793987.9121899903
138132509.0899517536 958625.7345581055
137617295.5874346495 899303.6288299561
137535601.9381143451 889864.8744354248
137539036.9491030872 891029.5233612061
138865476.9913555682 1018925.4021606445
137754814.9620985389 916639.9380340576
142281123.8042532206 1140396.6308593750
142313878.2895288765 1140496.1523437500
138376827.3600165546 982551.5638427734
142934744.2665592134 1144353.0234375000
143114408.2941015959 1144618.2788085938
137880268.2974041998 932921.6751403809
137815359.4931511879 926143.9472198486
137671948.8545992374 912358.2044448853
137718280.6992743909 914410.0367202759
138376035.8578126431 980278.0673217773
136771763.8305918872 794877.6449269070
138334889.7284087837 977421.0257568359
138429390.4514910281 986705.3712158203
137622468.3504776359 902261.5887298584
137863072.0886849463 931344.2277526855
137854506.9686567187 930255.7123107910
138062776.9617810547 951166.3362121582
138172853.0357254446 962941.8065185547
140688907.4852728844 1115365.9487304688
138364431.5825121403 979102.9520263672
141217830.5371483862 1129888.7343750000
144219779.6636939347 1145694.9702148438
138238887.2624939084 967308.1223449707
144020935.5897147357 1145693.3457031250
144011146.7973102629 1145478.2656250000
143840689.6758239567 1145427.2836914062
143835283.1278874278 1145094.7666015625
