30921688.4474713504 29217.5424880981
30382995.7065477297 17782.7858313322
31204459.5907383487 32952.2688293457
31148304.7999215350 32811.4974670410
30897859.9962339699 29173.6444206238
30649131.9891637377 24483.9227406532
31090166.4978518635 32419.4182434082
30655461.1661308147 24849.5479964018
30941546.0870410204 30218.9716529846
30829349.5539754927 27432.9331436157
30706317.1026820466 25607.3670158386
31309645.0149016604 34322.1140136719
31084320.0196007714 32211.9083518982
30484487.7454924509 20917.6453358680
30299213.5474905744 13771.5521178455
30464088.1242939830 19844.0928052962
30725800.5155939497 26278.1458546668
31151114.9674676135 32819.7792053223
30969877.8388334960 30853.3790092468
30361202.4424258024 17729.5996908247
31447471.3726046085 34939.1535644531
31149145.6287878081 32813.7543029785
30589879.8031947613 23571.3982929289
31243679.7343571484 33154.5442199707
30990198.8897298202 30958.2537651062
31284421.3805154562 34308.9023437500
31087356.3303057924 32411.3204650879
30805057.6478664950 27385.6965579987
30497210.1524553746 21559.9682210982
30407696.4974374138 17949.9670637846
31110487.5487481877 32524.2929992676
31164771.3031692728 32819.9862365723
30499179.4911351800 21569.5819906294
30849377.6788294539 28543.9963245392
30442917.4618465342 19819.2208471298
31260420.8340777308 34201.7707519531
30538787.3120443970 21797.3540243208
30897396.5413623527 29170.3059024811
30750247.8266292214 26911.3743061125
30680380.4446007907 25377.7271060944
30817451.1635545716 27402.1971549988
30883126.5834809020 29060.6718864441
30418087.0733889267 19508.2750166655
30684651.4902420342 25378.2026500702
30468233.8450922370 19969.5444784164
31112456.8874279931 32533.9067687988
30967067.6712874249 30845.2812309265
31322238.6316888034 34596.1068115234
31375202.2236424834 34712.8521728516
30721747.7482300848 25651.2650833130
30442294.8601720557 19760.9445043206
30741801.6399031207 26501.7286102399
30789624.2503326610 27279.0038261414
31105792.1722333357 32425.6501770020
31017391.8627958298 30968.4745597839
31311614.3535814658 34331.7277832031
31261261.6629440039 34204.0275878906
31276887.3373254687 34210.2595214844
31338705.1349365413 34604.5955810547
30354372.2486718521 15944.9903463423
31034579.5708915591 31194.1689262390
31368773.1077657938 34612.2053222656
31366803.7690859884 34605.9984130859
31323079.4605550691 34598.3636474609
30411191.4071663655 17991.4473981857
30283862.2776950076 13728.7317756712
30361825.0441002809 17757.9499701262
30549018.4579575919 21850.8920507431
30857823.8655555546 28944.0045108795
30387141.4273459837 17945.8664717884
30899829.3349137753 29183.2581901550
30855854.5268757492 28934.3907413483
31286390.7191952616 34318.5161132812
30651101.3278435394 24493.5365101844
30830332.9426293448 28308.0811634064
30601784.6756466515 23602.6877393723
31069613.8532096297 31615.6965599060
31072424.0207557008 31623.9782981873
30992168.2284096256 30967.8675346375
30944149.3658767268 30341.5579566956
31174274.6850390658 32928.2428283691
30985503.5132149681 30859.6109428406
30641357.3514534533 23828.9891309738
30354733.1405752599 17587.8274534941
30557598.9946952946 22711.8684498817
30767323.2241495252 27137.6756977141
30855220.5867198482 28821.4182071686
30311996.6069343016 15751.5026105940
30748278.4879494160 26901.7605365813
30667381.0120338388 25135.8593954146
30794403.7565585375 27293.1265068054
30787344.0846172720 27193.6794643402
31263231.0016238093 34210.0524902344
30573878.6788855903 23354.1913351119
30885095.9221607074 29066.5128288269
30943515.4257208258 30224.8125953674
31092135.8365316689 32425.4431457520
31325048.7992348745 34604.3885498047
30652765.5717818625 24650.5440520607
30882115.7716645524 28991.2410964966
30812755.4687750563 27391.9763603210
31202490.2520585433 32942.6550598145
30814724.8074548617 27401.5901298523
30422363.2936257459 19734.5764082670
30678411.1059209853 25368.1133365631
30544747.4123163484 21849.9067897797
30703951.9960984215 25386.3118228912
30971847.1775133014 30859.4039115906
30327347.8767298684 15799.1175170154
30792434.4178787321 27287.1016044617
30416117.7347091250 19498.6612471342
30832302.2813091502 28317.6949329376
30385875.0239206590 17841.1237668991
30273274.5625703931 13560.0799011290
30597513.6300054081 23601.7024784088
30494366.8870272078 21320.1818084083
30413097.0607218407 18000.0920424461
30637086.3058122061 23828.0038700104
31129192.0659378469 32627.7621116638
30565432.4921594895 22938.1698414832
30617785.7999558151 23819.8946971893
30708286.4413618520 25616.9807853699
30773882.7777490392 27159.3951663971
30497062.4813761599 21519.1857527494
30334439.7802548967 15918.3010726185
31018578.4465823919 30976.4522514343
30887906.0897067860 29074.7945671082
30330294.0594566427 15806.1593931913
30489228.9839119650 21292.8843611479
30413719.6623963192 18049.0406838022
30771913.4390692338 27149.7813968658
30791593.5890124664 27284.8447685242
30541251.6007167660 21837.9578278363
30613514.7543145716 23819.4191532135
30885936.7510269806 29068.7696647644
30555629.6560154893 22702.2546803504
30665411.6733540334 25126.2456258833
30723831.1769141443 26268.5320851356
30653963.7948857136 24744.4982204437
30487259.6452321596 21283.2705916166
31169352.5607782081 32821.2498474121
31126381.8983917758 32619.4803733826
30301408.8918096945 15582.8507360518
30571421.8028115071 22949.8272375166
30778153.8233902827 27159.8707103729
30474257.9119217880 20025.7032189034
30302031.4934841655 15611.2010153532
30571909.3402057849 23344.5775655806
30657430.5048106238 24859.1617659330
30385252.4222461842 17782.8474240899
30747466.1280339621 26526.1662807465
30345356.3694942221 15936.6627811491
30308500.7953347228 15706.8288559020
30507012.9885993786 21795.8833822310
30595544.2913256027 23592.0887088776
30312619.2086087801 15779.8528898954
