94442450.4004301429 282907.4121628404
95170758.8748643845 323833.9481878281
93451994.0267459750 146250.0826262236
94675971.3535464257 297685.5889425278
93492983.9762713909 164814.8416938436
93441313.8218098283 145938.3180636168
94526544.8024570793 290668.1911011338
94256858.9377534688 265730.8108087182
95196292.3092202395 326094.0331721306
93525780.3559525609 167757.8544193757
94021383.3571150750 249747.7096247673
96719000.9690329432 387935.6193208694
113174442.8321648538 613724.6083984375
93843778.8555665761 227204.4036404145
94756618.8027835786 304688.0439596176
110046932.7914743274 584000.3085937500
110779636.0061710626 591685.7617187500
94223931.1103586555 265051.8804640770
94436261.4922366589 282746.0585393906
104537478.4017646164 540889.7767333984
97007247.1732364148 394656.9551696777
93506795.1278935373 165101.5087110054
93515100.1510164142 167456.6414734375
93715959.6900626868 207589.0349080813
96681408.4160437286 383935.3499574661
93963317.1692278385 241220.2920079827
97096938.5410167426 399355.5957946777
96826883.9558022171 391410.8423690796
96788791.7225185782 388364.1481513977
93646778.9753692001 195504.8566801798
97215680.2548673004 404977.8369903564
94148329.2392182946 260045.3533158898
97186901.9754406959 403660.2550354004
93557047.4797416776 180280.4759828103
104321301.5921155363 538452.7393798828
93584697.6253627688 183548.9868586314
94292924.8742284328 269694.7871132493
95472244.5496053696 335154.8260869980
97024294.5494422168 397656.4468688965
97125118.6794682443 402788.7964782715
97551493.7900697291 412852.5970916748
97969385.9683959484 421160.6682777405
94015644.4123609662 248560.2628331780
94368766.5867343247 278571.1447792649
95064720.4220070392 318676.7001047134
100290352.8063654453 485176.2960205078
93619128.8297480941 192213.9175817025
93988763.7257805020 245849.3877253532
94077788.0295709223 252016.6610426903
93650785.1984665543 199627.0405463827
93925309.0329370797 239471.4747614861
95750937.7097453475 347620.3338685036
98613948.8489326537 438461.5648803711
93739093.8702053279 214826.8122364533
93537447.8452748805 168872.5979191315
96649461.3173162192 383618.8345918655
104681453.2742727101 540937.7322998047
99779095.0907953382 470149.8893127441
94099905.0367784053 254036.9859796166
105007876.7924779952 549090.9949951172
94157971.2246656269 262564.4035964012
109943379.9777635187 560748.5411376953
95704271.6841075718 345909.6985998154
101279426.4307164550 509612.8378906250
94066148.7432278991 250665.1837307465
99482269.4009857327 464189.7393798828
94186210.3031525016 262823.4560408592
97351031.3529421538 407782.0262908936
104062339.6769869179 524007.3040771484
95756606.8168954849 349509.0793905258
93625064.8558735251 192927.8965266001
94192399.2113459706 262958.1651330590
94267751.1987037510 267206.7003774643
99250776.4986953586 455373.7653961182
93608771.5077021271 192132.8694874299
95957619.8553946316 356096.7698712349
99179350.3662852645 452922.1218414307
95065550.0480338931 320018.2041006088
96148196.0278963894 366047.5589215457
99602637.8372318745 465551.1300048828
97443036.8087699562 410774.7610626221
96228212.7644686699 369589.6075396538
93597414.7102524340 189659.3856507790
93576329.0456128567 180686.0232489359
95366517.1319957823 332710.3058538437
95326816.8080897331 329363.9171819687
95046346.2968533486 317217.6755061150
93434511.5853754580 134825.6896518469
96818499.7277494967 389151.9913969040
93706173.4235145897 206413.4053876650
94164160.1328590959 262699.1126886010
93912698.1256873608 236834.3923411369
117718273.7390431464 643678.3173828125
94987907.6304563135 312810.8452993631
94027572.2653085291 249882.4187169671
104088642.3198698759 528239.9981689453
93659153.7782164812 202495.1433162343
94089715.8825184852 253338.8169264793
96602384.5493154973 381274.3169875145
93469543.6638744324 147328.5224725509
93943178.0299604535 239864.1659695160
95283739.8915329278 327492.8488470316
99871548.1016687602 470927.0846862793
93694245.5705670267 205091.2495038760
96505153.5629127771 377794.1290307045
104291257.3546978533 534194.0355224609
93671081.6311640441 203817.2992000234
93715929.1662469059 206449.8408846557
101105195.9038116634 505768.8459472656
97825666.8129462600 417214.5698127747
97575420.5738929063 413083.4568176270
95013982.2845459431 314884.9312063456
116511875.8756677806 639820.7373046875
94464164.1489069313 283271.7235555649
94301553.8560490459 269860.9963903427
94968095.1600528061 312705.1386175156
103977438.6535158306 519845.4700927734
94736966.0939038396 302148.0129461288
104695861.6791164130 541760.7901611328
96444362.6237546653 376647.5428085923
93640663.9808230251 195226.1390168917
93827938.5447814614 226199.2484056652
93969363.6556612104 241399.1050124168
116635299.3469216377 643501.2612304688
99581077.2845644206 465499.2016296387
112397802.7736044377 609523.1904296875
113092293.3800433129 612508.1411132812
94137279.4462786317 259988.2375807762
95289515.4421210438 328200.5639495850
103828932.4956418425 515265.5827636719
95105667.8909379691 322352.8187246323
94934797.9726111442 311886.3627920151
104237286.7247899622 532371.8594970703
93855706.7085141391 228526.5595242035
94000691.5787280649 247171.5436091423
95661571.7740627825 344141.3051519394
93716977.6954602897 212185.0124568593
95189952.8118085414 324578.4645452499
94135690.3413372338 254472.6617903709
104182832.1101145893 531242.0583496094
96324693.8816197366 369684.0170736313
117072354.1079521924 643526.2744140625
99408778.4237177372 459559.3484039307
94933968.3465843052 310544.8587961197
96934831.4580536336 392436.2813148499
95911681.3110923618 355994.1843633652
96384898.0804039389 373721.3892531395
95868124.9847520292 350621.5319067240
96692856.0993443280 385311.6506109238
93916762.7252974808 237193.2826687348
97535211.9326205105 412136.9463233948
94510422.1903350502 288718.0462560654
93548678.8999917656 177395.0841504586
96356077.5924343914 371352.2388067245
94257190.4962262660 266044.3238878250
93522369.9097119421 167705.2150098336
93569059.2869173437 180427.3887994540
102664948.7144067883 513589.8611450195
99312084.7252250165 456063.8278961182
96816201.1416886300 389043.5446934700
96446430.7515624017 376649.5239019394
99082838.0377484411 450422.4668121338
97783922.9841914177 414721.5406990051
104775004.1883415431 547486.5611572266
98843343.7112649381 443698.5827026367
97946771.5657442212 419218.0419349670
98032599.6543636620 426461.8105506897
95977248.4731209874 359016.1310796738
101010018.1282308102 505062.7297363281
96360798.4555919319 371535.5281586647
93472007.5897333324 149858.0423815751
98291700.6439853758 428503.0109863281
96077876.1235922724 360866.4054760933
98090000.7541719824 426964.1184387207
96536450.8131790757 379803.5286831856
93581670.1941670626 183115.1110627902
97970088.2868643105 422314.8687782288
94357716.7937946767 278192.4495153427
98776754.4061853290 443326.2222290039
95505914.6045322269 338187.4134359360
98304011.0412448347 429495.1812171936
100448309.4598129243 489934.0177612305
93549777.7210461944 180031.9024464142
93525907.9700545073 168672.1179398847
96534793.1061212867 379254.7379522324
93595000.3402681798 187695.9667908204
96036915.0335457623 360430.7946486473
94281875.0812887996 269316.0918493271
96509088.9995235056 378566.7859125137
93771012.8767008334 216703.2764088166
93861053.9368563890 230809.3480525017
94045205.3681671023 250275.4626784325
93851992.4580785632 227790.7616344941
93481743.7180558741 149902.0345463407
98353512.3886371553 432987.6401519775
95640669.6363165230 343953.1614041328
96966243.9495517761 392525.2525820732
94860985.1480847746 308595.7818307877
96434003.0882637054 374866.3436918259
94876379.5972382277 309919.3205881119
100823234.7307065129 499585.3728637695
97720920.5207881480 414420.5908241272
93728905.5484078526 213507.1683406484
95834395.6507342607 349638.0545415878
93896006.5933668166 234821.6862864494
95494043.3253597468 335297.4989333153
95752540.8817277849 347694.4651250839
96345540.5337581933 370267.0666742325
96115203.9886558056 363214.1965169907
93751021.7231528908 216148.9681202424
100095024.2918561995 480598.1093139648
99556544.9125630707 465273.5362548828
95602025.7326226979 343379.0247564316
101001283.4594447911 500073.0178833008
99716150.9875099212 468010.5775756836
95591713.8097973764 341427.3432378769
98844773.5405337214 443809.3418884277
94924572.6761802882 310264.9628186226
97514150.1349454224 411311.6272315979
93910929.1258027703 235288.6259455681
98996459.2040902227 446630.9741210938
96173453.2500599176 367315.8503179550
95630889.5892779082 343545.9776372910
100970640.7613367736 500027.2995605469
95875414.7895650864 355785.1672124863
95439603.2293673754 333372.2246775627
95873031.6233697236 354776.2112798691
94827538.4650931805 308104.9340276718
95709483.1576043814 346476.4920415878
94884189.3349466175 310000.5274267197
93827000.2723721862 225310.3650051606
99343329.6358265579 459071.7054595947
93688538.3178970963 204128.2586726797
93782647.0679855645 217316.5680715740
95058723.7420874387 318331.9805517197
93541409.1412962526 177146.5106140625
99770707.8987077922 469037.9141540527
94658615.3540064543 297638.4780950546
93800149.8869886696 223470.6296192658
100440227.9358169138 485765.4710083008
98983293.0601916611 445637.5786743164
93918122.7681118548 237897.8712744713
95611259.6844021678 343454.5453252792
99437643.4942933470 460565.5286560059
94780300.6785006076 305027.6428952217
98143343.0928248912 427391.4858283997
115632429.9352523237 632458.1391601562
116031243.2158754170 639740.0283203125
99888079.8941701353 472925.2680664062
94606656.5098680854 294674.9673376083
98769508.8643078506 441797.4520263672
93812077.7399362326 224792.7855030549
94560391.8808042258 292539.9645299911
100534991.5309523642 492493.3772583008
94771350.3076164424 304854.3524923325
100690412.4450441897 497756.1804809570
93681902.5715268254 203881.3175849569
99296746.4113416225 455715.2365722656
99886252.9038046300 472647.6743164062
100253317.0792863518 483356.4956665039
100655377.8562092781 497469.7488403320
98582811.4343568087 435784.0575561523
98306490.8811500371 431008.9752807617
99748707.4902610928 468277.6195678711
100472036.9645088911 490896.0554809570
99318124.1996699870 458805.8280944824
101004204.1066325009 500724.8460083008
99768880.9083422869 468760.3204040527
94786935.7843730152 305969.9312200546
100533164.5405868590 492215.7835083008
95296790.2828391939 328559.5456113815
99146827.4444968104 452261.1508789062
95360277.6614800692 329431.5477800369
93760332.6717646867 216212.9865051758
93472007.5897333324 149858.0423815751
98807840.3758488297 443397.9896240234
99049196.3539467305 447371.1911621094
94260762.5261637717 266220.7711019516
94690451.5503641814 299230.7789015770
94265796.6702079028 266223.7728152275
94247452.5804022551 265624.4118914604
97871275.5828679055 417787.4836463928
94344835.8606326133 274541.9789958000
94529614.6808463633 290714.1017165184
94707822.5196477920 299906.9055318832
94724864.0325435400 301202.0912389755
95599955.4384204745 341782.4543862343
94476497.2467580438 287162.2802529931
94565634.1701904684 292641.3438429832
94494485.7874373198 287648.7050490379
94548504.9317356348 291091.3557271957
94334733.0954764932 274283.5368871689
94512829.8772429675 289178.2324767113
109361411.8331845552 556010.4385986328
109316305.8713299930 552523.1264648438
112161306.3411954194 598949.1826171875
109648209.8833632469 558402.7539062500
114898148.8503953069 616166.5703125000
115119595.4420284033 617265.6142578125
109688646.4195571840 559911.2329101562
