78300104.1328643411 1748685.6894531250
78023739.2497584969 1725407.7783203125
78245816.0503623635 1741572.2705078125
78283234.9397011995 1743206.3916015625
79165391.1638106108 1808026.3535156250
82841921.7091849148 1935577.3476562500
82608168.0414419323 1931136.9589843750
82591277.8259894103 1930936.7910156250
82661826.5673237741 1932970.3281250000
78138151.7836564779 1733304.0683593750
79682419.0052366108 1835985.9511718750
79285635.1224511117 1819915.1074218750
79206610.9669524431 1812763.5390625000
79638334.2987544388 1835233.2500000000
81154606.6414157152 1896508.8398437500
76837044.9333728105 1587671.6728515625
79086556.8913722187 1799849.7343750000
79386733.4826949090 1824738.6914062500
78372938.8440353274 1750993.3457031250
78476971.2093138844 1754804.6523437500
76886304.7819278091 1597719.5224609375
77090289.4651824385 1608495.1630859375
76882066.4854694754 1588301.6123046875
79092414.0732682496 1801660.0449218750
79125581.9601140022 1802150.1152343750
79164244.3474782407 1803850.1562500000
79032803.7087902129 1793699.7910156250
78511940.9840800613 1756184.4599609375
78661159.3663338870 1765157.4394531250
78448307.8047134727 1752186.5244140625
78124702.5418218076 1732200.6591796875
81936291.0227344334 1920405.1738281250
82319160.2616179734 1927984.5175781250
83941716.3756630123 1941397.3027343750
77010056.4085884839 1605986.2910156250
80721678.7944229543 1881045.7539062500
80715869.9619864374 1880775.8496093750
82155813.6836095005 1924293.6601562500
82130589.7979828566 1923924.6855468750
78764801.3484161496 1776157.3027343750
81308684.6446179152 1901787.7714843750
80858276.6613405645 1887383.6542968750
81096204.4246372581 1895222.5546875000
81273436.5901297033 1901267.7871093750
81106582.9753403515 1896014.4687500000
78876015.1312751770 1787518.9746093750
78188062.1809999049 1736938.4785156250
78595825.1361735612 1760898.1406250000
81920390.5264747888 1919758.6015625000
79476758.6622728109 1826255.0449218750
78008628.7492392957 1721911.1962890625
78243008.2637612075 1737342.0966796875
82241572.1445247531 1926857.7382812500
81870595.7772267759 1918697.5703125000
81774944.2127670050 1915573.0156250000
81893738.9406764805 1918777.6601562500
81866424.4292808920 1917472.1933593750
82001227.7302565128 1921920.0996093750
80753765.1820403188 1885426.9628906250
80943285.2231596112 1890179.4394531250
78643808.8647910208 1764670.5253906250
78655553.5265510976 1764998.5351562500
77910435.8130089492 1711384.0146484375
77730717.8894179910 1692787.2529296875
78642137.1430339813 1764347.2480468750
77761154.4298923761 1695786.4023437500
81728053.5818737298 1914319.3691406250
78566701.5114506036 1759630.5439453125
78590103.0825807601 1760729.2392578125
78542943.8328381330 1758267.8134765625
78601077.1442848295 1761355.8798828125
81517175.5613184273 1909663.4746093750
81325740.1634895951 1902526.5117187500
80520961.6673389524 1875442.6152343750
80791803.5093214512 1886717.5292968750
80648596.6958835870 1879831.5937500000
80843125.5937206447 1887241.5488281250
78160164.4595115036 1733999.3876953125
79084881.2169087976 1799273.7539062500
78942463.5216924250 1787990.5703125000
83295301.6545115411 1939440.5957031250
83350996.8029221147 1940422.4609375000
83245569.8402731568 1939153.0527343750
77440399.1716595888 1668609.6416015625
77457647.2447400689 1668977.1923828125
80129388.6875784993 1860651.3847656250
79884652.7253151238 1849734.4941406250
81157712.1368638724 1898148.8281250000
81006994.3883682787 1891250.0468750000
81484358.2521115988 1908102.9179687500
80230673.6857271492 1862951.8398437500
78616528.1988381892 1763805.2832031250
80644431.2435304523 1878105.8593750000
80603021.7866046429 1876600.6269531250
80516674.9232772887 1875433.2597656250
83858628.1408064663 1941282.5742187500
81391494.0314835608 1904750.9277343750
77403265.6873634160 1657333.4091796875
81508815.4179681093 1909463.3710937500
81461259.7308599800 1907152.7929687500
79830490.4457714111 1844375.4492187500
80742755.3884624094 1881434.7304687500
82185960.4102937877 1924297.8066406250
79971673.9814561605 1851269.6953125000
83205394.1851988286 1938996.0917968750
83493722.2603629827 1941020.8300781250
83005782.1673834473 1938341.6523437500
77393124.1585044861 1656217.5048828125
77964150.8611006141 1720212.0146484375
77894951.2966828793 1708104.0800781250
82607573.2378420234 1930968.2128906250
81410960.1747224480 1905694.1816406250
77506385.2133966535 1671745.5732421875
77364098.8524634242 1654933.8027343750
80195195.9331280291 1862002.2714843750
77323634.6308573782 1644823.8359375000
80311577.5635372847 1863862.4140625000
77806543.3811648488 1700918.6708984375
80463660.9104073346 1871890.0273437500
76983763.1243068129 1601964.2187500000
79589228.3193643689 1830476.9765625000
81026553.3874199688 1895023.1113281250
77317026.5281210542 1642161.8945312500
80295283.8346564621 1863836.9824218750
80046101.6519302577 1853408.6054687500
77182457.4918953478 1628736.3417968750
78563709.3973062187 1758270.8281250000
81395092.4822957218 1905060.6386718750
81367352.2785650641 1903953.6503906250
81334717.6179407388 1903571.6972656250
77679126.2298599035 1687683.5361328125
77073045.6928814203 1606950.1474609375
77426125.8978542387 1664114.8593750000
77544131.5785826743 1676128.0820312500
81203764.6590588093 1899287.1210937500
78834206.4049170464 1782928.6503906250
78731286.9643073678 1771969.2714843750
81906210.8710927963 1919358.4648437500
82080775.4668151438 1923727.6601562500
80750791.8596684635 1882264.4042968750
77294687.0357619524 1641595.9443359375
77114855.1428180337 1621507.6367187500
78119665.3660199791 1728758.2441406250
79731984.7148793787 1841303.0449218750
79777302.1635610163 1841843.4335937500
77216940.2188448757 1635062.8769531250
77262925.3785299808 1636056.8808593750
80192230.0279943347 1861339.2910156250
80240391.4906695932 1863288.9628906250
82772607.3435019553 1935293.9960937500
82628933.3326693922 1932773.9902343750
82851638.2373810112 1936492.4394531250
82994562.3127601892 1937750.6015625000
80701828.6419799030 1879838.2675781250
79577741.3052455038 1829581.3750000000
79594871.4823144525 1831902.4453125000
82220383.2124662697 1925299.9765625000
80372449.7077149898 1868553.2890625000
81854137.2809913158 1916625.5917968750
82464609.8025002033 1930910.6972656250
79983715.9640311152 1852114.1113281250
80286750.2142108977 1863731.9101562500
80489406.8975074291 1874522.0957031250
81970359.1140554845 1921274.3808593750
82074785.9632237405 1922272.1152343750
81504287.4913946390 1908153.8027343750
77837496.3824965209 1706597.2939453125
77920698.6809314191 1716201.8261718750
78049325.0439370722 1725473.1201171875
77866961.5861307234 1707909.2548828125
79823689.8906382471 1843288.7480468750
81401028.0985975266 1905178.8125000000
81446527.0376986265 1906118.6933593750
81196247.0886875242 1898917.7734375000
79512532.1116868407 1828735.2792968750
79862394.3221970797 1845222.2402343750
79930380.7154108733 1850242.4257812500
79703255.3359355927 1839117.7773437500
77090742.6761262119 1611074.8789062500
80322103.7830511332 1865543.7929687500
80588770.0904276669 1875690.7968750000
78432971.8530229777 1751496.4589843750
81719214.1837745756 1913858.9121093750
80610690.9460061193 1876845.4199218750
80874788.9162378460 1888441.2695312500
78515134.9323466867 1757796.6269531250
78667048.8009436876 1771065.0761718750
82666320.7515477985 1934880.3730468750
82608362.3898210377 1932175.1035156250
82445281.3290803581 1928539.1445312500
81148670.4467563480 1896044.1171875000
80972559.7996335775 1891063.1230468750
79997239.7337714583 1852562.0175781250
82298828.8583172113 1927776.9199218750
77324853.1045705229 1653639.5859375000
77133799.0474141985 1628617.7832031250
77239817.7339688092 1635777.6640625000
77265176.7637244463 1638307.3154296875
77099761.0889168531 1616681.6132812500
77428027.8630616814 1664640.5048828125
81614373.9281021804 1909726.3984375000
77521226.7175314277 1672089.1367187500
80885635.7999867052 1889434.8144531250
77095821.3942330927 1612571.4746093750
78760176.7919569165 1771991.3984375000
80429324.8204707950 1870019.5566406250
79013421.9266609997 1793172.3183593750
78817264.5593886971 1780047.9179687500
78872688.4388775527 1783468.6972656250
79034584.2891270071 1799059.6074218750
82442479.1022497267 1928135.3535156250
77281632.0830745697 1641220.6630859375
77412180.0231104344 1660867.9941406250
79848444.2135255039 1844468.0078125000
80059859.1871492565 1853819.0273437500
80712575.2201728821 1880014.9921875000
78016484.5279412717 1723613.3916015625
80068574.4393680692 1855194.5234375000
80178925.5104419291 1861022.1093750000
77205286.4258702844 1632397.8017578125
80481684.0004100651 1872781.2539062500
80327687.0853785723 1867205.5273437500
80391892.1289904267 1869676.3320312500
77664916.4621858448 1683681.0117187500
77740704.0651799440 1693875.5644531250
80080609.7080608010 1857802.1601562500
80340093.0494735539 1868276.8027343750
80162821.4622307569 1860891.7773437500
81758262.4522479624 1914391.0878906250
81643294.5145852715 1913050.4511718750
78997458.1248673797 1793135.0761718750
79033145.2762260735 1796750.7207031250
77750065.2064059526 1693939.5761718750
77598559.9505928755 1683601.8203125000
77715840.0837506652 1691129.2714843750
77570478.4121704847 1679704.0781250000
77792583.1257959306 1698773.8203125000
80966862.5129618794 1891046.0058593750
77766767.5046392530 1698439.9785156250
80625427.1629094332 1877224.3945312500
81847968.7626242936 1916222.3828125000
81635077.1925263107 1911471.0878906250
81831653.7845628262 1915821.7285156250
81847826.7140786052 1915901.9531250000
80397637.0631434917 1869944.6113281250
79557731.8203180730 1829093.1347656250
79798286.6237605959 1841961.4355468750
80326527.7012422383 1866258.2167968750
78971513.8466563523 1793089.7070312500
79566928.3534549624 1829142.0742187500
