76233662.2959759235 710227.5595703125
76305281.9258305579 712286.6757812500
77763488.0555658787 750648.2768554688
77924468.1505861729 754463.5639648438
78016336.0902273357 755051.4672851562
76394152.1875749379 715381.3789062500
73439987.5025107116 495543.5417480469
74249056.1976612210 591774.7121582031
74059554.7586910129 577505.7275390625
74039222.9332776517 577416.2331542969
76118103.5463577658 705017.9233398438
76391950.5052244514 714899.8408203125
76312620.2386646867 714122.1982421875
75127936.9524404705 656371.6972656250
73921835.9005572349 566342.1059570312
76811038.6509620249 729178.6040039062
77277796.9428299665 740752.0502929688
77168643.4081003964 737233.5541992188
77182900.0520806462 739876.0541992188
77356954.0921768844 742850.6313476562
76925864.8168292344 734307.9467773438
76782776.8469278812 728673.8569335938
75768407.3394718170 691831.9306640625
75924448.8680014610 700896.7954101562
76004024.9294432551 702729.9990234375
75677196.9283882678 683437.6347656250
73277028.7280404717 472697.2783203125
73428041.1756068617 489985.0444335938
73478941.5448895097 495756.9833984375
73388589.6210651547 483825.3056640625
73259799.2095148414 458508.9973144531
75053080.6438777000 648193.9389648438
75275385.6567593515 665060.6562500000
77442335.0541827828 745356.1108398438
77263594.1821965873 740531.5971679688
75607986.3806996197 679536.0620117188
78565687.6165205091 764392.4169921875
78341083.3206251711 760577.1298828125
78441092.4512674063 760689.6401367188
74743822.4147424251 632217.5654296875
75024059.7354511768 647517.4091796875
74883909.4578644186 642755.3540039062
74121416.1958609819 586916.8867187500
74179126.2508756667 588768.5258789062
73883224.0357135534 561833.6411132812
74129789.9298767447 587482.4650878906
74069888.0160329044 582799.5920410156
74024198.5797050148 576107.7182617188
75021848.8890705407 646146.2846679688
76196337.0626334995 707190.0122070312
73420916.1547841728 488694.7397460938
73970666.4786048383 575055.4023437500
74059955.3488974422 578768.4038085938
73842634.1735822856 553255.2019042969
73735971.1398351938 538788.9389648438
73705897.7671538740 537928.9174804688
75090575.9779988974 652987.6538085938
75077527.7260784358 651224.4057617188
75270571.0465974510 661217.9409179688
76541346.4930320084 724553.5302734375
76759882.2114179134 726305.0224609375
76452309.3544084132 717413.5966796875
75289486.6257728785 667235.3100585938
73968446.7111583352 572183.5742187500
73824509.0495839417 552416.2294921875
76852987.8872392774 729290.9106445312
76223058.5140309930 707668.1005859375
76304985.0445594788 711360.7934570312
74960052.4902261496 644852.4838867188
74782692.6989886910 635075.6337890625
73846240.3049087524 554959.1091308594
73759176.0229820609 544966.5053710938
74827863.2777941525 635840.2490234375
73942856.5055092424 566799.0102539062
75248079.3003121763 659681.8383789062
73541205.5144730359 514822.3286132812
75909909.7613785565 694988.4990234375
75464456.6286782771 672668.7221679688
75818746.4927769601 692258.9375000000
74642870.8273203224 621711.3076171875
74539643.6060659438 614785.7756347656
74867090.6634812355 640309.5498046875
74669715.9869117290 628853.0634765625
76942646.0901762098 735098.0502929688
74208188.5521035939 590683.9489746094
73498675.7722156197 502931.8271484375
77873008.4858375937 753437.9819335938
77673097.7520946413 748659.9780273438
74398505.0168846846 603223.1831054688
74325897.4867381752 595135.6782226562
74292796.2103283703 592976.8132324219
77335551.1188310385 741328.3403320312
73618304.7514689267 523311.7927246094
73576888.2430162728 515474.9033203125
75081209.9551620930 651898.7226562500
74765430.1886437237 632795.8061523438
75628815.4925844520 683061.4091796875
73399989.1991592199 486814.5737304688
73332746.4807329923 477513.3945312500
75397126.8839621544 671117.4169921875
77106025.1531668752 735127.0219726562
77383065.5164405107 743141.9321289062
78163608.1296585798 757822.5014648438
74926220.0871636122 643862.5932617188
74335063.8083676398 596128.7612304688
75828863.6107325107 694205.9399414062
73608308.1259549856 522322.0119628906
73699045.8188176155 535276.9655761719
73622481.2549559474 524773.9228515625
75456569.6969848275 671195.3525390625
78022790.5265867114 755184.7846679688
76302093.1410361528 711341.8041992188
77117974.1515480876 736448.2036132812
74449509.6728972197 607100.3833007812
74356522.9550846368 597638.2131347656
73455854.4425791055 495612.0346679688
75745434.3549510241 689959.8144531250
75915906.5161944330 697494.9130859375
76174459.6676000208 706599.1879882812
76204882.2358994782 707539.7700195312
73776616.3671428561 548036.5148925781
73771796.9373804927 545847.9365234375
73855133.3190778792 558682.7412109375
74590033.3836990446 620267.2172851562
74485374.3516464978 609173.6430664062
74583339.5947379768 615505.8281250000
75189978.9499778003 658700.5639648438
78496062.8407709002 762225.6918945312
78310389.8948364705 759399.5595703125
78506753.9197458923 763403.2622070312
73645107.1118194759 533349.8652343750
75085028.2983639687 652009.2631835938
75210603.7047863901 659609.0585937500
74998132.4369244426 645966.9697265625
74842085.8112339377 639389.6186523438
74979445.2413667738 645784.0844726562
75618375.4582434297 681857.4018554688
76736835.0727454722 724810.1987304688
75887402.8393563777 694387.3159179688
75904143.9693771452 694429.5561523438
75548824.1637185961 678957.3247070312
75680033.8494046926 686604.9375000000
73400165.7522491068 488475.8696289062
78308810.6755930632 758410.4047851562
73351880.6126452833 478857.9631347656
75251909.7604186237 660542.1875000000
74770381.2040696293 633817.9497070312
74439831.5100049376 604898.1608886719
75483986.1415619552 674047.5200195312
73634202.5330300331 527022.3610839844
75491660.9563394338 676677.7299804688
75590413.9485976994 679195.9824218750
81596406.9026328027 764504.9272460938
74651890.5395213217 625387.7612304688
73376565.7581415027 480928.7844238281
74577032.4695605934 615059.8203125000
74357674.9194568694 598646.7519531250
73591110.1537856460 519477.3159179688
75615630.7838105261 680210.0117187500
74512265.9838776141 614059.8930664062
73367821.7466919422 479811.4057617188
73743150.1172956824 540611.8679199219
73745664.8178504258 544662.7304687500
