85111523.0957244486 1976705.9941406250
85441719.2573131174 1994157.6982421875
85459801.7228390276 1995472.3154296875
84989122.9567206949 1973083.4130859375
82302855.9106264561 1563188.5605468750
85783681.6954657584 2009641.8544921875
82773530.2454555333 1768044.6914062500
86462176.8138158768 2030237.0478515625
83740087.7829908878 1882468.5771484375
85402822.2948521376 1992037.7216796875
82922690.6368399262 1789752.5585937500
82288583.2854025960 1518714.0527343750
85277071.5876998901 1985322.2373046875
85200391.7491847575 1983229.2568359375
82960491.7831879109 1793000.2792968750
82731961.8209534138 1740134.0937500000
82518842.9829516560 1677649.2304687500
82667746.2636292726 1734816.9052734375
82661929.1320663840 1722850.0166015625
84787871.6694062948 1961603.2421875000
82348879.6326706558 1590395.4882812500
84901237.8060209304 1968467.5781250000
85278751.0982688963 1987991.2802734375
85580927.9596821517 1998466.2919921875
85421353.7593166232 1993352.3388671875
85372933.2951498628 1990972.4443359375
84121095.6410128325 1916371.9931640625
82785387.4342170209 1771250.9335937500
85129456.4810197055 1978009.1757812500
83676601.6337683052 1876761.8769531250
82333783.2458872944 1580446.9804687500
84979872.4563265592 1971301.2177734375
85139775.7073995769 1979182.8154296875
82718197.1529722512 1738621.9824218750
82705402.2475327253 1736837.9892578125
82912983.2978502512 1788594.7851562500
84148191.8925680220 1919098.9638671875
83747451.4881207943 1882887.5273437500
84960318.1298022717 1969935.9296875000
82820360.4902241826 1773552.8046875000
82308726.6381749809 1563419.2734375000
84565782.5345561057 1950244.9257812500
88379932.5372045636 2067955.6464843750
82741090.4024590850 1752323.1728515625
88397200.1001779735 2068474.0859375000
82855458.0432629436 1774138.6718750000
82296931.4034629464 1542258.2167968750
85231566.4863144755 1984403.7500000000
82755798.0218326747 1759613.1865234375
84536057.1637481600 1949155.6875000000
84357864.6841130257 1934339.8437500000
85484074.7172566354 1995485.1279296875
82873757.9853797853 1780282.6523437500
87505326.0225482881 2054330.4707031250
84295448.5388438553 1929480.8398437500
84618365.2834553719 1952855.5156250000
84665743.4563298523 1957500.2734375000
84451918.2572431713 1942434.8515625000
82293322.9981819093 1520328.0078125000
84938871.6443921328 1969450.8154296875
88421040.9935665131 2069514.8457031250
84601838.5728622675 1951306.2734375000
87861911.5668251067 2060204.4785156250
82298327.1173802316 1548452.1777343750
88221988.0002603531 2064922.1308593750
84665585.5544958860 1957250.6953125000
88116747.9094413519 2064819.5800781250
88601055.2294851243 2071092.8007812500
88249105.8183685839 2066869.1630859375
86032837.3886111528 2018694.7666015625
88408394.9775865972 2068487.2363281250
85901193.2482436895 2012861.3955078125
85712431.9157285094 2005041.7314453125
84840033.6042926759 1965365.1748046875
85814813.9835057557 2010984.8837890625
87590116.9830714315 2055518.2587890625
83535079.5185665041 1863054.4531250000
86254659.6359305829 2025952.3623046875
85167126.3793571889 1980333.3544921875
82633469.8909390271 1717891.4716796875
88561301.6960472316 2071032.3925781250
84390575.9663751423 1936884.5996093750
82961931.2350782305 1796946.2480468750
86177663.5386485010 2021535.7275390625
87736880.9773512930 2058487.1972656250
82908963.9604239017 1785784.7617187500
84462453.8651694804 1943710.7109375000
82866615.3066662997 1776187.9765625000
82653327.8137588948 1722011.6630859375
82483831.9282479286 1656686.8740234375
84662495.1681820750 1956314.4375000000
82616627.0526959002 1712873.6142578125
86276210.4447266012 2025976.5341796875
82629798.7236886621 1716490.1044921875
86077930.5396709144 2019793.3486328125
85364337.4597066790 1988405.1240234375
86345982.8497247249 2028493.1591796875
84876469.0262467414 1966393.5039062500
86593896.6284088641 2035189.2939453125
84950285.2637066394 1969488.0927734375
84514411.0437630117 1947457.3945312500
83958116.2855535448 1902879.9189453125
88370176.1350423694 2067304.1992187500
86428158.6836244166 2030082.7373046875
84638674.9374611825 1953728.7382812500
82868682.2845167369 1779367.4804687500
82638267.2200707048 1718329.6728515625
85299003.4807682037 1988041.3593750000
83551491.8464296162 1865408.9707031250
85771143.3598587364 2008406.0224609375
86507999.5291958451 2033373.9833984375
86673255.5037312359 2035643.7412109375
87519424.8010977507 2054434.3554687500
83538321.9521776587 1863673.8984375000
86585243.9967536032 2034676.3447265625
83503127.5512993038 1861710.7656250000
82478053.2898340523 1652596.2626953125
82479058.6054690331 1654600.9697265625
85189122.4857629240 1982356.0625000000
84714452.3467756063 1960061.1210937500
82465189.4116053134 1648504.6044921875
82990940.3468100131 1798490.7089843750
83356266.9642374814 1847665.7363281250
86463707.1349285096 2030897.9013671875
84434693.2308195829 1939645.3916015625
88848901.4980105162 2072488.7021484375
85063651.4003212601 1976357.3789062500
86283648.4118909240 2027074.1376953125
82715372.7539186478 1737203.1494140625
85990887.4555968046 2016074.7939453125
82384304.9384750873 1621155.4980468750
82936391.8328680545 1792479.0585937500
84897112.2519831210 1968274.0751953125
84964149.2559851706 1969974.9218750000
85132178.3635230958 1978308.6259765625
88641148.0059265792 2072281.1630859375
86324553.1168275028 2027266.7216796875
87540494.9493976384 2054590.9736328125
82477390.5329060405 1649560.7314453125
87989670.1182867438 2062776.7666015625
87589412.6983314306 2054768.9814453125
82491011.3130396456 1666548.7451171875
87394173.0405548513 2052260.6494140625
82434223.6158134639 1640349.6601562500
87432382.4557438344 2053588.4619140625
82572606.9090159535 1702403.1572265625
85746794.8762504011 2005816.0322265625
82372323.3962262124 1616291.3417968750
82427738.0291450918 1637657.8710937500
87676019.8255493045 2057688.7783203125
88058499.7445953339 2063040.4072265625
82646640.4018077254 1718653.9033203125
87078833.5574685335 2046375.0673828125
87881557.6246329695 2061551.5283203125
83478487.1445809305 1857672.2578125000
82363899.2036260515 1611284.9453125000
82570539.9311655015 1700686.7275390625
86772413.9103673100 2037944.1904296875
87201936.4109826982 2048468.7119140625
87226828.2635763139 2049768.2158203125
82432156.6379630268 1638211.4140625000
86310613.4430314153 2027218.2714843750
82485118.0642707497 1658553.6308593750
86985972.0515894890 2044109.3720703125
86971048.2863440514 2043798.1533203125
85748583.2241875529 2008003.0244140625
87199869.4331322461 2047955.7626953125
87876938.5671120882 2060637.2705078125
86227310.8767826706 2024165.7734375000
87080876.1468025446 2046489.2275390625
87042666.7316135913 2045161.4150390625
88070321.8813275397 2063404.0029296875
86497427.2844170779 2031408.3505859375
82865352.3885007799 1776035.4238281250
86709642.2868235707 2037614.9677734375
82441884.7882031351 1646974.0039062500
87017332.7991424799 2044311.1025390625
86792744.4646479934 2040122.8330078125
86677290.5819012672 2037218.6357421875
82511306.4766457081 1667760.5498046875
82376033.3745606840 1616780.4218750000
87273112.7763747275 2050281.1650390625
88009682.4878889620 2063024.3427734375
87930049.7797012180 2061747.0488281250
87347888.5277564377 2051747.7001953125
87715547.4272727370 2058457.0283203125
86963379.6747218072 2043470.8701171875
87609184.1515474170 2056753.2900390625
86854441.3934498429 2040977.1884765625
83977335.8137239069 1903191.1845703125
87825187.1366852671 2059767.7587890625
85183362.7671427876 1981798.5341796875
83984196.8510014564 1903249.5361328125
87149356.6554512084 2047232.6923828125
87418990.1113092899 2053075.5126953125
89931907.4789667875 2075140.5185546875
87611226.7408814579 2056867.4501953125
89922068.0168475360 2075113.8076171875
87341593.2850234061 2051024.6298828125
88244740.2254736423 2065205.1962890625
82378472.6759577543 1618048.3769531250
85010869.2913270891 1974067.3251953125
83527663.9802153856 1861752.4599609375
87687379.2357652932 2057859.1533203125
82529609.4388076961 1691983.4882812500
87033902.7727044821 2044328.4951171875
84000472.1362546086 1904120.6513671875
82898262.4490793645 1782135.0253906250
87813209.8124921918 2059351.8886718750
88807421.4597823918 2072381.6113281250
82420600.1529604644 1629594.6435546875
85910445.9638447165 2014404.4042968750
83571538.0387464911 1866272.6552734375
83756694.3184351325 1885901.1298828125
88919600.8653917462 2073957.9960937500
85674617.2396752983 2003337.4316406250
85551663.1771848649 1998408.9970703125
86174659.7930815071 2021249.7363281250
83831107.4912083298 1892528.9267578125
86190994.9589260668 2021826.0253906250
84220724.6402607411 1925671.2314453125
82490673.6464564204 1661119.2509765625
83847414.6343806833 1893412.4833984375
83795333.9389190674 1888735.4814453125
84415667.2236091942 1938982.7177734375
83075999.2318822145 1813183.2578125000
83760359.1022317857 1885942.5068359375
84406981.2089854926 1938905.1279296875
82399484.1534760147 1628658.8808593750
86023335.9606306702 2018684.3154296875
86201633.1533010006 2022611.1396484375
84209810.1823713630 1924515.3115234375
84817449.8776405901 1962886.1826171875
85941786.5910991430 2015630.8417968750
84374970.8027900904 1936777.9326171875
83701576.9569752067 1880872.0908203125
84833804.4488563836 1964039.0703125000
83708947.3391338736 1881560.1162109375
84649749.1635750085 1953931.6279296875
84193938.9205630422 1921304.0673828125
83036570.3841108084 1807703.7070312500
83056109.1013498455 1811607.6386718750
84008265.2462774068 1906987.2099609375
83004680.9601661563 1802233.6669921875
83049401.4776544571 1809529.0107421875
84326160.6067260951 1931656.3837890625
84257843.8040305674 1927908.5029296875
83012145.0233342499 1807511.8662109375
84372001.0854286104 1935095.3291015625
83928441.2688930780 1899085.4277343750
83114151.6564811915 1817613.2285156250
84324717.7946694791 1931640.2919921875
82957945.5146666616 1792989.7021484375
85838746.5056262761 2011787.0429687500
85704384.0722774118 2004702.4003906250
85778106.4474284053 2008734.5351562500
84447955.1445190161 1940669.7958984375
84445021.6341734529 1940017.4794921875
83586613.0453323722 1867103.0869140625
83317191.7360185236 1843656.0058593750
86103728.4744571447 2020371.7617187500
83306333.1247379631 1842841.2089843750
82985066.7117442042 1797047.1992187500
83095246.1060553938 1816573.2656250000
83896052.6552876234 1897384.6972656250
83133005.2596304566 1823867.8066406250
83297680.4930826873 1841645.5605468750
84186125.5121030509 1919843.0283203125
83480396.7112693936 1859047.8916015625
83429367.3962444663 1854087.6992187500
83144310.3129201233 1826139.1054687500
84042829.0753180683 1909445.9521484375
83187389.3090098053 1829805.2363281250
83421375.7057350427 1851409.7539062500
83149911.4154868871 1826875.8007812500
83446802.6783758253 1854558.1953125000
83166316.5698571205 1828933.1640625000
85718753.0295164287 2005328.0214843750
83396247.1604852229 1851151.5175781250
83157663.9382018596 1827737.5156250000
82597010.2281531543 1709564.5869140625
83266760.9462921619 1838738.9863281250
85612012.2813757807 2001734.4648437500
83459992.5984965414 1856986.7890625000
84200046.8304693997 1922399.9638671875
83387594.5288299620 1849955.8691406250
82997226.3196761906 1798622.8710937500
85639273.6994851977 2002978.5781250000
85694826.3130034059 2004026.3847656250
83676868.0743328482 1878341.9970703125
83599332.8579353839 1870200.6113281250
83660710.5833243579 1875038.9970703125
85113601.4741939008 1977634.3437500000
83910999.6288541555 1897482.5351562500
83676246.6573052853 1876392.2148437500
84086317.0630387813 1913113.6845703125
84080186.3620229214 1911940.5634765625
83213450.0570485741 1831985.4199218750
89220351.3809695244 2074941.9248046875
89211891.9588063061 2074758.3457031250
