103887267.6576361805 1376.6725767050
104106280.9911322743 1381.6917631711
104372369.8383909166 1399.3973591514
103428801.5999782383 1353.8858308499
103782232.9994383454 1375.3189977352
104084839.5845254809 1379.9508741293
104162860.2154651731 1398.9539506827
104072002.1223987341 1379.1969201956
104001959.4454935193 1378.6881673727
103535288.9159535170 1354.2190849464
103370356.7722376883 1336.8882040661
103955042.6016370356 1377.6224571038
103384629.7972627431 1339.2818826120
103214335.2228102535 1319.5387843531
103536950.8851960599 1354.5308315437
104105605.5877681226 1381.3690189428
103189439.6164269894 1316.8541591298
103064606.6808310300 1293.8736393582
103065922.1905357242 1311.1528924834
103289561.0510117710 1336.2560304087
103092922.8333000690 1314.2677854430
103699869.2280473709 1367.4957342502
105925725.2166505456 1513.1330858357
106027748.3548181653 1519.9127689488
105895952.7563303709 1512.2316995747
106041168.9009585679 1522.3536583073
105965714.0703812987 1518.4037538655
106409485.0187303722 1541.4711600430
106002480.8177015781 1518.4179273731
105590060.0793807805 1493.5081177242
105946176.1813360304 1516.2308241017
106126360.3465286940 1528.1231942064
106281267.9737289399 1529.7455864275
106116298.4124535769 1524.2490662224
104582345.0754926801 1412.0812219298
104470430.3190667480 1403.4049862539
104748858.9474245757 1413.1684696069
104377896.6408735514 1399.9491375601
104105028.1819199622 1380.8370695030
104516989.1711157858 1408.5442282872
105196186.8967127949 1458.4193171824
105248852.0018031150 1470.8198295527
105117995.9795450717 1455.3119297915
105296929.9788648337 1474.4067160779
104750080.9542881995 1432.3223484450
105118575.5598734170 1458.2597065860
104830447.8943334967 1446.6677768820
104906096.9128471315 1452.2154417926
105099228.1400665790 1453.9886160785
105005455.0713628829 1452.7398974523
104402062.2018655837 1400.4777744925
104514918.7832711935 1406.3045314541
104149957.0601243228 1385.5767081892
104743170.8527375609 1413.0820364025
105480864.3775453269 1478.0275354273
105473285.5397329926 1477.8893594629
106388613.7797366679 1533.1543508779
106579697.1830589771 1547.9683018409
105648742.4344916642 1499.6315268771
106100723.6633182466 1523.2005824343
106751770.0633621961 1553.7294327761
106364586.8079458922 1532.1862983662
105746054.9168288410 1507.5994707234
106284995.5370057076 1530.1733875233
106327019.3988054991 1530.7907906658
105835851.4206938446 1508.4486523754
105585153.7783306092 1490.7471260912
106822548.7621238530 1554.0937665589
105543674.8811828643 1489.1300301439
121250644.8869452477 2065.0943336487
121328798.7784490734 2065.9229507446
121515155.1409158409 2065.9995250702
121555171.3568387926 2067.3771018982
121225357.6242969334 2063.8777236938
121154950.7696259618 2063.3266849518
121168784.9608322084 2063.7928333282
121310083.2175679505 2065.1242828369
121198497.7988772094 2063.8041000366
116233586.3237696886 1965.6063487530
116222114.6902011335 1965.3933076859
115667403.2903154492 1945.9473524094
116280002.4254033864 1966.7414402962
117068710.2945797741 1992.2369446754
117021749.2202979922 1990.6287258863
111742309.7626374960 1795.0817650353
111701478.3845516890 1786.7818668877
111500845.0262412578 1784.1375607048
112118580.1643021107 1807.8417824303
112008629.6780936271 1797.5453270470
112103071.4382411689 1802.6451467244
111109396.2461314797 1759.7250567353
111141395.9401885420 1760.8056521227
111484497.4191411585 1780.4446600472
112758649.7123979777 1829.6339475280
113053066.0152327418 1841.2185208836
112368038.2307547331 1817.1261003056
112467426.1243445426 1818.1529138127
111201699.4351328611 1769.5479847087
111194121.6114540547 1762.4663654460
111290714.9475983977 1770.7384391917
110746118.4023752362 1740.9443676249
113411516.8563010544 1854.4976177153
113306896.8314875960 1850.5593891081
112951832.3793679327 1838.3988633790
112903149.9423900098 1836.3104587236
113359105.6547024250 1854.4471130308
112811242.4144303501 1832.8732912579
112944935.4055877477 1838.3295226732
112082458.9413770288 1799.8270690480
112445391.2032511979 1817.5110070744
112338274.4301993400 1811.9991958180
112357006.6447142810 1812.7943017521
111251771.6998095661 1769.8181197537
111331144.5270344019 1774.7503878964
110702664.3448355347 1740.7613193766
111263828.9448174238 1770.0535122050
110872411.0326094478 1748.1018314448
111231962.0100690275 1769.6943271054
110790600.3403509557 1746.7253901853
111044543.0155530423 1750.2489726437
110746183.0172603130 1746.0570056333
110559291.1660915166 1728.0626103772
109871289.7901092619 1704.1502760543
111007692.2835130543 1749.7401234998
110969947.9596711844 1749.4296662702
110977048.9981984347 1749.6730322456
110011649.4691899121 1704.4285210196
110416584.8917854279 1727.8184554471
110120616.0384082943 1709.3010771169
110147510.0009472072 1712.2651927365
110067055.5513478816 1709.2077429189
110370630.3780475259 1727.7456347836
110251601.2515945733 1726.0945813550
119161523.9719105363 2055.7382860184
119162326.3085475862 2055.7629327774
119205799.2877448797 2056.6742544174
116462080.6476124823 1973.2883009911
116390139.8764435649 1969.2729108334
116714043.9115501642 1984.5982499123
116257878.5842222869 1966.1261754036
116122085.2671656311 1964.6814599037
115812304.6966713369 1950.8761105537
115832934.2961349189 1951.1557021141
116390941.8547083139 1971.7887933254
115729329.6646912694 1949.1281971931
116332729.1030405015 1968.8802189827
116634766.6860626042 1973.3930137157
116329202.7831732631 1966.8980863094
116965541.5580431223 1988.9669177532
117159283.6487033069 1992.8666024208
117060706.1299670637 1991.6889500618
113562569.0606486201 1862.7231244724
112620241.3290302157 1822.6666404530
114890584.4454675317 1919.2626827359
115265574.8163761497 1936.8508499265
115213839.3865697533 1933.8265531659
115846017.3865508437 1952.3352721334
114521105.4424697608 1912.1743858457
114965793.8422159702 1927.8497799039
115017622.3845186979 1932.1140049100
115902893.9218097627 1954.8236560822
114501410.8295647204 1906.3973021358
114086696.6010662764 1885.9319428802
114858624.4553686380 1913.3696856089
114231659.4689146727 1887.0232802071
114062275.3195281327 1882.8946810402
113557565.6375576258 1861.3110942524
113884128.4749921411 1877.8407641090
114470941.4945104867 1899.5943260826
113868754.3906351030 1877.2761183418
114351390.9211277664 1898.2376433052
113832987.5884026885 1876.1443071999
113655534.9800156206 1864.8023043964
113673673.3322531879 1866.1160193775
113517199.9287495315 1860.5169124287
114255896.9481226951 1889.8982675672
113910716.8120546043 1878.2910948433
113935340.5704872757 1880.5852556862
113972465.7388916463 1881.6537981667
112721159.6565597653 1827.6622430803
113151544.8362468630 1842.0199146494
112709842.4545969218 1823.6997074606
113282770.5265920907 1847.5949418666
112512277.5652485639 1821.9417156698
112022860.8059779406 1799.5045599462
107586324.9170875102 1607.8498668899
107505132.2089162022 1598.5315571060
107491188.8662633300 1597.9293508758
107477341.3723353297 1595.6922159424
107852228.3459826261 1616.3807373276
109682897.2391604781 1688.1779564290
109754328.6097422540 1694.2962738325
109523471.0769060403 1686.7160952525
109624515.4812220484 1686.8586246019
109513265.0403143167 1686.2250854020
109268679.9304096401 1679.5509819995
109078486.2735552937 1666.4866685134
109421537.2297098041 1684.6345562946
109152869.2679505944 1671.0164326888
108489070.7771881968 1645.5172619514
109505744.7743172795 1684.9453158901
108420008.0431220382 1642.3275612785
108711470.2137977481 1661.1769098930
109201327.9579768330 1671.5702428084
108939473.4574746192 1662.5212612544
107060815.5545653552 1568.3604949492
106830904.1445715725 1561.9465461864
107021672.5725270212 1564.2430635919
108774005.9586050808 1661.3154482536
108689226.2245886177 1659.6494955711
107922167.8858903944 1618.9172415428
107824294.2116893679 1614.8281054191
108631155.5791176856 1651.1965250663
108407746.5530641079 1639.9189338248
108651980.1328860372 1653.4000582389
108656414.3736476898 1656.9617361717
108019272.5357097536 1631.4130062751
108194385.9121687710 1637.9803633384
108137096.4910824001 1631.7557196312
108615727.0550862998 1647.2220966218
108519118.5427744687 1646.7860598575
108471575.6578720212 1644.2428581117
107972911.4829302728 1626.4968495063
108009577.1210740805 1630.8057598762
108153039.2559654266 1634.2329020195
107723692.8914327472 1614.6171493759
107671281.6898341179 1609.4447307815
107949962.7372943610 1625.8648533516
107366510.9131518006 1589.2703884443
107293020.3414471596 1589.1840022224
106485455.4908981919 1543.3266000048
107132684.0836610347 1581.0888141622
107531884.2531160265 1606.7173328628
107154509.6784768254 1583.8646797171
107270651.3899221122 1584.9907324928
107162822.3046672940 1584.2012027731
107034621.0278055966 1564.5573808184
107015067.5354617238 1563.5674795141
107375210.1060776412 1590.8325074911
110127483.4548593163 1710.3771736516
109777338.7292489707 1695.4629540934
109734507.6357796192 1693.0200984899
110630929.9894980192 1734.2403668394
110602890.2624760717 1729.3601481610
110229657.7395686954 1715.3930282822
118732399.0867735744 2041.1258821487
117959834.2089209557 2021.0245504379
117521081.7243069112 2009.6747660637
119621227.4425094724 2059.8583955765
119404940.8614784181 2057.1483850479
119376359.6044439375 2056.9572401047
119007433.1880723834 2055.6784715652
118984309.8195085227 2054.1469736099
118960266.3519506752 2046.9314136505
119560642.7688442469 2059.8188734055
119841983.9994153380 2060.8476381302
119691471.5086812675 2060.4824876785
120665179.7133072019 2062.7167444229
120166294.2263489962 2061.8702640533
120054275.9096715450 2061.6921873093
120216276.7120541930 2062.4062929153
120184764.1974467337 2061.8759107590
119457944.2916869819 2057.6897630692
119118768.2684185505 2055.7128839493
118864376.4152457565 2043.8577537537
118770999.0840194970 2042.6043262482
118658817.9688235670 2038.7756567001
118862351.3329821676 2043.4481697083
118577798.0420921892 2034.6249775887
118342849.9516136944 2034.4491147995
118627994.0792776644 2035.5232324600
118466344.4668943882 2034.5521230698
117649170.9589971304 2014.7683787346
117843875.4207025468 2019.6504354477
117885160.9684739411 2019.6963682175
118238824.3921639025 2033.7339715958
117789817.6386222243 2018.5818929672
118215629.0046007335 2033.7147874832
117310552.8254486620 1999.2997021675
117261117.5723202229 1997.7991871834
116643577.6838557422 1976.1713538170
117634094.1226567924 2012.2985320091
117193371.6641670465 1997.2755389214
117192350.8376831263 1994.7777781487
117358882.6955785006 2006.0227799416
117466881.4092906862 2006.9956841469
117350878.5309658200 2005.4747853279
117480937.6323055029 2007.4798808098
116915379.9140046239 1987.1019787788
116742940.7763377130 1986.4336752892
116742860.4654353261 1985.4110493660
118202913.0519029200 2023.9065127373
118171005.0417047739 2023.8900160789
122074558.8086625934 2068.3937301636
120723255.8094744980 2063.0033340454
121061180.5302632749 2063.3100070953
