132784964.7375786752 570837.9895241908
132404542.4205919653 566486.1123101115
132283725.7605169266 564106.1102828197
132949803.2346616834 573462.9024805203
132865351.2778024822 572600.9256754094
132356733.5767370909 565705.3516992703
131938944.5974672884 558770.8731279373
132002775.0572423339 560155.5151491165
131488173.4286561459 551780.0440492630
132252194.0798941702 564021.4470269084
132130118.1696745902 562227.2197412625
132151370.8277381808 562358.8807520047
131870109.5072601885 558657.5940065384
132086761.1978802383 561121.2315151552
131173580.6332470626 548351.2725720406
131639981.2555927187 555560.4106569290
130971783.0090977997 543242.0588054657
131391120.1134885401 549134.1799752712
130934876.7158992738 542868.8025720119
130717666.2506122142 539900.6813180447
131127611.5370929390 546462.7654170692
131439242.2683803439 550564.8230505572
131787354.8871874809 556271.6083598719
130345608.7895485312 535132.9694575965
130007245.2285690308 527631.6966768489
130330516.1252460182 534835.9946144209
130748712.6589428186 540325.7179642320
130867940.6707732975 541936.4797440171
129553803.2037877440 519825.6713773012
130318155.4264257550 532481.8825119138
130658843.8696630001 539656.9486866593
130318306.1551199555 533361.9382150173
129657844.1467268616 521360.0055978298
129936184.7297429442 527502.7827003584
130316104.4683767557 532020.8588540554
130646805.1106420457 538303.3920571804
130557124.4284053147 537841.4302148819
130107834.0682427883 531984.6352212429
129060400.2223141640 511463.5588804483
129408035.4333657920 519171.0400296450
129823839.9385654926 525584.2282998562
129729158.8073440194 524645.9882485867
128607184.2160639465 504663.5485417843
129463259.5707859993 519187.1004312038
129374353.4979036152 518395.7358071804
129254334.2024391294 515505.1260874271
129567273.1871977746 520898.2887116671
129487256.5377911627 519507.7699556351
129103687.3128478825 513159.6891328096
123820559.9203613400 385615.8271978796
125565238.9806080908 440647.0145397186
125078927.1468085200 430261.8813808262
125211268.8779454082 435617.9743251801
133425442.3656437993 580347.4923743010
131013255.2613153458 543756.9922179580
133891882.4068914056 587333.6926237345
133342924.1642253697 579304.6600497961
133800619.1801007688 586442.7072902918
133860624.8830839396 587134.4130369425
133574441.1545003355 581928.9419075251
135698929.3391968906 613286.7608489990
127417806.8614927232 480415.9835027261
127631149.7463781238 487513.5481389565
127893577.2751970440 489204.2511269450
133955330.5026756376 588273.1443792582
126837725.2433712035 468254.3435463905
126554303.1583725512 464079.9540281149
125557593.1795359999 439809.0770812621
125556163.2225881368 439758.3779715588
127195864.2803838253 475927.6082973480
127109288.8899710029 474956.3876314163
126647447.4123430550 465206.6941938400
127415727.6827686131 480397.7746577385
126921019.6806520224 470472.1920461655
127279658.2994196415 478384.5895991448
126958469.9199258387 471287.0722951889
126898562.4369003177 470403.5189504623
126404421.9776474983 461846.8894524574
126498313.2080245018 463513.9777479172
126660014.9314363003 465210.0674963120
126514480.4816316366 463741.3896780014
126575925.5143838823 464534.8379316330
126091045.1234637201 456701.2195305824
126192043.5038480759 457475.3185987473
126150155.8488651812 457402.6202802658
126015073.5146604031 452175.1088047028
126302834.6831423193 459419.0995893478
126021696.0603859574 453452.3167224053
125283914.5942137390 436060.1094272557
126841827.3790377378 469350.2410743609
126986738.3560219854 471674.0352853304
125397080.0620537847 438911.3383898735
125316274.4617141634 437853.3993902206
125588710.5252132118 443451.2158308029
125660492.6939304620 445965.0559191826
125622043.2128949910 445417.2220230103
125936346.5164845437 451161.9995226982
125748653.6644322127 446405.0697203875
125594306.9499506503 445274.7396650314
124945519.6340968758 428818.7064483464
124662782.9469167739 422041.7411134541
124976055.6145118326 428900.1722002029
125169179.1574514359 435122.0747411549
124553442.1742094606 421629.4671905339
125047917.8648772985 429143.1358373463
125084786.7173138410 432806.1656906903
125210635.3758210689 435316.1050361088
125060991.1306330711 430095.4568288624
124812208.2868882865 428248.9053075612
135399646.9763967395 609336.4698181152
123744307.7315410674 384493.4400459230
123535317.8451665044 376735.8892646730
123377134.5352538824 368978.2177407891
128162140.7275395989 495420.8846870661
129565144.7460694909 519922.7653793097
123211494.2186103165 354418.7032941878
123489233.9334195256 370301.4199098051
123661587.2079061866 379095.2618862945
123499344.4533862770 370325.6493259370
123310353.1186147332 362252.5416105688
123444297.3508816957 369530.1388884485
123450259.0870940387 370138.7316320837
123522966.1916408241 376455.6133912504
123363105.9255151451 368844.4914885461
131024320.4170698822 544071.9659480751
131025942.2462636828 544293.3123759925
129694364.2879742533 522268.2656440735
127184781.2339657545 475850.3385027647
127210337.4980925024 476105.5281258635
127819253.7200565040 487988.0994051695
127565625.6908284426 484213.8859041929
127562920.5578144938 484164.0104147196
127510680.0452033579 484128.8364657164
129187076.0673247427 513774.7253789753
128799989.4559564441 507529.5019691586
128221984.4963237643 497599.8596969843
128197242.0083947778 496835.0454283953
128517342.1384138614 502567.3167821169
128138514.8051381409 495360.9893661737
128007375.4102737308 492310.3068405390
128306928.8513199687 498175.3741012812
128969480.0351092070 510188.3950965405
128692015.7663919777 504732.0033807755
127971690.6039699316 491837.4324021637
124117728.6395441741 398967.5089528561
124062993.3266268522 397565.0827758312
123938964.1593473405 391078.6418892145
143127071.2445235252 682045.1301269531
143155783.7584948838 682148.7700195312
142845920.0562261045 681186.1738281250
123859446.7966807485 386240.1730386573
123789001.0595038682 385195.9638864356
123766623.3413829207 385001.7067758399
142751193.4478189051 681135.2207031250
142334625.3562154770 678075.1074218750
133167461.9271622151 576284.1739969254
137691424.4856703281 638444.2849121094
141929917.4662896395 676010.0720214844
141521410.4686174989 673703.9321289062
142428133.4746346176 678209.2919921875
141960401.0805777311 676716.5539550781
140580636.5887148976 665323.7274169922
137637297.1663281322 637884.4074096680
145006507.5392146409 684863.2172851562
145019123.1567199528 685856.4448242188
124520189.8230681419 414724.1904559135
124389818.2101507187 412897.5253421068
141908191.7227810621 675239.6917419434
140261670.2825254798 663530.6794433594
133924579.1245829314 587796.6953015488
134184432.2484678179 590434.6826655269
134565929.5196585953 597344.8836965561
134568251.0814118981 597650.0850477219
123189675.2301960588 337930.0229828358
138161392.6224763989 643905.0689392090
131570301.1257473379 553389.7000333667
140137848.1971628666 662450.6343994141
140468149.3809662461 664837.5823974609
133246064.4809130728 578166.8916711807
132471925.5766595602 567129.1616089344
132870999.3770527840 572690.0372130871
141341972.9906445742 670274.6284179688
146357237.1405524611 686281.6015625000
145839317.3175631464 686194.6113281250
123896219.0369370431 389871.0856308937
124263952.5327738225 406600.2446422699
140986651.0983040929 669851.0828857422
124466076.4880867600 414442.9079558849
124550659.4636680484 418056.4070205688
123157758.3994964063 337830.2235751152
134731883.3174755275 599524.8136882782
133593014.7840398401 583284.3487288952
134971970.6080265939 602506.0788106918
136553305.9387755096 622417.3715515137
131992015.5948734879 559183.1795811653
135315861.1123112440 608716.3161315918
134508199.2639964223 596224.1913986206
144165246.4462041259 683134.0517578125
138671305.2974593043 648203.5181274414
131556199.1358817816 552894.5575108528
139310477.6642465591 654906.5507812500
139457098.5756344199 656991.6717529297
140781660.8786376417 668087.5567626953
138123278.5957685113 642972.6707458496
131626803.9733425528 553501.2530521154
123922044.6046430618 390109.4094490685
144235498.5018436015 683506.2573242188
136919777.5418410897 629632.1974792480
137044607.2083515525 629948.3696899414
137764034.3966618180 639417.9881286621
134466582.3270013630 594855.4016616195
123198478.5840045661 338800.1472212076
123148003.3036072701 337575.2362500429
123046041.3561512083 329713.6445193067
142941910.7136676311 681533.2861328125
135275327.7858688235 607701.1961476803
133169731.0642738342 576927.0143041611
134612206.2282959819 598408.1719188690
131403930.5583215356 550129.2352995872
144208379.9515025914 683243.4091796875
143362558.3867846727 682805.7348632812
139184993.3578990698 654231.3256225586
138872847.7455759048 650964.7917175293
123681769.8750255257 380228.5809590816
144696445.6029124558 684285.5878906250
144617208.3235459328 684238.5253906250
138760843.5577246845 650868.1169891357
133913005.7513711005 587684.4747815293
133067903.3281502277 575662.2885763806
133416451.1533056796 579747.9531406015
142531948.4597584903 680142.0698242188
136338347.8948845565 621387.2918224335
123894982.0427644104 389229.7811810970
124040878.3713571876 396876.6630017757
141853917.8624509871 675206.8002929688
141735455.6609622836 674190.3270263672
142234500.0041106343 676976.0053710938
142239508.1141231060 677493.1806640625
140240864.7867122889 663451.1507568359
140225417.1282130480 663181.1805419922
140554945.0889545083 665249.9295654297
140582688.8978664875 665507.1756591797
140342033.7634582520 664435.5838623047
139824766.1134961843 659740.4997558594
139487551.1128180623 658237.9291992188
140004576.9157963395 660917.7249755859
139116006.4973518848 653183.9647216797
139342091.4795147181 656738.3958740234
142238762.5751172006 677005.8413085938
124202152.5020159483 404447.3561263084
124351048.6786193401 407408.5528049469
139703771.3228167892 658955.0823974609
137619540.0157552958 637804.2829971313
138966023.1059846282 652253.7973327637
138116646.4346162081 642624.7807312012
137847832.6404700875 641162.1119079590
136334366.6219297945 620850.8907928467
137289726.6331123114 633075.1310501099
135181710.1105938852 606612.2066936493
137520820.6386387348 636626.3455123901
134119383.9313322902 590170.0678410232
138221093.3072284162 644759.5689392090
145620166.6705243289 685968.3149414062
137355524.5524223447 633706.3345031738
136619370.7002258003 625508.4904022217
141150519.4151691198 670247.7025146484
136816871.9017656446 628771.5480957031
134341315.5712468624 593912.7193660736
144510609.6378583014 684004.7641601562
124431343.6534996033 413034.1469497681
138409073.5543554425 646092.8406677246
137522034.0633248687 636791.3501586914
136123179.8290607929 619643.4250183105
138996931.8237940073 652696.9876708984
137058645.5822492838 630050.1650543213
134591213.6744093597 597742.5350347774
134990237.3424322605 603416.0001173019
141853118.2220832705 674958.6679687500
132629753.0423431247 568164.4430379336
132525094.7533265352 567376.0009582043
132669355.5243651271 569293.0877470970
132505955.1961723864 567194.4914336205
141380102.3139582276 672372.0847167969
141436352.9393902123 672516.5622558594
144784319.4303042889 684572.2172851562
138511351.3901673555 647813.0315551758
138229143.5048776567 644868.0113220215
135751990.4471462369 614261.3116607666
135930589.6568906903 616627.7098541260
134188232.2997179776 591859.7428336143
135540470.0233395398 611859.1944122314
136629602.3463674486 626223.1998596191
137964275.2605574131 642036.7465515137
135582503.4710489810 612253.4464569092
135823777.6564712524 614780.7096099854
137097958.2477124929 631330.7556991577
137475305.8475439548 636258.1386108398
135118574.3089095354 605042.9986724854
136288102.7021145225 620813.9140625000
137263464.7319413722 632958.7936477661
