63928832.4341243580 204950.1889584707
64148348.9975853935 218591.0112976224
66580802.7949763313 271427.0065250397
63936676.9124083295 205885.9192765402
71137169.1622760594 282044.5952758789
66180013.6574869379 267582.8322354555
63818531.9091520682 190844.2315630214
63950600.7826548070 206392.9796708273
66022026.3356766403 263856.7724515200
64675636.6174204126 239562.9311753511
64944003.2786103934 247367.5150897801
63842017.2837585881 194657.3098596381
65273590.2993938476 253851.4755331576
64542363.8015016541 236446.0527716875
63814493.0415114760 190556.3012956427
63915729.8409392908 202753.3178055929
65593482.3706760406 259182.3217458129
66828604.8349407911 272071.0565738678
64118352.3688584790 217907.3529897928
66562450.5922625288 270857.3120803833
66039516.0343963057 264732.9548053741
63791607.4496427551 183382.0644319551
64760797.8833289742 242892.3807458878
64669766.9372160360 239181.5440164804
65123312.0139505267 251040.3046616614
64280481.3473969996 225870.9593393207
65041340.1259764284 250646.8898569643
64480532.7636714280 233377.7712860107
65365639.5878741369 255157.5215956271
75325632.0187022686 291482.1442871094
65959196.8790928721 263760.6348590851
70838858.6238758564 280136.3587036133
64746824.7940795645 240798.2619819641
64125501.0368289649 218126.3114858866
65015191.4552695453 248602.8458963931
64299357.8597688749 225999.8067712188
66650528.0856775641 271623.3528518677
64530132.1110813692 235894.2650096416
64430770.9754964337 232772.1417146921
66065664.7051031888 266784.0442371368
64270412.7978306562 225429.4196687937
64711382.9957335144 240333.5049666166
64383649.7917932346 229989.9364251494
64209173.1070170701 222029.6640249491
64310296.0512039065 226104.0228158236
64394587.9832282662 230094.1524697542
64402953.3186733723 230806.0080838501
64213512.7436451465 222084.8807560205
64456178.4522811919 232817.0826860666
65526185.3808421642 259076.2790698409
64517555.6146235839 235782.5836131573
64474684.3788997754 233025.0647569895
64989214.5127056539 248153.9223771393
64509961.4692213535 234939.6473451853
64614892.4619896114 239061.9583803415
64893984.3892462477 244056.6880904734
64798519.4862665236 243348.7624894381
64368174.5753443539 229753.2933388948
65155782.3444287404 251168.2991140783
65334049.9788368419 254712.9425741732
64553301.9929366931 236553.1574044228
64376961.5483375937 229979.7171868682
65068026.7363332137 250671.7654618323
63814328.4626914337 190537.2896880554
64387899.7397726178 230083.9332314730
64648985.1306211278 239096.3517717719
64429765.0443972796 232476.2235552073
64641579.0723464265 239086.8339852095
64904922.5806812868 244163.7927232087
65024656.3110516965 248618.6793924868
65050804.9817585722 250662.7233530581
65422538.0038902909 255680.4384991527
64814549.8545266017 244001.2041453123
69572440.8382929564 276889.8630218506
65038778.0787004530 249057.9312998354
65750247.9505754188 261095.4076366425
64422713.7187057510 232072.0676332712
64449490.2088255435 232806.8634477854
66053637.8020450622 265184.2193470001
64632114.2165642604 239071.0004891157
65602613.5069244206 260258.9690437317
65782352.5670700520 261159.8099805117
66236266.0493951440 268363.9164334536
69835102.9107152075 277930.7380218506
64363238.4319648892 229446.4826743603
65165153.9341423586 251968.4808948338
63799778.3025574535 187235.0967973964
66407798.1767328680 270784.5186978579
65447766.4003294557 256550.7971264720
64602865.5589314997 237457.1663271189
65748459.4058538228 260879.4799576998
64468392.0654326230 232939.0448290110
64501959.1521556005 233770.1688094437
66080094.7721473724 266962.3213214874
65175912.7316402644 252256.2424218059
64588743.7912827432 237017.9144197702
65426825.2114442289 256371.8947827220
71517890.9463947415 285029.6730957031
64069268.6419775262 214463.7131882310
64416041.9280245900 231960.3862367868
64354451.4589716643 229219.3553811312
64243999.3899467587 225088.5605379343
64343513.2675366178 229115.8427817822
63942590.9703220129 205886.0967021631
64089306.3289033473 215025.7766270041
64127495.1847990975 218127.2199631333
63792246.9780825302 186726.8708497779
64881116.6130467206 244008.1389872134
63855233.3850227818 197661.2527012872
64934470.9153235182 244339.9419457316
64014801.5055884644 210707.9889663160
65264643.2356495932 252269.6742862463
63804353.9304001108 190030.2292937683
65936431.1199438870 262985.6482563019
63963159.2122471109 206708.2497395575
63952423.0033466741 206584.7694539130
64004269.0023745224 210707.0804890692
64180367.1869550869 221498.2323076129
64058532.4330771044 214340.2329025865
63987866.9279731587 210007.4992600726
64236948.0642552152 224670.1842809916
63859420.9765683115 198142.5194848822
63903887.1794069782 202289.2417444037
63934065.7389602736 205885.1882249163
63893761.1921776906 201783.5637364434
63891150.0187296346 201782.1813501166
63860076.9600313082 198143.9018712090
63797065.8168209493 187231.6078342693
64324214.1262200177 228030.2645936608
63923047.4379906580 202876.0670396136
64177444.0502376407 221313.8006802201
63998603.1368735805 210130.9795457171
75288123.2835309803 291241.5410156250
64341879.0570234954 228792.4953161478
64272175.3462027088 225435.2032381296
63963204.9740389660 207091.8298482001
63913118.6674912274 202752.5867539691
63946802.8996376023 206392.2486192035
63984786.5851282477 209547.3718358325
64001188.6595296115 210246.9530648291
63805174.4926831722 190050.6232876824
63822743.8384676874 191329.9894861476
63901308.2452392802 201886.8023301410
63944801.9478606805 206008.6685105609
63924087.1368255392 202989.8913522065
64017957.4039887935 210831.0056294501
74872181.8186001778 291070.0319824219
73481400.9503426999 286504.7092285156
63848615.0074759796 194723.5941929864
64123499.4438875467 217962.5697208643
74141917.5034236163 289546.3889160156
64139189.4384432286 218250.2366262674
67264533.4320269972 272523.3689934611
64208876.5117831901 221972.4010196328
74116060.5998797715 288093.2841796875
63885916.7138937190 200847.8334183739
63814716.7857031599 190720.3064226406
63796386.9355249181 186749.3388742702
64097323.5569687262 217495.3561192155
64303607.8077482581 226093.8035775423
63867163.1072991192 198168.3130955743
63907685.0624241680 202290.6241307305
64197938.3203481510 221868.1849750280
63818715.0621584952 190942.6028235005
64150340.6025102958 218817.8571634293
64100275.7496825755 217526.8136196733
64146174.0719708949 218561.1973733902
63848444.7725066021 194721.7665347755
74459660.3676769137 290253.6264648438
64338414.8336962759 228677.5119177103
64157143.4927501008 221062.4762064219
64081973.8150268197 214617.5478352606
64047677.2645948976 213909.9290856421
64018192.8726210147 210843.9028615057
64015005.2112749442 210830.5607747138
64259609.5630538240 225118.6046636105
64942475.6927584335 244708.0735212862
64043060.1262661517 213862.2037056983
63959813.6070064232 206585.6779311597
74761683.1812606603 290462.5019531250
64273041.7941639125 225456.3530204296
65704366.3529155552 260421.7728137970
75076796.5473406464 291178.8757324219
63903800.1186629534 202246.2574113058
64072045.0445273742 214494.0675496161
64110028.7300180122 217649.1907662451
64112980.9227318540 217680.6482667029
63911282.7775305882 202393.8627244281
63848897.9499606341 194737.8513529301
73896871.4803217053 287290.0895996094
65658035.0175730139 260405.0589107871
64133906.3090572506 218197.7751137614
64057942.0412563458 214030.4835785925
65709728.9287441075 260844.7943553925
65478928.2340161204 256701.7962606549
64164292.1607205793 221281.4347025156
64187515.8549255654 221717.1908037066
63926221.2606762946 204949.4579068469
64084926.0077406615 214617.9926899970
64136237.2457293868 218249.7917715311
64167244.3534344286 221312.8922029734
64220503.7975115329 222306.5284051299
64088309.3261745572 214993.1688089371
64026658.0518647879 213162.6224767016
63972856.8628518879 209040.3114415454
65407907.2246267870 255647.0524975657
64219831.3406990618 222109.8124281168
64320121.8033048660 226709.5213762522
64044825.6094108522 213893.6612061560
64178744.7402758449 221423.7645174265
63878434.2244177386 198843.1690926850
64274662.7458100542 225546.0755525827
63844769.0194710419 194694.9625212448
63827319.4663103297 194145.5159764336
63821682.6355078444 191075.1223912286
64263724.5543750077 225419.2004305124
64099089.0401134267 217525.9051424265
64908005.2058159262 244265.3000914156
63870202.9472605959 198649.5798791694
63883305.5404456630 200846.4510320472
65405407.9291031659 255438.7168042064
64040069.8764584437 213403.5941072702
63984357.2496932968 209150.9422894763
64160095.6854639575 221093.9337068796
64355266.0164652988 229418.7392488718
64292669.6163132191 225989.5875329375
65514574.1725387946 258013.2621542811
65638130.0550973713 260374.4093456268
63851576.4982843325 197206.7891668128
63852232.4817473516 197208.1715531396
65407589.4273528829 255558.1318432689
63801034.5352407917 190028.1552631902
64112205.4719589204 217662.7275148630
63836638.0151386335 194651.1939843940
64149126.2646847293 218592.8967142105
64491547.7326816618 233408.8689028025
63871537.8351477906 198673.2616641521
65405090.1318292543 255349.7961499095
63823504.3428614214 194021.5908360528
63837293.9986016378 194652.5763707208
64038158.4387062117 213273.2533246325
67913109.3682123870 275533.3976189494
65502116.2362626195 256782.1711451411
65505255.2651365623 257910.9052206874
74003205.1173883975 287489.6506347656
69787403.3370456696 277890.0718498230
63901886.2276300564 201905.6616357611
63888684.8090656325 200877.7736352729
74053780.4743053019 287683.5527343750
63796458.9073981345 187212.6287729042
67757864.6958714873 273463.2502800822
73776390.0286435038 286924.1738281250
64262489.9104852751 225296.4282137156
63864551.9338510558 198166.9307092475
63868367.0572999641 198290.8558496283
64087461.3418186754 214689.5441751480
64193609.9471935928 221748.6483041644
63931706.6257659644 204968.7620672034
63974622.3459965959 209071.7689420031
63842673.2672216073 194658.6922459649
64029610.2445786297 213194.0799771594
63987738.7778420895 209578.8293362902
63820862.0732247755 191074.5494754286
63800457.1838534698 187737.1594986217
64274969.0646641105 225593.3070360422
63833478.8751527295 194528.6512303399
63832822.8916897178 194527.2688440131
63808565.8597157225 190536.3812108086
63822926.9914740995 191448.7547405409
73289742.3469888866 285291.5991210938
