64491758.3548984677 232115.3283601999
65431776.7581296936 253269.7448765635
63873746.3259199187 198296.9717248725
64262489.9104852751 225296.4282137156
66693367.3987910748 267226.3272454143
64836447.4628142267 241624.4477775097
64354426.3778355122 227993.0173250437
64352007.0719243139 227991.6328361034
64819285.4357564151 240198.7258536816
66701995.8775012642 267258.6870956421
63864551.9338510558 198166.9307092475
64677877.8688590005 236349.2361952662
64584534.4608784914 236237.6393953562
64559978.9996125475 234242.7163606882
65754595.0796515793 257728.6783618927
66053557.1797418296 260072.5721413493
65212611.6094989479 249722.4508377910
64508920.3819562793 233541.0502840281
63888684.8090656400 200877.7736352729
64251702.8815334216 224107.9613254070
63868367.0572999641 198290.8558496283
66055879.4811765328 261437.1225375533
64255341.2425147966 225077.4697176218
64406286.9968770444 229367.9072826505
64414395.6727392972 229559.0464005470
74544632.0021438003 288722.2961425781
63831057.9958065078 191491.1408910649
64554146.9557134509 233682.7419246435
64637376.1858015135 236242.8362907171
64829298.7948437482 241405.4892814159
64299424.0308595747 225769.2445479035
65459057.2165644616 253607.0893933177
65132595.9825217649 246100.8603836894
64439175.3138337284 229892.9400720000
64501771.7139858007 233322.0917879343
64362020.4310116470 229198.3962638378
64467965.8660386056 230145.3834822774
63829510.1567328870 191449.6632177876
65150015.2093468755 246293.2991218567
63816696.8640481159 190578.7673613327
75538321.2063801140 290243.6242675781
65177196.2810002863 246335.2179970145
64084252.7838459462 214494.0675496161
64815146.3271384463 238379.5298541188
64087461.3418186754 214689.5441751480
66376036.4885895103 263562.5769554973
74479525.0071615130 288528.7470703125
64254122.1874446198 224109.3458143473
64061646.1362169236 214014.4807709754
64473334.7316667140 230438.5217266679
64098430.7625978962 217190.5811678171
64168986.2081800476 219987.0347791910
63946945.3557126820 205904.4923852729
63800395.0068010241 186683.3488453673
75154453.8574615121 290110.7863769531
64220705.6339615360 221961.0630997717
64116685.0176924095 217664.6454590857
63973181.7502943128 206603.7596067488
65993039.7718980387 258563.4040591121
64334492.9743622243 226191.1923729181
64947514.0097189695 241975.2764017582
65788313.0962676480 257877.9436250925
74174631.9968780577 287648.1804199219
64773851.0626621395 238195.2960615754
64818117.6285275593 238383.4717464447
66269232.4246392474 262772.5451714396
64227656.2025464028 222202.6004723907
65079387.8367435858 244967.7838989496
65060580.4223279655 244954.4062525034
65100281.3486141264 245427.9046437144
64712849.1931600124 237082.8373638988
74971032.4992055893 289527.9887695312
66663989.2919070795 266050.8865410686
63986694.5243480131 209091.0731023597
64098327.7533060163 216965.0642300891
64895138.7679913342 241653.0316998959
63851836.1395391524 195227.9184518158
74939335.6658409834 289422.7558593750
63882131.8346102089 198693.3484160202
74929069.0209207088 289419.7175292969
64193609.9471935928 221748.6483041644
64801032.1343155652 238237.2149367332
63928297.5831810907 202724.9978455948
66258165.7760520726 262467.8972832561
63940611.1282958537 204969.6705444502
64950823.1395615935 242096.6979961395
64939405.3338567168 241833.7515026927
64997635.6863897964 242206.1758365631
64922319.8396447375 241772.6469870806
64170948.4483949840 221296.8893953562
64127623.2091274559 217791.5205811560
63912791.6819368601 202290.1502216505
63857611.7503673062 197239.4941563653
64826423.8394064680 240228.0560376644
63899675.2500913665 201783.0898273634
74393866.6464587450 287950.2194824219
67950133.6966487616 273601.9020134807
71220916.0170627534 275384.2654266357
75126571.5885266662 289833.0634765625
66859821.5147462562 269701.9974114299
65687339.4175543711 257628.1001443267
63891957.4571306184 201782.1813501166
64803093.0220587850 238281.0307624340
64430800.6855503544 229715.6180711985
71216271.5901466906 275380.6763153076
66507925.8364107981 265740.3278252482
66159252.5955429450 261750.1981713176
65043494.9281159788 244893.3017368913
75115780.9573606551 289613.5532226562
64343797.6005608886 226383.6988207102
64766125.8713630289 237942.3574210405
64738944.7997096032 237822.7421338558
63860884.3984323069 198143.9018712090
64732583.5131107271 237408.9786450863
63955868.7394019738 206392.2486192035
63883305.5404456854 200846.4510320472
63974226.0037883818 207091.8298482001
64294659.8844411373 225613.8178468943
64247548.9122813120 222610.5790697336
63997740.2061385289 210007.4992600726
64016097.4705249369 210707.0804890692
64138516.2145485282 218126.3114858866
64070360.9012275115 214339.3244253397
74619431.0255177170 289320.7187500000
64047967.5089650378 213893.6612061560
63931706.6257659644 204968.7620672034
64487618.0971534252 230441.4376512766
63944823.0576114580 205475.8224614905
64006096.0422284976 210278.4105652869
64679030.7540460378 237056.6022514105
64047243.0410855785 213403.5941072702
63992979.6103830040 209771.3501709998
63881718.6232385486 198651.8707427429
63974622.3459965959 209071.7689420031
64144799.7776881084 218241.3222414255
64411930.6846840903 229423.7294015884
64428317.1113010347 229668.3865877390
63905073.8889761120 202289.2417444037
63874000.8302778006 198650.9622654961
63842017.2837585956 194657.3098596381
63842673.2672216073 194658.6922459649
63850391.0601823553 194659.6007232117
65171622.6216237023 246319.9036560059
64155737.9691231474 218372.6781603098
64181886.6398300231 221423.7645174265
64029610.2445786297 213194.0799771594
63987738.7778420895 209578.8293362902
64991458.4159289002 242130.7765510082
64020148.0626060665 210843.9028615057
64308992.0047412366 225989.5875329375
65035111.9227538407 242751.4532096386
64446323.9818041995 230111.8985680938
64192744.8423627168 221648.3180016875
64102230.9396676123 217525.9051424265
63820862.0732247755 191074.5494754286
64199893.5103331953 221867.2764977813
63800457.1838534698 187737.1594986217
64274969.0646641105 225593.3070360422
63808174.9768142179 187738.0679758685
64663859.1207301468 236310.4257428050
63837293.9986016527 194652.5763707208
63944393.7221765146 205079.6343816565
65055935.9954119027 244950.8171411753
64041110.6314200386 213304.9522916125
63904838.4203438982 201906.1064904975
65074743.4098275229 244964.1947876215
63883083.9104738757 198773.5050195502
63965268.9702214599 206519.7544773864
64059467.8958064541 214004.5335206091
75111136.5304445922 289609.9641113281
64085911.8801500350 214590.3320909739
63921923.9145558849 202467.7250745343
64113731.3265090212 217636.7774568796
63916574.2758175209 202403.4270376014
63929455.2390308008 202827.3306976007
64162963.1761108711 218822.0744485855
63833478.8751527295 194528.6512303399
64091261.5188883916 215024.8681497574
64079761.1320469826 214466.8302835226
63832822.8916897178 194527.2688440131
64125907.1249801293 217722.1188520193
65369280.5544135869 251710.0060246587
70009343.9703488499 274988.5796051025
74026584.1281073987 287330.8962402344
63808565.8597157225 190536.3812108086
63822926.9914740995 191448.7547405409
65115426.6037490219 245590.1466413736
65341651.8333257362 250942.6346422434
63816283.6526764706 190537.2896880554
65098621.0246356502 245061.1863847971
65400882.5730743706 252875.0292192698
74442381.8954683691 288184.6237792969
65631119.4623243660 257099.3679109812
74451076.4605509490 288249.3186035156
65376265.7543874681 252657.5226176977
65506395.9600258842 254407.0932922959
65276159.0707758963 250182.7546005845
65002531.5875221342 242599.6918232068
65130018.8919537142 246072.9158020616
65579175.7721228004 256005.1586262584
71317399.9828504920 278519.9306793213
65190075.2578108311 248056.9359782934
65567690.8793656379 255014.5113024116
73885639.4808244258 285941.6330566406
65201013.4492458850 248122.7082862705
74019107.3872528076 286063.4667968750
73977454.7497160435 286004.7341308594
72613961.2564825416 279794.9833679199
73576784.2786940038 285706.8005371094
72734834.7356701344 282285.9450073242
73289742.3469888866 285291.5991210938
72759167.1655852199 283945.9509277344
73027923.0177535862 284873.3930664062
