64604669.4119838327 233366.7837679982
64502623.4487471804 232781.1910148859
64102230.9396676198 217525.9051424265
64442918.4939664230 228912.6624227762
64446323.9818042070 230111.8985680938
64819964.9702863470 238295.8893229961
64256792.8094568253 222582.8805016875
64199893.5103331953 221867.2764977813
64365291.4716842324 228658.8799797297
65216882.2241906375 248847.4148636460
66424937.0031713396 260342.9722039104
64029610.2445786521 213194.0799771594
64392472.5433376431 228778.4952669144
64246728.5983375758 222132.9316846728
64529804.5204005986 232900.8063020706
63800457.1838534698 187737.1594986217
64901458.6073035523 241174.0585734844
64274969.0646641105 225593.3070360422
65760864.3042338863 257153.9761819243
63868602.1913930625 198144.8103484558
63808174.9768142179 187738.0679758685
64657282.0015449077 234899.4857440591
65808751.8555154502 257731.3833827972
74800877.6005052328 288733.8581542969
65177668.2514596060 246246.6828145385
64837050.4644983336 238342.4969198108
64948801.7580550462 241220.5642230511
64663859.1207301468 236310.4257428050
63837293.9986016527 194652.5763707208
66342595.6306816936 259614.0171654224
64146497.5055330098 218132.4999065399
65233967.7184026092 248908.5193792582
64336173.0763946697 226031.5064080954
64178132.9190918058 219147.1791849136
64227074.5819866136 221909.1953729391
64053286.4298911542 213390.2936867522
64255595.9999410659 222254.8109416962
64018640.8237994090 210693.0429844903
63944393.7221765146 205079.6343816565
65055935.9954119027 244950.8171411753
64041110.6314200386 213304.9522916125
64845387.9835508317 238745.6844584942
63943654.5182977393 204967.3796808766
63877018.9739849195 198296.9717248725
64722605.3380891010 237021.7328482866
64302150.1363175288 225711.3822103739
63904838.4203438982 201906.1064904975
63940281.1789423004 203166.9922960103
63999239.1646834984 209689.7016507434
65074743.4098275229 244964.1947876215
64013291.1850610599 210258.5069257068
64007140.4369580001 210135.0051182555
63842879.1059722230 194656.1570885228
63883083.9104738757 198773.5050195502
63965268.9702214599 206519.7544773864
64353258.5706066340 226177.7632178068
64490590.5476695970 230300.0742529631
64328064.4005324170 225919.9187452197
63993339.3970959112 207630.6498530209
64409558.0375496149 228839.5997825265
63998924.5044664815 207778.1046242416
63934195.9115231484 202880.8236637758
63873109.3781825826 198266.4446252631
63976769.3570628688 207077.7923436211
64965613.5883917809 241869.2071658373
63873765.3616455868 198267.8270115899
63974307.6857795715 206713.0063637197
64601764.4898389950 232994.4972673655
74831596.5431650728 288899.1977539062
64546890.0146125704 232961.9108176827
63957510.1540220231 205586.6947759436
63854379.4928136319 195214.1949547576
64059467.8958064541 214004.5335206091
63873952.1646705419 198294.4365674304
63900169.4046858624 199335.1236035870
75111136.5304445922 289609.9641113281
64085911.8801500350 214590.3320909739
64689239.2973075807 236919.4081646800
74962642.6811137646 289372.5031738281
64071643.6942775622 214089.8749157488
63921923.9145558849 202467.7250745343
64113731.3265090212 217636.7774568796
63980458.4338826239 207206.7461930215
64319235.6305295080 225757.9898071885
63891380.1057432964 199209.3452546047
64017596.4290699065 210389.2828797400
64502261.8821422607 230395.0882328749
64723368.4438730553 237082.8373638988
63983626.2346078679 207219.3357063830
63910423.5277144760 201909.6872082995
63916574.2758175209 202403.4270376014
63929455.2390308008 202827.3306976007
63995126.6214492768 207777.3735726178
63885452.5515119582 198852.4744336652
64025497.7013444155 210834.5863472521
63935040.3464013785 202974.7854688214
65173023.8245435506 246243.0937032104
63993180.3373101056 207320.4182649255
63860307.0470449775 195571.0657756971
63899097.8987040445 199210.2537318515
63903967.2877030522 199336.5059899138
64162963.1761108711 218822.0744485855
64682090.6293371022 236700.4496685863
64445386.7776576802 229246.6866252422
63845945.9152865931 194658.6922459649
63833478.8751527295 194528.6512303399
64091261.5188883916 215024.8681497574
63853663.7082473412 194659.6007232117
64079761.1320469826 214466.8302835226
65781590.1518248990 257594.1432740092
63832822.8916897178 194527.2688440131
64816895.1245731041 237672.7890340686
64125907.1249801293 217722.1188520193
63868024.8400057331 195571.9742529439
64488171.2417583987 230298.6897640228
74658875.1298368275 288724.7675781250
74407061.1822294146 287391.9946289062
64891151.2694893479 240455.3231242895
64244160.0761985928 222055.4521826506
64158677.6283306330 218252.4328551292
65369280.5544135869 251710.0060246587
64407138.7316384241 228838.2152935863
64809657.6324721500 237535.6420869827
65229323.2914865464 248904.9302679300
63853723.5093506202 195212.8125684308
70009343.9703488499 274988.5796051025
74026584.1281073987 287330.8962402344
63808565.8597157225 190536.3812108086
74604169.6147518903 288718.8596191406
63822926.9914740995 191448.7547405409
65115426.6037490219 245590.1466413736
64140466.1909599826 217754.3221659660
65260735.2840007916 249009.6995640993
65341651.8333257362 250942.6346422434
63816283.6526764706 190537.2896880554
64544470.7087013796 232960.5263287425
64738452.4741063714 237096.2939526439
64960209.8517081290 241305.2036174536
63842223.1225092113 194654.7747021960
63845289.9318235815 194657.3098596381
64596952.9954036400 232973.9829174876
64635166.0686937198 234378.9770169258
63859651.0635819659 195569.6833893703
64433435.6523577422 228855.3859192729
65098621.0246356502 245061.1863847971
65400882.5730743706 252875.0292192698
74574810.1735170335 288381.3930664062
74442381.8954683691 288184.6237792969
65631119.4623243660 257099.3679109812
65463434.6176386848 252980.7709127665
64886156.4557763860 239947.7906847596
65496386.3847097978 253516.3786531687
74451076.4605509490 288249.3186035156
65376265.7543874681 252657.5226176977
63830644.7844348475 191449.6632177876
65506395.9600258842 254407.0932922959
65276159.0707758963 250182.7546005845
65002531.5875221342 242599.6918232068
65455573.2840025499 252905.1882442236
65130018.8919537142 246072.9158020616
66685609.4840029627 263383.4783760905
65579175.7721228004 256005.1586262584
67704008.9428843260 268686.0228192210
71317399.9828504920 278519.9306793213
68592248.5621060878 272732.0441338420
65190075.2578108311 248056.9359782934
66769577.7803679183 267227.5577904582
66541222.6796721891 262573.4476143718
65567690.8793656379 255014.5113024116
68446072.8310865462 269459.9572197795
73885639.4808244258 285941.6330566406
65201013.4492458850 248122.7082862705
74019107.3872528076 286063.4667968750
73977454.7497160435 286004.7341308594
72613961.2564825416 279794.9833679199
73576784.2786940038 285706.8005371094
72734834.7356701344 282285.9450073242
73289742.3469888866 285291.5991210938
72759167.1655852199 283945.9509277344
73027923.0177535862 284873.3930664062
