118217203.1524814367 37474.1819157843
120478956.3346142471 46233.4141030312
120350572.5338333845 45846.7088584900
119107523.4995868951 40984.3407158032
119288121.1365307420 41640.7310541049
119396568.1725893915 42020.3727978244
119404303.1750527173 42501.4213058949
119331800.8919817656 41937.7530826107
119553526.6661740988 42900.6812088490
121444323.3561786711 49256.4832363129
128029285.4905985892 57119.1254272461
120616929.9269166738 46728.4260346889
120623070.4111723006 46928.5659272671
120875344.8302913606 47434.3489091396
120659402.4049346447 46966.1574685574
120984752.9943574816 47886.2966251373
117240421.9938900173 32005.6339615453
121508241.9825195223 49570.9577846527
119595546.3340276927 43114.8629620075
123207697.1707046032 53782.7863769531
123942282.8908000737 55300.1872863770
123569636.9036193639 54564.7748374939
117355356.1758406013 32459.1892911218
127110878.2870909870 57089.4005126953
116703223.2952672094 28132.4513155282
124766760.6500283480 56046.4888305664
116048319.7308611274 21229.4114693335
125309030.3547142148 56711.7699584961
125690174.2058827579 56810.6231689453
116382864.6103612632 25647.5812961058
123850959.7314337641 55092.0994873047
123042678.1102493703 53452.0113830566
122900535.6561251730 53020.5687866211
116264051.9741491377 24263.6904560123
119861811.9637980163 44112.2383012772
120008381.5483691990 44765.3217699528
120918296.2727939785 47873.0032534599
120701138.0126998425 47195.3225259781
121068011.8031668961 48158.7304875851
125508961.2157860696 56808.4973754883
118469140.7061102241 38469.4323101640
116411763.3638432771 26290.4946851623
116557322.0945200771 27113.3988298815
118281680.8645351678 37679.7346419934
116823537.3598179668 29044.9251815006
121993935.6344610304 50831.7560348511
122168394.7830428183 51404.6794509888
116186310.0778271705 23736.7110445014
116110901.1391014457 22708.2125526559
120406425.8037072420 46146.8867115974
118408085.7292620391 38206.2600136384
121962699.0660026968 50722.1200084686
116709621.9018913507 28529.4956580293
127966672.9977196753 57118.5273437500
116021864.3590670228 20421.4608748636
124069278.1189412028 55365.7312011719
125159610.2932667434 56374.6497802734
122053666.4562551230 51068.6146621704
122292873.2557183951 51525.5723495483
116805376.2083218843 29034.8092412469
120556683.5973712206 46571.7321152687
118041653.5016620308 36177.5958103715
117967031.8195235431 35912.9006063221
116878090.8081658334 29392.6350013283
116780467.1042872816 28803.0448220987
116600806.4857851714 27901.2706044525
117235726.8427322209 31877.2168565462
117169082.6956910938 31583.6914018262
117271512.3497213572 32334.2449505445
117258988.5132196695 32152.4274280066
116132818.9085199982 23169.3252599050
116059172.2009326220 21795.8866032073
124961992.6735055745 56211.9518432617
118380911.3110920340 38079.9647311429
118298563.0489538312 37799.8126406316
118497422.3879805356 38491.0421726350
116853024.7547175437 29064.0418126103
117467779.7061313689 33262.8618230022
117468888.6269216537 33323.9673236407
117593378.2505293638 33876.8346452660
117410208.3027579486 33226.0473403133
117595762.4796111584 34184.8803696254
123743595.0018073022 55083.0154418945
124244688.4213548750 55601.4552612305
123676256.0998274684 54786.1119384766
124588144.2887815088 55900.4261474609
128717118.9448327124 57279.0444946289
116153798.0343381315 23612.9381075990
120289088.9340847135 45571.4226200581
119974442.5002015829 44439.9390375614
118006594.5802767575 36038.9173131231
118061621.1784538478 36401.0384979490
118239935.5278427154 37538.3354802374
121093107.4116910547 48429.6882286072
119519351.2698194683 42744.9607704747
119614068.9344666600 43296.5247392654
119695150.5705135465 43442.9640245438
121365072.2088458091 49108.0576190948
128079198.3914706111 57129.3207397461
117081979.3151654303 30719.0956664648
117127562.9390853941 31229.8405166310
124384607.3993424475 55657.4694824219
116748554.1161305755 28796.9378946633
116559864.5250591934 27160.4893141132
116630831.2193308324 27987.2815873273
116652977.3787901998 28001.8226196468
116675622.7722139955 28111.5248573836
116574236.6181720495 27831.7478586556
116739337.9297114015 28593.3682149541
116606392.1622213125 27909.4164327276
116518540.9660197943 27007.8805611883
116473085.7897003442 26983.0689954650
116406352.8456507176 26094.4312200439
123197365.6865030825 53648.2368240356
119589663.3784680068 43036.4705400467
119762981.4447318614 43816.2829790115
121012793.9911970794 48035.7758288383
125838145.2847103477 56884.8303222656
121721022.0012100637 50046.9238796234
124575704.4079584926 55858.8854980469
124240964.5645318180 55591.4223022461
123514334.7123753875 54435.7937622070
123738930.8834521919 55071.1240234375
123681327.5691141337 54902.5209960938
124992081.7626122236 56235.7819824219
125191920.0662352145 56385.6896362305
125100977.8250982165 56301.1512451172
124802088.1344832182 56125.3774414062
125112305.3457639217 56362.9423828125
123146302.1560767740 53494.5323791504
118832588.8325478137 39863.2629610077
117227225.3243224621 31875.2772746752
124710765.7036945820 55974.6964721680
117504202.1252435297 33364.4108680962
121611570.0563279688 49730.7377071381
121677782.6723109186 50043.1473140717
118277648.0848783106 37672.7080704812
118330497.4776536077 37879.9309098367
118146356.1330418140 36941.7951359991
118197117.0279035717 37310.3576970343
118035829.8232267946 36164.1753850225
118041985.5164016932 36385.3890691046
118089324.7033649236 36636.2727432493
118114585.5422608405 36761.6162812952
117872512.8249982148 35849.3499999288
125192866.4851498008 56399.6818847656
121634879.3767276108 49951.0302639008
121522239.0717270374 49683.4512233734
121768040.8008057773 50423.6362209320
121747349.0151064694 50048.7301311493
124834610.1720938832 56142.4849243164
117108741.0746328533 31204.4119845498
119499460.5519192219 42695.4991165772
118133066.8571504653 36772.5659305006
117971029.2906552553 36010.6263331287
116403654.0061467141 25896.1200017822
122255901.9499287158 51414.6881771088
125238648.6091464162 56520.0526123047
121202009.4320183545 48634.4192466736
119649720.5298407823 43319.8338282108
116147231.9600711465 23202.1151151467
116315271.8964843154 25002.6824559976
116205965.1857700646 24114.0446805764
116095174.1255612522 22679.8477594477
116086649.1006956249 22654.6752251097
116204367.7767203599 23844.7208026938
116127409.4642470479 22932.7912372641
126761045.1125889719 57057.6069946289
118444101.9379500300 38389.5478165746
116924026.7824964821 29740.2281198022
116942634.3435720652 29918.5082101342
119767075.0703112334 43871.8788092136
119743421.4668368548 43687.0508978367
119777882.3818418235 43914.8548712730
119933888.6432683766 44421.1629109383
116963374.1871203929 29952.2889651176
117026775.1677388549 30648.2929946053
116997856.8856232166 30568.5700658676
128213910.0751614869 57204.7199096680
128451959.9721283615 57266.6409912109
128314543.5531896353 57226.5527954102
119197785.6853819489 41440.1669910923
122736875.6466816515 52598.5101928711
116293645.4011745006 24617.9388690982
122603449.0052119046 52360.4868469238
122039902.3335656971 50857.0934982300
122775238.9481131285 52651.0535430908
128102122.4361019135 57184.3899536133
116364181.9497875869 25117.6804381921
121890924.9054788500 50663.7202682495
122124692.7588664889 51250.0034255981
121876958.9704805166 50460.2358589172
117760522.0959774405 35048.0922388611
117522988.9454784393 33444.3489543369
119781156.0849935859 43993.0602056980
117560795.9598623067 33754.0348547682
117532356.4991891533 33535.9393252165
122688875.7327014059 52401.6061630249
117130947.6041226238 31485.2494626711
119679975.0284758210 43402.6040203571
118399845.6793688536 38170.0857415795
126064442.0240512788 57057.1524658203
125908642.4847820401 56936.4813232422
124439204.3561261594 55737.9036254883
119234057.1882257313 41483.1822956279
116049578.7242499441 21254.7905052012
116008586.8301962912 20400.5362870834
115975530.6948016584 20326.3473131961
116045675.0115896910 21125.5471278377
125767037.9065367281 56828.0044555664
118506794.1806752682 38831.6350327134
117641652.0797854662 34383.5184859497
120494039.2384732664 46474.7061676979
123212886.3893688768 53805.0341186523
123271803.5577906221 53825.0042724609
118833705.8987608105 39894.2129830122
124899743.6450268477 56187.5001831055
120054423.7558988929 44919.7392349243
122267921.5343148261 51456.4555892944
117637550.3643479347 34311.9161127996
125286954.4343435466 56638.2296142578
117367895.2965745777 32639.7583359074
123287365.5446802229 53843.2622985840
125807792.3640154898 56830.5971069336
126825487.2526132762 57060.0612182617
120097660.2677741945 45348.8353083134
118696369.1072828174 39636.0906202197
123616807.1738673300 54729.2410888672
126999009.2185686827 57065.3531494141
116887187.5662534684 29557.7081548688
116908593.6663552672 29582.7191173550
119295646.3860843927 41921.7762402073
119124325.5254804641 41047.9276991487
120742287.0640996844 47228.7693557739
120756476.2301701605 47248.1481490135
120570471.3268161267 46674.8811571598
120225246.4131352305 45563.2429580688
120293256.7514171898 45817.7978692055
120176901.7020715177 45372.2394790649
117534072.4984622896 33660.2841645212
117868123.5625950247 35355.0051029371
117678789.7985481918 34572.1834639770
117830626.2731550187 35324.7028955994
117783216.0846347958 35068.0933763310
116863714.3299482614 29139.9926141277
116979297.4434044808 30062.4265634045
120671547.8141122162 47003.8971650600
125720181.0565588474 56813.9111328125
120887803.6658813059 47634.7825517654
118939645.6152333766 40519.7702878118
120492207.1974561810 46279.4056057930
119976864.5206801295 44576.5766394138
120351531.0457032323 45948.7133581638
123351774.3084631413 54193.8457336426
123480923.3654861748 54384.1544494629
123493062.2438994497 54419.3236389160
123219061.6223347932 53814.9905395508
119176655.8055318445 41403.8687446788
122815316.7186172158 52727.0090789795
122435594.4058921039 51849.5283584595
118557041.3511540890 38954.2752191424
121832530.0989912301 50456.1929759979
127931292.4887621999 57109.7809448242
116356556.3247337937 25064.9203890734
121246221.8325028270 48734.0928916931
118778183.2446003109 39825.7437903658
119125353.4895691127 41244.7452135086
116311596.1152060628 24648.9639550172
120781694.1504620910 47347.4947876930
120463226.4299254119 46226.7323288918
124476480.3691039681 55761.3981323242
124294561.4885448217 55613.4249267578
124118842.2300807238 55423.4322509766
118927164.4455599934 40432.1931393743
118750650.1222632378 39708.5214266777
122685039.4685022682 52376.1993103027
122581479.5400571674 52203.2021179199
118994973.0388078243 40737.5709655955
119052952.6107455641 40883.9425401688
118901952.6162411720 40315.7632051483
118876346.7584156990 40279.6102138162
121169484.4895273000 48500.3875083923
124427563.7532502562 55678.1195678711
122813279.6459589154 52682.2036743164
121320258.5683533549 48886.7132091522
116024091.1482161731 21113.0500004016
116075323.7853603810 22022.0329136573
118634033.5701421946 39232.7376586720
122699313.7362499088 52424.9607009888
119265929.2837646753 41551.9425567389
122856775.7045042366 52818.6719207764
122922562.1785808057 53156.2515716553
118686427.7384672314 39451.1818682551
121342327.3252516538 49035.5452022552
118443471.7315260768 38369.3718759594
124762514.7859277427 55994.6346435547
118539058.0544698685 38840.3378373981
118446671.4542153180 38397.7760612369
122950704.2889838070 53227.0975494385
123930827.2578095049 55123.5165405273
