30621630.2367003337 157798.6962280273
30442917.4618465342 131770.8185729980
30726477.8247853257 164188.8108520508
30801249.8850452639 173151.3012084961
30305527.3050837554 106948.0090332031
30610418.9979644231 155344.5722045898
30695940.1625692584 161009.6572875977
30524968.4781372212 141614.7264404297
30403830.5134584978 128784.9780883789
31491772.5231967196 208038.9609375000
30787862.4189191833 172653.4027709961
30344036.9628423825 116627.3516235352
31042908.8347669207 188867.9976806641
30435825.5583215095 130190.7637939453
30332550.7751550972 109397.7569732666
30502597.7820526138 140506.6137084961
30954084.1915622018 185245.8205566406
30799280.5463654697 173083.9613647461
30385875.0239206590 121395.4706726074
30789831.7575989924 172720.7426147461
30456596.7311475575 137422.6453247070
31180091.8642961271 199117.5354003906
30732960.0742264763 166250.6399536133
30909345.1825756952 178412.1258544922
30554764.5464141145 149165.9506225586
30507012.9885993823 141431.4704589844
30786788.1457080469 170363.9076538086
30474335.2160801403 139630.7046508789
30703921.3311126679 163988.4371948242
30393242.7983338870 127919.6193237305
30365320.8556998670 119105.6354980469
30537689.1488938183 149133.7306518555
30460872.9513843767 139160.3259887695
30612388.3366442285 155411.9120483398
30350506.2646929324 116743.6761322021
30816901.1620329954 174915.6055297852
30535719.8102140129 149066.3908081055
30311996.6069343016 107082.3978271484
30531352.7323226631 146087.6109008789
30529383.3936428539 146020.2710571289
30858906.6313912123 176580.8549804688
30454627.3924677484 137355.3054809570
30421505.3643063605 128795.5283813477
30422363.2936257459 129480.9833984375
30382995.7065477371 119116.1857910156
30520697.4324959777 141472.5646362305
30354733.1405752525 118240.2767333984
31526448.4595605098 208122.8847656250
30952114.8528823964 185178.4807128906
30764134.9443439357 167988.3206176758
30751304.8256458081 167936.9899902344
30572592.0507920124 150679.4900512695
30656533.1385985315 159344.4556274414
30749335.4869660027 167869.6501464844
30607980.4648891017 150908.8657836914
30730990.7355466709 166183.3001098633
30814931.8233531900 174848.2656860352
31112456.8874279968 197324.0852050781
31090166.4978518635 195300.5197753906
30832902.2863421552 175984.0430297852
31246543.8340011910 200686.2521972656
30590329.1748898476 150735.0652465820
30674270.2626963668 159400.0308227539
30892202.0980875976 178342.2420654297
30894171.4367674030 178409.5819091797
30925346.3068848588 180147.2625732422
30748961.1985356398 167319.0774536133
30891881.4172780961 178275.2285766602
30813857.5501420498 174179.0225219727
31284421.3805154562 205921.7109375000
30655458.8653873950 158675.2124633789
30607999.6302303188 152301.4324340820
31521104.0102962554 208081.2753906250
31087356.3303057887 195222.3117675781
31103822.8335535266 195302.5012207031
30683364.8621484526 160340.4619140625
31105792.1722333282 195369.8410644531
31277756.6653207950 203967.4667968750
30950928.2690958306 184586.8547363281
31279726.0040006004 204034.8066406250
30852308.7414713018 176537.5479125977
31263259.5007528625 203954.6171875000
31261290.1620730571 203887.2773437500
31140519.1884893291 197379.8547363281
30874907.7557003722 177649.2924804688
30691940.7180368379 160966.3980102539
31229976.5627094395 199589.5104980469
30850339.4027914964 176470.2080688477
30767305.9499549679 169005.4274902344
31326430.0106868520 206044.8203125000
31003336.1589601226 187130.3170166016
31059690.6697389334 190396.8002929688
31003997.4514342919 187157.0197143555
30976143.1858941130 187007.2076416016
31079502.9979917929 190436.7144775391
31531895.2376271039 209351.2177734375
30967246.6491962299 186314.2580566406
31017685.2003807165 188812.2281494141
31154868.2299099229 199061.7658691406
31395835.0600049309 207782.5009765625
30962455.4369476885 185351.9992065430
30964424.7756274976 185419.3390502930
30978112.5245739184 187074.5474853516
30925704.6347096264 184509.2375488281
31370611.4256187268 207726.7314453125
30910546.8495069258 179947.9147949219
31110487.5487481877 197256.7453613281
30912516.1881867312 180015.2546386719
31301206.3763006516 205989.0507812500
30927673.9733894318 184576.5773925781
30784743.0664043091 169491.5925292969
30786712.4050841145 169558.9323730469
