85582878.8784697503 3784106.4804687500
82462571.9142876863 3411644.1992187500
82518714.3890609294 3455196.4726562500
82506986.2306243777 3452107.1875000000
82665223.7976587266 3503750.9570312500
82731725.3505334854 3531906.6562500000
83993171.8144410402 3700969.9335937500
86285818.7616896927 3805112.2109375000
85852085.9905679673 3793410.2812500000
86352599.0353682935 3805682.4765625000
82548252.1372426301 3461912.8242187500
82890981.5066918135 3557397.1367187500
83044955.5960186273 3588788.5859375000
84339935.5145145804 3723673.1367187500
82569993.2871389240 3475913.6250000000
82784089.6026234180 3537202.1914062500
83527150.2356146276 3660480.8945312500
83666735.5162334293 3672283.2851562500
82683694.0043924302 3514618.6992187500
82863274.4736051261 3552668.6601562500
90494634.4866514206 3829828.5859375000
90266040.7077367306 3828940.3125000000
82881045.6933456510 3556458.2734375000
82797473.8154774755 3539263.4726562500
82983690.3059256822 3576308.3398437500
82927902.5301704109 3565358.2929687500
83646390.0571041107 3667311.9296875000
83247844.7667704076 3624503.4062500000
82872384.7323696911 3553438.2109375000
82934165.4903895557 3565610.0976562500
82948866.6114059687 3570955.0000000000
83355895.9351003170 3638856.8593750000
84142592.3965654522 3711679.4140625000
82503553.4580798447 3449116.7031250000
82501272.6595481783 3446627.0937500000
85983306.6355708092 3800690.7578125000
82759689.5577204674 3534500.5000000000
83270644.9891114682 3625851.0156250000
83427499.5884604305 3647072.8085937500
82527474.3812753111 3459395.9296875000
83215971.4503495097 3620026.7890625000
83841579.8096653521 3688780.3320312500
82551480.6991789490 3469389.1484375000
82727773.7527636886 3527875.5664062500
83180754.7272286117 3609641.5000000000
83819465.3423166573 3685802.5742187500
82955129.5716251135 3571206.8046875000
83656544.6015284657 3669026.6953125000
84221944.0102316737 3716993.4960937500
82956241.3771719038 3571557.2812500000
83073611.3381103128 3597429.7929687500
83843862.1678674519 3689256.0195312500
84867552.4201974720 3754793.4570312500
82785935.9514297843 3537678.3867187500
82695443.2442121059 3521555.8593750000
82908220.6328083724 3559755.0976562500
82826989.1910606772 3545804.6757812500
83013398.5342613906 3583941.2968750000
82503484.5782273710 3446737.2812500000
82817208.6103085577 3543371.4726562500
83169894.7699647248 3609505.3046875000
83657357.6530364007 3669503.9101562500
84056303.4901337326 3703108.3046875000
82551274.4927181453 3466281.0156250000
82719976.1107138246 3524969.4960937500
83097043.2387711108 3600930.6875000000
83295613.7057978809 3629706.0390625000
82477457.5903857350 3431308.3750000000
82659749.6978659928 3501523.7148437500
83389414.7709901184 3641274.3398437500
82590571.8416762054 3480606.1328125000
82903322.6074090451 3559463.6367187500
82873685.3185294569 3556084.6796875000
83033480.1282789558 3587393.7148437500
83406372.8517903984 3645691.4492187500
84474181.8595136851 3730259.2382812500
82564258.3970614672 3473630.2773437500
82678309.1397382617 3511792.5937500000
83479777.6200335622 3653864.2304687500
82691491.6464423239 3517524.7695312500
82887765.8216868043 3557214.0664062500
82977427.3457065225 3576056.5351562500
83783416.4357494563 3683698.3554687500
83728975.8903293312 3681563.1093750000
83883137.8632306308 3691044.0507812500
85783905.1134033799 3790097.8046875000
85915125.7584062219 3796391.5390625000
83569108.5319086462 3664885.8085937500
95754815.6372546554 3870582.5859375000
83404474.5336136520 3642903.2070312500
82553458.9497662187 3472548.2070312500
84825920.9898149669 3746483.0234375000
84275858.6307699829 3722340.7109375000
82651884.7417545617 3500030.8789062500
83132192.6968765557 3607216.5937500000
82965987.7005127072 3573771.9609375000
83277258.9579800516 3628435.5390625000
82475373.5052093416 3417329.9960937500
82762892.3675745428 3536013.1601562500
84624269.7297239751 3738097.5976562500
82672245.8969694078 3503808.8281250000
82651656.6898216456 3498938.9335937500
82975582.0512217879 3575637.9960937500
83162681.0772208124 3609336.8906250000
83510684.0296088904 3655324.6445312500
95201971.5600672662 3869676.7031250000
82600285.8884211928 3481720.7265625000
82540945.3306172192 3461478.6601562500
82573886.5291694105 3475990.2031250000
83767878.7890369892 3683510.4062500000
83915422.4620971233 3692150.2304687500
82859345.0043633729 3550651.4218750000
83298488.3978985101 3632136.1796875000
84068932.4835576564 3706942.6914062500
84032149.0269584209 3702706.5625000000
85078447.7209992409 3764464.1562500000
87776179.9647119641 3816701.5820312500
83791398.3928623199 3684883.5000000000
83959039.6590030044 3695713.2890625000
82549427.5976009369 3465770.5859375000
82603359.3548678607 3485933.7148437500
85610408.9487867504 3789091.1015625000
83197616.7025316954 3618756.2890625000
84411446.7083220035 3727464.0039062500
82915691.8718667030 3562250.5234375000
82672471.0895306021 3507811.2773437500
84827440.9201386124 3747429.8164062500
82838503.9246416688 3550353.9101562500
84024562.1083320081 3701381.0585937500
83664500.0869314075 3671459.9414062500
87010575.0330593437 3811890.9921875000
84504558.8690560162 3733320.7148437500
82936263.5517407060 3567981.3476562500
84550705.1230292469 3734861.4804687500
82623682.2430012822 3491736.7304687500
82883349.6715483367 3556886.8437500000
85455421.3568813354 3780681.6992187500
88172791.8355703652 3824043.0000000000
82625822.7151771486 3498517.3203125000
83716535.1314685345 3675345.6875000000
84088064.8816702664 3707898.5234375000
83964559.7123962492 3698585.8242187500
84019259.0547379255 3701344.4648437500
94498016.6161774844 3866179.5781250000
84445064.8935637921 3727861.2734375000
84911376.3626017123 3755629.6562500000
82474944.1662615687 3415758.3437500000
84182789.7996323854 3713896.3398437500
82577259.0612090528 3479433.2929687500
82865744.9242140502 3553307.0078125000
83007135.5740422457 3583689.4921875000
84026982.2149292231 3701906.2148437500
85785752.4287507087 3791798.2578125000
83479259.2987887561 3649655.9257812500
83468573.4359164834 3647548.3906250000
82959822.5983722806 3573626.0625000000
85609682.0898607671 3784497.3867187500
83066048.7448838949 3593492.0039062500
85337133.7987470478 3777244.6953125000
95529169.5884624124 3870537.5078125000
82948692.6458312720 3570822.9648437500
83944178.0323559940 3695107.9843750000
87513786.8705194145 3815075.3515625000
85530913.5532182455 3783965.1367187500
82992723.9953406602 3580478.1523437500
83038944.8459214419 3587825.0664062500
83143728.0050582439 3607345.0000000000
85422865.9554974586 3780204.6484375000
82860221.4647910893 3550761.6640625000
83405590.6029687226 3644348.2500000000
83131987.3889526725 3603532.9765625000
86139984.0503788143 3802551.9179687500
87665397.9533951432 3815184.2460937500
83333680.3148373067 3635346.5546875000
91934599.9280994684 3834655.2343750000
94202667.4043520689 3852604.7578125000
82912383.6856792718 3559954.2031250000
83040629.9404853433 3588525.8906250000
83471810.3753407598 3649298.6875000000
84841779.5377764702 3749382.2539062500
85082960.7662191242 3764740.1250000000
85000989.0670415759 3763027.1328125000
84686013.1268422008 3740351.2226562500
82934462.6450769901 3565780.3164062500
83182050.1708787233 3617493.4257812500
84703397.5515674353 3740370.4960937500
82863700.5573224574 3552727.4218750000
83265487.2907851487 3624839.3554687500
85875817.7751629800 3795713.3359375000
83384015.7382819355 3640003.8437500000
83634323.6188843250 3666344.8203125000
86436978.2059555650 3806145.3242187500
85193685.6894945502 3772131.9062500000
83022430.9741680622 3585015.2500000000
83337541.1872824878 3637586.3593750000
82946069.9946086258 3568355.6953125000
89789750.9444231093 3827562.1093750000
82921509.2211255878 3563586.6796875000
82893445.0329011977 3557917.0937500000
82835636.3690980822 3547057.8359375000
83296252.9266054481 3630978.2812500000
83231894.0482407808 3620911.4882812500
85282352.9110479206 3776567.6601562500
85139483.7986191809 3769780.2578125000
87910277.2010983229 3817653.0625000000
88067829.7381626666 3821596.5468750000
85192962.6759940237 3771218.6093750000
84925776.8502206206 3756347.5000000000
83123740.3394330442 3602170.1015625000
84703431.5406821072 3743060.3437500000
85377311.1781396568 3777817.3984375000
86561206.9428212345 3811011.4296875000
87957739.4776055217 3821028.0937500000
92713595.4149371982 3846567.2929687500
92911115.9826958627 3847500.3554687500
84990484.6412677169 3761393.2148437500
84719758.1648447067 3744288.2617187500
92696811.9982828051 3844069.6132812500
84952159.9084960967 3757873.3203125000
84800892.6337299049 3745002.9296875000
84606843.7704076618 3735416.9062500000
95084629.0561186224 3867185.3867187500
87816589.3631905615 3817278.1406250000
94333240.0591405779 3861838.9960937500
84783113.9774409086 3744402.1914062500
87397688.2851094007 3812828.0937500000
87723874.7466356903 3815530.6015625000
84668162.4658514410 3739542.5742187500
93795549.5856426954 3852319.5468750000
93380059.9492865801 3851878.5703125000
