91672046.4406711608 801628.3564453125
91668140.1662989110 800798.4501953125
90188883.2676550448 624971.6733398438
90734292.7688029110 722343.5068359375
92140708.7878581733 824238.2392578125
91011934.7064496875 751546.0712890625
91574688.4102441967 796219.5283203125
91539287.9103564173 795976.4384765625
89973472.1888977736 568163.4912109375
89898041.9916363806 542246.4229736328
90510612.9133784026 688120.1416015625
91610269.0272648185 796756.6220703125
90391059.1326505989 666682.1926269531
90511928.9947744459 688664.0371093750
90475246.0954035670 680965.8466796875
90478455.3977892697 681026.1694335938
91022112.4417811036 753448.1621093750
90569834.6652015299 698308.7231445312
90518784.3599749357 689062.1376953125
90522912.3918556422 692662.3408203125
92036395.9768875390 819822.9160156250
90671681.4660135061 713333.5673828125
90468955.3790051490 679142.3984375000
90036178.9223482907 588531.8458251953
90045534.2537064850 590903.4450683594
91727014.3519852757 804232.5683593750
91923416.3405437320 814322.6972656250
90813057.0272024125 731802.4833984375
90763729.4345919639 725548.2236328125
89881881.2256385982 536477.4298095703
89915626.8321321011 549624.9346923828
92078282.9348686785 821074.3574218750
92237841.5351711214 826726.2753906250
90346467.5889563411 659525.6425781250
91978542.7014199942 816191.9248046875
90916963.3905878365 742596.0385742188
91838235.4689299464 809499.5058593750
90677159.9362954050 713393.7624511719
91612009.8098402768 797681.5644531250
89987708.7600909173 576721.7524414062
89954019.0167983770 562919.8514404297
89938714.6018706411 555732.5917968750
89932329.3054945618 555480.3681640625
91119372.3433718979 762624.0888671875
91100439.1370839775 759995.6152343750
92063993.0189410001 819824.5107421875
91817961.6165781468 809491.7304687500
91238315.8175430000 771437.1665039062
92065197.3575630039 819857.3173828125
90067871.7731784284 595405.3106689453
90074946.7777592838 597065.0607910156
92231249.0097299516 826001.2294921875
90283355.5974009186 643460.5148925781
90344245.6470288336 658636.0791015625
90977539.2835501134 750457.0864257812
91111778.5501386225 760501.9907226562
90213237.1519725770 628629.9216308594
92013164.5662854314 818221.8505859375
90606833.7542941123 706186.3457031250
89891619.1410773546 541723.7252197266
89922855.4326467067 554439.8671875000
91940501.7091342360 815143.6484375000
92108018.8152225018 821170.2626953125
91299808.3794429153 775907.6601562500
91373856.0206327587 784612.1816406250
91250841.2028965503 773134.4418945312
90181772.8819213957 622364.8693847656
91293472.3483296037 775543.4350585938
91307083.5366907865 777110.3315429688
91756935.7025133967 805545.6093750000
90405590.9335993379 669556.4946289062
90493353.3615213484 684908.9331054688
90119157.0517803878 608414.4787597656
90287282.2923990190 647921.3969726562
90334302.2664990425 657595.5781250000
91002358.8772909939 751164.0937500000
91053013.3784550130 755708.9042968750
90107908.8909107000 604029.4421386719
90097425.5866306573 601518.4104003906
90036780.7726706713 588854.7780761719
90113671.9835982621 606186.0989990234
90025348.5718239993 582428.2861328125
90031459.0399396867 585446.4604492188
91487384.5427855253 790989.1455078125
91456567.7431104481 790567.6103515625
90733498.4210691899 722194.4995117188
90776437.7474696785 730235.5869140625
90570523.9808015674 698955.0258789062
91920134.3902636915 813437.3427734375
91053937.2130270302 757926.7255859375
90408885.5787792802 669735.8615722656
90446070.2666760236 676126.0917968750
90458152.2501400858 678315.8618164062
90284809.4433541596 646229.5917968750
89986034.4492383152 571643.8432617188
89855426.5232629776 521877.4008789062
92366510.7243769765 831653.1474609375
89821045.3235485852 504250.2979736328
91102297.1418103576 760189.1679687500
91771731.9619264007 805791.8847656250
90366293.8578332067 661598.7460937500
89908677.2040476948 542726.0307617188
90395690.8834304810 668291.4313964844
90756801.0795923024 724846.1333007812
90418287.3055689633 671379.9196777344
90814536.8801391274 732311.3105468750
90317471.8869634271 653355.5046386719
92611572.8746106178 837021.7597656250
90599306.0200795084 703660.0908203125
90412246.7138093412 671378.0930175781
90695732.9438580722 719896.3056640625
89945030.9146291316 557263.1624755859
91881187.2524494678 811331.5800781250
89946234.7365387976 560895.2957763672
89920995.2586522251 549925.6234130859
89780973.3977967352 475582.0509033203
91512405.8667172939 791054.6860351562
91117905.6018160582 761150.8950195312
91140892.9217533171 765627.5131835938
90974413.9568719268 748789.6630859375
90063436.2968284190 594971.3731689453
91245749.5395486802 772465.9799804688
91238897.2780146301 772355.8911132812
89793505.8595380336 488136.4383544922
92139822.0095685422 823520.9589843750
92181846.4669324011 825512.4208984375
91017952.0144163668 751565.1782226562
91363169.7646045834 783596.2265625000
90865916.4137189090 739303.6484375000
90794914.6649650186 731706.4165039062
90662139.7376702875 713069.7773437500
90884231.3655965626 740811.7539062500
90931790.5440477431 744098.3442382812
90373626.1677459329 662618.4084472656
90714818.3292598575 721926.4399414062
90637720.6412477046 712402.9321289062
90626921.6318832189 711461.2954101562
90451056.1893430799 676457.9328613281
90442748.9815307856 675092.6276855469
90770707.2883200645 728499.1464843750
92280841.4029631913 827828.2724609375
89835642.6538238674 514403.8463134766
90615449.8255756944 706563.9633789062
89847061.1433118135 521084.1905517578
91249362.9984630048 772698.1992187500
90481103.9968787879 681329.0368652344
90202019.6400761604 626310.2807617188
90656287.5176777095 712757.4316406250
90626404.5794810802 711038.6025390625
90538089.2489109188 693226.0722656250
90486562.3658981472 681335.9130859375
89818617.7779739052 503584.5885009766
89816919.1922685951 502205.0352783203
89810965.7502640933 499475.2618408203
89797092.2519188076 491015.2513427734
89872538.5378953367 530909.5040283203
89831993.0965067446 513997.7843017578
89822068.8065712303 507065.7812500000
89922384.5581287295 551169.6422119141
90553622.0667655319 697700.7114257812
91094476.4977432191 759885.6572265625
89804594.7517490387 497511.1657714844
89829838.9910912663 507856.8298339844
89841649.1768388748 515654.3647460938
89872624.5524182171 531561.5336914062
91235217.1595143825 771133.1362304688
90503830.2528770715 687410.2231445312
90187217.1504962295 623834.8278808594
90229096.2679909319 633781.3793945312
90218991.2229674906 632064.1499023438
92461258.7512330115 834274.0830078125
92180139.0227666199 825351.9990234375
90844538.3479441404 734696.1567382812
90824645.6439418197 733589.0493164062
92281327.2314312160 829132.5175781250
92285403.6828265637 829790.0625000000
90684382.7875473946 717006.2573242188
91151757.2433577627 766253.8891601562
90473108.3761200309 680636.9477539062
89963316.9178161919 565731.1978759766
90380880.5994878560 665300.5732421875
90132342.1941980571 611875.7187500000
92125595.7974978089 821422.3076171875
90319865.1144921035 655311.0959472656
92104233.5240920484 821160.8222656250
89966405.8927103430 566586.3222656250
91533505.6050059497 791819.0517578125
91535701.4721241146 793047.1347656250
91915140.1382528394 812859.4814453125
90516548.7693468332 688980.1616210938
92472756.9773561805 835872.3691406250
90923317.0155578852 743890.9628906250
90917315.6248612702 742989.8710937500
90165325.8115899414 617875.8796386719
90573943.9486290663 700229.1958007812
91618589.8518195748 798172.6572265625
90193519.3682090789 626098.2841796875
90868521.8048601151 739579.9150390625
90228511.0984569639 632240.0673828125
90160386.9027243704 616434.1926269531
91862620.9165913314 810314.4091796875
89940707.0878932178 556627.9793701172
91301965.6457874477 776494.0390625000
91532689.9766282141 791678.7226562500
90544201.2060073763 694730.6464843750
90299917.2574927807 649587.8530273438
91722454.8427743465 803621.9902343750
90055217.9727611095 592583.9893798828
91798872.5050674230 808037.4697265625
90169684.8037421703 618196.0930175781
90026751.0469303131 585181.5555419922
91076508.5662106276 759577.1562500000
90878289.8824245930 740806.2026367188
90904545.0045330822 741214.9980468750
90230140.2155839056 634008.0661621094
90492012.2367600501 682870.8405761719
91404928.6682980210 786419.1269531250
91680863.0111065805 802911.9472656250
90318742.3843798339 653664.9077148438
90273720.4956912547 643457.7294921875
90316800.2302021235 652229.6962890625
90375427.1341494620 664734.4521484375
92336885.0942118466 830885.3916015625
91209790.8821772784 770514.6616210938
89945450.5771949589 560329.7347412109
90012860.1594217271 580078.1781005859
90017476.7256514877 582278.9987792969
90008121.3942932934 579907.3995361328
89958049.3950208277 563457.0340576172
90026530.2654742002 583464.9844970703
90623335.7618082613 707025.8813476562
90237606.8578625917 636399.4335937500
89860918.9873035401 523349.8084716797
89867018.7313532382 527212.5672607422
90215182.0375594497 629920.9238281250
90170399.8453379422 618197.3693847656
90283756.6058519185 644116.8603515625
90248845.9167208970 637750.5571289062
89861281.7832412124 526675.6761474609
90262225.9836383909 641377.5703125000
90301435.1488342136 651495.3720703125
90079690.7793577462 597975.8162841797
90139849.6480655372 613339.2221679688
90086281.1880955696 599514.8940429688
90173222.5063602775 620856.6669921875
92349967.2247363776 831126.7519531250
89910300.8394655883 547574.2608642578
89891607.7425195426 538555.9876708984
90564220.8365283757 697707.9272460938
92320183.6629508883 829912.8974609375
90110895.9328585416 604408.5617675781
92159705.0360219181 824787.3750000000
92227070.2392411083 825655.0087890625
89870792.2678430676 528742.5400390625
91634162.5058800429 799739.5537109375
91717155.1927563399 803579.9648437500
91899723.5400912315 812597.9960937500
91814583.8596546799 808444.0019531250
91190366.7691425383 767770.5444335938
91130153.0385291874 763184.8149414062
91202174.0630335361 768136.8442382812
91181916.9245769382 767434.0649414062
91257624.9821201265 775389.0063476562
91419053.3724769354 786553.2001953125
91318286.8932963461 780514.5288085938
91773466.7387083471 807472.4736328125
91023871.8322559595 753934.0312500000
90893195.7799319178 741194.4106445312
89786402.4788893759 482185.6673583984
89817297.0235096961 502471.4342041016
89817896.2474550307 503202.4586181641
90213728.6178165525 629720.3757324219
90129816.0504614413 609569.0800781250
92256772.5883057415 827134.6464843750
92431434.4517834634 832378.1933593750
91297411.3043542951 775701.6445312500
90254409.5263627470 638935.4094238281
91538087.9546093494 794087.6357421875
91420913.7606403679 788697.2031250000
91517253.4568706453 791648.7919921875
91305714.6370947063 776855.6025390625
91666701.6473020613 800585.7851562500
91331735.1008840352 781934.2744140625
92335741.0471095145 830610.9062500000
91316086.8290959597 778071.8305664062
91312580.4429481030 777207.0805664062
92373792.7794889361 831956.6582031250
92461706.2693276405 835803.0273437500
90466757.4401534796 678898.0986328125
90989775.8370101452 750551.9882812500
90947931.6196190715 747241.6123046875
92510927.4607622772 836778.6699218750
91044815.4180085063 754007.4106445312
90150823.0631324649 614938.3547363281
90730996.0383305848 721968.8105468750
90971998.2470240891 747980.7963867188
91859887.1957308352 809628.7871093750
91626704.2581131458 798240.6103515625
90203631.6870976239 627589.4206542969
91053445.1195854545 756191.0791015625
