42224736.2356463596 908840.2236328125
43480223.8203083277 1014224.6445312500
43049611.3399846628 990608.6455078125
43205342.5171635672 998093.8925781250
42094866.0414332598 873224.2080078125
42170579.2656970322 904522.8930664062
42510173.8860646859 950254.8281250000
44367628.4033969864 1037186.5839843750
44769780.3322184458 1043685.0361328125
42983078.0507507697 987571.5078125000
45946907.6202475801 1055252.9736328125
45726140.9724617749 1054124.6503906250
42595844.0542372242 959149.4707031250
42283571.2224269807 919518.6757812500
42354496.7064623982 926723.3886718750
42718696.7414975688 967326.1933593750
43603344.6253075525 1018271.8603515625
42419651.6024694890 940117.9599609375
42583625.7450147644 958902.8759765625
42845304.2089815959 976631.9599609375
42111618.1737763807 883511.0991210938
42388687.8782467470 933164.6547851562
42155016.7845128104 895138.2846679688
42800284.4380093440 974278.4941406250
43965490.8666872680 1029996.4677734375
45650018.5781072751 1054119.7851562500
43902057.1192347854 1027873.4287109375
42680661.2096972018 965977.6582031250
42869406.0041094571 979760.8007812500
43032498.2853887305 988415.7343750000
42319947.4557162225 924264.2060546875
45295173.4689727351 1050954.2246093750
44537437.3445709869 1039420.3369140625
42565001.7212951630 956120.8183593750
42067805.4202623218 867631.3759765625
42963659.9084175527 984403.3671875000
44315905.1283150986 1036073.2958984375
42870734.5508233011 980159.9208984375
42137529.7326994091 885985.8383789062
42732278.5546204373 968282.9091796875
42686090.8905049190 966851.8789062500
43752465.7646665350 1025137.9326171875
42911829.3584660888 981728.6923828125
43489920.1164783612 1015981.2080078125
43632648.5103702694 1020280.0195312500
43213808.4172961563 998866.0869140625
42753389.6731704623 970259.3994140625
43628527.6057569683 1019001.4960937500
47481185.6155421287 1058246.2910156250
43432140.9428331852 1009814.5449218750
42152915.5581838489 889688.6059570312
42733607.1013342738 968684.6904296875
42938033.3334888294 983360.3007812500
42492360.4147660807 948694.6557617188
43282743.6570418105 1003455.5595703125
43846421.0071297064 1025274.2792968750
43146749.3217091709 995508.2460937500
42724928.7294858396 968234.0878906250
42778005.4263160676 973222.6298828125
42765787.1170936152 971340.9062500000
42539639.4639965594 951035.8247070312
42465299.7935951427 942901.1655273438
44537756.7214709818 1040451.0107421875
43564021.1809908971 1017147.8056640625
42878073.7934885249 981018.2871093750
42995100.9462106377 988397.5878906250
45178938.9736111090 1049034.9570312500
43720303.3248157129 1024031.3710937500
42624600.9337968752 962296.1289062500
42264247.0402560309 912192.4770507812
42861390.8787360117 977279.0722656250
42972166.5460407436 985124.6914062500
42192088.8930336609 905069.1386718750
42142504.9660860896 888457.4033203125
43875914.5389197692 1026664.0000000000
44673159.6704269126 1042336.0175781250
42470833.6939423233 945375.8637695312
42546231.8154329956 952263.0405273438
42984851.8595215902 987609.3535156250
42657726.8095273003 964488.8769531250
43034630.7871045694 989104.1865234375
42814770.3740917519 974497.5302734375
43602143.7593969405 1017158.1230468750
42101115.4259374961 878923.3212890625
45267791.2839386761 1050664.4179687500
43172273.1018954441 997690.6015625000
42244215.5005680397 910958.5468750000
43986571.3220454976 1031070.7617187500
42151202.9728607312 888573.3881835938
43141186.8518751115 995363.2880859375
42830183.7401018366 976098.1435546875
43946039.0357302874 1028958.9394531250
45347474.7360187769 1052117.9824218750
45042130.5129982159 1047571.4980468750
44243663.2649053633 1035475.5693359375
42208377.5406401157 905213.2490234375
44281695.5369536653 1036024.8408203125
42453368.4826768711 941959.7377929688
42547008.1299963966 954577.2607421875
42684762.3437910825 966449.4218750000
43524491.3400969580 1016701.4609375000
44957909.6228713468 1046081.7373046875
44868460.9587451145 1045355.7519531250
42613328.4845455140 961355.1435546875
44367617.3253672943 1037002.3886718750
45620792.7805384323 1054019.0244140625
45196244.4285843000 1049358.9843750000
43717162.7131809741 1023479.3261718750
47559166.7732092366 1058538.2519531250
42389143.6208176985 933269.2919921875
47552473.2435181886 1058528.8505859375
42418564.8301527575 935671.4086914062
45192644.7413612381 1049322.6503906250
43065717.0371249095 991431.7607421875
42392590.9812985435 934324.4677734375
42471973.2873536423 946636.6948242188
43443716.5883646905 1010014.2402343750
42830140.4997432083 974504.0166015625
45069292.4706598669 1048068.6806640625
43942898.4240955561 1028406.1923828125
42277321.2570824996 912913.1303710938
45568874.3966962174 1053800.4345703125
42119603.5851287693 883945.3740234375
45254957.4454363734 1050494.2353515625
43239607.6384216547 1001577.7167968750
43867392.5163060650 1025277.3945312500
43350985.4770995677 1008497.4423828125
46741795.0671216026 1057382.0058593750
46996087.2342921272 1057949.8115234375
44590698.6949832067 1041088.5292968750
43339333.2911050245 1006221.7666015625
42165914.4409430176 896938.7216796875
43444846.8843110651 1010692.1464843750
43078121.9923297912 992273.7900390625
42758724.3912209868 970295.0957031250
45379464.8323872089 1052301.1455078125
42523685.7381152883 950741.8554687500
43945127.4598950371 1028860.9531250000
45624392.4677614793 1054055.3583984375
45438894.7245488092 1052800.5722656250
42232375.3098834530 909584.1718750000
43308691.9218190163 1004245.0263671875
42455501.8674938679 942716.1372070312
44040198.8318673298 1031950.7783203125
45332715.6252117455 1051966.8828125000
46643401.2923250347 1057294.5439453125
43117746.1669607162 993418.4199218750
46542064.4188037962 1057198.8544921875
45052835.7514374778 1047809.4628906250
46432872.6441049501 1056411.9511718750
44134635.3524360731 1033176.9062500000
44966902.8849941567 1046500.4833984375
42379205.5776171759 928878.3540039062
46989569.2840665877 1057625.4062500000
43121475.0576372668 993955.9277343750
46079822.1343207806 1055802.9970703125
45002316.0843781829 1047441.3632812500
43124826.1939639896 993981.1660156250
44012865.9299083576 1031598.4248046875
42678593.7319582626 964496.5654296875
42217626.5618724674 905219.7592773438
42364035.6175578609 927661.9194335938
42373747.1020217389 928074.8754882812
45637721.2620552257 1054076.3164062500
43225866.5649937838 999168.7880859375
44789024.8087451234 1043986.7890625000
43214511.6018242389 999165.6718750000
44700875.0619487837 1042765.6630859375
44998241.6273513958 1047052.2988281250
45727415.0211152136 1054414.8847656250
43129203.2320514768 994137.0732421875
44563354.2182831094 1040545.0029296875
42936098.3206920475 981851.1093750000
45125042.8829668611 1048819.9609375000
44983359.6042165458 1046840.6699218750
44649287.0847264379 1041726.8457031250
44960209.3553031087 1046217.2714843750
44745198.6713768691 1043683.5908203125
46121054.1862828061 1055852.9628906250
43106538.8617004901 993280.2236328125
42749613.2805272713 970187.3173828125
45734108.5508062616 1054695.5888671875
46135872.0641722754 1055883.8779296875
45088248.9508215040 1048750.2392578125
46481585.6476867944 1057143.5224609375
44683847.4657751322 1042376.1601562500
44793099.2657719031 1044384.9218750000
44707166.3993285820 1043139.5234375000
46457403.0728868842 1056742.0585937500
44941252.8751414642 1045914.0761718750
45218228.6229689121 1049747.1435546875
45477965.1086344868 1053463.1035156250
46739287.5066579878 1057381.4130859375
42373878.2489982322 928827.9970703125
47231314.3641026393 1058091.0000000000
43455325.0867930576 1010716.5429687500
44104747.3090397492 1032059.1064453125
46748488.5968126506 1057390.8505859375
47335044.6430015564 1058126.4462890625
47341738.1726925969 1058135.8476562500
43980430.5113805905 1030521.2353515625
44640085.9945717826 1041717.6835937500
43702480.2982238457 1020827.3857421875
44806002.7404936776 1044410.6933593750
45236402.5601910651 1050210.9863281250
44831131.5378202051 1044911.6015625000
45322335.4266343936 1051508.0263671875
44884938.1335944533 1045539.5712890625
45471271.5789434314 1053183.0576171875
43394000.2915917784 1009277.4072265625
44350123.8170884624 1036887.4345703125
44455813.0110073686 1039312.3212890625
44411665.7776254267 1038146.4160156250
44465014.1011620313 1039320.7724609375
45536479.9508488551 1053626.6347656250
46229472.3013057411 1055996.4707031250
46371412.4972356930 1056236.3027343750
44379496.6905708537 1038066.9228515625
45165695.3561481461 1048993.2265625000
44321201.9201165661 1036660.7900390625
44274581.4417330101 1035896.9648437500
46380613.5873903483 1056244.9189453125
44396921.2480853200 1038100.6279296875
44939432.9561292604 1045563.5507812500
46733597.8518924192 1057377.0839843750
46479078.0872231796 1056997.6787109375
44442319.3916941881 1038693.0800781250
43390515.3179935068 1009206.5605468750
44700049.6885148957 1042398.9365234375
44087322.7515252903 1032010.9648437500
46414445.0860217661 1056387.9218750000
45531170.3841298670 1053583.4306640625
46138336.9765351638 1055964.8505859375
44682625.1310004368 1042370.6621093750
43138899.5282215029 994211.8251953125
44626858.7135651931 1041235.2275390625
45787313.8263016641 1054815.2451171875
44244885.5996800512 1035478.9472656250
44253109.0670398548 1035509.4335937500
45836692.8423272818 1054854.8144531250
44190721.2913931534 1034858.5800781250
43238460.9066593572 999173.0634765625
44404900.0034652948 1038104.4609375000
44406122.3382399827 1038109.0791015625
44388697.7807255164 1038075.3740234375
44262310.1571945176 1035517.9599609375
46724396.7617377564 1057367.6464843750
44261087.8224198297 1035514.5820312500
45730939.8166325539 1054488.5195312500
44145323.1477842778 1034255.9208984375
46438394.1181638315 1056704.7333984375
45199348.5927473307 1049466.4765625000
43376390.6639884859 1009132.5839843750
43462627.6209711507 1012384.4726562500
45863854.3307057545 1055037.8613281250
44165713.9471596405 1034446.7324218750
46855519.3023587912 1057602.4931640625
44191943.6261678338 1034863.5312500000
46037613.1917623505 1055272.2490234375
45137562.7028812170 1048954.1416015625
44182742.5360131785 1034855.1074218750
45421154.8362135738 1052519.1953125000
44001510.9667388201 1031595.3691406250
43413183.2438506410 1009409.7607421875
45146763.7930358797 1048963.5371093750
43116235.1578705311 993355.0195312500
46046814.2819170058 1055281.7167968750
43298062.1349160746 1004206.1093750000
43459142.6473728791 1012313.5527343750
43349029.5872750506 1006296.2246093750
46385454.1865609810 1056277.5019531250
43319899.2270792350 1006167.0917968750
46239755.5049196109 1056054.5273437500
46254703.2324421406 1056101.0283203125
44129095.9197841957 1032073.2919921875
46245502.1422874853 1056091.2685546875
44080904.2432831451 1031955.5009765625
