90474670.4614431113 45389.8611355294
89410694.1671599299 40122.6831267504
103803827.0886140466 60784.6340637207
89483042.6056036800 40798.8390563158
89713208.9675915092 41962.8072139053
88921344.4914020896 35480.5042513234
95530802.7555218041 58500.0240783691
95167260.5190608948 58154.8937683105
93575851.0101314783 55420.3527908325
100955846.3565974534 60478.7507629395
90557323.4285657406 45924.8925105361
89983139.3636696637 43323.2613154678
96471645.0325669050 58954.0946350098
90345863.2268672436 44760.9912014473
100223331.0541312844 60324.9286193848
100618900.5269676000 60440.1112365723
101874142.1916435808 60730.5138244629
96478348.1421716511 58954.3503112793
91170944.5775622725 48594.1944279131
101867439.0820388198 60730.2581481934
101502022.3453033566 60607.7033996582
100853642.0973114222 60475.8875427246
94245713.6801125258 56905.1387939453
96103410.3362524509 58793.3827209473
89442554.7083124518 40413.6395325037
89888100.9454478920 42707.4133158950
101321263.0933329314 60601.3055114746
94688903.1641763449 57546.3237304688
88700006.9569681436 30906.5586655462
90630829.7998250127 46190.7043772358
90636269.2538413852 46293.8161755074
94678152.5952680409 57524.0235290527
88964553.5447334349 36757.0022431621
95409176.1274054497 58391.7090759277
89128967.0058763623 37853.3755341778
89129792.1517298520 37862.0824872265
88802653.5520690233 33323.3431506073
89439441.0907054394 40220.1014465662
104765937.1429154873 60909.2021179199
96113776.4295881838 58793.6383972168
92357628.9915184081 52326.7332382202
98772083.3912799656 59894.5570373535
99616469.6374472529 60166.3418884277
90775190.4796796888 46836.8220759658
88741318.0087919086 32479.6829477893
91705521.9183532447 50434.5846757889
89044848.2485679686 36946.3870039801
98877571.3607777059 59944.8271789551
92717360.3294390887 53458.0867309570
89116628.0138114989 37692.0291775158
96468338.5670716763 58946.1042785645
89413753.0758153349 40129.4777606754
89758989.7971451283 42338.2896504672
90975449.7409600616 47540.1502009658
98660159.6920182556 59816.4927062988
89449527.6964490861 40547.3495218353
92341321.2721294314 52315.6099472046
89313747.4737365991 39784.7695984216
90187712.2910429537 44288.1010283753
88984867.4045275152 36775.5267619723
89030629.5928055346 36946.3836531742
90027477.2655766457 43525.2092526779
90451078.9948692918 45255.6658107070
96225695.0557085425 58869.7611389160
90155184.8669358790 44244.0554691581
89217977.3135617971 38368.7647839831
92499775.6675326973 52867.0424118042
89613433.5975824147 41295.1662837295
91660968.0996021628 50317.5385482907
89703003.3244090080 41880.7683393685
98699462.9052034318 59842.7082214355
89534960.0344929397 41050.8776484756
92463308.9648697972 52813.1565170288
89683214.2411085516 41800.0140758781
89104543.1471719146 37636.8166831555
98650733.4364453405 59814.4908142090
90010617.8329846710 43520.7740093498
89530648.5088498294 40936.9042571215
89659455.7434256822 41565.7741912035
90236142.4175595343 44422.2018294370
89838446.9402747005 42679.1185819833
101043630.6587652117 60491.0025329590
91015191.5627400428 47837.4146384252
89226477.7382287979 38470.5920432629
89969771.5253919959 43301.3213878898
95903883.4129667580 58732.6847229004
89813131.3862349540 42672.4514538078
96354678.5795319676 58907.3829650879
98415623.1318506449 59679.9096374512
95856491.0719233900 58660.7359924316
100051576.8149386048 60291.1381530762
92050552.9017317742 51532.0208244324
90913886.8662493229 47111.5790781341
90099227.0594373047 43690.6176619566
89652965.9244014174 41528.5974257765
91809592.0504661798 50583.8068063855
94505964.1894955188 57190.7587127686
98474357.2921305895 59775.7254333496
89388444.5487603247 39991.0948355971
99305847.4354218096 60088.2272033691
90772403.5372000039 46814.2309415070
88737408.4462227672 31006.4736820186
100537900.5062708706 60377.7706604004
89085283.1884450912 37444.3874333380
101440845.8596851081 60607.4477233887
90397861.7377689481 45129.9477765290
95908952.9343012124 58746.1886901855
89682843.2048367411 41579.2390849134
99992734.5192243159 60277.6238098145
91128045.0075663328 48390.5471621174
89641183.6960862875 41419.4334208509
100797114.2129807919 60452.3324279785
89508398.8904501945 40805.3159659682
97071211.3840447068 59214.3957214355
90541107.2874203622 45837.9881067891
91432949.0817595124 49478.3742708527
90319011.4347611517 44751.6765346563
95541168.8488575220 58500.2797546387
90503037.7726860344 45468.1077262713
90372235.1426018625 44982.5775791956
92259176.4291801900 52211.9760513306
92275484.1485691816 52223.0993423462
103985787.4071132541 60808.8628845215
92591584.6859602481 53082.4692001343
104063509.3570381701 60876.4034118652
94226034.4592732191 56656.6656951904
99599355.3367571384 60144.2093811035
91286719.4381941110 48895.5029148244
90828827.3657861948 47060.9211130485
89257774.2223492265 39033.6709950948
91163099.3415653855 48402.4924979246
96365044.6728677005 58907.6386413574
90082054.5283318311 43580.2999587095
95149054.0482356250 57989.7807617188
92688726.8835963309 53341.0579357147
94907138.4398910552 57760.8291015625
99259362.7695649564 60041.2886657715
89750832.9937655032 42042.7019414986
91224325.5543111414 48628.6461557709
104515844.6526695341 60878.7555236816
91239196.3229240328 48682.5639681183
92132632.9613193572 51744.2019811682
94171433.9831589013 56562.9754028320
99961725.3359302878 60202.4829406738
90442674.4591472298 45224.5424103149
89106523.3965389132 37656.3709128918
88864524.9645751566 33956.1352683898
89261239.9750968218 39036.3673013831
96635719.5875938982 58998.4477233887
89570232.2816713452 41114.3796482122
97609128.8138361275 59500.4921569824
91467451.9962209612 49640.7939508557
94428781.0850064903 57152.2590637207
94281032.6926968545 56920.8377838135
92686382.6241614223 53281.5492534637
91069925.5194619447 47977.9241094701
90254232.1682818085 44562.6353159294
92554116.9540508837 53009.7573471069
89111667.4561761022 37656.3718830893
89056005.5538898110 37308.0296170848
88888625.8232714087 34990.5480529662
94777115.2967246324 57642.5653686523
100169907.3703774512 60323.3797912598
91925933.8208113760 51215.9299678802
92394913.5828790218 52640.1460552216
92360933.8294676095 52330.1218719482
91800098.3392064571 50566.0343837738
99492756.8979306221 60143.7270202637
88940290.6303331256 35685.5952974852
91317377.3768821210 48955.4263322949
94036970.1197077781 56389.9153442383
99603049.0339230746 60162.1855163574
91349216.7928367406 49023.2382734418
100441101.0856305212 60338.2671203613
100140646.0882824510 60304.9212951660
90405935.7958062738 45170.7880869255
99128185.1853471696 59983.0151062012
101206021.1096473783 60546.5621643066
90626105.2022169828 46185.0759624895
99238477.3213396072 60001.4736022949
95681761.0521943718 58585.4767761230
90725464.3989714533 46404.3036814079
101434128.3657656610 60603.5470275879
91875078.0625056773 50962.0444188118
90191596.6164995581 44327.2955201706
91383181.0587590635 49084.6374988556
89942425.7807677090 42966.8414186081
97481376.9340522736 59405.8066101074
91614643.1240163445 50018.9426803589
101211882.4425275773 60567.7707214355
91629208.6776884496 50036.7812252045
90607127.6979078650 46068.4517359769
92110099.1322328150 51573.0441112518
93797210.5893238187 55962.6870880127
90462737.7561354637 45337.8593115842
98874136.2185293734 59904.4916076660
98872759.5956711471 59903.9984436035
91825881.0156736076 50788.9410228729
91607332.0651704222 49994.2080057263
92250498.6364834011 52093.5211925507
95790993.7150665522 58587.2016296387
95220732.6659524739 58263.6592712402
91952932.0156436712 51341.7536907196
94758772.4100120366 57573.6522827148
92972480.6853341013 54250.6715011597
90749427.1993828118 46613.3391393134
93874316.4196645021 56062.1637725830
90591705.4406311512 46047.9600188872
93233793.1561364532 54762.0564575195
91728640.4966801107 50532.7772274017
101164529.5966277122 60540.0464782715
93046085.2163342237 54332.6316223145
90144682.6124902815 43712.0670395745
93287266.5197405517 54980.5038757324
96567426.7377887815 58975.5352478027
94777844.9815761596 57654.6387329102
93989854.2871076316 56379.9130096436
89152119.6754580736 37999.8958268302
92167077.9513477534 52047.1490249634
94557113.2774814963 57351.7517547607
89391245.6280240715 40056.0448116669
99269613.6137694567 60060.0097961426
92086084.2204556465 51551.1530227661
94989525.0416637808 57902.9814147949
99986208.5576563627 60210.1692810059
97697060.7434057444 59510.6649475098
95669234.2076806277 58547.4851379395
88864582.6281549931 34858.6848610040
94628314.0113887489 57416.1569671631
92110419.5787745714 51585.1000137329
93905391.3012566268 56083.6136016846
93947421.1027706861 56182.9542694092
88854654.5806568563 33916.3179843599
96664047.6497681439 59078.5381164551
91533742.5529426485 49735.2278177142
92862659.9934320599 53772.8308715820
96724489.6491708308 59094.9565734863
91414311.2511187345 49187.2289651474
93254698.0078757107 54922.9710083008
97089061.3617542833 59255.6684875488
92830691.7491833568 53690.2659416199
90728749.3736204058 46430.3050410297
89254499.4569365382 38527.8510000119
98462808.9686806798 59700.9468078613
92035941.4938980937 51442.1468334198
96849520.0720686615 59198.7384338379
97210867.4421964884 59356.5259094238
91591274.5168916881 49798.4584903717
89266872.0789687186 39431.4163484747
92135373.3128897995 51938.1428356171
90958007.7205052078 47425.5839185715
97823491.4504493922 59600.2248229980
97755645.9273041785 59517.7201843262
96846295.7296130210 59195.8139953613
97758870.2697598487 59520.6446228027
91105255.4257835448 48115.8942003250
90929906.5321688652 47318.0002927780
92121857.6357026696 51586.6183757782
97972556.1234007627 59640.3034973145
90960000.6990057975 47440.4132242203
98182213.1575672328 59666.2010192871
91825372.6134822965 50681.9663562775
93061181.0420597792 54415.4016647339
92310381.7169505358 52236.2794761658
90943953.0470090210 47421.3456907272
98436099.8283273429 59683.1320495605
93175870.0760681331 54576.1135787964
95271578.6015701443 58313.7491149902
90732811.7190892100 46458.5338369776
93507363.0656644702 55280.6618957520
93499475.9460898787 55208.2997512817
92873193.2809337676 53849.8514022827
97214091.7846521288 59359.4503479004
93957814.6385561079 56297.3478851318
93463942.3932332247 55168.3535842896
92926968.7322320789 53949.7316513062
94239558.0154798925 56818.6595993042
95161479.3510512710 58055.0348205566
94359108.1908828169 56998.0432128906
97141112.4199552238 59282.5914001465
94339337.1368572563 56969.4031982422
93538653.1677635610 55416.3798751831
94071851.1336927414 56483.6228485107
96776540.7073717415 59121.8794860840
93129957.1587385982 54523.8497085571
90763860.1956608891 46650.6726344535
97377185.6110799164 59359.9327087402
93253080.7376316935 54793.3482666016
93576984.3595397472 55546.1066818237
93164488.0113058090 54540.9036331177
93590382.8658983707 55581.1838226318
93702143.5107704848 55689.5374908447
93722476.0495846272 55741.2208251953
93598687.9827311784 55619.6448516846
93613564.2880515605 55639.0315704346
93733057.0166819543 55857.6031494141
103442709.6957402229 60750.4436340332
97548499.7078258097 59413.1098937988
93969434.6254662424 56308.5675659180
103662467.4300993085 60777.0389099121
