144842504.6481449604 1619147.9970703125
134942944.0040769577 1349734.4792480469
138514819.9669782519 1507878.6645507812
146501800.5341537595 1627004.0175781250
138246876.2930051088 1499111.5561523438
141928676.5856186748 1584571.3652343750
137971776.6613208055 1490446.2446289062
138214607.1407691836 1496597.7836914062
139013915.9411944151 1517061.7265625000
137955081.1084811687 1487318.6469726562
135105093.6643372476 1361188.7456054688
144508346.5194217563 1618483.8945312500
141006060.9839243889 1566439.8256835938
134217895.2753650248 1298032.0577392578
145427238.6407033503 1622602.4023437500
134913141.6243328750 1348631.0974121094
141315617.5817450881 1574219.4912109375
141137515.7945598662 1570224.7138671875
146297849.1484857798 1625148.7490234375
141756759.1186597347 1581547.5693359375
142756867.1816598177 1599798.3637695312
137687614.1503459215 1476748.6801757812
139193028.6712972224 1522646.5937500000
144136596.2429338098 1614503.1435546875
141892715.9496332705 1582305.3989257812
138225076.7872245014 1496952.7338867188
138706573.8238203228 1511025.5122070312
145157270.0894159973 1620276.5019531250
135416811.7508447766 1387004.1215820312
146632588.2068352103 1627050.4492187500
142918016.0393688977 1601363.1147460938
138322679.9142161906 1500527.4658203125
141484538.1726294458 1578997.9111328125
137007984.7447376549 1453934.4541015625
134156379.0183252692 1297008.6143798828
141667262.8564858735 1580721.6074218750
135782008.5264475644 1405808.3005371094
137480772.8795229197 1468792.8515625000
139342785.5926220715 1528288.3647460938
141017082.5653417706 1566938.7651367188
135155512.6972901225 1368265.6369628906
137595046.4745616615 1474066.3291015625
134373810.9422139823 1308690.7673339844
143589039.4112758934 1608297.6201171875
135886567.2523715496 1407956.3620605469
139968681.2552891076 1546090.5566406250
134904858.1576494277 1345268.5969238281
134692955.0216894448 1335905.5664062500
138078551.7037886381 1492208.4028320312
137518367.7579345703 1472381.1645507812
135895217.7613002658 1408537.5249023438
143962607.1653824449 1614213.8251953125
139713396.1301218271 1537414.7961425781
138621805.9431696832 1510118.5903320312
137896525.8142819405 1482254.3764648438
138350178.8553116322 1501383.1748046875
141225977.8677092791 1573977.8271484375
135497001.6200464666 1388326.4458007812
139937902.0922381580 1545911.9960937500
137909631.1129043698 1486915.1030273438
138782298.4599946141 1514975.1752929688
138510671.3721365631 1506239.7597656250
140698473.8214660883 1563739.2504882812
138179626.7916475534 1496549.1899414062
138545380.8071705997 1508521.8872070312
136057197.0943247378 1418414.9792480469
140851262.2830467224 1564184.3530273438
136443287.4665528536 1433718.5053710938
138514342.9530107975 1507247.3227539062
143624800.0006163716 1610825.7695312500
139755564.7865121663 1539138.2993164062
139241696.5371834040 1522924.2656250000
144397631.7356240451 1617992.3583984375
139866948.6223354936 1541740.8955078125
141048019.5323859751 1569385.8828125000
134606276.8872237802 1331842.3304443359
135340236.8553791344 1386362.6191406250
136056701.6504012048 1414859.7561035156
138341743.9995118082 1500765.7412109375
141378766.3292899132 1574447.3994140625
140123700.8757950962 1550263.9150390625
143154527.6289620697 1605805.6411132812
136827842.5375202298 1447127.1289062500
139298354.1371361911 1525914.6469726562
139062512.9646393061 1520396.0029296875
136410356.6394583285 1432458.3571777344
135709387.6960106492 1404164.8476562500
138384888.2903456688 1503665.3022460938
135188289.9021818936 1374091.3886718750
136704479.6697947085 1443152.9277343750
134286246.3927723169 1299773.2468261719
135982483.0394092202 1410861.6994628906
135420980.3185161948 1387691.0625000000
134337207.9803439081 1308095.2292480469
135987895.4499486089 1411003.3164062500
139674057.1486612260 1535914.2949218750
135147661.8740164638 1366876.6628417969
137732953.1418482661 1479050.1826171875
138357217.2788841128 1501870.7514648438
137481914.7182010710 1469958.6623535156
139251174.9173777401 1523021.1386718750
135171058.2522412539 1368539.8686523438
140961701.8847981393 1564709.1391601562
139919286.7529237270 1545753.6435546875
140520515.4861427844 1559139.3149414062
144380094.7752376199 1616905.8359375000
141052598.2140545547 1569911.0209960938
134287072.3102407157 1303994.5395507812
139282376.1655230522 1525157.3701171875
144981418.7861116529 1619784.7558593750
134440473.7087942064 1311453.7324218750
147476692.6079636216 1631017.7099609375
135827402.9331236780 1406037.0302734375
147842583.8143487573 1632077.8974609375
140587764.9875003099 1562329.0551757812
136170975.2454399168 1420006.8820800781
138685334.5581857562 1510804.2241210938
139469095.3887093663 1532438.3388671875
136378707.1454614401 1429915.9970703125
143692692.3423935473 1611187.5644531250
143601577.7900651693 1610615.0263671875
144631186.4078104198 1618744.1367187500
138845827.0750106573 1516085.5600585938
135006514.4652120173 1357403.3508300781
146174286.0208443701 1624971.2255859375
140221409.4950580299 1554357.0556640625
140990739.4204727709 1566155.5014648438
140427272.4706753790 1556865.3627929688
136033305.2721764743 1413163.5285644531
139916881.5855405927 1543791.4423828125
139938319.2550806105 1545954.4858398438
140060916.9782330990 1548893.3632812500
138444262.8469150066 1504255.7646484375
139351802.6399942338 1529190.3710937500
148346937.8278945386 1633092.5566406250
136232742.2667225003 1424918.9396972656
139512295.1568192244 1534582.2792968750
134517875.8400498331 1314448.9851074219
134778731.0689063072 1338435.9995117188
136452109.9779733121 1435885.1081542969
144668757.7635006011 1619084.9248046875
140077374.1023655534 1549255.1347656250
136699034.9935296178 1442970.0976562500
142814991.4913199544 1600254.1845703125
134828716.3669496179 1343570.7443847656
138322507.8438500762 1499588.6240234375
138471761.7880103588 1505111.4736328125
139808179.6369627714 1541487.8769531250
136580957.4398163259 1440609.6987304688
139777826.7382556796 1540490.7934570312
139024713.0736136734 1519106.6708984375
136667350.0206952989 1441986.0478515625
139160702.6689298153 1522049.9023437500
136358392.8901932538 1428086.3818359375
139984746.8716230392 1546292.6621093750
137168477.2615626156 1459050.1396484375
139446701.9330836833 1530477.7148437500
140500092.8863230348 1558194.3715820312
139321195.1857547760 1527403.0224609375
137207776.1712454259 1465628.1850585938
136947732.3526377678 1452471.5961914062
135510381.4385894537 1395931.0751953125
136367370.5039865077 1429406.5812988281
140374065.9880772531 1555534.3769531250
147100960.1782672405 1629245.4130859375
142915327.8030211627 1600281.4414062500
147621492.3958507478 1631989.0371093750
140252561.9520584643 1554891.3291015625
136248437.5073119998 1425969.2153320312
139704094.9031877816 1536733.8227539062
136990741.4720394015 1453388.0605468750
137395103.9128696024 1467556.4553222656
136017905.3130179644 1412552.8835449219
144147477.8592592776 1616042.0498046875
145159003.5088539124 1620784.5380859375
140092069.4352335334 1549427.6367187500
136250689.6170543730 1426828.6362304688
135875818.6027113199 1406725.6245117188
137038477.9233310521 1456559.8820800781
148178429.1087881029 1632758.0664062500
142580811.2005905509 1594449.4746093750
139008023.9255155623 1516260.4448242188
136474969.2601093948 1435972.9499511719
143745431.7893895209 1613207.6318359375
141423778.3681972027 1576546.3466796875
143950309.5033416748 1614120.3554687500
136635461.7769343257 1441114.0310058594
135503871.1106198728 1389477.9511718750
135287852.3515602946 1374211.0185546875
134514002.3082345128 1313912.0039062500
142480474.8888893723 1594422.2177734375
135318041.0453301966 1384796.6459960938
135853823.4097345769 1406087.5715332031
135532194.8483192623 1402426.8979492188
135143318.6623806357 1365839.6938476562
139271922.3370390534 1524986.8120117188
134582038.6011569202 1321289.9106445312
142198309.8367682397 1588156.8945312500
135291275.9268028736 1377473.7426757812
134583269.0124492645 1321525.8740234375
140048821.0557668507 1546393.7856445312
143200943.1778083742 1606620.8164062500
136646924.2742116153 1441441.5908203125
136826012.1890332699 1446897.6931152344
135921928.6155533493 1410188.4555664062
135445743.4820158482 1388000.2329101562
142119900.4358275235 1585813.8886718750
142431340.3724602759 1591996.8642578125
137895070.5325472057 1482055.4497070312
142294584.8256177306 1591931.3076171875
136511646.9133030176 1436642.0144042969
145742004.0819743872 1623730.7685546875
141911903.4039341807 1582513.5825195312
136486431.7573866844 1436300.5097656250
136200774.2003569007 1422450.0014648438
134521752.7554094791 1321098.9228515625
136329915.9990014434 1426875.9260253906
147353316.7030797601 1630547.3515625000
136777551.3613125682 1446524.6779785156
147846729.8047572076 1632744.5732421875
135776144.4917486608 1404396.6003417969
142452341.9878719449 1593107.3632812500
137612859.8872997761 1474639.9755859375
142976608.1471922696 1601946.6606445312
137090356.8945133090 1458475.6667480469
136727664.4092096388 1443745.2531738281
143924098.0534841716 1614026.9462890625
143290547.4077452421 1607139.7753906250
135996263.2302297354 1412405.2277832031
137062836.8442664444 1457460.6540527344
142154935.7977081239 1586400.9252929688
142637234.2969535887 1598397.9003906250
147519661.3782326579 1631269.7226562500
143124816.2848403454 1603820.0483398438
142157610.1772021651 1587852.3608398438
136851310.7074606419 1448798.5141601562
136520212.6520524919 1437453.3679199219
134452486.0511947572 1313485.0527343750
144307889.1033381224 1616643.0800781250
134822659.1271976233 1340917.8356933594
136389601.1806265116 1431317.8127441406
136931603.1016221046 1450762.9833984375
143088357.3147308528 1603315.2011718750
139865055.6465426087 1541521.7207031250
136006609.9868029952 1412548.8496093750
136878830.7577074766 1449813.5268554688
145030602.7454846501 1619881.0351562500
136674892.0652950704 1442862.8151855469
135917452.3569491804 1408641.8935546875
143465846.6077868640 1608009.9438476562
145513794.5437606573 1622895.0371093750
137799800.4871774316 1480100.7070312500
136547732.7022992969 1438468.3806152344
144219683.5311589241 1616304.8056640625
137342259.5996384025 1466312.9550781250
137369886.0371394157 1466818.8583984375
143358439.7495223582 1607387.9057617188
142599325.3814615905 1595451.4199218750
137883900.4471044540 1480165.8444824219
144847043.0408124030 1619357.2744140625
136730752.1597321033 1444143.7199707031
136812909.8064287007 1446622.0480957031
136776202.1553090513 1444303.7463378906
143894268.2225421369 1613361.9541015625
142589755.9107119739 1595449.8417968750
136932520.0935294926 1450766.7104492188
137791961.7819198370 1479122.9958496094
146297883.6926730573 1625610.0800781250
143900333.3645162880 1613782.9287109375
143650055.4492468238 1610935.4394531250
146386448.7008265853 1625650.7753906250
147502383.0916792452 1631149.0605468750
142115220.9753326178 1585617.4243164062
147393606.6183507144 1630767.6708984375
147243139.3646787107 1630275.1816406250
142449811.8911085725 1592032.8891601562
146771544.6312184334 1627946.7480468750
147199154.7952105105 1629448.6064453125
142085215.9972502887 1585111.2260742188
146880788.0791294873 1628698.6445312500
142292723.9673429728 1588503.9975585938
146980810.5560624599 1628879.0585937500
147030651.8485033214 1628974.9677734375
146116807.4040682018 1623824.0644531250
