78132264.6541228741 27868.4709223646
78432032.2158944756 31694.4973114754
83354495.3990222812 47433.4290027618
78131080.3215045482 27840.2694052595
78065670.2974482477 26906.7764477432
78794940.2076564431 35509.7939930372
78088581.3302846700 27031.3264507949
78642032.1695148647 33533.4908175195
78479030.2408733964 31998.7079127965
78529206.0536743999 32528.1522555078
78041043.3213541806 25911.2420335735
82131110.1220342368 43705.2484502792
79272665.1428663135 37959.9699400067
78464078.7658369541 31982.3799343979
78662384.3547564000 34070.5224123001
78379818.3644578308 31171.6648516307
78505619.5585036874 32477.0060369695
83004622.3249754906 46626.9014274478
78170300.9217973650 28408.1857634870
89334077.2259280384 55262.4781494141
78330927.4656468928 30655.5081980253
78520442.4965374768 32525.6738009180
78304777.9115842134 30231.5097817270
79628181.1264191270 40498.7249315381
78177972.7587396204 28658.8348673719
79140563.4750721157 37806.5496087230
78233152.7386713922 29014.9467296476
79697925.0578100830 40539.5086992383
79031059.8463173211 37681.9963165522
78481528.8920287192 32259.3690121149
78555514.0890781730 32622.4274935449
78505099.3980598301 32405.3015492882
78712799.0457747579 34287.6483565569
79711898.5726638734 40544.1147992909
78556981.2425289303 32623.7104220117
88975403.1326761097 55175.2587890625
78756831.0923406035 34912.0200434551
78040461.5003962666 25404.6862901337
79475182.8338848650 39381.2468222678
78140696.9298789352 27895.9259799036
79477179.4995188415 39492.5201280713
79504699.2532354295 39570.7947494686
78287371.6531268954 29830.3117633785
78219719.4122260660 28918.3821979488
79582387.7493951023 39718.2430742383
79427070.3918516785 38828.0785921216
79456469.5529930443 39353.2919575982
79358727.8509317189 38747.3495023847
78053949.8069571704 26200.4082242027
78825186.9223109782 35763.1237341315
78688436.9550222158 34142.0223349631
79530016.6512854546 39631.0237138867
78202326.3534211218 28810.6934927839
78689904.1084729433 34143.3052634299
78480061.7385779619 32258.0860836481
78632653.0415035933 33447.6360766478
78404512.4621778876 31616.2226900781
78496339.1953213960 32399.1817972685
78028854.3102630079 25311.3369893904
78698932.1255467236 34278.6689608414
78932895.3711836487 36814.2950989008
78031409.8318062127 25368.0270926245
80157718.0520284027 41272.7047787905
78458816.7673952430 31756.0092043604
78358050.4637384266 30786.8103207375
78457349.6139445007 31754.7262758936
78603568.6203642339 33351.9178001303
85867253.7747248262 49532.8924326897
78773460.0413697064 34952.1072882712
79548219.6579518616 39673.6760271192
78123381.6560486853 27818.7060131729
78298140.5034552068 29833.2714096035
78017111.5116841495 25193.1893979795
78833000.3995263129 35855.9430167700
78566686.9086539149 32694.5687850304
78269978.5943219066 29722.6230582136
78162491.8383181691 28072.0357542671
78667309.3441250622 34119.1518820822
79028241.5420569330 37600.4143118858
78159716.1802326739 28002.2856509387
84157024.3709518760 48147.5370817184
78258025.4113753140 29692.8248251813
78883471.3175189942 36625.7236579955
78259209.7439935803 29719.6634119886
78362674.0150407702 31140.4797009317
78026163.1802742034 25290.2963637915
78686542.6566784382 34130.1942709982
78098197.9386590570 27086.9830254391
78688009.8101291806 34131.4670676291
78281298.6241518706 29795.8679203863
78147874.1792546213 27971.9523052871
78072073.8138437718 26910.2712065876
79624579.0531875640 39818.3781764321
78399271.6589322239 31491.4948065306
79908200.8248485923 41061.4484057426
78108169.2886681706 27715.7194022077
78614834.0991816670 33443.9377730675
78013111.9543142021 24403.0906364508
78061927.4302947372 26225.7255366929
78579136.0981328934 33270.7502604580
78014853.5249044448 24437.9932220100
78021691.4559618980 25214.7219067539
78077762.4089193195 26937.9623474777
78830270.9646023214 35783.1601656402
78533272.5085633099 32583.7742293663
78534739.6620140523 32585.0571578331
78660490.0564126372 34058.6842164993
78139579.0642135441 27895.8042811292
78231433.9018859863 28938.1304369755
78053754.8525884897 26139.7111137832
78044204.3675497919 26085.7372011840
78339583.0193598866 30658.4678442503
78860227.1782642901 36553.0968285650
79122864.7902194262 37693.2667262964
79009083.1526064575 37521.2048602104
88257753.5720007420 52452.0391750336
78204990.8295380473 28880.9787087317
78346935.8241153061 30679.9602311577
78909163.7255713046 36691.4443926811
78922651.4595767856 36691.4542598017
78149058.5118728876 27998.7908920944
89185677.2853299528 55194.3188476562
89673265.5986247063 55452.3776550293
79800089.2894219905 40933.4296654612
89597730.5442506373 55397.8871459961
78240394.2411375195 29539.5785330671
89434544.9899516553 55305.1304626465
87732062.6162616760 51625.3795146942
87294132.6036329418 49943.1577415466
78174744.1148834825 28627.6489676374
78987446.3221361041 37516.4932971001
78146838.0158162266 27922.3876054920
78219246.4323928356 28881.1004075060
79735537.1749490201 40894.4631915092
78191557.5030927658 28807.7338465589
78356619.8736991882 30721.2289327110
78800402.5230485946 35641.1672631353
78120261.4001392126 27746.9053019422
78190373.1704744995 28780.8952597516
78097080.0729936659 27086.8613266647
78316338.8801051825 30585.8410148199
78097013.6060407907 27060.1444386318
78139512.5972606689 27869.0873930964
78270640.9557920992 29792.9082741613
78652872.9883261621 33838.7882515043
78032483.8770586997 25379.3689776435
78307683.3263921887 30582.8813685949
78871291.9140828699 36555.6576507092
78047629.1101726890 26111.3356103506
78250688.7538511455 29673.9114493902
78511495.5227593333 32512.4303284027
78243551.7995420396 29543.0732919115
78052209.0544504374 26135.7881180532
78030743.1245519668 25314.7488714941
78114572.8050636649 27719.2141610521
78086691.4729073346 27010.4580400623
78576679.0500484854 33189.9438784439
78745767.1725625545 34871.2306002105
78560432.0700663328 32650.7778925188
78591971.1746327132 33279.1349490006
78095895.7403753847 27060.0227398574
78395024.3200081438 31208.9435523426
88617277.9070965350 54407.7040176392
88295447.2423746437 53531.0845394135
89268323.2453195453 55209.2292175293
78348514.1787684858 30705.5760531152
78084446.9059596509 26951.6230129898
78138394.7315952778 27868.9656943220
78824742.6466879994 35655.0334353447
78129190.4641272277 27819.4009945269
78086048.1958520114 27006.9632812180
87521611.6560172737 50140.9547367096
78107510.6917747110 27097.9016206227
87639454.2946987450 51074.9296817780
