125738254.5864261836 205053.5527770519
125962053.0683850944 208329.3114379644
125923416.4238114506 207894.4232327342
125794728.6627119035 205831.0340341465
125020595.1685681343 197412.2461561039
140841334.0207609832 341934.4847488403
146594049.2675357759 368331.0108642578
144682996.0900412500 362204.2741699219
145190081.9284474850 364934.1625976562
139330185.2595782876 331895.8466440458
142904010.3262338340 354302.4357299805
145138398.5190149844 364390.5628662109
145783534.5838155150 367062.9322509766
128878838.8242408931 242031.1636020616
129130567.8006248772 244707.0227825120
129107747.6783254147 244386.9129172340
129226863.2055384815 245407.7637187764
129334547.4961643815 247441.6161567643
129374825.6077329516 248205.3982001320
129178676.7758613825 245355.8957040617
134545041.4764041603 294193.5413583567
131879300.9593233019 270534.1721071005
131213710.0175748020 264944.9970020056
132622601.0121798366 277828.4500114918
131941308.8924458772 270641.6310417652
124088799.8422173411 184036.9531985704
124797246.1606100202 194480.7726932066
124939890.6719293892 195115.6506376946
143912159.7429552376 359884.4177856445
137362708.9734966457 315620.8801636696
149118180.6395523250 375196.0628662109
125834612.1307014227 206775.3163664341
126196815.3798702955 211835.8876364455
123879250.3850193173 180529.6482057093
129155142.6662064642 244841.7896222373
127788476.2709703445 229505.5270408528
127280544.5588928461 223686.0595111834
124770561.3818928003 193835.6541507104
124551372.5853323191 190221.8190973261
151808933.5651910305 377381.9709472656
151960173.7853680849 378405.5278320312
124965576.4839639366 196467.4216375994
128382390.4614565670 235505.5102798522
128074288.1884404421 232811.5342014590
132030629.2487931699 272928.7454874516
150269808.2575513721 377048.1535644531
140065120.9903090000 336328.4924926758
127577755.4456600100 227691.2491941663
127214390.4046552479 222590.0937670126
128195293.0244641751 232970.7146813869
140954844.0801912546 342450.2511062622
140447930.8620280921 338935.2357559204
128472030.5253806412 237364.9212280074
138652736.9415151179 326300.8373546600
137699658.1883399785 319375.0812745094
137662483.7815564573 319173.5897526741
123847327.2870575339 180020.6262060093
124228594.6819832772 185656.4511594546
124127013.9352863282 184564.9954629090
124198576.7410915345 184983.0158050802
145626349.0671547055 366374.0388183594
145431573.5597752333 366036.9873046875
145705085.7650413811 366514.2202148438
125352712.4700517952 200880.1442523003
138284314.5013616383 323814.6892523766
140095898.3296061158 336548.2906951904
139305500.6902838647 331874.6415935419
139924851.1643684208 335727.9795532227
138739363.9066788554 326488.1355285645
135089439.1071168780 298362.0628211498
125260254.0518301129 199714.6216825321
127326687.4166308492 224765.6211614149
127225122.1594545543 223417.0564594256
142003087.8557944298 348324.1597290039
126282287.7255652994 211882.0905174175
138118774.0307208598 322689.0997605324
138079583.7309819758 322177.5769863129
148575687.5485959649 373839.9246826172
123752391.7285133749 178246.4791886537
135952805.4058177769 305545.8495135605
138512693.2843649387 325372.0034394264
143755405.6603680551 358721.1019897461
144350074.4217422605 362124.8082275391
144062750.9542751312 359888.2096557617
146761297.6413170397 369342.2830810547
147533156.2195274830 371102.7420654297
123354399.2110012025 170799.8313462143
123709904.0412903875 176353.0972495042
130428014.7271754742 257007.6155527830
133988901.0892442465 290624.5910940170
127119140.8657585979 221733.6001380533
126994265.0356844217 221672.1625159830
126716993.6595240086 218001.6296790689
132918434.4420702010 280569.5466328003
123411019.8551651686 172393.7739746571
145857667.4193578362 367542.7580566406
145087368.9880631864 364379.3271484375
146434068.4620079398 368012.9969482422
125569917.4402781874 203632.3362625763
132816940.3859301955 279769.0177631378
132558297.7130566388 277391.4876001775
135107758.4596304297 298434.2172221802
135173934.1908763349 299193.1661620140
126947078.1008427739 220170.4497081190
126905009.8503240794 220056.6948646158
132750411.7652297467 279130.0113850454
133108275.3185140640 282635.6082146168
137410166.7629445493 317268.9847557545
137765901.4256972373 320716.0367577076
143229370.3518842757 356305.4498901367
141487308.0010561049 346131.9539794922
133742979.2749540955 287737.7875610619
133888255.4577909708 289354.7866189480
128110196.1217145324 232949.8213334084
142797384.8415584266 354174.2628784180
141776522.8587271869 348306.3980712891
142018444.4343561232 348829.3100280762
142316695.9475599229 351792.4910278320
133303633.3384382874 284351.1493604183
132990654.8161773533 281616.9931104183
129995193.7895535976 253147.4248733521
130002390.2442164570 253162.3667678833
129933025.7154713720 252536.0149612427
134694371.2564553022 295278.0992202759
135127135.1073835492 298470.8130431175
134728401.9929248691 296204.2193541527
126455904.7820287794 214551.7244738862
126592380.2570216358 217459.5264075845
126785827.9887745082 218582.4940356538
126111757.6296679229 211703.3799827695
126838904.3889938891 218869.6039904878
135653638.6421263516 302709.0111427233
134952302.8790054917 298360.0947508812
136802105.8414452970 313045.7130882740
134148621.2063572109 291631.5548830032
137422885.4575515389 318121.9843258858
144763615.7809288204 363337.6502685547
144306163.1360450983 360865.3142089844
144173255.3602334857 360618.5061035156
137885345.2196142972 321513.7149872780
133161917.5422440767 282791.8713302612
133360943.6301524192 284462.1243405971
133393814.0272101611 284633.4296904504
136746593.8455278277 312196.2588522434
137027980.7931134105 314397.4176630974
136320294.3651681244 308481.8796446323
142080361.5434700549 348959.5330810547
142185938.0030765831 350141.3402709961
154902904.6246395111 378738.3007812500
142787405.5586316288 353510.9829101562
141623819.5925105810 346404.8057250977
142413742.4885536432 352385.4104614258
150458124.0621309578 377167.0531005859
132845257.0670962483 279957.8554680347
127836096.9812429398 229685.3290117979
125128721.0462867171 199374.1460136473
125381591.3541853577 202352.9923426853
128918709.4753085673 242357.0360550042
138801414.4896701574 327544.6950192451
138822939.5705353618 327742.6991786957
140672036.9032634497 340800.9323959351
128284006.1198116690 235337.2542980192
134131309.1515454948 291379.0886606028
141473726.7092546821 345368.5535125732
146279117.9671507180 367606.3444824219
137857081.7332620621 320851.5189700127
143132752.9193298817 355798.4841918945
143573052.6941364110 358328.3110961914
143489163.1184438467 357583.8183593750
131989259.9983200878 272753.2117302418
137064009.5887063742 314568.6193356514
137481025.1096529067 318192.1883368492
136989741.0558610260 314072.4694969654
136836360.4929046929 313714.0041649342
127967524.8081820160 231538.9949972630
130323388.6114008725 255421.3403315544
138314460.7675465047 324250.0781369209
132219260.7283529788 274665.7035515308
132436140.9504974335 276826.3254089565
147813395.4849762321 372695.2440185547
147221914.5236143768 370833.9222412109
154626484.2392467260 378695.5170898438
139455740.0239265263 332348.7717554867
139564396.3034500182 332924.8207762539
130334556.4422789365 256869.4926662445
140254782.5682052970 337944.4967117310
142543564.2962203324 352848.5360717773
148389124.3710519969 373134.3358154297
154214273.3878824115 378535.0681152344
132035538.9519443065 273132.5647938251
139387906.6951791942 331953.7953676656
147218968.7792072594 370774.2996826172
139836610.7728754282 334638.2427126467
142588255.0748974085 353398.6893920898
123732407.5171301216 177398.8282417235
127317950.1186744720 224209.1093511581
139157610.7438691854 330238.1157646179
151944739.0418520272 377468.1699218750
132389731.7313005775 275908.3226014376
147065111.3173393309 370508.5367431641
141027618.1457276046 342540.7433166504
141446487.4819805026 345268.5374069214
137963347.2126620710 321899.0813107491
150184057.8967529535 376776.9027099609
124275277.5597571880 186470.8449096876
139042736.9844445288 329815.8900036812
148436866.7188255489 373331.4801025391
126896764.1705947071 219918.7284612656
148822226.8342718184 374486.2296142578
125690796.5726604164 204815.8883943558
143824936.2112215161 358733.5198974609
128608111.4300930351 239386.0581497308
126050317.1307538897 209046.1117517948
126886622.9790797979 219915.1013696194
138826614.7043365240 327894.4606781006
138160058.5488269031 323109.1239877585
146706393.1616753936 369305.7491455078
137583481.8903703988 318706.2703976631
125634313.6740213335 204140.8887960315
140378843.3603047431 338641.6766204834
125080874.7125816345 198066.2440601438
124583287.8956783116 191150.5330952378
124299258.3509231955 188075.9174067425
124518154.3465290964 190167.3756158808
128654746.3296577930 240058.2620071527
141279392.4169187248 345117.1709594727
124155056.1304630786 184643.2029119992
123615443.8651039451 175938.4807557045
139656254.3818800747 333940.1272168159
135898643.4026180208 305265.8135084882
142151831.3876610994 350072.9818115234
128774501.1724641621 240995.3003783980
130714308.7356531769 260740.3706973791
124227127.3161382824 185620.8617254758
134854901.9934315681 296927.9465897977
133599731.1306526214 286696.9467260748
134219238.8819181025 292131.5302977562
134262185.7000171244 292138.8015151024
148364059.9500314891 373026.6943359375
123717409.1486553699 176950.2139019966
124042962.1153920740 183075.6046753126
135957737.8855611384 305994.4808878493
126574722.3048842698 216250.5944879055
135787265.8484128118 304524.5468988013
141595390.8645587862 346355.7143325806
124187542.5033187121 184805.9532950545
149528840.9422700405 375304.0924072266
149886142.7747387290 376533.5152587891
123153281.7357928008 165756.8198852539
123316892.7558490634 168357.3298985511
128432971.0623706877 237335.5577483177
141122911.6665684879 343725.4315795898
140199443.0416464806 337618.1841015816
135725504.8848176301 303879.8166741920
149022495.8699233830 374525.2208251953
149058652.2652073801 374914.1954345703
151196007.2599119246 377224.3006591797
124647640.9602381140 191840.8483163381
133551700.1003118008 286068.7219592333
133639714.5837174505 286849.3005725145
128060337.1782252192 232493.4565597698
123222395.9313104004 167287.3971699923
128100215.8164814115 232944.9510941505
131268404.2186289281 265808.9518475533
131125407.1546369642 264145.3523039818
131102355.6721492261 264027.5278173201
131069336.0046489984 263909.3990331404
133456389.4606046528 284893.9144577980
132698361.2762171775 278636.6359672546
136589192.5879471600 311180.9105674177
123985767.0781105310 182276.1392158741
136728909.7559827864 312130.0338525027
140589618.9246728718 340290.2557754517
127419377.2919427305 225479.8869378567
135688613.8032877147 303047.3066805005
131486500.2277832776 267461.9065875411
127751666.2151461095 228982.4140367508
136565893.6087249517 310188.0099648237
130523128.7972034961 258481.8395150166
127758431.8174931407 229091.3257584572
140794148.3406271935 340820.7599072456
141669776.4799757600 347267.6051635742
136389496.0003552437 309378.0439875871
136107201.5110856891 306739.2874061018
130851838.7583552450 261938.4584303750
130648674.8096131533 260346.9456639998
130685521.3716589659 260636.0075381994
130680321.7297647148 260448.7466893904
131417003.6112567037 266747.5639107227
147777938.3719340861 371527.5344238281
130492985.3041390032 258226.2380576592
123262358.4997847229 168008.1191160232
131354392.8874682337 266359.3582680225
129887043.9730622619 251926.0314812660
129924846.8810481280 252167.8004412651
147733863.4310307801 371117.0118408203
129676529.2810330987 249542.2665977478
130199938.8736502975 255189.9714048803
130016751.4871631116 253755.2169228058
123657221.8032467514 176076.2923145803
