118825936.2169089764 16496.2842084856
118706445.3981594145 16347.6412851869
117684301.6399293244 14266.9453988330
117920789.1844718307 14942.0702117340
118133846.1639072895 15282.5196570711
117853408.6076710671 14776.2730431812
118007638.9709628373 14990.3954011159
117426412.7864173800 13803.8522515552
119540308.2397957295 17717.3513391183
123651264.6711760014 22374.3800506592
119959922.8914752603 18400.7666460717
121868033.2294045538 20788.4335975647
122002615.6532662809 20921.2514038086
123606198.7011262625 22373.3321228027
117366477.3660542369 13630.1966783063
117488180.7667409480 13964.2537156598
123257981.3496257216 22003.9813098907
118710539.0237387866 16349.5704175921
123722269.9655252248 22432.7538909912
116451619.6672396511 10413.9865865027
117190995.5669570416 13173.6253376560
117329522.1708946973 13568.4839754658
122423208.5025573224 21310.4271888733
119176090.1311599165 17219.3545972705
125335902.2865463793 23298.2645111084
125247787.5277509093 23248.6026763916
124982879.0926597416 23183.5517730713
117034375.6979165971 12614.4413696080
116597460.7400347590 11107.2700433619
116503740.1015180349 10740.2437228365
116500458.2613924146 10696.7176510997
116489491.6537216306 10684.8556798406
121458007.3861276954 20328.1291020513
121107897.0498781651 19862.3938652660
118297246.6144614518 15548.2620806843
118302998.1864518970 15548.2639022426
119951928.6839204431 18389.9448978305
119915357.9938684255 18387.2947456837
119976118.7945571989 18443.4055892825
119906549.9847887456 18375.8983693719
116246136.0294442475 9211.0493073761
116332833.6744283736 9741.2903982736
116199569.8360260427 9207.1555400193
116316594.4113092721 9737.0259987414
116472191.9548287988 10473.9106448740
116402540.7173344493 10131.1613796391
124450367.8254836351 22896.7834472656
124609007.3735317737 22981.1266326904
124392375.0924971253 22854.2533721924
118777615.9045009315 16453.3806724581
118780440.5434174687 16478.5840977430
118660564.6372765005 16193.9901784658
119875874.0342045873 18375.3461429477
121799973.1228397787 20777.3796337843
121433377.8345130682 20322.2234684229
121956943.2409019768 20882.4701794386
121458412.5806562006 20332.6302677393
116112030.4067356288 8556.7312040552
117590502.3062009513 14177.7590628662
117606585.7596931010 14192.9096904950
120799358.7284680605 19496.0179999620
128323551.0150613487 23830.3943786621
127919066.8723036647 23784.0820922852
116840219.3987563103 11926.5657377267
116929898.9155625254 12287.9231514955
117293562.1322519183 13433.5013636308
122977225.4101529419 21763.2913055420
118386115.2098412365 15649.2180764718
123188165.3593010306 21956.7906188965
123703077.0249010175 22412.8228607178
123489386.4323547632 22299.5818786621
123475179.2692375034 22265.9524383545
123472220.2619446963 22257.9805603027
123257924.9614143968 21977.3045959473
123407657.0679523200 22224.4799346924
119478036.9377704561 17693.9800780388
120505793.7411647141 19177.2398092151
118571181.1155535579 16083.6884841952
118701343.0735346377 16342.6018686949
127907029.2695366144 23780.1402893066
116064032.5615623891 8231.5746873245
116055362.0651026219 8201.0879765972
116023254.4535852373 8194.4135713205
116304655.3700406551 9736.4944538176
119362042.3989185840 17542.2702794261
117569861.4835500270 14014.6812188470
126097669.2194422930 23508.5773010254
118596887.8750943989 16186.0395821737
120089000.8765760809 18612.0436481461
127551420.9265140593 23772.9382629395
117834358.1703967452 14742.7256934600
117804877.7259071469 14594.6091514187
116332953.0115669370 10029.6019254029
116388315.6666772962 10102.4576419443
124501334.8553814441 22944.4963531494
117586141.6157948822 14140.5628058867
126281118.5804713517 23540.4020690918
116413221.3610195369 10396.4603322064
116411985.4334917814 10367.2046078099
126301795.6357858032 23587.0164794922
117044386.1477865577 12640.9958628743
116268818.0823433697 9731.0046390146
117094051.9984592348 12759.1488607675
124940580.5816850662 23139.4544525146
116795038.1358861774 11741.9024036832
120608565.3287332058 19227.4759705216
119405880.5162429810 17599.1159939952
120508844.1362635344 19185.9081560160
124267415.0972095281 22824.5507659912
118304222.6441102773 15555.2360953646
119138273.2913123369 17053.6964696050
119762146.6264090091 18108.8302485943
122801418.2608342320 21616.8718490601
123559948.5065223128 22345.3483428955
126050616.8184810728 23493.9261169434
122925998.2983963937 21726.0134010315
119570367.3052325845 17869.6279537082
119228314.1278278679 17323.6205465198
122937037.6491902620 21728.4799442291
120820261.8684775084 19613.3944342881
119167331.3772133142 17098.8720618458
119355664.5531966686 17432.5699031325
116728750.1144442111 11600.4711752860
116717276.9056362063 11551.5460735584
119083083.1612617075 17036.9816390770
119746854.0628696084 18079.0111916230
121483229.9589621276 20476.8016492128
121234143.1045543700 20135.9392040782
121383760.9764243066 20263.9331985712
121187271.9269703925 20006.7366507947
126648231.4818621725 23623.6352233887
117698817.5175512731 14359.0312650161
116176937.2889016718 9100.4487185286
116251960.6936824322 9466.5351991461
117101716.0085880458 13026.2053462820
122335802.0824653506 21240.8467540741
120873949.2728111744 19630.0171807557
124116045.1281177998 22675.8182067871
124666934.1044481099 22985.6302185059
117556015.8430370688 13993.5126967132
127160645.2354262173 23690.3815612793
127411339.7106014788 23764.0426025391
122315933.2766931653 21201.7183589935
127801806.5265401900 23777.9737854004
118021354.8773301542 15072.3552534984
118222570.4275535643 15520.6127127962
121897673.3875873089 20840.9595038891
121472971.5078143626 20332.7349811792
126574680.5142983645 23596.2118835449
123852297.1461626142 22563.5812683105
116627792.8375265449 11348.5923085958
116528754.1580242664 11090.6342615961
116144135.8644208759 8781.4248049781
120172429.2162793279 18780.3255551497
120363937.7931349576 18980.5452502157
120261401.3317173421 18949.4827435653
127674105.9156055152 23776.9282226562
118925220.3157426417 16736.5335694402
118871502.7487049252 16641.1000062078
122449602.0674100518 21362.6351242065
117785283.0716970116 14561.7732925564
117603669.7763782442 14189.1678404169
116086295.0670512021 8427.1875909241
120981745.1347920299 19809.6119249250
121083995.6316477358 19836.1540304609
120861041.4751391709 19627.5771783143
120534329.4939229637 19187.2900574356
120642855.1811914891 19429.1457216889
125481535.9764014930 23338.8942718506
116434069.2780927867 10397.3072132384
116441801.7707907856 10399.5778826810
118417407.8550618738 15768.3087038802
118188669.6063157022 15480.7653312044
118144775.0101583153 15314.9075859338
125660535.4580536783 23386.9656829834
125718102.8951281309 23391.3441619873
125630653.2427203059 23377.1298065186
125277878.1565184444 23281.5881805420
125111880.0642632991 23211.2704620361
123316494.3690207154 22140.3194274902
123284426.4593042284 22123.0509643555
118678032.4488995820 16342.5996350050
118880141.1723868996 16652.2139173150
118733982.7820683271 16410.7769726515
119431222.7994495332 17642.9893934131
119491011.2858395576 17715.5513918565
119439154.8758653253 17657.6775838733
121749066.5800731927 20663.3389511108
121683173.7939947695 20662.1878155470
121655977.5642714798 20625.3740803003
121938310.6054288596 20856.1654813290
121871691.8323784322 20833.7957645655
121562066.4611956626 20548.4131420851
121399215.6632264853 20277.9859443903
119558905.4601748884 17761.8249275945
118977980.1557304263 16814.4642263055
122503951.5414379835 21405.7250289917
127349110.3266701996 23747.8311767578
125928062.2252871841 23462.1958618164
117322699.5064624697 13455.3502589421
118870721.3198714405 16602.5377265023
120210081.2569546402 18846.5778090954
120231159.7773119509 18848.7811961174
120027027.0097984523 18560.2002771944
120095984.2345714867 18622.0295787305
122369779.2750099003 21258.3857021332
123810287.5780725628 22506.3685455322
124198724.0483812243 22767.9688262939
124144878.0500644892 22711.3014831543
117253503.5557203591 13397.6583492117
125861095.0827498436 23454.4936218262
126910480.5101615787 23659.0860900879
126716660.5677246451 23648.6408081055
117006032.6185974628 12493.6932108282
120402738.3735934794 19121.2957031876
124127971.6217909604 22680.4258117676
123045198.6705620438 21858.8937187195
121500072.1868892014 20513.1291462183
121196663.7443450391 20016.3687041700
121231929.1197306663 20023.2806775272
121332582.6147113740 20234.3020741642
122297693.6507654190 21198.0828247070
116741390.9664536864 11738.7439060815
124674122.3549415022 22999.4955291748
116810473.8806880414 11921.8366708780
122882657.9384278357 21675.4331188202
118505310.0803862065 15991.3022000194
118420859.9026663005 15822.5371755362
125212380.2436263263 23247.0117034912
117740772.8734096587 14560.1780860381
124898525.2444408983 23127.8471832275
118343143.1866172254 15625.5748640299
122814660.6005409509 21671.6992416382
120939906.6707933843 19691.6392354965
118061042.8138972819 15176.8108993130
127288484.1937507987 23727.3051757812
124401067.5429246277 22878.8817901611
118031994.5522570163 15122.9989334302
117045106.3468561769 12697.7182595610
117372867.6760259420 13643.2282158838
116663632.0914191008 11421.6189897962
123934099.4073648304 22631.2884216309
116964159.4465823025 12414.5315751143
116987344.8800892383 12431.6580277855
116912395.9014385939 12199.0695658036
124892826.3482583463 23086.3159942627
116729732.4515903145 11602.7418447286
116181327.0472432822 9139.9974340576
116577937.8425950110 11097.7849516893
116800236.8389414102 11891.7340654159
116165018.0689677894 8820.5659524724
122952564.0713103265 21752.6466598511
118177116.1851429045 15391.1692977840
117886889.7869650424 14805.3578963833
117786805.4095276594 14562.4103904323
123134260.9836754501 21949.6032886505
124323962.0293679982 22844.8253326416
125537594.4616121799 23349.7536163330
119660835.1714596003 18003.8931400180
123991965.9994945377 22634.8450012207
119325903.7527413666 17409.3933241935
125412808.8494480997 23314.2940826416
117418920.9360631406 13768.5575765328
124239372.4899116606 22782.0440521240
116842898.4159437567 12074.4040994950
116671563.8384933323 11550.3836679483
116738526.8501169384 11706.6778591581
116612998.3308915049 11128.9305208631
117328959.9445389211 13458.4939140634
119302344.1664539278 17357.8447667956
124744689.4532819688 23050.9780731201
126132616.2337786704 23529.7858276367
124831842.1465835422 23073.7217712402
120144071.3403805047 18749.8429797332
118470765.3902939111 15927.7454580069
118461887.5679312795 15918.2520185709
125826615.3879752755 23414.5441436768
122143599.6516694874 21062.9252555370
122680575.3230389506 21545.8144149780
119760159.4015748948 18090.7228201479
123048326.8333789706 21875.1854915619
122887832.0021816492 21714.9685802460
119391616.7972637266 17543.3449881151
119802098.5508986115 18234.1660145596
119786513.7683352977 18117.7821339443
125727137.7946594357 23399.8440093994
123910752.0399444550 22584.4564971924
127126226.3523461223 23679.4863891602
122024271.5786978304 20961.9878082275
122161076.6244860142 21085.0584106445
125423884.0892616957 23336.0885772705
117063454.3908883631 12703.0847818732
117574486.1746254712 14085.9405933575
116945155.8546689451 12362.9573062539
122263343.2884404957 21170.1600189209
127261884.5173456669 23697.1517028809
123701062.2587904483 22381.4640502930
118870371.1263520718 16591.4473447921
118855661.2640972137 16577.1564165408
121139677.8397894204 19880.0492203236
