51583568.1371308714 1775110.5468750000
51824012.7944103628 1804774.5292968750
54170256.1085354164 1915821.8710937500
59044489.0352257565 1943571.9980468750
53654956.6565999091 1902071.0859375000
63297199.3559476435 1945234.8847656250
67581041.8177387416 1945859.2500000000
50778758.7544840649 1576247.5625000000
73341906.9089358151 1945989.2109375000
52645321.3357287869 1863882.8769531250
55447603.2394908294 1930525.6738281250
55883922.8869005591 1933036.4960937500
50772938.9528876543 1573282.0332031250
67012491.1309153363 1945820.5292968750
50807437.2121638954 1588494.2353515625
61689995.2721701190 1944826.5527343750
50803694.1840974763 1587223.2919921875
50769195.9248212352 1572754.0810546875
51039757.6112317592 1670504.6328125000
61277384.8159260675 1944692.1074218750
62511715.2234805003 1945175.7636718750
51766376.3297103494 1800721.7226562500
51074036.3075459003 1681712.6289062500
56439603.9266982302 1937608.8984375000
69460366.1801120192 1945902.7089843750
51367140.0776901022 1749147.1757812500
53412940.6464103907 1892341.0371093750
51295072.4442079067 1738229.0351562500
65885454.8614436314 1945793.2460937500
52552506.5136394203 1860722.8281250000
64872966.0492260233 1945499.1074218750
50961782.5347021967 1648940.8808593750
51601835.1458046734 1782075.5781250000
50911138.9939359128 1623235.9609375000
50894762.8347063661 1622114.6445312500
61348217.8597939461 1944709.4316406250
52158327.8403744325 1829407.9277343750
50856613.8103829473 1609470.3720703125
52328711.8991065919 1844601.5957031250
52694237.8679428473 1864778.4042968750
50823692.2407465503 1593581.0732421875
51052522.6265406907 1678537.1220703125
57097719.9114507362 1940423.7031250000
52728118.5496779308 1867668.8417968750
52645321.3357288018 1863921.5625000000
52531614.4932414889 1855366.6074218750
52678335.9868129417 1864721.0546875000
51692047.2559505031 1788707.8339843750
50755128.4281725958 1549443.6894531250
56243254.4125649780 1936019.2832031250
52920351.9970024526 1874457.8730468750
68445982.6021224260 1945879.5566406250
68768038.0622103065 1945886.0644531250
51117359.5341989100 1690944.8808593750
81484697.8635223210 1946243.8496093750
50832235.9324982762 1598312.5888671875
52460817.9657628834 1854054.2656250000
55616991.5805366933 1932444.9121093750
50797737.6732220352 1582982.6347656250
52178555.9497231692 1834711.2812500000
52414539.8031635135 1851967.9511718750
52527661.1266706809 1854406.2382812500
63140589.8497960269 1945194.7402343750
52735994.9899501354 1869275.6621093750
61406813.1613028198 1944723.5488281250
50906519.8018526137 1622325.3935546875
61424186.5488612801 1944734.5039062500
51870435.0615819693 1810576.3867187500
50749138.1865984201 1535370.9492187500
51709901.9316208810 1792355.9238281250
50747678.9113184139 1534176.3847656250
50739731.5244659334 1533048.8105468750
51023911.2878853008 1666944.9355468750
50975517.5239145234 1651686.1103515625
53881541.3241553977 1907416.8652343750
52356385.6450731605 1845935.1484375000
50983464.9107669964 1653046.4511718750
51043262.6945312023 1671271.8525390625
83623889.6113290340 1946358.1757812500
51756433.7960572243 1798434.6660156250
51708663.6607476622 1792223.3066406250
51902589.3858347535 1810866.7187500000
51273044.5045849681 1735212.6503906250
51747342.4189654067 1796965.9921875000
58808022.6392443106 1943453.0585937500
53881541.3241553977 1907415.5605468750
81070630.0789957792 1946239.3164062500
53843419.7893673778 1907360.3066406250
52266074.5843054801 1842155.0234375000
52487139.2238651365 1854164.4179687500
52212697.6877602339 1835943.9824218750
53843419.7893673778 1907365.2128906250
52753568.3667043000 1871723.0800781250
51739726.3060777336 1794676.4414062500
52617365.9082263410 1863420.4843750000
52734676.9527397305 1868915.0390625000
52264005.5034456998 1839083.6992187500
53065576.5234425440 1879754.2089843750
51810244.8949984983 1803350.0722656250
52134742.2682592571 1828924.0742187500
52753568.3667043000 1871692.4023437500
53122868.9103161022 1882947.8066406250
50916102.9119230807 1625641.0625000000
53320177.0281448439 1889416.6171875000
58234609.9411911368 1943094.3925781250
55467091.9551429674 1931204.0097656250
51633362.7369783372 1783202.5000000000
55037548.7862036750 1927034.5605468750
71758060.6835577488 1945946.3007812500
51642454.1140701622 1784670.9648437500
70401938.3868843168 1945917.4687500000
57051791.6088328958 1940340.3906250000
51679106.5244305804 1787925.4257812500
53080411.2005747184 1882290.0097656250
81516856.4268659353 1946247.9238281250
51652716.6325028539 1787019.3066406250
57009333.8990915194 1939690.1406250000
51710355.9947896153 1794313.5507812500
51588187.9530623332 1778343.7285156250
81863025.2329978049 1946282.7148437500
53964096.0575306192 1911355.9414062500
51702367.9963811487 1791680.6445312500
53810799.8310255781 1905408.9570312500
51598309.2645095363 1780123.6699218750
60209303.3674769625 1944158.2343750000
51488368.7878797799 1766091.0664062500
54094499.3222197965 1913537.6054687500
58181181.9360522181 1942803.9433593750
77832144.3238460422 1946137.4296875000
56073737.2448983863 1935633.6074218750
51910577.3842432350 1813382.0175781250
83574050.6894045919 1946357.7031250000
52166315.8387829065 1832040.4082031250
77340225.2428667545 1946133.7207031250
58181181.9360522255 1942811.0898437500
60209303.3674769551 1944133.7910156250
74956438.5265483558 1946024.9765625000
55003972.2546685636 1926681.1777343750
54805463.6159738973 1923689.8261718750
53970018.6272659674 1911386.4472656250
55196329.5898036733 1928541.9570312500
52921192.4043343365 1876309.6074218750
55408353.4197140783 1930326.5546875000
58563166.2617427707 1943417.0468750000
60167714.8291212469 1944060.9101562500
77860753.5807965845 1946145.9472656250
54805463.6159738973 1923665.9042968750
60209303.3674769625 1944157.7128906250
71634231.0659561753 1945931.1640625000
53841450.1972116381 1905972.2285156250
56639624.0560387447 1938827.3808593750
53841450.1972116381 1905999.0292968750
53841450.1972116381 1906001.2226562500
79135184.0525259674 1946198.8222656250
58201784.3479642347 1943010.4316406250
78010221.3961868435 1946180.2031250000
53628530.8488039449 1900050.5507812500
79176699.9342025965 1946222.2519531250
54533287.7461487874 1919387.1484375000
55850754.5636521727 1932871.6484375000
58254650.4265107214 1943112.6972656250
53740538.5820778385 1904289.5097656250
60790483.7171462625 1944461.9062500000
57892308.4275093228 1942750.9238281250
57253016.9889356494 1941794.2070312500
52921192.4043343365 1876344.7167968750
74393284.0710249543 1946017.2714843750
76927027.6173757762 1946104.1582031250
52838395.1903852001 1872564.8359375000
53654956.6565999016 1902069.7812500000
59325540.6913701370 1943769.6054687500
75908968.0376060903 1946072.8964843750
50861464.2237832844 1612211.7675781250
50924658.7831995040 1626880.2988281250
50947684.0978029817 1638213.4912109375
52838395.1903852001 1872524.1582031250
50869582.8659620583 1613946.3437500000
50925097.8312966302 1632325.2568359375
51563959.6660513356 1774964.7324218750
57373696.6163354889 1941930.6250000000
53628530.8488039449 1900077.3515625000
51652575.4255173802 1786450.9062500000
56367035.2443629056 1936942.7597656250
72740400.2621685714 1945974.1484375000
51318712.0007434934 1742672.7441406250
52305805.2156770974 1844286.0859375000
74369625.0415925831 1946013.5996093750
54521230.2734626234 1919057.6210937500
50996142.6134540960 1658061.4941406250
53170210.3522030115 1884008.2578125000
52020220.6672891080 1822037.6406250000
57702802.8601745814 1942282.4062500000
52175174.0657692030 1833975.9882812500
52059956.3201036528 1823796.5117187500
60959120.3858394772 1944483.7753906250
51445045.7952335328 1759918.1210937500
75498467.7705251127 1946066.7656250000
57686842.8574725464 1941984.8867187500
60959120.3858394772 1944508.6972656250
52061274.3573140651 1823995.8554687500
50958422.3944933712 1645073.9140625000
82206105.0802485794 1946331.3730468750
51000856.9542116001 1660918.4091796875
54521230.2734626234 1919032.1601562500
81182536.5652469546 1946242.1152343750
50889102.6327577978 1618614.3994140625
76660399.2681845129 1946080.7851562500
53285357.1852295250 1887566.8789062500
50749854.1829069033 1535401.8447265625
76168652.2246330827 1946075.5800781250
76163863.6108469516 1946073.7167968750
51797778.2236117125 1800994.4863281250
51107973.0216748267 1686092.1708984375
54239959.5581983775 1916636.4628906250
51555958.6393705159 1773358.2480468750
50750032.9607009888 1540062.8144531250
51477604.6675316542 1763992.4687500000
60364048.1246135011 1944309.5566406250
51858667.4803247377 1808055.8437500000
51121131.8715118021 1695239.6152343750
81943780.4760019332 1946292.6113281250
51472754.1243194565 1763310.5683593750
51133667.2441616431 1700190.8876953125
51510272.9219824970 1768854.6132812500
56580453.8000015169 1937697.8398437500
56622911.5097428933 1938299.4355468750
51450864.9260152355 1761633.8554687500
51181173.2310196608 1712663.5439453125
54865860.4931173176 1924476.6777343750
56622911.5097428933 1938347.7343750000
65209009.4059871137 1945508.6464843750
51234306.7667487860 1724482.6308593750
51114362.1487134621 1690478.7382812500
50944395.7546290830 1637152.2519531250
51291633.9346981272 1737977.1875000000
50994989.7074332163 1653925.4951171875
51109278.2798665017 1688476.7773437500
50941051.6540558636 1636495.2187500000
62174858.4480775297 1945068.7851562500
53464637.6279204488 1893906.9414062500
53558017.1107780412 1897822.0546875000
53288005.8724833950 1888411.2441406250
51014943.1539805979 1664247.6923828125
52616714.9038133025 1861554.8398437500
51168512.5506443158 1707751.6201171875
51135541.4909401834 1701590.5126953125
65491421.8793279305 1945515.8906250000
65529896.1841240823 1945520.7363281250
51143084.3766267002 1702784.0849609375
64762205.0850862861 1945464.2460937500
64571491.5384909213 1945460.3593750000
63563620.0738245547 1945440.7675781250
63525145.7690284103 1945435.9218750000
51149043.5808792263 1703054.8271484375
51288751.2203420326 1736364.0986328125
51162947.4786071405 1707678.3789062500
51173902.7614634708 1709465.3769531250
51083030.7946240827 1682335.0019531250
51322101.1414391994 1743380.9843750000
51197372.3581769690 1718440.2373046875
51118296.7427027896 1693632.6796875000
51418429.3006585836 1757498.3437500000
51271301.4340395853 1731041.8613281250
61612694.6533447802 1944786.0449218750
51395292.7470181957 1754861.8085937500
51221026.8413924351 1720172.7705078125
51089416.6945084333 1685493.1025390625
62152685.5068143830 1945028.4003906250
51033244.4303731769 1669002.4580078125
53712172.4853744060 1903017.9785156250
51355321.4357181862 1748022.5019531250
51958974.1778712198 1814355.2304687500
53712172.4853744134 1903106.3945312500
51248164.8803991899 1729231.7519531250
59532545.8692892045 1943850.2460937500
51261995.3984206915 1730433.0947265625
52978408.2331088483 1877284.8828125000
53060211.9273640737 1878990.3359375000
51306382.5703784972 1742355.2529296875
51375715.0117060989 1750986.2597656250
52252723.1320232898 1838811.3203125000
54733009.4352710396 1923154.8320312500
54673112.9117794707 1922322.8378906250
51458062.1303793788 1762556.8261718750
54715570.6215208471 1923004.8437500000
54673112.9117794707 1922371.5136718750
54673112.9117794707 1922354.5781250000
52017420.8370999694 1819364.4707031250
51346015.4000992998 1747413.7353515625
51971224.9494127706 1816125.0781250000
51961814.8183392957 1815049.1347656250
54546118.8929618895 1920508.1738281250
51302864.5748155415 1739072.9189453125
51333519.0941638649 1745859.1494140625
52102466.2179094702 1827566.6191406250
52087317.6626775563 1826618.7480468750
51525306.0353766456 1771268.3984375000
51413259.3050965592 1756125.1572265625
51506362.7541118339 1768272.8457031250
51552117.6349424124 1771917.9316406250
