76423968.6064741760 804791.8857421875
72662185.4874539971 490089.1608886719
73196375.4036656618 619502.1459960938
75444243.4194364995 772426.9736328125
74726643.8153731078 741884.3134765625
74750546.4340364635 743018.2495117188
74966709.4445049614 754080.2617187500
74672528.4489882886 739491.8222656250
72937476.3274587542 578849.2844238281
76398150.9405933917 803540.9111328125
75528331.4328532964 777514.7978515625
74621348.2342928648 734901.0351562500
73136976.1220461577 607670.8234863281
75125572.0632753968 761139.0322265625
76535982.2668732256 808650.8125000000
73522965.4147773385 657721.2558593750
74466540.7669422030 727619.4648437500
74789066.3829066157 745736.5429687500
72726116.8950613737 521156.5296630859
74441721.3696358055 724005.4013671875
75526282.1489934772 776402.1689453125
74686290.1152528524 741118.1240234375
74486242.4504447579 729185.9887695312
73163345.6790920347 610162.6645507812
75920921.7298905104 790234.4296875000
76267859.8223394603 802052.7490234375
74448287.4090829641 725007.3735351562
73094268.8463207036 602030.7019042969
74516924.3068383187 731260.1245117188
72736358.3514426053 529998.3618164062
73430134.6481975168 650221.8776855469
76047774.0572229773 792543.7812500000
73062424.6044921875 596192.6318359375
73333897.2772408128 638050.6809082031
73416189.5773446709 645708.4233398438
72941071.9005501121 579465.2985839844
74774888.0479314625 745630.3408203125
74590643.2749942094 734759.3984375000
73757430.3533239663 678417.6137695312
76540209.6690786034 809192.6826171875
73350474.0700243264 639909.7565917969
76150689.9071948528 798039.3857421875
73802611.6053245813 680597.4047851562
73450836.8555567861 651361.0676269531
74625130.5213596821 735348.6416015625
75360215.1003498286 771863.0263671875
76416335.2553644180 804533.2187500000
75808578.9990909696 785706.4624023438
75204206.2357695401 764723.0927734375
74882564.9471797794 747663.2041015625
74470323.0540090203 728067.0712890625
74915516.3496459424 749283.0385742188
73410542.5799738467 645021.2631835938
75723361.8113157004 784207.1250000000
72896999.8872498125 572576.9367675781
75689182.9442438930 781663.6201171875
74638182.5119188875 737504.8452148438
74453973.6172607094 727591.8520507812
74629767.2563014776 736911.8959960938
75820820.5190979689 787285.1347656250
74407141.4798710346 722981.4916992188
74286821.2588858306 716289.1645507812
74654567.8269462734 738938.0136718750
72912599.8854644597 573798.6784667969
75278987.5819856077 768278.9658203125
74771105.7608646154 745182.7343750000
74586860.9879273623 734311.7919921875
74757107.9582848996 743255.7338867188
72842475.3428071737 556056.0217285156
72787346.2605640441 544132.4216308594
74937126.4721231759 752181.5131835938
72685183.9246210754 497078.6899414062
75050042.5779652745 756836.1796875000
75319828.8608129025 768871.9150390625
73744471.8387589455 677247.3696289062
72985902.0342939347 587025.3662109375
73803741.8931835890 681284.5649414062
73095399.1341796964 602717.8620605469
75992984.1485347450 791813.5869140625
75326036.2332780063 769319.5214843750
73413382.2557540536 645430.1682128906
72782071.5460373908 544003.8132324219
73891738.9717637450 689807.4477539062
76414247.2168115377 804066.6904296875
73652296.6421720684 669975.0744628906
73892869.2596227229 690494.6079101562
72887877.3212228566 561850.1193847656
74442884.6232293099 724466.4233398438
76522009.2302180827 808424.0244140625
72916746.1235150546 574149.9685058594
72694577.8860931396 497664.7458496094
72955606.0219299197 580333.0390625000
74440456.3504660279 723743.5922851562
72697154.2100874633 501474.3391113281
75152926.0655520558 762627.1943359375
72909415.8937589973 572865.0651855469
74403359.1928041875 722533.8852539062
73335027.5650997758 638737.8410644531
74337399.8050633073 720389.1821289062
73768761.6097831726 680033.0385742188
74310180.6999926120 718357.2749023438
73368272.0263076425 640450.9985351562
74453937.7389816493 726633.9028320312
72926658.6535623819 578840.1706542969
72724847.0334291011 515640.5700683594
75425701.0794216394 771874.2016601562
74282765.0328638405 715913.5913085938
73428801.2106307298 648301.3698730469
73529191.5462110341 658053.3947753906
76189114.0526856184 798505.9140625000
73310074.6627077907 632373.8735351562
73004693.2103621066 589980.7570800781
76136900.8202100843 796473.0507812500
73522775.4586722553 656922.4194335938
72780629.7380649894 542532.4123535156
74337274.4039859325 719447.6137695312
74369191.4024256468 720671.3291015625
73040171.5699642301 592965.8371582031
75891528.2377720028 789780.7236328125
72776173.6249866039 534906.4460449219
74287581.7699843943 716566.0854492188
75194217.6189161986 763498.2500000000
74544286.8458289951 731592.4248046875
73194492.4158039987 617788.9885253906
74384194.4107194543 722003.7583007812
74263874.1897342652 715311.4311523438
73191885.0863989443 616117.7543945312
72710479.3666324019 504068.0063476562
73444420.7680179775 650230.0922851562
75094206.5452010483 760415.3203125000
73817447.0403288007 683802.2807617188
74501349.9172014445 730292.8896484375
73262438.9607162923 629259.8449707031
73666117.1481046975 670555.0424804688
75496568.5900397301 775948.4628906250
73592353.7636360377 664391.3747558594
75470963.9907761365 775842.3486328125
75755281.4018830806 784654.7314453125
73562301.3429312408 661354.0112304688
74218599.5485387444 712755.2866210938
73863993.3996483386 686725.3657226562
74211103.3890852183 712551.8120117188
73063554.8923511654 596879.7919921875
74012390.8205121160 699799.0263671875
72851995.3827729970 560728.3728027344
72721789.1764719933 505163.2651367188
72667347.6831033230 493666.0507812500
74408506.3717854321 723600.5625000000
75449040.7245458513 772699.8916015625
72720384.1827160418 505080.0034179688
73504468.2341119200 656427.2795410156
76078950.1529930234 796025.4443359375
73891363.1573656350 689281.2768554688
75074569.7631085813 758873.8403320312
73279533.3148137778 629587.1357421875
73555501.8796830475 660839.0637207031
74225907.7784583420 712878.1284179688
75135553.7623956800 762457.6943359375
73698774.6983922124 674601.2495117188
76165170.1565109193 798099.5585937500
74198689.9865253270 711470.3833007812
73480774.0924864262 653336.2309570312
72662512.0931779146 492846.1223144531
74565314.5267411321 732310.5825195312
74298396.3717886209 718254.4096679688
74871663.9000773281 746124.7836914062
73291953.1843451411 631000.0712890625
72964199.7774052620 583106.8239746094
72669074.0000390708 495305.9321289062
72957336.4262340516 580626.7028808594
73299290.8446692973 631981.5800781250
73079301.0183048397 598055.6411132812
74996980.1835512668 755765.3671875000
73805678.2369553149 682588.9497070312
73983739.3128728569 696065.3032226562
73959685.9434106946 693170.1362304688
75464063.9089055806 774941.0361328125
74283225.2623802572 715960.3115234375
73702516.7856249958 674852.9440917969
75933864.0000928640 791347.0585937500
73487688.7395097464 654913.3786621094
72890222.0977034271 562547.0778808594
73566043.4301640242 661605.7058105469
72718557.9604665190 504766.0913085938
74155052.1657909155 708587.4653320312
73482816.3644179702 653974.5239257812
74144464.9695603102 708109.2041015625
73290148.7350009084 630463.9179687500
73483946.6522769481 654661.6840820312
74143298.2377279103 706969.6147460938
73748081.4142559320 677465.0354003906
73670708.4542902857 671083.7019042969
73295548.7574364692 631616.0854492188
73620420.0077379495 667908.9223632812
75861376.0749600977 789333.1171875000
74074696.4609363824 702780.0849609375
73819105.8751540631 684157.3625488281
73283275.4020466208 629880.1877441406
73385231.7159174979 641449.4545898438
72839765.8825455606 553588.4392089844
74163754.1412926018 709267.9843750000
74118768.4742366523 706814.2480468750
75826399.7050889432 788536.5029296875
74235306.4081550092 713058.9687500000
74239088.6952218562 713506.5751953125
72733727.8035010248 523621.8679199219
73882433.4714830965 687884.1459960938
73223020.0463389903 620128.1628417969
73426744.8606297225 647271.2265625000
73930440.5567665398 691205.7817382812
75425835.7439092994 772164.9521484375
72696370.8985777199 497855.1162109375
73737009.0972670168 677213.3408203125
74275156.7945562899 715623.3320312500
75607063.4318655431 780592.8076171875
73373336.3798742443 641421.0634765625
75584592.6373156756 777962.4042968750
73968166.3720929325 695259.1220703125
73493842.5352947563 655212.1083984375
73733413.5241756737 676597.3266601562
73594232.8708750457 664964.1333007812
72822930.8653737903 550770.8686523438
73967438.5820125639 693740.5874023438
74030830.8923468441 700957.8066406250
72953740.8531426936 580010.6887207031
73838872.1247948855 685245.1591796875
73242656.7184402198 625595.7504882812
74110522.2380041927 705011.1469726562
73849189.0102752447 686346.2299804688
73971761.9451842904 695875.1362304688
73889811.6814386696 688566.7949218750
72817718.0416196585 548056.6777343750
76329348.7762047052 803165.3779296875
73239061.1453488469 624979.7363281250
72890398.3623555303 562946.7304687500
74184923.8134375364 710715.8745117188
72730848.7704001814 521159.7058105469
74106739.9509373456 704563.5405273438
73454037.2668609023 651515.0737304688
74325958.2337638587 719026.0522460938
73934036.1298578680 693106.6992187500
73990202.0170189887 698318.8198242188
73547049.7422830015 660203.4780273438
72750961.4420982748 534441.5166015625
74003437.2250545472 699623.3652343750
73855039.8041907698 686549.7045898438
74044694.0304389298 702738.6440429688
72779348.2264748365 539532.5480957031
73532351.7576811165 658338.5646972656
73329094.4419656396 632688.3071289062
73550832.0293498486 660651.0844726562
74399789.0781250000 722315.6591796875
75787296.2700351626 784932.3203125000
72799197.7820456624 546568.6142578125
73586915.0492305160 663972.7202148438
73450441.6937695146 650899.0595703125
73289324.5029898584 630277.2287597656
73229069.1472822577 620525.2038574219
74930798.8163320720 749355.1118164062
73185631.1627415121 613374.2487792969
73182979.1635336876 613270.5534667969
76053393.5758639872 795360.4218750000
73617457.6901912242 666960.9291992188
73033852.4128060043 591445.3088378906
73246398.8056730181 625650.2951660156
73191171.2414575219 615898.2702636719
75277697.8950829655 765472.6250000000
73024292.8320053667 590985.6818847656
73172862.9238105565 611473.4714355469
73091863.2231990099 599398.2407226562
75707430.0126011521 782640.7900390625
73709871.1489433646 676133.8376464844
73687835.5040172935 673074.1398925781
75259471.8748309165 765181.8745117188
73109645.3426846415 603189.4904785156
75975214.6967077702 791624.6474609375
73143308.5003476441 608702.6591796875
76329214.1117170304 802500.3554687500
73125055.1424884051 606090.5678710938
73609480.8133630455 666381.8127441406
73706088.8618765026 675686.2312011719
73057057.3934425265 594287.8708496094
73147090.7874144763 609150.2656250000
73148748.7840659767 609851.2341308594
73043445.9602552056 593765.8535156250
73399173.2194135338 644790.6271972656
73134050.7994639874 607669.3500976562
73573397.7934823632 663060.1770019531
73112029.9606445432 603583.7202148438
73123181.7723156214 604553.7866210938
73813018.4128631502 683080.4379882812
73473007.4579020292 653308.1520996094
73457779.3540936559 652093.8439941406
73536134.0447479188 658786.1711425781
73650093.6341517568 668993.9040527344
73649270.7791281044 668324.9897460938
73121927.8536863327 603757.3205566406
73390393.9611442983 642920.9355468750
