64119344.1317992657 1960780.7109375000
64652025.7890490144 2099238.7382812500
64761517.2053307593 2127320.8183593750
64696284.7139722854 2107282.8730468750
64071357.7676493675 1949626.7324218750
65514102.1740522161 2219394.9433593750
65832860.2831620574 2242895.2050781250
65859734.5552687049 2246951.6699218750
64154944.3135038167 1979760.0859375000
65673604.6383656710 2230031.7636718750
66852693.3182674348 2287659.6542968750
67102326.5024674088 2292315.9824218750
69029157.1197655648 2301965.5175781250
69011094.7002873272 2301772.6660156250
66826926.1347759068 2286040.2480468750
66813588.5836209059 2285871.3652343750
64618822.4068609774 2091890.1855468750
64628979.2127801627 2094484.2324218750
64701853.9890472740 2107407.0996093750
66106798.6891812310 2258096.5488281250
66899462.6378296018 2289636.2246093750
67177432.6692091674 2292864.8457031250
65725733.2534007132 2234405.5957031250
64170354.9709081501 1985464.2558593750
64253336.3298483789 2010783.9960937500
65331613.0668327883 2204778.0312500000
65599573.7633531615 2224079.6738281250
68886607.6164825112 2301583.7832031250
66635064.0537903458 2281427.5527343750
66457536.7384517044 2276150.9003906250
64027546.2465504259 1935028.8476562500
65324442.3025172353 2201714.7753906250
66389107.1199789494 2273227.8652343750
65695343.3510974348 2231288.3710937500
65325832.5114914104 2203361.4394531250
65493872.4956088737 2216851.5605468750
65540931.5999998078 2222273.3300781250
67366724.7496571392 2295270.9355468750
67369859.0460923165 2295823.5878906250
66533501.2230166048 2277392.0566406250
66792969.2725045532 2285073.0488281250
66746643.8068525344 2284626.2207031250
66693899.9266081303 2283682.6269531250
66717393.7214249671 2284025.2402343750
66071458.3826378733 2255814.0292968750
67619277.7928519994 2297154.6113281250
67637005.8957740068 2297903.5292968750
67902567.9377408326 2298524.8027343750
68102450.0022456944 2299854.1777343750
67752134.7561180443 2298387.0839843750
64760333.9255433828 2120560.8437500000
67188371.6888192296 2293753.5644531250
67159672.5792045593 2292673.0839843750
66722588.3339037746 2284051.1347656250
66434602.0916452408 2275761.5996093750
66441580.8373463005 2275990.2324218750
66422597.6976348162 2274436.1386718750
65464844.9305152968 2214998.9042968750
64886559.9427246004 2144761.2578125000
65298425.3706032708 2201673.2871093750
65204079.8854805231 2189387.3535156250
65228861.9451180696 2193008.7167968750
66052061.6710269973 2255228.1972656250
67475684.4269012362 2297015.5917968750
67392204.3763553351 2296287.2402343750
67201820.0442122072 2294234.5839843750
67253115.1583604962 2295079.2753906250
65909546.7129100412 2247294.4277343750
66193917.6704794243 2263260.7285156250
66183144.3715146780 2263249.0058593750
66236497.4947486222 2266386.7089843750
65933954.9950821474 2252426.5722656250
65977017.9120936096 2254624.7402343750
65696628.0183570534 2232658.0175781250
65788502.3181854188 2241299.1230468750
65783115.3275907859 2241266.3339843750
65719452.4592323080 2232946.2949218750
66617087.8685646653 2280636.8847656250
66226665.9398795813 2265467.2910156250
65394060.5271838829 2210234.8613281250
65648873.9867982641 2228575.3808593750
66385391.6551623717 2271990.7519531250
66339545.2392489389 2271300.0800781250
68260654.7014951259 2300081.8652343750
64177930.5776653588 1992732.6738281250
65007735.7678168863 2160981.7480468750
64810216.6323116794 2129289.9062500000
64917510.8536728993 2145714.7382812500
66128062.5175485685 2262406.0761718750
65511948.8175130561 2217972.1347656250
66740395.9953541607 2284514.2519531250
67945502.6579310298 2299079.7441406250
67368844.1981617808 2295418.2480468750
64422307.6014624983 2052197.1699218750
66114949.3270907179 2259219.7285156250
66167142.1540961340 2262491.0527343750
65811236.0754299983 2241852.1660156250
65830071.2848257348 2242760.0019531250
64477295.5000445396 2068916.4824218750
64460284.4925426543 2063530.5039062500
65103327.0955925509 2178931.8632812500
66298495.7872149423 2271229.3730468750
64826585.9816577211 2133265.2695312500
64844993.1678757966 2143474.6523437500
64739910.7732894570 2118644.9023437500
64524215.6035065800 2074389.9238281250
64226675.4461186379 2005732.5371093750
65433197.8847183660 2211352.4238281250
65574065.4768361673 2223454.2050781250
67029725.1867153049 2291674.6542968750
64554877.4912226796 2082368.5410156250
64543591.0312525779 2077687.7890625000
66497195.0635260046 2277210.3300781250
66242621.0060677603 2266986.6738281250
64566300.7254355997 2082902.6035156250
64541653.2470806390 2076418.4375000000
66412124.6774787009 2273284.4589843750
64299835.6817517281 2019838.2792968750
66675464.1268447340 2283671.1699218750
66077163.9857965484 2255829.8417968750
66208991.4960131794 2263308.2480468750
64205928.8985776454 1993278.3652343750
66221283.3775955290 2263857.6699218750
68186849.4604362845 2300069.5527343750
68003391.9861564338 2299246.4277343750
67706708.3012678027 2297959.1855468750
65243263.4734854028 2196543.5683593750
64354555.3927681446 2036739.2382812500
64720781.1274458915 2116522.6542968750
68516104.3541002870 2300492.2871093750
65467407.6471560225 2215152.2753906250
68540159.8270490319 2301098.7285156250
64596417.5096685141 2088923.0781250000
65646935.4396435916 2228084.2089843750
64605672.0443721116 2091679.8183593750
64551217.3829135001 2081618.0410156250
65608474.6464051902 2226144.3027343750
67389440.9057602137 2295989.5878906250
64499380.4914482534 2072573.9824218750
64566982.7705676556 2085327.3730468750
66295883.4218573496 2267438.3769531250
68957364.4067991525 2301603.9628906250
65629409.5693388134 2227665.7792968750
67933158.7821153551 2298884.9238281250
64381456.7708113492 2046944.8359375000
64781783.4334855825 2128547.6542968750
65691667.9060496092 2230153.7792968750
65588753.9752844125 2223803.6542968750
64831869.7400333136 2134581.3183593750
64677822.8477833420 2104939.1699218750
65100144.2840890661 2176373.8886718750
64813919.8721924275 2131497.9375000000
65501955.1086925939 2217784.1582031250
65424902.9983417690 2211095.0058593750
65409885.2349193022 2210999.6894531250
68495879.4314913303 2300392.2753906250
65573785.0555406734 2222715.7363281250
64804446.9563219547 2128866.8300781250
66778524.7401215285 2284677.1894531250
64533187.3055275977 2075196.9726562500
67122923.8766048849 2292449.8105468750
65170565.7996139750 2186728.7734375000
65198216.0327977613 2188257.3300781250
65071465.5016398951 2175101.2968750000
65261907.5935502723 2200335.0019531250
66829389.6666975766 2287342.1503906250
64954906.7255574390 2159168.8046875000
64943187.5818152949 2156586.3437500000
64983472.6769911870 2160932.9941406250
65746799.0199661255 2237046.6621093750
65648219.4082990512 2228113.1425781250
68371420.8666299433 2300154.0605468750
65774287.3105340451 2237355.5878906250
64755965.8655479550 2119270.0937500000
65659410.0808801502 2229188.9902343750
67893020.8340404779 2298472.2011718750
64519390.2043191791 2073072.1582031250
64745732.0382836610 2119117.5156250000
64511218.6927572936 2072899.5722656250
64462528.0460196286 2067328.5253906250
64412114.4294834584 2051077.7500000000
64428073.7291835546 2060030.6191406250
64403936.1953798831 2047673.8535156250
66989593.4459063113 2290270.7011718750
64323207.1372312903 2031876.1093750000
64377243.4877679348 2044154.9023437500
64378023.4289659560 2044816.4121093750
64296692.2616146356 2019740.3515625000
64372742.0131867677 2039788.7070312500
64151402.1456607282 1979098.8476562500
69104643.6830938458 2302408.5410156250
64320637.8718767762 2027252.2832031250
66806960.8922366053 2285633.8417968750
65538543.8088185713 2221324.3222656250
64681767.5465652198 2105738.1054687500
65720076.2536289543 2233458.7792968750
66655044.0692343414 2282571.6660156250
64090809.3649620563 1956398.8808593750
64262133.8585848063 2013252.5234375000
64412075.3751164079 2049347.5234375000
66769076.5395556688 2284631.9863281250
64652520.9992345273 2100255.3554687500
68971147.7081003934 2301759.9277343750
64301798.8811273277 2023627.1621093750
64209888.3698663265 1995885.4863281250
66086521.7200802192 2257818.1074218750
64319950.0472363830 2024865.3789062500
65493527.9039744064 2216390.0332031250
64284851.0698228627 2016614.5039062500
64571255.6155688614 2088835.9101562500
64927888.4221447930 2152044.0136718750
65366278.8129089698 2205200.3261718750
64268514.5095218569 2014923.2949218750
65010563.7103355452 2168210.2382812500
64055715.5196861923 1937354.9414062500
64694960.4182650894 2105949.1132812500
68180250.7128037363 2299875.0410156250
64705832.6530705094 2112598.6777343750
68377509.6582757980 2300381.2050781250
65296878.0569650680 2201211.1699218750
64119990.5323827118 1960928.5625000000
64647541.7917833626 2097313.1250000000
65221933.3368812352 2189524.0625000000
65532879.1941372305 2220142.0097656250
65693915.6490049511 2230671.3691406250
67456060.7163346261 2296388.6660156250
64724948.8285489529 2118215.0371093750
65352944.8547115400 2204974.8828125000
65439558.6256817207 2212871.1308593750
65059363.8552088812 2170431.7460937500
66118809.7586710826 2261120.1230468750
66141610.3078933731 2262412.8730468750
65512593.2397430912 2219242.3769531250
66614379.1113830507 2280454.0253906250
64353923.1321042031 2035442.9628906250
66617450.9269530177 2280804.7402343750
66536773.8710815907 2278265.8144531250
66584516.3069279939 2280378.6425781250
65464098.8011621907 2214004.6152343750
65927164.6602280512 2248345.7011718750
64669465.4612106979 2104315.9062500000
65236596.4121649787 2193854.8378906250
66538534.9155392647 2279811.7832031250
64653628.6363376826 2101397.6445312500
68853895.4146150053 2301132.6621093750
65193655.7470863312 2187939.9414062500
65227590.8296602741 2190044.4570312500
64406906.0231554359 2049045.2871093750
64367671.5542376190 2037294.1406250000
66967891.4931152910 2289961.1894531250
64631014.0887385458 2096873.1035156250
66640814.7016138434 2281923.3535156250
65383519.1929109022 2207743.7089843750
66412545.6470964849 2274240.4121093750
67007803.6565895975 2290467.5605468750
65052380.6291344389 2169936.7070312500
67021393.6070740372 2290687.4042968750
64295945.4641155154 2018486.9765625000
65145984.4028519467 2185893.8398437500
64542814.8189719468 2076776.3144531250
65130785.6425729915 2184301.4042968750
65048697.0930683315 2168676.9062500000
65050558.3524891660 2168777.1679687500
65371297.3062456176 2205975.1308593750
65433803.0244006291 2211495.3652343750
65858313.0870570913 2243527.3535156250
65140617.2740980312 2184562.0175781250
65091963.3068896756 2175243.8437500000
65691691.9579830766 2230297.0644531250
64130401.3802913129 1966621.5761718750
64108343.1200071871 1958047.7871093750
64141372.4142871946 1975507.5136718750
65045898.1016615778 2168355.8632812500
64116416.4269186109 1959152.1933593750
64082118.9506119937 1955775.8476562500
