117972868.6529459506 86.4653961439
118090317.3323611766 89.8348976005
118104466.7754458934 90.1421924163
118034723.4356296957 89.3504269350
118720477.0234033316 103.1278651449
118689997.1333689839 101.6608929596
117770364.4416456521 77.1511714233
117643821.3389295191 77.1483556165
117881537.2151388675 80.2398757102
118179838.3388567567 92.5107445422
118120679.4268656820 91.8327310908
117773194.9871282130 77.6069688571
117810392.3910444528 79.6502889765
118208661.7825508714 95.1504230921
118566271.3635347784 99.7082153504
118394586.1713946611 99.5155324490
118683531.7730062604 101.2498708329
118153974.2144907713 92.3728266362
118315626.6489651203 95.6246342335
118297836.4330800325 95.2884531852
118601108.3236233890 100.6065387541
118362140.5745563656 97.9612476864
118345432.0334895849 97.0891497566
118333717.1289209574 95.6352050386
117895886.7860697955 80.9890844000
117940385.9965378344 82.8540785534
118258680.5751808733 95.2447418545
118066689.3298465014 89.5707734734
123058624.3576550335 150.2002872092
123314691.3662465364 153.4991353266
123060122.6059664339 150.4031082255
123227317.2821373492 152.0025028926
123359798.7138829380 153.6724672061
123175394.9565629214 151.2043364984
123013381.3734046221 149.2557743830
123135601.7956834882 150.8566348297
123309623.4537147582 152.1890304422
123081541.4201464504 150.7767630559
123544977.6438028663 155.2083336115
123549281.5387634486 155.5410844721
123526042.6304861754 154.8658771515
123731381.6007497758 156.7638800740
123566464.9339131862 156.1312691569
123427605.7198173851 153.8318654560
123207743.4042761177 151.6819730741
123453054.2204970568 154.6550123952
124221803.3961206824 160.0471453369
124109018.9345314950 159.0109301805
124271312.8455720693 160.8948304653
123716304.2828666717 156.1335646361
123887131.7162008435 158.6841328442
124452816.2173325568 161.4335997403
123791634.9109888822 157.2800792158
124136243.1164510101 159.0174928308
120601490.1915698797 128.6333194386
120439918.2348515242 127.7335129391
121749603.9811721444 139.5331551891
121745938.9145188034 139.2906780850
121837537.4081290662 141.6621451538
121621699.9242252707 138.4937290858
121383521.5589969456 136.3587962102
121783424.5767094791 139.8694146287
121691102.2011623383 139.2203435611
121823278.4658985436 141.2785620030
121217765.6532313228 135.4528232125
121421157.7493854165 136.3781900016
121626893.5294098556 139.1158201408
121515435.1086779237 138.3960608152
121489277.2698490620 137.2363653836
121377024.1507090330 135.8247950991
120293469.6024253219 126.1564754150
120369181.7903595418 127.0684413813
120144713.9347665310 124.4520047731
120128332.5409417599 123.7611692101
119935559.2171231359 123.0595497074
119922637.6650971323 121.6972027924
120267659.7180695683 125.4015633571
120022771.6416874975 123.4846122968
120247311.5235541314 125.2268291595
119868021.5825838000 120.4892026907
120052325.6036709100 123.4855590122
120304691.8679942042 126.5939144320
119794511.1342169791 120.2875451012
119890567.4898621291 121.4698593798
120145694.1690872759 124.9810953322
119945408.7574210316 123.4625067892
121486933.7622512877 137.0558120662
121438066.3854213655 137.0146224653
121233367.7160184681 135.5726271109
120825859.7063605785 132.5084409502
120608090.3414957821 129.5127416414
120942681.6915680170 133.4325471085
120730786.1952889264 131.4868545693
121061804.6288423538 134.1104741034
121066670.6804871559 135.1566116225
120665589.2798952460 130.2037213875
120522090.3690080643 128.3669439091
120648889.6626750231 130.0206737977
121273807.6527980268 135.8083936778
120648416.9100543261 129.7476665510
119693309.9143773168 119.2676153439
120143419.3155850917 124.1565549257
125741074.7717804760 168.1728664637
125584921.4816740900 167.9766325951
125397288.2330613583 166.9043544829
126396088.4462666810 170.0335305333
126465734.3965704143 170.7392616272
126607401.3414615244 170.8897662759
126407429.7092598677 170.3472325206
125104596.6784651428 166.4045651853
125021586.6777560860 165.8593776822
125423515.7955148071 167.0364599824
125421986.6181708127 166.9613423347
124949684.4281328768 165.7508783638
126461946.7784633636 170.3617406487
126306166.9331822395 169.2549004257
125651973.4224863946 168.1458039582
126314476.0802481771 169.9401795566
125935176.4451671988 168.6676464379
125983246.1953620017 169.2332456410
125774705.2717576325 168.6496887505
124903201.9423779696 164.4780212045
125136284.7799529284 166.7321391702
124140475.0637415797 159.3511755466
125458765.7942750305 167.2844671309
125091149.4018719941 166.0812465250
124894116.5500997752 164.4383803010
124756827.8405755311 163.7745496333
124527723.4296444505 161.7430550158
124949455.0441286415 164.5982522070
124417773.8812470883 161.1303202510
124535723.4967153817 161.9872020893
124212796.0524633080 159.9768923968
124049139.3756271452 158.8585923389
124356249.9985866398 161.0133138597
124730539.5504756719 163.6192714572
124262888.7687383145 160.3029595912
124583355.4332294315 162.4292269349
118941805.2939427793 107.4103422922
119049638.2230961621 107.8774502545
119351570.4906847924 113.0481801115
119175373.3237739503 110.6508852870
119091115.7649171054 110.1236363228
119790040.7100063860 119.4307489326
119547362.7607466280 116.1913475194
119565096.2913048863 116.1929941573
119575643.7453210652 118.1774848411
119361972.0975486487 113.4990668767
119789363.8954758346 119.2803951246
119682356.2291308045 118.7294272890
119469300.6248921156 116.1658293106
119448359.9016208351 114.1974700268
119466562.9547035098 115.7909913531
119672036.3327348828 118.1976610141
119393482.6983864009 114.1743963610
119212361.6466842890 111.1872583291
119348948.2832114100 112.7695488825
119451833.3368470967 115.5723354470
119284868.5865515471 112.6526268374
118859808.4358275086 104.7518733832
118734325.7259212285 103.1335667664
118883501.0084166080 105.2704413532
118852440.3389509916 104.4982648369
119087276.3431664258 108.5447570284
119022205.2594267726 107.8256441828
119011660.3647434562 107.7158076044
118829788.0693305433 103.4917981501
126973151.9759695232 171.0402520597
127327501.4401213825 172.5656953752
127091416.8649014533 172.1065097749
127177124.7969023287 172.2896322608
127460285.2516914010 172.8704091012
127910253.5559721589 173.3245633245
127208617.5354245603 172.4188669622
123161764.1613173932 151.0379221616
123852676.5934640318 157.5845161751
127082903.7811536789 171.7700598240
126792608.9081207216 170.8947447836
127345376.8512284756 172.8217283189
127397805.9561105967 172.8531223834
122825002.9344350547 148.2636099383
122923536.6123192012 149.0507890321
122930424.0952981263 149.0819551796
122628543.9822964519 147.3743716143
122745502.9798101485 148.2567707822
122702288.1485328227 147.4688815894
122430938.6426306069 145.5147611098
122828400.5048764199 148.6324075097
121980166.9883816391 141.8139256062
122455845.1192377061 146.6439880878
122054485.9670415372 142.9214321906
122342493.7279792279 145.3575788746
122509306.6521598548 146.9164364571
122169529.4303263575 144.4450324783
122042188.8552580625 142.3835582556
121807701.7690801173 140.0686785402
122902535.0305695087 148.7698889803
123026051.3207487017 149.2908098232
