110679457.2651221901 2117991.2851562500
113384876.6821084917 2444877.3613281250
114123985.2360706329 2491724.1367187500
112147404.1999658197 2337780.4160156250
113410076.1927195638 2447139.0664062500
113596930.9782914817 2462415.5390625000
112399130.2946655303 2361224.4648437500
112335045.2339104861 2354719.6933593750
112434070.4167422652 2365692.8964843750
112136031.3114572316 2333270.3945312500
111923667.4507736564 2312151.0000000000
111117671.1689237058 2186197.6777343750
112142768.9759138525 2335740.7167968750
113051392.3953303993 2420150.8476562500
111156357.8778189123 2197297.3984375000
111082257.5204280764 2177682.1425781250
112926255.4933494627 2407375.8300781250
111701449.7456954420 2276187.0527343750
115389213.7057065219 2553896.2402343750
110970671.2143132538 2162166.9101562500
115309252.0228423923 2550586.7207031250
113904359.6013923287 2483624.5390625000
111012860.3519175351 2172788.3222656250
110992479.8068528622 2171477.8203125000
114258231.7068361342 2504425.3457031250
111818751.0936032534 2297145.0742187500
111736111.5564060956 2280735.1347656250
113892198.6345311701 2480258.4277343750
113581673.5002128035 2459734.6972656250
111589816.5125140548 2265201.5683593750
112967622.6780264527 2411711.1406250000
122050672.2772708386 2580206.7363281250
112259017.0516107529 2345094.5507812500
112572019.1508361697 2378698.1738281250
111217455.3258999884 2200235.3105468750
111445968.4493116289 2243151.4589843750
110784694.4574125856 2134906.6035156250
115309252.0228423923 2550358.8535156250
110751942.7731573731 2128833.8242187500
112087857.9637988657 2328258.9687500000
112261334.2312283665 2348136.3066406250
111518936.5577725470 2252369.3066406250
112138744.7109207511 2334982.2792968750
114198922.6290923357 2500907.8847656250
112389658.9249337912 2359095.2773437500
112871993.8446965516 2406296.3574218750
111798918.2605315745 2294876.9375000000
111085868.7070368677 2179686.5117187500
112643540.2524891496 2385237.2031250000
112381018.7387498468 2355301.7890625000
110970828.0445018113 2162268.0351562500
114031680.4560551941 2490614.1777343750
112892620.5669520348 2406447.8125000000
111759131.9968101680 2286513.2441406250
111120433.1843995303 2187403.0488281250
112407748.0933453739 2361285.8222656250
111070546.0509880930 2177152.9707031250
111294268.2127767801 2213438.3281250000
113130510.6393591017 2424354.8242187500
115842464.9680985212 2562283.7285156250
114368585.4057841301 2511762.6718750000
113096972.2970173508 2421718.1894531250
111425208.9073839784 2234458.1093750000
114458053.5916685164 2512113.5234375000
110850342.8369631320 2144483.7070312500
111963104.3336030692 2315648.0546875000
112125710.4813796729 2328888.3183593750
110615580.9103358239 2101685.8984375000
113149368.8097698390 2429637.4765625000
110610290.9774084389 2095422.7089843750
122333896.9222645015 2580483.2031250000
111745493.7585327029 2285772.6718750000
110762287.8863908798 2130910.8730468750
114377495.8603516668 2511955.9726562500
112845958.3959836066 2403039.1152343750
114070198.3371601701 2490955.5917968750
111869798.2152730823 2307709.1992187500
114650828.4200369865 2521486.0136718750
113726359.8987633139 2470469.7187500000
113760826.7375332415 2471974.4394531250
111151525.9265814871 2190615.5292968750
113227338.9006202370 2432731.7753906250
111206410.3415704668 2199966.6210937500
114207472.4518243521 2501146.0644531250
110722172.1626314521 2120466.8789062500
112727416.0997970849 2390214.2050781250
111278901.8449000567 2212697.7578125000
110559158.5704325438 2089443.2460937500
110493139.4921435118 2074721.1777343750
113243360.2311737239 2435470.4531250000
114133047.4077202976 2492237.1367187500
110536406.6697100997 2077105.1250000000
112275603.3370045274 2350736.2187500000
112480435.7563684881 2371439.2304687500
110544700.9555943310 2088853.6367187500
111206253.5113819093 2199865.4960937500
111335721.8879280686 2218171.4277343750
113349841.6163632423 2442172.5078125000
113596930.9782915115 2462501.7109375000
114478239.3012559265 2513582.4160156250
110801734.5466639996 2140902.1992187500
114528388.6539878547 2518332.6757812500
112130111.3521218449 2329537.2832031250
115469048.0069554895 2554026.2031250000
113268313.4106051922 2436886.3398437500
112006656.8413568884 2323582.1757812500
113967633.9649339765 2490063.1640625000
114312825.8584695607 2510968.7812500000
112784434.7152219713 2399795.8515625000
110865936.4523683935 2147316.4628906250
110628657.2906368375 2106231.1738281250
111308328.1702232361 2214582.5410156250
113025356.9466174394 2416893.6054687500
113764123.1691981107 2473120.0214843750
112135834.6530680805 2329942.3066406250
115496630.7222275883 2554538.6679687500
111413265.9085985273 2232787.3476562500
111402709.1698630750 2232787.3457031250
114273171.4997654110 2507773.9355468750
110833167.8411323875 2143743.1347656250
111550430.4597589821 2258236.8164062500
112701030.3711522967 2386860.5625000000
121677620.5019410700 2579831.4414062500
110912442.5991275758 2160148.7246093750
114955916.6081448495 2535711.9902343750
115028684.0961125642 2539131.9453125000
113967633.9649339467 2489840.9492187500
110960045.2370543629 2160889.2968750000
111458826.3473013490 2243929.6035156250
112211489.2607208490 2344285.1875000000
114134826.1558405608 2500551.8945312500
113795846.1703052223 2473823.1308593750
113322969.3910850137 2439256.3671875000
111484105.6141626537 2245619.6074218750
113551902.7909954935 2458418.5468750000
116076059.8272411078 2570040.2949218750
111480270.7289611101 2245577.8125000000
112764570.7307463586 2394611.2402343750
112387161.4546673745 2356238.7734375000
111519342.1974940300 2256015.7792968750
113431372.7710573226 2451122.7617187500
112634587.8397235125 2381032.3222656250
110899235.4986889958 2154780.7500000000
111261154.0907589346 2208061.1367187500
111529549.4718542993 2256720.0488281250
112541959.4371301234 2374682.4941406250
112947917.9850832969 2407465.3437500000
111548921.6016628444 2257249.3378906250
111500317.2702868283 2249036.5078125000
111335868.9307019711 2220935.1933593750
110699537.2453783303 2119063.4355468750
111069526.7481176704 2176087.1855468750
112421528.9816441536 2361933.9257812500
112423969.0171121657 2361958.4140625000
111373818.3095578551 2230731.8906250000
111086815.1085770577 2182180.8027343750
112430046.1517491341 2364934.4589843750
111585094.2424274087 2260396.0859375000
112721857.2634810209 2388789.1582031250
114840617.4444471747 2532771.4824218750
111660961.1786566973 2273727.3515625000
112899748.2051008195 2407145.5703125000
111458669.5171127915 2243887.7871093750
111599215.9033234268 2265937.8789062500
110973971.9859265685 2166959.8691406250
115773535.5855753869 2561390.3886718750
111604285.9590918720 2265937.8964843750
113072019.1175858676 2420302.3027343750
115150734.3625045717 2545505.7128906250
112160730.8494821638 2337891.6386718750
110888924.6393384486 2149912.9062500000
112990964.7049741149 2416638.2851562500
111246994.1105229706 2202485.8144531250
114617570.4145494103 2520125.8281250000
115085630.2604763359 2539444.1328125000
111646592.9760484248 2267815.4160156250
112319675.1124508679 2350937.1484375000
115010577.6514176130 2538128.2656250000
120985182.0888910443 2579388.6757812500
121284487.1428871900 2579656.2324218750
111351905.8667907268 2222999.4785156250
111382187.7855098844 2231003.6875000000
111247191.1898889095 2202586.9414062500
112537269.9542847425 2373747.5371093750
115962267.2326138765 2565710.3535156250
121792018.0287115723 2579874.2773437500
113385759.2230944782 2445581.2050781250
115653934.5229020566 2558029.6894531250
111429106.2735779434 2239780.8046875000
112545983.7021232247 2375440.9316406250
111373810.4504330456 2224663.2050781250
116274107.5556958020 2570834.0781250000
112954434.9718134105 2408044.6542968750
110899432.5780549347 2154881.8769531250
111672936.8317936063 2274431.6210937500
112842367.0261172205 2401339.9316406250
115954640.6476551443 2565709.5039062500
114705296.4289788902 2523331.8535156250
110724373.7628838867 2121450.1621093750
113038168.7787304372 2417123.8652343750
121958246.3059167713 2579960.6191406250
112725382.2527570724 2389264.7304687500
112858770.2280965894 2403269.3750000000
112592645.8730916381 2378849.6289062500
115117114.9590065926 2540452.9941406250
112332486.9445638806 2351048.3710937500
111271840.8702307791 2208561.3671875000
111779189.6563082039 2289175.6210937500
111728634.4108861536 2279854.6132812500
113651440.6859407425 2465942.5292968750
113499748.5905272216 2455298.0937500000
113719522.7127019465 2468908.6582031250
111978478.8103997260 2317760.3593750000
111698794.1523409188 2274467.0195312500
111341641.7173234373 2222824.4980468750
113084830.9496988356 2420532.5625000000
111258068.8840553910 2205078.5839843750
115284162.8801393658 2547997.1718750000
113874300.1249895096 2476669.5781250000
113956390.1456825435 2485406.5644531250
113804698.0502690375 2474762.1445312500
113685736.8882274777 2466896.5312500000
113516780.4922153503 2455548.2519531250
111732135.1945570409 2280001.2343750000
113845474.1855042428 2475908.6445312500
113887514.8005229086 2478082.0781250000
113845474.1855042428 2475831.4218750000
113364700.7067550570 2443684.1093750000
113485294.4042907804 2451367.7089843750
114840176.1544555575 2528350.8183593750
121847940.5869985372 2579926.4589843750
121291561.6816387028 2579681.0761718750
114836415.0610168427 2527759.9531250000
117847359.8964190334 2577192.7109375000
116005165.3679381162 2566384.6406250000
117900673.1661858112 2577371.9062500000
116013056.4332161695 2566686.2500000000
116013056.4332161695 2566777.1328125000
115969721.2341239601 2566055.9218750000
115103766.2791390866 2540111.6054687500
121115812.7702074796 2579435.4101562500
116155171.3120930642 2570585.3007812500
113141809.2113901079 2425458.0625000000
116033072.3945435286 2569673.4062500000
118329133.5190077573 2577546.6992187500
113309324.7879481614 2438427.4511718750
121493093.6941207796 2579791.2929687500
115693700.1092286557 2560279.3144531250
118269172.8627018780 2577501.9257812500
115724520.2775491774 2560514.3730468750
115570878.4865342081 2555287.9609375000
118897241.4214811772 2578272.3964843750
118724173.8577514440 2578015.9121093750
114679609.6958808154 2521532.4550781250
115540549.6328371316 2555227.5605468750
115848975.6799319088 2565419.3671875000
115699866.6660367846 2560492.5585937500
118273609.9777432829 2577515.1191406250
115680778.6838219017 2559812.2558593750
119142971.2760614604 2578588.1992187500
121180085.2344662994 2579636.1562500000
118719256.8940745145 2577801.1621093750
120030647.0077995062 2579004.9902343750
118779694.1444180012 2578066.6484375000
119491308.9251987338 2578687.0722656250
120304524.3152228147 2579026.1054687500
117328858.8310667127 2576335.6328125000
117411973.5464051962 2576377.7265625000
117604523.8714003712 2576733.1464843750
117317072.4884166718 2576191.5273437500
119811221.8965655863 2578808.0957031250
119571852.5319486260 2578708.6093750000
120445541.7810903341 2579364.6992187500
117468723.2983980328 2576541.0507812500
117422855.0848475248 2576414.7402343750
116989710.9308881909 2575813.0507812500
120435325.0180903673 2579090.5644531250
117651119.9443546683 2576867.5058593750
116969754.4991764277 2575779.1894531250
119735266.9182038605 2578789.0761718750
116506442.9684740156 2574616.2812500000
116455307.0886223614 2573177.5078125000
116449679.2149434388 2573158.7988281250
117069918.6324519664 2576141.8847656250
116483503.4333957583 2574083.2031250000
116478344.9622148275 2573425.1679687500
117528919.1751973778 2576730.2558593750
116551820.6650784761 2574634.9804687500
119934495.6230752319 2578825.5410156250
117027646.9401470274 2575943.2246093750
118500505.3812165260 2577628.1621093750
120024515.7362165749 2578897.0136718750
118460741.7730496675 2577583.6894531250
116395721.7477051467 2572429.5019531250
118101921.0217194557 2577376.2949218750
