123893372.5340624750 681733.2589662373
123872921.2848266959 680810.5316713154
116782127.1659825742 505673.0361118317
116615867.6864092648 504881.4943933487
122223652.8699837327 645278.0695948601
128111483.0738081336 747931.7476348877
127588226.1312584579 739710.8534550667
128527256.1863321364 753781.9236068726
126405726.4276006520 722229.4735908508
119630272.0582181066 592278.4995213747
124846881.2412389815 699878.2176976204
119859282.7185248137 597210.6192805991
119666328.0144000947 592381.9657222033
118459771.2914149165 561702.2821621895
122692246.1097654700 657366.4996888936
122668978.0328843594 657290.1544740498
121198003.5070446432 624685.2759115100
121397903.5267695785 627632.9951684102
118546514.0146537274 563709.7690947708
118168506.9489108324 556818.0090872049
118788610.4685256928 572190.2091620564
124970270.0534356833 700824.3573032022
118443894.3840696514 561432.7094483301
121577229.5010251701 632722.6340183860
124460155.0575214326 691223.8409187645
134927422.0711297393 805587.3518066406
118438439.7233112752 561334.2896572705
129262511.8575867116 764456.2364730835
119011319.9986199290 577398.5810807943
116760417.8769854605 505352.9368715286
116737539.7967877388 505099.4334926605
116597737.2858804464 497781.7441234589
116368840.5791899860 497067.0788145065
116343274.8325576186 484749.9573602676
128732374.1919112802 757142.0566101074
127654152.5732038319 739946.4227283001
136780109.0348991156 809257.6093750000
128285814.8088549078 749800.0350341797
127724073.4989099801 741253.1013565063
123127252.3152404726 668158.2466371357
127768172.7960825861 742416.0408096313
122308956.3780922592 649272.1660332680
135701244.1519067883 807804.5397949219
135177709.1389386952 806921.3244628906
128997183.9137184769 761018.3403816223
123086990.1032396853 665709.2305238545
137161393.3664808571 809258.6137695312
116448240.8136903048 497484.4926128387
116604306.4186524153 499513.1127498142
137652231.3462744355 811854.0141601562
123677469.4755624235 678202.0414732867
120947536.8989316821 620629.7453843676
127020763.9070094526 730775.5268602371
126976828.6505532265 730293.1333694458
126499351.8163955212 724782.1867723465
131685930.6863215268 794562.7763671875
126270918.7601698637 720186.6184515357
125324579.0351871550 706466.8493799022
125007765.8054437935 701731.2046576142
125878008.3090163171 714277.5064024925
125484492.5593978167 708957.4324164391
124654852.1083887517 693679.6467411690
124636357.3345912099 693403.4044926339
116999065.6879245192 518469.3324374226
118732160.4589518458 568818.4626652002
118801106.2991875857 572627.1487864256
117442083.8086540699 537436.4277561242
117504055.9724124968 537644.6833946910
119797926.4879054427 596942.0640349612
119896148.9979949594 597314.0317708254
122619497.0415985286 656663.4601381123
127847757.2277233005 743292.5222015381
117393587.3424321115 532329.6801114944
134837020.4866031408 804600.8317871094
134669778.3032841384 804417.9748535156
132198259.5076711476 797145.0463867188
125220583.1659985185 702784.1216712594
125541923.5279265046 710354.9722571969
125370030.9492162466 707632.2620062828
125117521.6074824631 702655.7964759469
124783776.7438404560 697581.8018470407
124916403.4267720282 700074.7263504863
129021184.0763263404 761535.3478622437
134156267.2305154204 803622.3891601562
134302321.0858892500 803759.0903320312
128045932.2186620533 747509.3709259033
128780728.7909080386 759634.8523178101
134539770.1965530813 804292.7165527344
119167183.3791773170 580211.8421403170
119590709.2947499454 591635.4688201174
119492191.6568002701 589554.2554412112
125704395.7564219236 713331.2155930996
126100860.9437960088 717909.5774359107
117074874.6504660249 518838.8842288852
117330446.7148193419 531716.8602872756
128339275.9060423970 752195.9543075562
128303250.4279932082 751842.3307723999
121958599.4460529387 642289.8331475258
121768907.0475929677 637525.7747125626
118883497.7424583137 574954.0158420801
118632424.8352069855 567401.0827366114
118339883.0770721436 561147.2917894125
127920130.8484175205 744763.4858747721
126600056.5887393653 726032.7248582840
126146834.2844992876 718564.7374371476
127671022.4131605029 740912.9222400188
118333201.9852175415 557943.0143147565
118311776.6670913398 557550.7427779585
131422791.5140113235 794280.9643554688
131961832.3423670381 795783.4287109375
131753108.6055339873 795040.8457031250
137186065.3992460668 810066.9785156250
137584344.6196551025 811765.7275390625
125300743.7930750251 705879.1638964432
130039823.5443778336 775423.2099609375
129720775.8459077477 772564.3701171875
118151912.3082421422 553894.4400621410
133478142.9067068696 802477.2839355469
119017081.7515007704 577712.6612262726
130390276.5827973485 781096.7584228516
121044073.5415216237 622100.1263540685
125266532.9185817540 703287.3776166141
134513982.4504462481 804171.7517089844
127095249.2425901294 732035.7705917358
124384465.2588495612 690049.9143326133
123980732.8318873644 683598.9516861290
122354206.1055029631 651544.7152799182
119306361.5038593858 585056.2199956179
118111801.4492702186 551422.2444231511
126196374.3708400726 719087.0170420595
118070203.1112742424 551060.6523032978
117887086.5728301704 547479.9486499582
117851014.0836045742 546458.5095564965
117728768.2008005381 541542.6250468646
117600415.6612510979 539676.7157949805
125037180.8102864325 702627.4063392282
124328629.9398980439 688491.5025150948
129043271.5098696649 761838.1491317749
121883138.1652276516 640393.6973957664
124496749.0111326277 693277.4279301339
124676574.1638067961 695005.6032231026
119424238.3005213290 586643.1137012243
118944820.1286090761 577364.0323926210
119306031.1452664882 584366.0502148867
130433155.9304995537 781190.5631103516
121988617.2369104326 642696.1841892845
134126179.1793323755 803056.2153320312
122332215.0330213010 649594.2442255020
118507748.0604179054 563425.1349089742
129280583.3470700383 764670.9190902710
129873108.6540663838 774764.3457031250
123029138.8287504613 665403.9976136982
124355097.2564034164 689099.5026957754
132852146.8620155454 800562.5961914062
119240245.1102995723 582902.5754166842
119059487.8253358155 579268.3626351357
130903631.4516247213 788599.8857421875
124348905.5938977301 688930.0490497351
129065140.8080476522 762083.9348754883
136477676.9949869514 808058.7680664062
118603132.1332772076 567310.0634495020
133217899.3138245940 801562.0686035156
134477636.4983050227 804166.3288574219
131013339.9695783854 789022.8800048828
131294393.1262786090 793182.5522460938
130766776.7937723696 786987.2475585938
129221991.4017933905 763722.4776611328
131328212.1491404474 793211.8198242188
130470377.5794980526 782953.6925048828
121164995.6479504108 624612.6213891134
129644207.9974312186 769323.9830551147
130889502.7873552144 787525.5573730469
126342032.4467191994 720579.6665658951
127946015.1043494940 744902.0164493322
124179267.3143428266 686531.1273478668
120979421.1032986939 620724.8723374926
126381407.7620970011 722168.2284736633
127137401.3725593090 734225.7134628296
126307031.4974470139 720317.4854840226
130289155.7543462515 780082.4342041016
130567855.3591786623 785275.3726806641
130083764.8403118551 777266.9283447266
125695669.9541634619 713033.5969407558
126106699.1885256171 718515.2530621476
126486313.0484258533 723325.8180071739
126629370.0139996409 726293.5268669128
127380564.2875092626 736787.0981850969
125894285.2689555287 715450.6680796817
127341533.9392592907 736559.7637124406
117936501.7084226012 550297.1395588971
118269037.8378887773 557520.7801838971
122788230.3269649148 658324.8269871473
117083936.8053891957 522513.7428120044
121013566.6203451902 621005.0246570855
121475219.3318621814 631156.8597200811
121413539.8603959084 630383.6783258617
121705654.8538880199 635764.9357698858
118025448.4688103199 550436.1734944440
133001403.0018323064 801520.8256835938
123483407.0446912050 675225.8495377302
137380449.8696154952 810996.0537109375
117202538.3473222852 526291.0148441195
117727142.2255651355 540352.0734552410
130227684.2731003165 778545.3333740234
122299303.7690501511 647779.2394946516
131154138.2699815929 791655.7705078125
131342913.4225112498 793790.6015625000
122821251.0856107175 662054.5237367451
130715868.7895916700 786341.1822509766
123338481.4690963030 670782.6493372768
123566294.8584973514 676032.2336883023
123240373.4603566527 670676.6775509394
123753166.8447872102 678455.7982630581
125277470.6392710507 705051.0022394182
121604580.0435369909 633465.9664223492
121208692.6278242469 626699.2901203579
124311529.0418346226 688293.5875795186
118916007.9776945561 577238.8515267372
123843115.2081680000 680703.6005189717
119207856.7228743434 581836.6655234918
116831639.1109134257 516038.3495425680
119987086.9070426971 599914.3343046904
123412713.9126213193 672351.9949891865
136653473.6143445969 808300.1767578125
131183918.7333413661 791741.3828125000
122835818.9657350630 662058.5972230732
123254695.3418828845 670680.0808712519
120773584.7389103174 617048.4138695821
122706438.4992298782 658264.8377293348
122760738.6499166489 658321.9607762098
116952754.8584837615 517490.3376606968
116815557.8657510579 509970.5833849576
117418779.5832248330 533089.5680509475
117140206.2833933532 522681.5019606617
117563376.0919705629 538485.5704923538
117584138.2394567728 538792.8539396194
117574354.8256117105 538710.6508670715
128978516.9921844900 759994.3463592529
128188904.7481126487 748713.2131195068
120338575.7164060622 608018.4031350613
120354034.4389714450 608271.3106638193
120047576.4887059927 601646.3513945341
119683933.6133540869 594520.4662227798
120287179.1127374172 606236.3124934435
120243382.2869057208 605027.6326838732
132064694.7218940854 796601.7836914062
137796011.1168733239 812691.3266601562
118485917.5200083405 563282.0060709715
120654445.4906893671 613478.5940514826
132629555.6729953885 798878.9848632812
122522762.0414877832 655583.6173646748
120651535.9848964065 613094.9231115901
120645663.9434250295 613052.1184655451
119292141.4714760780 584299.1936644949
128506622.3713852912 753261.0709577799
128471866.0411015600 753111.6329694986
128612118.2581503689 755435.7423934937
129488740.6673916578 767963.7159729004
116823188.6885514259 509987.9183458951
117256574.6288371086 531322.3746915725
120497563.2646591961 611496.4000217044
132981332.6122873724 800850.0390625000
118751611.3690648079 570523.2475168705
120322986.1559108943 607964.9517771006
137230242.8042919934 810197.5102539062
117215776.6061232984 529673.7407194045
120809996.4999877512 617870.1113468409
129977184.5343525112 774962.7441406250
136611998.0078017116 808155.4467773438
129301923.4754364789 765707.3351135254
137379966.6635864675 810398.3320312500
132775088.8992373943 799178.4997558594
132355196.7219693959 798293.0566406250
132436990.0366248786 798581.1967773438
132282027.4784252644 798080.9887695312
126871695.6592103839 728817.5043649673
120842090.7897575498 619230.1856126785
121434560.3652479947 631006.6556718349
136651642.1099452376 808167.2617187500
132101052.0500723720 796905.8403320312
132561467.1249760389 798841.5375976562
126858019.9283896685 728296.8931583166
126945495.5150742084 729147.8913278580
118595102.0062199533 565795.8380073905
120316713.9030749202 606258.7744785547
122244712.7287182808 647440.2477807999
120469202.5125741959 611489.0157443606
132355570.5131299198 798298.7250976562
120200225.8271758109 604850.3504573107
122798901.0169967115 661073.7470629513
120081751.9548708349 603805.7982112169
132025278.3739309013 796401.7924804688
120244630.7769442499 605543.5698887110
129690377.1903869808 769869.3798828125
122229478.4417471588 646965.2361525595
121911570.6891591251 640755.4550704062
134837177.7029983997 805110.2893066406
121481814.0651271641 631363.0372569561
121121166.9095695317 623701.3219249249
120757167.7521405518 616607.7885615826
