117800140.8574147075 143682.8849145472
131568823.2247680724 259545.6789550781
124112531.2137191445 235765.5849609375
123852612.7136029452 233817.5102539062
123905328.6042050868 234683.2961120605
121094533.4132631272 207958.9139108658
120869995.4677095562 204939.8411710858
121017804.5792848170 207102.8943033218
131259431.3156779706 257765.5917968750
118702427.4020182490 168755.0920050769
118836745.9227282107 171926.5822299151
118826120.8747766614 171483.0255988269
121832250.6512441933 216865.9158172607
121570466.1190134287 213674.3261795044
121913656.9676866233 219049.7659072876
125086750.2611829489 244043.1301269531
119582094.3118774742 189442.1458312898
119328529.2950129956 182021.6461212068
119650506.3774288148 189986.9332763581
119103155.2176152915 181762.0145294099
119428077.2250462323 186750.3351013093
120400145.6591179222 196566.7993397266
120271134.0715991408 196173.2101280689
120232464.1629968882 196141.9221746922
117616495.4334516376 140101.9706753648
117751420.2021066099 143002.9725022472
120216301.5563187748 195220.9586393293
120197215.8815167099 195130.7252714094
120012426.5970521718 192176.5325529035
121504073.0268964916 212594.2494831085
121679460.9702799618 216064.6700515747
121429836.6940097958 211956.5205173492
123883470.6911900491 234341.4811706543
119879087.5105787814 191365.7863268881
119799143.9441033155 191316.7929427028
118041535.0274551064 152777.4912542796
118035337.9230309725 150482.0099368929
118060830.8479390740 154318.2378318764
117966726.9876713455 150377.0071078336
117910455.0939204991 150157.1014458633
117882500.2071742117 146696.1393252409
117847097.1756792068 146206.0818791031
122131385.2669009268 221097.1557807922
122214344.4985663146 221637.0545387268
121845645.5944468528 218253.5792198181
117785016.3088979274 143200.4136719860
118730157.8967929780 170293.7198509347
118710700.4490993172 170249.5275291574
122428575.7885325104 222185.9330444336
122130441.5333990902 219162.9881210327
121136769.7988425046 208163.0739231110
121179065.1097068787 210954.6242008209
121571113.3134247661 214804.8515872955
121514221.3628507406 212712.6130313873
121393694.7914216667 211896.1529788971
124684804.0671186298 241025.0683898926
121006389.0401193053 205496.5252389908
120782743.2504992336 204274.0723260045
121436831.1248251349 211979.9810771942
126199144.1702533364 253177.8770751953
126287724.3691206872 253625.8797607422
126323096.9536666572 253702.1826171875
125973440.1266221702 252485.4666748047
118974965.6376481801 175227.2147845356
118739620.6163471192 171240.1235324471
119099453.1235661507 178842.8792459695
129443566.8482184559 255708.6049804688
129077558.5555868149 254786.1931152344
129022030.9438889623 254475.8286132812
128892506.0164708942 254261.0334472656
124123752.8739664108 236082.9089660645
131174379.3625059128 257267.3077392578
122536023.2888787091 224167.4377746582
122663123.7303972840 226071.8628387451
122995493.1957730651 229350.9974822998
118134833.7843683660 154632.6286090470
119367248.9701355249 185808.9044677644
119527732.0823253542 187562.9243556886
119783247.8630492240 190577.6434566407
119725896.9259075969 190208.5348376660
122442240.1925313026 222833.8544311523
129737310.1121127754 256072.7470703125
122776045.3784905523 226109.9939270020
122882007.9703118652 228655.5491638184
123106104.5514194220 229569.8905639648
123228578.0710946918 232200.6561279297
123132865.4415091127 230633.3616180420
122776796.2518348396 227657.4639434814
123107322.4986065775 230317.0975952148
122641872.0845425129 225559.7351570129
120106134.2929501086 193302.5957357912
120070732.1397497803 192692.7539694338
117472064.9621103406 130103.2625136273
117500522.3430326283 132246.2084535249
123853559.2334976643 233930.3521146774
120302559.0960317552 196281.5257725269
120156392.8521847576 194099.4024536610
117583869.6717426181 135816.3431696147
121390962.6512565464 211453.6514616013
121006035.4433884174 205396.7991342545
122492189.9165984094 223718.2883148193
125306806.8473412395 246779.3887329102
125170484.3660473078 245553.8016357422
125165569.0907058120 244246.4198608398
123582314.3701317459 232205.6804656982
119329480.0456053913 183326.5486797094
121539604.6054925621 213095.2927770615
121812317.2367727011 216751.0668554306
125247705.8100096434 246332.6993103027
125398060.7954888195 247060.6651306152
124307536.7704135031 237607.9915771484
124275711.5830606371 237474.0726623535
125669905.1641805023 249944.1461181641
118709673.9673580974 170049.7308372628
118892061.3303583711 174699.8598040669
119968363.8240987808 191967.1062223371
120049072.4974108487 192622.5857384205
125178995.6739028990 245987.1414794922
125424591.3216026425 249128.3627319336
121076373.7593677491 207562.8598356247
124931637.2483658940 242943.5593566895
124180699.6605463475 236539.9229736328
124141395.7653530389 236380.3021240234
119009110.3779938072 176947.9768303484
118854166.1484931707 174010.3560374975
118818520.0311677456 171412.8019291787
122409766.5044754297 221813.5929136276
118552040.1918760538 167614.5575812488
118654524.9759167135 168186.2442267566
124342168.3917868584 238134.0108337402
124071244.7190087587 235386.9907226562
119024785.3387354314 177086.4202994108
120827792.7514661103 204663.0913248062
120444945.9556611627 200573.0569466949
120677511.1501161605 202526.8963785172
121063873.6106454879 207480.5143747330
120921741.9016191810 205336.3855600357
120622754.9845632762 201258.7178066373
119409322.5377134234 186082.5798732667
123746994.9671515971 233411.5535888672
125396507.0949561894 246978.3743286133
125954560.8670175076 252079.6829833984
119353430.9373281300 184218.7549175024
118985799.7533587515 176933.7190440893
130943143.6383141875 256084.2611083984
123672017.6695456803 232726.6983489990
118530853.5281630605 164675.5296286494
118411235.0674234778 162878.6594709307
118531990.6554486006 166440.6953753382
125763044.0718190670 251337.5526123047
118211932.8156449795 155281.9567831904
118175618.3286820501 155006.5855001360
118250242.3715581596 158558.2463034540
118349450.2250711173 162680.5573386103
118334354.7693771124 159404.2678183466
120813431.2947505862 204607.0805673599
123949306.2889645249 235054.9365234375
125724143.0745098889 250908.0150146484
125619749.2600474656 249235.7140502930
125996081.6913297474 252606.1126708984
118194292.3380440772 155108.5061366498
119988871.1070716530 191998.1465027332
118828964.5187626481 171589.8362964569
120760069.7817534357 202867.5551474094
120639323.2855191082 201715.6478264332
120732532.2263384610 202532.3528668880
124434290.3788944781 239915.5932617188
124258350.2628696561 236644.6656494141
117385471.4618513435 126392.5684903599
119040443.5116564333 177481.6947821379
125212820.3911510110 246069.3069458008
125860822.8963415623 251443.7694091797
131143644.1461917162 256231.9808349609
131447681.8227171451 257887.0323486328
131518720.5437941700 257989.4796142578
125419418.4513256103 247562.1578063965
119043290.3213064075 177542.0667548208
118964556.4572858214 174860.7103650822
123814863.7932339758 233573.0643310547
131001772.2813845426 256179.5469970703
124546629.4660123140 240710.9741516113
117431322.1559563726 127213.2108952142
119320135.2281658500 181939.4990627198
117581123.7006403357 135432.6468152641
118422592.5492745489 163103.2113730340
124959190.8957190067 243106.2851867676
124855742.8924135417 242181.3288879395
124878993.6696441025 242216.0070190430
125004072.6458994001 243914.1003723145
124793058.4918736666 242090.9136047363
124014734.3620604128 235082.1364440918
124377717.9840732068 239039.3530273438
124924901.3326194137 242666.3020324707
125413886.3475168049 247476.9678649902
118291738.1947908998 159129.9329489619
118464956.3493469357 164063.9331916003
124292547.5768957883 237555.7986450195
124678626.5424841791 240821.2758789062
120413949.1428420097 197016.1160036437
118626974.5998916030 167638.4963341980
118840023.7134842873 172198.1688572793
118633331.6341871023 168097.8380547194
117560965.4892485142 134209.4348905422
118455924.0630197823 163572.0482428698
118512141.2899443805 164424.6619603066
117999379.5384304225 150455.1132021940
120412562.9236337394 196858.3660604954
117496471.0260958970 131026.0965421535
117466966.0436191261 130051.5699918605
117437807.8846057951 130041.1937711574
117504066.1249672771 133982.3035094291
117495411.4431096017 130152.4404232800
