82012802.7823604494 114731.9510498047
81527950.7604305446 111128.3648532629
81444989.6221922636 110371.8021536208
81343082.4596286118 110180.5292044020
81940281.6895543635 114433.4735717773
81552997.6222430021 111601.4515546654
81670518.7004306167 112497.5641034936
81288718.5254921168 109411.0448435396
81235487.8590729982 109405.8352488130
81332411.1088509113 110164.9274244308
81294768.3972443491 109429.7887020111
81299683.9845205694 109468.6902903169
81024573.0381689817 106736.7841623873
81072596.0682259947 108099.5051096529
80813882.9473512471 105087.4539011568
80860704.2909951210 105103.1550730318
80641454.1161044091 102714.7268274873
80806214.7956907898 104528.8663538545
80627712.9682607204 102712.7523401827
80695083.7556527853 103618.9286326021
80712583.9049845189 104220.3565271944
80864984.3624421656 105424.1694162935
80921207.9101119339 106661.9687326998
81008286.8441263735 106687.6469248384
79411960.5106471628 87636.6858025193
84984571.8235124946 123294.8788452148
84691923.7103265524 123160.4073486328
84449419.0810168236 122930.9000854492
84416400.7079551071 122916.4467773438
84360746.1032619029 122901.3506469727
81348878.3829188347 110270.8795461989
83363833.9988770485 121814.4268188477
81590177.2256532311 112206.5788435936
82974085.7292428613 120563.2773437500
87711125.9645739794 123643.7034912109
80679841.1837525666 103170.2377271652
79078684.9448054135 81373.9592292011
85122819.1019610018 123453.6725463867
79183807.3201145381 82505.6754910049
79208905.3699079603 83300.1595608292
79078704.8825972080 81468.3032613096
79191023.8286872357 82715.9256436825
78747554.6527261287 75758.5486966483
78774417.6210117191 75762.4823862500
79298704.2149672806 85310.4524979591
79394822.7228380293 87574.5369019508
79221432.8028689772 84023.7713040113
79362854.4200837612 85874.4394148302
80171979.3499467075 97663.7357100844
83666657.3597894609 122306.3995361328
83429505.3643696159 121906.9808959961
83346475.7451198697 121751.2219238281
82098670.3368784934 115716.2906799316
81920951.6864998490 114154.0885314941
81820821.9397400469 113976.6023254395
82061025.2654561251 115059.2448577881
81814426.5610518456 113715.2690734863
82017764.6904750168 115006.1767730713
84787590.5316981226 123212.5061035156
84772327.0247623175 123201.7478637695
84653231.1181316525 123029.3497314453
82217793.7711180300 116492.7818984985
83613419.0640129000 122198.1445312500
79255707.6743974537 84132.0030922554
78478441.5467321277 67715.7684262362
78415243.3168922663 64272.9719838761
78409342.2736261338 63886.2462775372
79189327.6329257786 82676.3801978901
84754572.1586364061 123198.0526733398
81482601.2249200344 110681.2933345735
81462948.0503328741 110475.8203205746
81118736.3795317411 108263.7855685949
81126007.3802509010 108438.0999606848
80885669.7964813709 106371.6794260591
81549342.0265467465 111216.3174972534
80062171.6992621720 96258.5784087777
80898362.7477441430 106375.5988596529
80739099.1073013246 104397.5762766451
80147632.6572901011 97583.9651631713
81510390.9815496504 110974.9727706909
81174242.9149673879 108460.6468982697
81171865.2010115087 108459.9272937775
80878062.2024444938 105844.9423655123
80574998.5260010362 101930.9864832163
80679933.7842667997 103446.5325037241
80811770.5293984115 104665.9032956958
80575319.1885850132 102659.4278284311
80656470.5731624961 102961.8333460093
80468439.3709875941 101265.1615930796
80396931.7015590966 100212.4390597343
80524295.2079638839 101367.6669650078
80064398.1216155738 96260.0840240121
79795619.7246395648 93241.7976119332
79845787.2929740399 93356.0427410603
80123813.4750698209 97041.3783183098
80276299.6606334746 99321.4476046562
80248188.3923004568 98782.1806902885
79795867.6269271374 93346.0082561970
80080470.7754282057 97034.4364371300
79971737.3512876928 95545.5844220519
79922853.1502717137 95310.5786490440
83749136.9085944444 122309.6278686523
84248777.7981528044 122880.2564697266
84170649.5642385930 122736.9122924805
84010738.3141180277 122690.3271484375
84153749.5521508157 122695.1656494141
83765490.5833800584 122400.4208374023
79442553.6567534208 87749.5625727177
79441110.8871913999 87724.2315301765
79318472.4965339601 85626.2971558571
79516474.4807961881 88273.2407288551
79596628.5200256258 90112.9393572807
79520673.7346671522 88287.4549930914
79412680.2189209759 87718.6084046364
79446625.2788718492 87801.3180116713
79545669.5294765085 89604.5698357224
79507173.3318425417 88026.9067444801
79767293.6408649385 92383.2166640759
78998027.5266590565 80101.5237376690
79063420.7880469114 81229.7304533422
78876165.5531737208 78846.9785612524
78884352.2848970890 79211.2285612524
78643263.9196220040 73421.3888632953
78790454.6810109466 77347.2686240375
79864818.1215765625 93702.3177809715
79680447.7041582018 91657.2566919923
79877439.6753370613 93724.7916861176
79097264.8365324438 81968.4250993840
79007350.7004672885 80101.8225755803
78963215.3534737974 79562.1915534809
78963735.0102532506 79570.9064948261
78992517.4582094699 79928.7550145499
79025853.7437567711 80814.3657373302
83140556.6723662764 121242.3788452148
78375450.7675977796 63612.5712330341
81765285.8438563943 113306.4106597900
81933775.4530169368 114188.8024444580
81749435.0605650544 113083.6983795166
82071774.4988226891 115392.3338775635
78727960.6847359389 75300.6906189732
78716547.9892941415 74262.9619033523
78606309.6408832073 73260.0595764928
78649119.4623007774 73689.8746515699
78666990.1508074105 73971.6427505203
80238213.4981243759 98168.5900965333
80410264.2669422328 100428.8866398335
80536822.5391760170 101436.6715729833
80364558.3796278238 99985.8770480752
80403668.3043264598 100231.0860627294
82819958.2700358629 120162.1242675781
82699530.1796025932 119634.6499023438
82184977.2514243871 116300.1172180176
81780247.9543455094 113662.2873077393
81481845.5144428909 110539.9677200317
83837219.9078625888 122681.6827392578
81950814.1155775338 114716.0078430176
82507827.0799826682 118238.7266540527
78593785.6923555136 71658.5836703777
78551980.8873694837 69826.5202090740
78626343.4284286648 73354.5042292066
79851541.3498655111 93657.9147508591
79700567.0283104926 91678.5750113130
79525204.0396764129 89455.0700059533
78526363.0958698690 68249.4772743843
78462859.2826679200 66235.4119809237
78473044.4785300344 66265.6878724960
84048892.8822166324 122694.2189941406
78333680.1103205234 61757.6890418530
78541550.3894532621 69745.1969318055
78314545.7770839036 59805.4495495185
78304774.4868227690 59768.6060116291
83343113.0686542243 121695.3463745117
79204857.8936055899 83285.0496602354
79508110.2675676644 88135.0227104425
79557673.7829446197 89901.6716559380
79394015.2478206158 87483.6104531884
79447659.7241448164 87974.7345643044
79720791.2689970881 91819.9068440795
79525293.4852724224 89604.1187806129
79729933.6338983327 91912.7393913865
79152662.6843231618 82191.0561509130
80016924.2072720081 96001.1186038256
84882907.5331064910 123222.9548950195
84773371.4051966667 123208.6508789062
84517228.4772009850 123026.8938598633
86129001.7063600272 123591.5164184570
85940375.3334398419 123569.1259765625
79214926.6606443375 83755.9342190323
78826660.7608981431 77558.2335774883
83189470.2133478522 121530.5860595703
78738022.3349431157 75505.4067586735
79370619.7645435482 86203.9786604357
79297113.8670887947 85134.6519674373
78332654.5409297198 60136.0179145336
78362539.1384360343 62138.7338479014
78344491.1280461848 61807.4591438770
78361714.7135938406 62088.0740516186
78292107.5915176272 59763.1435903311
85826577.5387507677 123568.7612915039
80328188.5538596064 99399.7721033692
80196565.1737098694 97730.7592368722
79893988.1138230264 94318.8725711107
87223657.8350896090 123624.6743774414
86792920.7056469917 123622.6080932617
79127236.9056006223 82149.3880507648
79368633.3753063530 85917.4354329159
85760583.1915219575 123548.0605468750
83584189.0033235252 122093.8685913086
79290934.2364299148 85105.5647337437
87501453.1285538226 123627.7132568359
86498267.5357552767 123592.3305664062
82575467.9527700543 118509.8168945312
82262639.9261982888 116539.3308868408
81689716.2827179730 112632.4358367920
83169301.8477474153 121481.0770874023
83242102.7730193883 121656.0473022461
78722328.2440110445 75231.9311615340
80078940.1183093488 96348.0713605285
79904076.8397820890 94351.7619139962
83020061.1882769465 120690.0624389648
85013920.0555306226 123317.4974975586
84956661.1373201907 123284.6394042969
85099847.0990433544 123405.5463256836
79465565.3284266889 88005.1094232698
82879498.3510697782 120172.3519287109
84997638.7058835924 123307.9941406250
78456663.3708858639 65676.5215013027
78983718.4236161411 79928.3438727558
79287085.9435227811 84175.9111220539
79370466.1098993570 85987.5600534578
82387274.9585730433 117307.5940246582
82017478.8081493527 114850.6753540039
81714049.2026433796 112902.1313171387
81069563.1260598451 107121.3634643555
81050594.3304250836 107066.3844604492
80130433.5306222290 97302.7857527733
79648791.1935178787 91212.2390725613
79605790.6476795524 90892.2249992490
79740489.4499786347 91999.2847962976
80533794.5251579732 101427.2714048624
83644053.6091013998 122234.0109863281
81561857.0085657835 111714.1685485840
78600344.6209843755 71698.5019137859
78589658.7441407740 71651.0112100057
82388853.4151611626 117454.6809387207
82290556.8415348977 117129.4651794434
78647066.0125591457 73501.8364372738
82590408.8011114001 118574.3744812012
82627283.4498845637 118926.0391235352
82130334.1816643029 115757.8928413391
85071830.3382778913 123393.0089721680
86029255.4115906507 123573.0711059570
85332968.1829138696 123477.0213623047
85406538.0653526932 123527.4804687500
85100001.7897643000 123445.0765380859
85362933.1074350774 123493.7268676758
85801917.8760870099 123556.4821777344
85458493.2038662434 123546.5081176758
86792489.1516781747 123606.2275390625
79183320.4909186512 82390.5264872313
79164622.9708733261 82209.7523390949
78862960.9047287703 77593.0761305078
78341991.4544386715 61767.3703773022
82929998.3164422959 120497.7567138672
83446039.0914721489 122036.9972534180
83231267.3536456823 121635.5173950195
83168313.0487291962 121245.5838012695
82881582.0654958934 120180.4313964844
83053128.7279378325 121238.1458740234
82903201.7100152671 120181.6069946289
83336863.0486482382 121685.0135498047
82158558.6730773896 116011.1820831299
82607319.9251178652 118615.1478881836
82802580.8774301559 119818.5106811523
82810282.1259893775 119843.7013549805
82444221.0455648452 117973.0259094238
82489284.2633905113 118233.1502380371
84404038.5131534785 122907.2410888672
84186401.5642488599 122779.3643798828
80319674.8079965264 99383.5832343102
79348958.4953290373 85863.9014509631
79524695.3551149368 89134.6978649248
84484930.7753838897 122986.9295043945
80219055.5471620858 97985.8727980703
80198517.1991466135 97754.5544916838
80006394.7067426741 95707.4635881037
79671533.6144404262 91404.1403871179
79773075.8627524972 92930.4571702480
79786908.0839475691 93200.9735222459
79877694.4764352888 94036.7210841775
79893323.5320262909 94102.7091861367
80202753.6535360813 97778.0941920877
78746605.6922280043 75525.9338076173
78559458.2045875341 71638.5746524334
78712079.6843554974 74075.8802694157
78715253.8248048127 74207.7885597944
80049445.3755763769 96083.3786159158
83336241.1716871262 121678.9833984375
78500965.8608218133 67751.4083314803
78405895.6881747395 63644.3843888938
