87405063.9993399233 822808.4570312500
87748482.8541678935 826519.6445312500
87540595.0139126927 823903.1757812500
87241461.1304504424 818299.1660156250
82472524.3103323132 527267.5312500000
82547544.5239575654 541374.3624267578
82484026.4311437160 528747.3128662109
85413286.8757132590 769835.1923828125
85358610.4591256827 768535.9423828125
85322915.6958739758 767435.7978515625
85465814.2133567333 774828.7500000000
85016604.8712859452 757071.4335937500
85441080.7992506027 771894.1591796875
85112342.2061257660 759965.9345703125
87346984.8124714494 819396.7578125000
84393608.7532479465 728656.2490234375
84296621.4547787309 724668.6884765625
83230277.9867224693 638302.5908203125
83075343.3949729800 624889.0590820312
83093206.7792314589 628282.4775390625
82450057.9443996698 519798.6579589844
85188539.7781248093 761920.0361328125
82593266.3415751308 546248.0791015625
83731529.9911589324 685068.3554687500
82878683.2612454295 594364.6083984375
82475511.9643092752 528220.5494384766
85212566.1802992523 766250.9130859375
85066873.5574539453 757364.4267578125
85299789.3956805319 766270.2841796875
85804609.4948689044 781175.7646484375
85846403.7749124616 782111.9726562500
85801280.2346525639 781100.5205078125
86977161.9714708030 812891.6718750000
82603231.1603997052 548798.3811035156
83816670.5585047007 688440.3374023438
82550843.3161741197 544380.0074462891
82564875.3529798836 544427.3950195312
82518278.3417608589 533547.4096679688
82670013.1600506008 560756.9011230469
85092531.1661501676 758015.9863281250
82471764.0395833552 523865.4377441406
82532758.1679830849 537584.1413574219
86168706.3323598653 792120.2412109375
82486987.4823369831 529723.9133300781
82391064.8293448389 504771.0339355469
82432267.3587184697 516020.1967773438
87349904.6893713623 821979.0234375000
86982023.0892706811 812962.3505859375
86752641.8292413950 808706.2441406250
84846553.1925183535 747221.6835937500
83322963.5476031303 647803.4829101562
84849830.7360185236 747239.1557617188
84911957.4652772993 753086.8457031250
84317388.3036951721 725837.2529296875
84210916.0244987309 717318.8017578125
84292013.5713974833 723702.2504882812
84382380.9303804636 726970.0234375000
84201474.4957546294 717016.8955078125
85634798.9585967213 776401.7119140625
86571967.9298229665 803217.3964843750
84972826.4973197281 753158.5634765625
83531011.0616181195 665607.7309570312
83606343.3569411039 669975.8066406250
83888581.0389195681 694785.9309082031
84199298.3326177895 715621.8784179688
87057872.0283168107 816001.8798828125
87375515.8163922876 822116.4443359375
84253421.5560916364 723278.4941406250
83822146.8360800147 689693.8950195312
86830495.3799128681 810057.8183593750
86822954.3597346246 810008.4843750000
82432392.9859929681 516024.4984130859
86342049.6966742575 797082.5273437500
82676743.2558604628 564964.9038085938
82465342.3241511583 523020.2790527344
82423782.4729562998 513926.2320556641
87051820.3776659667 815373.2470703125
87151663.4215259999 817052.5917968750
86508725.3481977880 801927.6933593750
86565410.4442790002 802559.6005859375
87186052.4163485169 817058.9746093750
86736564.5967895240 806219.7402343750
87047537.9099952430 815365.7734375000
86969274.7833787352 812717.0205078125
83680135.7414899170 680064.4582519531
83819121.7130073309 688471.9904785156
83991579.7617636025 703983.9816894531
87256865.7269440442 818630.2841796875
83088144.9964338541 625115.3283691406
83253294.7431740016 642277.5148925781
85131133.3000138998 760582.0908203125
82530657.1568022370 534657.2899169922
82514268.6927523315 531501.3304443359
82545733.3324825466 541005.2984619141
86747992.6521454304 807166.6132812500
84048785.3838394731 707061.3671875000
84132449.4794408977 711903.4863281250
84408311.7998789251 729394.6333007812
87251250.3468061239 818507.6386718750
84516220.8509877920 736768.8510742188
87007515.2778019309 815325.5576171875
83049401.8158371598 615827.8867187500
83483494.2328717709 658682.2343750000
83525687.8373314738 662151.3759765625
86887191.6609457582 810981.8476562500
84091152.5307477713 711615.2856445312
83831918.9379117787 691558.2253417969
83773235.2627140582 686850.4838867188
83836785.9071174562 692087.2045898438
83854293.6399965286 693979.3261718750
83037166.7168662548 615069.7465820312
86814714.7733621597 809736.2949218750
83496638.3120516539 661746.3872070312
83655273.1803511381 675849.1083984375
88363057.6535482705 832842.2011718750
87962489.5685200244 829126.0498046875
88361884.9305114448 832804.3710937500
85408733.4321472496 768994.6357421875
85173231.7175490260 760719.5517578125
84176925.8981065452 715486.0737304688
83476648.3273501694 658489.7087402344
83178388.0727439225 635141.8098144531
82394597.6920229495 509694.1246337891
82481603.0644599199 528375.1087646484
82406504.4005230516 513498.6533203125
83355450.6656420231 649052.7609863281
83436224.4416275173 653427.7868652344
83455786.4135734439 656333.9553222656
83454007.8551232517 655921.2868652344
82511700.0768858939 529779.6671142578
82965512.9034402221 605346.8203125000
84855403.3106880486 750490.6621093750
82605106.0775976032 549420.6103515625
82648265.4422825277 554236.2622070312
83133320.8783605695 631429.2272949219
84522008.6959658861 737389.2529296875
84680038.6860534549 741767.0439453125
84045073.8560557961 704902.1479492188
84226771.3904009163 719082.5532226562
82430986.5724124014 515406.9356689453
83245146.5238106698 640477.5456542969
83206104.3592070639 637451.1958007812
84827234.1500954777 747105.8945312500
84601174.6106866598 737914.2148437500
84495339.2598813176 736123.7978515625
84654016.3312324882 741752.2734375000
84626643.5233605802 739170.8603515625
86445324.3978065252 800068.1259765625
86926401.7228057534 811794.2226562500
86492742.6499208361 800384.8203125000
86956201.2637324631 812316.4199218750
83486429.1619085968 660601.7827148438
83286837.7157381624 647064.7790527344
83435833.3053360283 653084.1872558594
83902959.1647107899 695718.7001953125
84082402.1902125478 708080.3481445312
84072739.8551972806 707188.2915039062
85013618.3410669118 754993.3339843750
83655006.3973241597 675495.6169433594
83058228.9387533516 619399.5634765625
88107643.8241254091 832545.9970703125
82601093.6535312235 546504.4299316406
84438785.1052920818 733527.6142578125
84607793.0378846228 738668.0595703125
83252438.0045803934 641778.6928710938
83934230.0765039921 698586.0483398438
83963329.6072803140 701822.1372070312
83935310.1129630953 700880.8061523438
83233359.8631833047 638647.9033203125
83250731.7030708641 640642.6416015625
83648475.5756754577 673997.4267578125
83617667.4706455469 671600.1484375000
83155093.0922276825 633454.4531250000
83185021.6570099592 637114.4191894531
82884847.8394426405 595316.6083984375
85011389.5239108801 754286.9414062500
83862600.7914930880 694449.3647460938
86469981.3356891423 800206.7412109375
83346336.2541856915 647935.9333496094
86653323.2967808694 806087.5341796875
83904350.8228223026 698348.7060546875
83984893.1392085254 703435.0083007812
83633437.3313230872 672444.2844238281
82346134.1192868650 493405.2124023438
86584929.2375281602 803716.8867187500
84850814.1977078617 747850.9599609375
84697139.5473325402 742207.7138671875
83168770.4540048987 633619.6171875000
86637320.1089801490 805105.8876953125
82854490.2847392410 587255.5773925781
82839899.2765967250 584072.9790039062
84346121.8973647654 726528.7041015625
86440667.3850766867 799765.3691406250
82343607.3069722056 492513.8060302734
85590523.0072498322 775460.9003906250
84142937.8188130260 715073.7060546875
82826783.6724251062 582441.6596679688
82783940.1197691858 578590.5505371094
82766154.3667518497 575003.7805175781
86609748.7887921631 804232.0693359375
83626443.4015367627 672376.2192382812
82364755.4727437645 498163.7242431641
86229057.5982193798 793745.9609375000
85959184.0316072851 786494.3779296875
86180074.7284837067 792376.8505859375
82658364.1993096620 555273.4895019531
85001981.9522153735 753329.9169921875
88440307.1221865565 833612.8876953125
88074155.5466385484 831469.8427734375
82905814.8997524381 599314.7924804688
82771345.9915920198 577880.9875488281
83707121.9099064022 680116.9858398438
83578304.0470613688 667169.5468750000
84699038.0507894754 742234.8208007812
82376050.0159528255 501339.6843261719
82896545.0366160125 596745.1811523438
87916522.0052831620 829025.6533203125
84742133.3555628359 745055.4208984375
83436532.1372038126 654102.3579101562
86124828.9537881315 790847.0605468750
86146332.3659373373 790874.1064453125
83981503.8676324189 703128.4262695312
85995689.0029466599 786933.2050781250
83463456.6268478930 656576.8447265625
83000775.6272095591 611745.8764648438
82927670.3251088113 603605.7915039062
86196680.2019105554 793505.4101562500
86371391.2550465465 798753.0107421875
86354325.6023419499 797472.9658203125
86239851.5035518855 793943.0449218750
86184788.4735891670 792733.6025390625
83615420.5268937796 671180.4836425781
88701177.0937493593 833815.2890625000
83448953.1004339159 654458.7341308594
83529321.9391267747 664158.7150878906
83380519.0204441547 651931.6835937500
83387369.1453357637 652592.9790039062
85887840.4476502389 784108.3017578125
82764976.7305252403 573726.5307617188
83363788.8361636996 651914.1054687500
85984446.3690745384 786733.6044921875
86049576.2501569390 788102.7148437500
87571137.8157273382 824592.2441406250
86307746.7202872634 795090.0185546875
86276328.9483778179 794326.0400390625
86326703.1583034098 796152.9306640625
87976780.3428934962 830377.1132812500
85931113.0315935761 785474.5771484375
87611383.9894654453 825902.8945312500
86065116.1208155155 789388.6376953125
86164353.4660687298 791495.4062500000
85966910.3513825387 786569.9843750000
85998016.7009617686 787090.3564453125
85938936.6726339906 785852.1601562500
82662692.3565555662 558723.3306884766
83452084.0126551539 654893.2407226562
83006588.1902624071 613934.1962890625
85388676.7717099637 768882.2812500000
85679838.9834030867 777062.5781250000
85929005.5194275379 784193.5341796875
87882137.0030432343 828952.9453125000
82750295.5941160917 570917.6447753906
82723483.3484937549 569237.2250976562
85841771.2710820735 781302.7431640625
85904293.2958713919 784135.3994140625
85716093.5340596288 778731.3798828125
82646420.0462325811 553767.0197753906
82815428.4002032280 581284.2517089844
85724697.2665991336 780326.0634765625
85690926.5380889326 778492.1533203125
89574469.0604816675 834133.1406250000
88044582.7000427842 830943.1943359375
87347196.4658899307 820665.2324218750
87758790.1157261282 828580.4580078125
87273576.1344238222 819386.1513671875
87489925.6632978171 823361.1962890625
87218362.4443017840 817834.5966796875
84037738.6084009707 704010.4492187500
87235101.4089109302 817922.6455078125
87821334.9915926903 828614.5449218750
87344103.1488265097 819394.9306640625
82986075.1606444716 605547.6013183594
89269387.3871427327 834015.4980468750
82708527.7279402465 565968.4682617188
82878014.3136133999 589751.2304687500
89239624.7173208743 833975.1191406250
82850864.3731351048 585717.4348144531
82616583.3507523984 551510.8022460938
82746493.3574825525 569508.0441894531
82764602.2695195675 571906.3239746094
82858166.5037498772 587308.5686035156
82845680.7154194415 585152.7551269531
82830880.2794070542 583939.1691894531
82828116.6830320209 582443.7500000000
82619048.9247134477 553603.3997802734
82662144.2294867933 557575.2570800781
82763999.5153203309 571670.4362792969
