101869137.9972461909 54489.9017501157
101859968.1537637860 54414.9045577329
101801826.5677049011 54408.3122115415
101031091.7630128711 49288.2227888046
100810341.6721927375 48387.4419660507
100959261.7859395891 49270.6884260116
100813539.9740865082 49047.9012937485
100954280.7089481205 49151.7645368515
100912951.6902353168 49056.3505353866
100838116.1826755404 49052.6546030575
101092394.6683914214 49950.4729319150
100725254.1159040332 48358.3607969223
101040830.5077728480 49814.7409067685
101095608.2929619551 50728.8682029797
101051610.4566276819 49840.2376108700
101268994.2900613844 50789.6682863496
101276326.7058013976 50804.6716432832
101326179.4136981517 50873.3979959153
101369580.9879803210 51674.3138894700
101935448.0236338526 55067.3087294977
102003689.1508807093 55070.3543227594
102006953.4009601325 55793.5423873346
101490872.3818306625 53270.7464919370
101659640.0296043605 54043.6850409787
101415787.0374951214 52378.5311255734
101326861.3772096634 51648.8467688840
101306384.1329092532 50872.2797097825
101478424.4600068480 52544.2120566647
101374225.3643258065 51774.6058554929
101412328.8523780853 51810.9387249630
101304988.3855803460 50870.9755410813
101373349.6022505611 51748.7559104245
101609187.7790133804 53301.5920691770
101611111.4712116569 53845.5303865559
101798983.0647897571 54186.3469252866
101890679.4656331092 54489.9529586118
101777896.8025849015 54086.9978285885
101902641.2819796056 54889.2538710690
102087107.2338523120 55947.6463197774
102221053.6079961210 56512.1321295953
102033303.0095412582 55942.1674079156
102379620.3665244132 56514.8693122125
102087837.3232104331 55997.6915778375
102262750.2249340266 56513.9245490289
102602993.6973612756 57421.0427386124
102826549.5847978145 57778.2431628067
102463433.4434008151 56889.5509783585
102427191.1322895736 56757.5363558984
102648659.1756627411 57480.8404940820
102491385.8457214981 57288.7688998437
102823938.4819284827 57697.7005132418
102857201.3322837204 57811.7015508395
102737014.7952482849 57632.8022588473
102776398.3106922656 57689.7835210543
104087742.3483228236 61359.5282943528
103663187.0279464871 60550.8971119458
103931579.5182099193 60761.0046327645
103592204.8825051039 59974.9703846509
103615905.0031478554 60454.9360371167
103250584.4677245170 59538.4155293042
102865011.7245296389 58593.2523251111
103488511.0800862163 59958.5968950763
103111370.2755011767 58885.7070026929
103220465.0661643595 59189.9745653644
103119210.3418567032 59102.2860277668
103235462.4525996596 59191.7555101886
103130916.5655825585 59112.1650408283
103960845.0445385724 60904.9052523151
103142728.6897604018 59140.2960985675
103839801.4435328990 60731.9605252510
103855455.8720417172 60735.9380795723
103830364.5431348234 60726.6042020088
104311660.5719863623 61646.2690752521
104251297.0593216270 61638.2417315021
104078964.0102341920 61313.3059820356
104608192.8466135710 62320.6862963215
112008998.2525347322 76173.5948234424
111532148.1095444262 75663.3612034321
105813967.3507316560 65078.2929208875
105734288.0676552802 65007.0844858289
107536098.2253393382 68468.8662404884
107480279.2699183673 68452.6444822550
107013442.9925430864 67532.3907743692
106627581.5368706435 66719.7514501661
106649612.6715297252 66741.2913671583
105898610.3991980404 65621.7766305916
105599028.0277456194 64822.0325860429
106069960.2923540622 65663.1941720955
106677050.8859444410 66767.5733179897
106118736.0680657774 65842.9884227961
105687474.2843741626 65007.0174692273
120282764.3201563060 87519.9353942871
120077159.4052032828 87034.5928039551
120457204.8673876226 87583.9038391113
120769673.8216813207 87631.7085266113
120433839.6377070844 87529.2500915527
120673729.0632890463 87628.6705017090
118956741.9743191004 86279.9169616699
120172136.8561176509 87076.2103271484
120163314.1241539270 87055.2135620117
120197333.8532911539 87191.2783203125
120521598.3905519843 87616.1484680176
120246041.1359423995 87485.5459289551
119102951.9014227688 86350.2021789551
119265735.5487408936 86350.2262268066
118877397.1254512370 86232.0716247559
119513334.0003299713 86903.1350097656
119314082.0387735963 86352.4423522949
118859038.3387840688 86219.5996398926
119595516.5761317909 86906.7446289062
118844265.8389632702 86098.6905212402
117743075.8851725459 84656.7844848633
117752660.4499787092 84667.2949218750
117844462.7312855124 84730.1076660156
118404078.4694400430 85476.9953308105
118305473.2447712123 85431.9413757324
118144485.5397183299 85306.1446838379
117093984.3681073487 83596.9360733032
117027907.0255489945 83563.9545974731
117563796.4130995572 84539.8767700195
118740034.7968814671 85848.6429748535
118034323.8852176964 84844.4498291016
118117029.4701487422 85222.2828063965
118092137.5030595660 85159.4424743652
118105800.4272073209 85184.3431091309
113395667.1673756391 78436.3148754183
113045830.5748916119 77909.3849396110
109713052.8733035475 72293.2905460772
109722246.7575208694 72306.6616398272
116685321.3908520043 83283.6224520411
117425622.9395257831 84222.1780166626
104475646.9739475399 62040.9538608999
109528760.4251351357 72076.3717300892
107249293.5220333189 68089.6550943367
106976103.2257073075 67260.4005777352
114485697.8114925474 80342.4716739655
114168934.5664444417 79695.2525687218
113687819.8935993165 78782.1677509416
113704982.9379913658 79083.6557651628
113815276.8739290684 79118.7926670182
113947549.8581498414 79166.2808872331
113963695.1252162606 79184.0794101823
113426013.9269750267 78530.3249338120
113210721.6833505780 78399.7896076310
115475360.7192320675 81572.7922458649
115543297.9303280860 81724.1858922839
115458243.8080234379 81506.1122989655
115480121.1648967117 81723.4738867283
115142453.1790138334 80869.1347446442
114923857.6007625610 80804.1780796051
114857671.9240967482 80779.6985263824
114962881.8996582180 80820.6684970856
114361903.6290946752 79874.4005680084
112100908.9547370225 76674.4205213785
112014184.0099254698 76661.0208021402
112533659.6314236373 77069.3192033172
112347426.6753779203 77005.4729047883
112392057.8736017197 77022.2882124055
106737369.1572621614 67165.0920450203
110213494.5135661513 73324.7262718081
109274106.6420152634 71501.8855168223
109752152.9792458266 72408.9263044596
110194517.3680856824 73256.2484327555
110052710.2908835560 73128.2264448404
110445843.7360072583 73962.1539503336
110607616.7208373845 74044.1750379801
109948684.4262080640 73126.2788740396
110419509.9097447842 73528.9731146693
111469032.2033743113 75350.7362249652
111645542.1101553291 75821.9972387552
111851897.0701625496 76090.6647734997
111784717.3963191509 76068.9949881062
110899830.2397754043 74402.8864232525
111390101.4979244918 75349.5587347308
109201850.7467625737 71477.9368225744
109574031.0149005949 72153.6306139231
109047940.8119453788 71264.3606903553
111189873.4661574513 75156.4226165173
110796670.8378295451 74400.9388524517
110704429.9646054357 74291.9985404834
110649475.2414712161 74251.4242606983
109185451.7496342808 71306.4527573436
112598374.6973727793 77266.5286555756
112649493.6627693623 77379.2221561540
112629455.2806300968 77360.0964237321
112633808.5607950240 77360.3881107438
113868259.4861489981 79137.4794874806
113017489.9646513611 77778.4621006120
113208017.7268398255 78284.5148044694
112843982.0174172670 77715.0257764924
112739814.3003719002 77567.7310277093
112169694.7221330851 76725.8930141926
111674210.1338039488 75970.3421369791
111115029.9791966975 74910.2503248453
111135958.5312460065 74965.3078199625
110971146.2758978903 74715.1895338297
110424766.1848122030 73882.2491346598
110974151.2777966559 74842.8326612711
111124328.1826309115 74923.6254162639
109905010.1080479324 72972.4580141306
109467069.1807592213 72067.7900987864
109055133.7759110332 71273.5310394764
108599947.4740345180 70285.0144228935
108501782.2514105737 70239.9917781316
108890518.2616269886 71158.6322968006
108603441.0426830053 70323.1119644642
108411549.6118853092 70183.9456436634
108269731.4701644331 69975.8539683478
108123036.1963947862 69428.2641009688
108148848.6754019409 69445.3489398360
107934530.2002046257 69111.9922221284
108263852.7713842392 69492.3818351030
107098436.0641499609 67746.1277636290
107662237.2752048820 68637.3441942930
107670800.6911416799 68951.1434301138
107831997.8706859797 69085.6806920767
107796939.7992655486 69013.0033039451
107237899.8948609382 68066.7062458396
108874090.5796467960 70814.6984925941
109397542.8074953258 71863.5187592413
108869073.8134127557 70807.4040326923
108391477.1886019707 70059.2660179138
107975664.3839172721 69193.2897854727
107404794.5247650594 68238.2865189593
106983708.7252216488 67368.5431882674
106275550.2295612544 66200.1038231105
106328367.9186100811 66297.5866476148
106349571.8711518496 66304.8708883375
105869174.9234971851 65437.3551124781
105814045.7719870955 65346.0531105250
105520711.1583203822 64373.3407864505
106479795.6832487434 66428.3361172611
105576256.1726692170 64531.1791556245
105226788.4428040832 63769.1418936616
105467130.5326914191 64190.9386107605
105369290.9425823390 63908.9751395844
104808629.9216208905 62888.8685413809
105184399.5439338237 63720.0461943653
105135820.0309542269 63676.1443961030
105195142.0645370036 63761.0597034902
104730344.5506653637 62840.2924915762
104400736.1880189925 62018.8674351186
104710593.6892554909 62817.9298817129
104449467.0551730543 62019.9539829702
105376483.9065479934 63938.9589652680
104987584.5955719054 63096.8844566010
105077901.2444316447 63230.0458945893
104489333.1197688580 62107.8995930166
115953743.2900902331 81797.3724060580
110377644.8505481780 73506.2534849381
109845597.0638180673 72571.8987461810
116369540.4576930702 82512.8216195107
116386252.6256616414 82551.6123909950
115370459.8266630173 81366.6831489801
114698422.9422473311 80477.8715713508
114735395.9564229250 80495.1123281717
114764200.7986665368 80534.8578978777
114031070.4110139608 79533.3155762404
113995573.3172305524 79466.3358175941
113585450.6645229459 78626.0745595098
113538061.3003692031 78624.1387074590
117517960.4435738325 84371.1399059296
120910977.8645054847 87684.2515869141
121178950.4658790976 87700.7697753906
120999970.2484097332 87697.6137695312
121458322.7910220772 87803.3416748047
115967441.8232516944 82119.8458560910
119469962.3897025883 86624.3412475586
119427488.5666598380 86623.2139282227
118527144.4846253395 85613.4919738770
118790536.7896529138 85975.8653564453
118788151.0603770018 85911.9311828613
117399495.0557432175 83983.4585390091
117467054.4079140127 84269.9466342926
116932365.4898878932 83428.8029394150
116825192.7489635348 83362.7126684189
116097815.0931980014 82376.7899063230
116237964.8415964246 82424.3963165805
116052989.2872716784 82130.4175723996
116624404.4096740186 82989.1781923976
115957534.2289423645 82020.2531358004
116378281.8855677545 82519.6143104844
116610820.7611452043 82869.6799063683
115322864.3666189909 81221.3657151461
114257324.3842306137 79718.1456171274
108683976.0421591401 70422.1756035646
108643764.0669988692 70421.6086479982
121994491.5865652114 88000.2211914062
121869311.1455806345 87922.3890991211
121590293.5923003703 87837.7330932617
121912586.2996031791 87957.3408813477
122069826.1631160825 88004.0781860352
121640866.2159676999 87882.3892822266
122307349.0085005015 88072.0525512695
122288991.6196263433 88012.7959594727
121610283.7704214007 87870.3997192383
121964677.9221382886 87993.7274169922
121695642.7354801446 87908.9871826172
121555053.8058157712 87832.8644409180
120097387.2804532498 87036.1450195312
