107205978.0468878299 62698.2653719136
99886734.7777477503 51375.4526683639
121083017.8469979763 78908.1059743967
133703321.7403628826 88440.4945068359
99556753.1551150084 50505.6364337752
99772322.1970548183 51316.9829920164
99548091.4370509088 50500.0607044051
98675845.4621588290 42633.3055854123
100049650.1200060248 52177.1984537474
99022176.9087072760 47266.0851032088
98679103.8421348333 42706.4031299334
102793616.4557455927 56093.3505169027
98882569.2354210019 46199.2647885258
99290083.2032972425 49088.6464868418
135055043.1297355592 88741.6491699219
99334119.2438273728 49585.8977380625
131876771.7207716703 88101.2042846680
117844533.5117758065 75177.6943918969
99705408.0905847400 50806.5157984129
134753880.5211629868 88681.2912597656
98738543.4048095793 44442.5349773001
134655519.6235961914 88668.3975830078
99100281.0069217533 47911.3075095142
99579151.0600743741 50523.6181052650
101874015.5577720553 55138.0832430073
98678357.3208839297 42703.7266353350
98904820.2835966051 46987.3209830101
133082783.6877723336 88285.1898193359
99287218.4108195156 48952.3980127207
99503766.9725033939 50259.9023123707
135055043.1297355592 88684.1737060547
102423716.4086700082 56058.0015001842
99025708.7594503760 47301.7392551253
99751187.1368208975 51306.5052507750
99355294.5283606350 49705.0680744002
100163065.8412202150 52268.9344775267
134412386.0727024972 88649.8213500977
98983470.2096355706 47241.5797510098
116594285.0274928808 73551.0372176152
100683799.8500373513 53169.5667665831
134886341.1708589196 88683.8966674805
99742525.4187567979 51301.1822908751
102335082.6941848397 56050.8891206929
99779216.5914350003 51317.6840418211
133235011.2708839476 88351.5502319336
102095173.7478386164 55275.4744721036
99377874.0247151405 49705.1411945174
98711992.0856173337 44239.0069640707
99523934.2460520715 50404.2555795542
99441464.0271376669 49888.6555200449
99215898.1525238156 48930.5102207015
99835383.0159487128 51355.2122705902
100140348.5173258781 52228.1157403818
99238157.6160926521 48937.4723501976
99149990.2447516173 48674.0087042625
110669241.8085090965 67301.2319093891
98994147.4540931582 47254.9207240890
99125768.8829738945 48157.6880847762
98956269.0009350628 47009.6218634422
98928239.5463209599 46998.4192076499
99311966.1169429421 49448.6396780784
100861871.6610279530 53213.8522630879
99059860.9752016962 47901.1865683372
130142291.4920059443 86996.0563049316
126330392.9224307090 83669.1481876373
132907824.5279475749 88226.5913085938
105083027.2326554507 58856.0502336702
99515272.5279879421 50399.8228479258
99569674.8802755922 50513.0754474948
124416778.8004713953 81775.3641281109
132791696.8999022841 88207.7833862305
104838235.4987859875 58074.3689472030
99278556.6927553862 48948.0683389536
100608837.9962187558 53167.1518049805
116610839.8454653025 73869.2737547108
116051932.9793584049 73099.6822447758
123612056.7026782483 80880.3693899177
100481613.2925800234 52623.6125181522
133528362.5805381536 88428.5854492188
116146749.5529169589 73319.9787782934
105793201.4456662238 60692.1561584435
105415718.4267249405 59885.1430574604
99117107.1649097502 48153.1891071151
99229495.8980285227 48933.7331000144
124486674.3267405033 82934.1722555161
98884584.7618144453 46207.5299406822
99295403.8058007210 49189.4748889754
98985485.7360290140 47250.4217464278
99599773.7414003462 50525.4139644454
113081043.9763515443 69489.2790606823
99141328.5266874880 48670.2694540794
99303304.3988788128 49444.9004278953
118910421.4338163137 76574.7787884753
120135371.6882402301 78186.3882619943
120131764.7048038244 77657.4453909006
117820565.1312182695 74401.7816529162
99051199.2571375519 47897.4473181541
103106973.5366200060 56804.2299383488
98919577.8282568157 46994.6799574668
106516171.2229904979 60836.8777452656
105978128.0122551322 60835.4272447773
99087143.9085649103 47908.3085051353
99265440.5494558662 48944.5942869956
99941593.3509781659 51544.7545512468
102037444.8423468918 55261.8434478245
101450448.5691553056 54207.8337846943
100538625.0671657026 52685.3077696171
108908244.7900015116 65495.8857027241
99922428.3913554400 51530.1775155614
111187924.9236079156 68234.0555788227
99353296.6557966322 49625.1918741098
101825410.5255912095 55128.0168367573
99618893.7533275336 50624.1696941207
102426560.5313360840 56067.9668660411
113598761.8992525637 70227.9131407719
98887126.1933900714 46304.3806672922
102011366.8079601526 55240.9211834893
98977371.2116263062 47143.8488107554
106947390.3623790443 62396.6609118786
100884464.5649548918 53453.0321946691
112879299.3492359817 69185.3673329600
99108992.6405070424 48046.6161714426
99287289.2813979983 49082.9019533030
99199121.9100569636 48819.4383073679
101744220.5836214721 54660.8141084858
110476843.1715242863 66789.7085955944
99680728.9865460098 50677.9894992660
99426342.7859958708 49743.8687679122
98980165.1335255504 47149.5933442942
102441774.1383890957 56088.2159343832
99111786.5624062866 48052.3607049814
99201915.8319562227 48825.1828409067
99478155.1998158842 49904.2791276804
116867527.9155052602 74324.3602309208
115749601.2741745859 72449.1223329809
107696576.5291112065 63155.9454882946
104916653.6720773876 58471.8227043698
101761632.3329807073 55126.0341707417
100531295.5307849646 52637.2511289921
113534983.7066420615 70225.9304747563
118499076.9175289869 76440.2446698230
100319652.0894574970 52542.0581372380
101532701.2303992361 54643.0996525884
101795777.4691074938 55127.3536287495
110628291.6617668867 66799.9980922639
100590269.1686571687 52858.1714387834
108304129.2121454626 64561.7295580455
99955387.9670984745 51611.2229824569
102438361.0927704871 56078.8533283756
101386670.3765448034 54205.8511186787
101848396.8460913002 55132.9486604878
99415104.8592432141 49722.3637401412
99407911.8952775598 49708.5207835982
99438623.2071468979 49745.7491771529
104964909.8618671447 58491.4058208968
100851274.9260414690 53204.5759813786
102185361.6721010357 56039.9994572997
116858984.7507483959 74171.4697934338
126312601.6409071684 83234.7670593262
126474006.9208751917 83842.1995849609
106546307.1074533910 61319.4105364033
98769536.5359435678 44472.2278338249
101019953.3342063427 53524.8840592075
114865937.2002260536 71471.1416593739
101212856.8761545271 54053.4430229831
98896978.9291727692 46304.6204782358
101874330.9974320680 55158.2900339314
99017266.6122975051 47256.5432979415
111812676.4492322356 69167.6526131877
98805112.0245018005 45360.6565275962
99205124.6391068995 48928.1245548080
100753202.0416293442 53200.2849953342
121324977.6562944204 79269.6900253277
120676239.2738908380 78818.5044019222
131496727.2126093805 87776.4844360352
118486295.9658147395 75367.1811213922
119748927.8274311572 76758.9490611162
98874822.6789461225 46159.4385023887
128421812.2150719911 85541.8916320801
128979060.4977938086 85981.0517272949
122070630.6361616552 80479.0896749496
98677507.4314013720 42647.8849997800
115722640.1088164300 71912.9698465979
129261969.3443710655 86804.5992431641
129626414.4066604674 86847.0994873047
98715741.3516332805 44357.0475848746
103249066.0912766159 56969.7825088748
131354455.7501585782 87636.7290039062
102119319.9953654557 55855.9709396609
99275708.4834063947 48947.8058864425
130748218.1429518461 87582.6017456055
99666025.5985639095 50649.9899387863
122608893.8934772462 80740.0162149668
98778198.2540077120 44475.0983401115
114547725.9037066251 70576.9978686869
130307796.5131345391 87044.9323120117
127659426.6797886640 84573.4328994751
123803160.0073740929 81437.1930032969
101227672.6108196676 54115.9007208515
99040466.3041105866 47308.8646137069
128437714.1399808973 85721.8619079590
115284450.1889581680 71782.0947152376
119386221.4341585636 76577.3539868202
109724561.5762730837 66187.3442179449
130290176.1204835624 87011.5988769531
130262960.5309276134 87010.9852294922
115260284.6279661357 71775.5974007845
127625660.3918198347 84414.7842178345
98787162.0632554889 45244.1640411429
98701798.0089804083 43565.6230147909
98713654.0548598766 44239.3400329184
99037672.3822113425 47303.4526340316
128140086.4720619470 85241.9927368164
128932810.4868363291 85896.0798034668
98840143.0455584079 46144.6265555198
98971764.4744391441 47047.3939162071
126952856.6350648105 83951.0546951294
98833179.4337301254 45368.6860113914
98868172.5001725107 46155.8360281761
98679901.0224664658 43441.1721252035
127423195.4827488512 84244.5269851685
98974558.3963383883 47053.6046667869
98807943.9010152817 45363.6872893150
98842936.9674576521 46150.8373060997
98740205.3740521222 44457.0824702810
104412567.4483406544 58020.2791388202
99049128.0221747309 47312.4213611434
98681562.9917090088 43455.7515395712
98879628.1401358992 46164.9124823387
98798617.7032188773 45253.1778541617
98838127.5191649497 46135.7237385685
98816605.6190794110 45366.5577956016
98851598.6855217814 46153.7078123863
98789955.9851547331 45251.4498039298
98754962.9187123626 44464.2997871451
98730498.8962935209 44364.2649017386
98696320.5363692492 43462.9688564353
98763624.6367764771 44466.0278373770
98789247.4185180366 45244.8154693656
98754254.3520756513 44457.6654525809
98729790.3296568096 44357.6305671744
98695611.9697325528 43456.3345218711
114823160.0549351424 70928.2949763369
106775569.2974226326 61646.6337407120
103927689.0024953485 57809.7176469453
