99006653.8421211690 49216.5862817680
98502415.2497487515 40081.8473362457
99043304.3519219309 50760.8280878579
98670003.2227964997 42942.4837148106
100998476.1908547729 67085.7022859817
99495461.7896711677 55180.5273439204
101235594.0575712025 69057.0296581909
98671164.6863605678 42966.2663991367
99328460.2463378161 53269.6211301601
98496214.6158676744 38559.5065092808
98727414.9248152226 44841.3887364781
99429397.1043318510 55135.6865131175
99225286.8357535601 52884.6273111617
98329239.8078439385 33940.2692836802
98922339.6626598239 48714.3592331326
98845338.5788214356 46878.1210362827
99396982.1085057408 54862.7480645059
99040263.3166660219 50751.0915329373
98718449.4184762836 44750.0249245083
98370759.0305007249 34637.3612045562
112056848.5080197603 94290.8435592651
99584104.5978566110 56895.8899102090
99254385.0829213858 53102.5446674144
115882682.9466438740 99692.0947570801
99554222.5871604830 55332.8419954097
98517089.6987027228 40169.6245092433
98412612.3526318073 36409.4452662924
98376959.6643818021 36159.7020315211
98951437.9098276794 48932.2765893852
98279799.2530946285 32109.0973336827
99144713.7906264514 51065.8123676097
98174678.4941946119 26649.5825725580
98898581.9021348506 47226.4188318169
99069361.5638338923 50969.0088891899
98738304.1151679009 44919.2643468296
98157842.6519287229 25213.0884352187
98587345.5052735806 40933.2274994170
99591373.4793519378 56959.5746919429
98696935.8831270933 44501.2921966827
99562275.2321840823 56741.6573356902
98644079.8754342645 42795.4344391143
98633190.6850815713 42717.5588287627
98178152.1159386039 26911.0319335992
98856227.7691741139 46955.9966466343
98869483.6549669951 47008.5014755642
98703310.5565937161 44520.4737395560
98537107.6308195293 40179.0715030711
98605415.8189343065 42380.3731779819
98660275.4960078746 42888.3907887852
99778495.9687027931 58992.7165376460
98259151.2855693102 30788.9430904845
98567234.2601954490 40762.2925934112
98559325.5125475526 40684.4169830596
99688801.5644880086 58473.2976409709
114528099.3410965800 97570.4978866577
98620090.2678882927 42468.1503509795
104766222.3537539244 75380.5692746406
105159851.6910113245 77081.0562741524
105567210.1522053778 78713.0529074436
98124863.4187970161 24617.1669435287
98209496.8273613453 28805.1448804848
98223821.9645280391 28944.1737793023
98396977.5964986086 36169.1490253489
98443789.7776048034 36840.4781377232
117117770.6987734139 102581.9500122070
98357647.0762625337 34416.7019847911
98273476.4227360040 30967.9878611052
106804701.4730526805 86926.9912828803
98242487.6633985937 30548.5276196133
98292142.1216065586 32572.3417014163
98394281.9099930227 36164.5135273021
98344062.1994042397 34334.3990673106
98483145.8512296230 38458.2278732574
98892904.0382375270 47140.8289882457
101525639.4609956294 71018.9265087768
98329453.7113025934 34132.9114154857
103311445.3764985502 72514.2566898987
98463246.8452812135 36997.2649617884
98416704.9666785002 36669.6461166656
98346757.8859098405 34338.8263744395
99376136.2230491638 54644.8307082532
98427594.1570311934 36747.5217270171
100053165.6005488187 59776.7541413456
99518030.8339143842 55241.6927371537
99403374.9781604260 55035.2925805962
98360520.9353521168 34547.5488118213
98976237.8270991594 49063.5058395779
100676268.6464972645 65225.0286284154
100002833.4383825213 59597.0847349083
98196644.6172652096 26938.6389444638
98933633.0596269965 48724.0957880532
99559284.6814098209 55383.5047767377
98254231.7823008001 30565.3727305066
98895945.0734934360 47148.5432214653
98270870.5839252621 30792.5744845998
117179006.7332182229 102733.7061157227
98242273.7599399239 30355.8854878079
99517759.7696796060 55224.4901835239
99372162.1920589358 53350.3629310345
117538641.0172540247 102893.6521606445
98368385.1095818430 34593.0429076236
98542160.5520454645 40591.7914213901
98320525.0421332121 32816.3885664027
111142704.7973509878 94005.4974670410
98357825.2488465160 34542.9133137744
98365689.4230762571 34588.1699217837
100635637.5518428981 65127.3398771947
98136607.5376992077 24634.0120544219
98480450.1647240371 38453.3794845855
117538641.0172540545 102958.5971069336
98902935.7852739692 48661.8544042027
98491825.8073081523 38522.8652004730
98756707.6906910390 44998.5430333531
100237408.7315641493 61481.9014105946
98713456.3309338242 44591.9802586948
98785012.1312677562 46625.1221043980
98564889.7927101552 40740.7781967437
98258937.3821106553 30596.3009586791
99941425.4169103056 59333.4476294369
99354790.3363197148 53342.3714850759
98270895.4044715315 30805.7882013777
98544856.2385510355 40596.6398100620
98356756.4168383181 34411.2291106265
98370859.7868705243 34885.3147873199
99681953.0562579632 56960.4623906165
98237879.7478880137 29049.1917454712
98368714.4391991943 34620.7889241260
98446485.4641103894 36845.3264653599
99098176.9793207347 50969.6846391475
99322749.9336517155 53108.1569589293
98156427.9251247942 24697.1682811761
98430289.8435367942 36752.3701156890
98419400.6531841010 36674.4945053374
98303886.2405087650 32589.1868123095
98235566.0834302455 28961.0188901955
98200179.2645294517 27060.9726392739
98115545.8559651077 22872.9947023178
106775837.8926425129 86838.9357008701
98209117.1275719106 27961.2023710990
98169586.7708309442 25229.9335461119
98206535.0364652872 27155.0787985856
98189896.2348408252 26927.8770444924
98221240.9462635666 28821.9899913780
98197760.4090705812 26973.2062233025
98174464.5907359421 26456.9404407525
98124649.5153383464 24424.5248117233
98373555.4733761102 34890.1631759917
98144471.7119289637 24679.3412332321
98311750.4147385210 32634.5159911197
98291928.2181478888 32379.6995696109
98964516.1351319253 48942.4677275931
98157628.7484700680 25020.4463034132
98177938.2124799490 26718.3898017937
99214329.6699533910 52733.7709222352
98209282.9239026904 28612.5027486794
98888195.4319389015 47023.3160760319
105649051.0383685529 79723.8787665134
107448937.1986242831 87076.6850662231
99069050.6777325273 50881.3272510394
99546399.9753172398 55288.9082235172
112861764.0262620151 97142.3073425293
98649969.6686373949 42798.3453281289
99211288.6346974969 52719.7692925846
99970693.9695507884 59530.1418248564
98447488.8125682324 36923.3050216949
99034423.5265218168 50686.6274468815
98571941.0494773388 40767.4717700845
100241599.7857424915 61903.5283345729
99159061.6373562366 52442.1197810648
98628634.9907556921 42524.5115646636
100244051.9367177933 61916.0611090809
98582830.2398300320 40845.3473804360
98639080.4782847017 42720.4697177773
100082992.7581537813 59878.7552918941
98408138.7258542031 36403.7488965075
110873259.4309671819 91623.4173927307
99030478.2485479563 50405.3760066507
108792161.2548058331 87761.0086097717
98465744.6851435751 38267.6049909126
98653754.9272386730 42808.2468907749
116493433.1734826863 101685.2762451172
98586615.4984313101 40855.2489430821
98455053.3414341062 36924.2377401087
116133523.2747822404 100923.2621459961
112679955.7513645738 96445.5050354004
116164659.6237070560 101614.3581542969
98100412.2158461064 21142.4117641468
101094600.1750839055 67109.4660442993
98937576.2534813285 48931.2454583561
98555745.4289037436 40674.5154204136
101429950.2994687408 70966.9910592800
115953163.1342146397 99722.8290405273
101367505.5637656450 70712.4506443664
101395296.8366873711 70720.7877567932
99134586.6548832655 51032.5034043519
101125964.1785852164 68488.7260922119
98107467.7782766819 22603.7221526885
101551976.3929436505 71118.0619071880
109127905.3520409018 87841.7237625122
109356070.9072914571 89851.4979934692
110644622.1627009660 91542.4820837742
99017044.7095697671 49277.4546868717
106113790.0408128053 79962.9779181248
98702825.6763302088 44504.2030856973
98675740.8654039353 44183.2880887752
100326689.3097540587 63327.9998979485
99876377.4300714284 59227.3264843225
100127957.2986985594 61303.2268552696
98819485.0276366770 46739.6192434123
99686445.5075183064 57233.0756522184
105332676.0820031315 78286.6011256939
105149294.6901669353 76197.6069946056
99906267.4802620411 59269.6837386703
100482039.4185277969 64795.2000015907
101165001.1826107949 68736.1987408325
101666520.2436278760 72404.2831974458
99013234.8879687190 49268.5430376492
98779651.3219904304 45025.2819787152
98499011.0587430596 38812.3084807163
100813456.1878654510 66797.5885118917
100600313.2545447797 64803.6118301591
98540097.3855175376 40372.0180334812
98695452.2854479998 44495.7235785685
101128185.0383627117 68552.5634869263
100810733.8086650372 66721.6905025402
98812111.6367544681 46731.1397362836
103480292.2208944559 73202.6793453047
106171202.8938312978 82935.2485670811
109249039.3516893834 88339.3890457153
101307211.6090216637 70495.1751812622
101419547.4381992966 70769.3292469964
115560280.1659780741 98852.5223388672
115577104.8613421917 98888.2982788086
110526103.8137482852 91471.6051673889
101229151.9180900455 68739.9388531372
104468430.4133841693 75199.2115568882
112437631.7976378798 96221.1945037842
114649578.2042261809 98548.9315795898
114838669.0146711320 98801.5607299805
104960908.4072739333 76069.8291678196
104769066.6339240968 75806.7467589146
