112050011.8143833727 161707.0155886412
114948872.2582055479 219241.0240182877
114851524.5472309440 217436.7874994278
115078711.4358628541 222331.9495553970
112672241.4786497653 173950.2237970257
112013786.1150239110 161103.3882516325
111968762.5826898217 160406.4707846344
115619934.2022697330 227939.2226867676
111608893.2166753411 152479.1325204484
114584456.8980932385 211949.2550384998
112098489.3196264207 162812.1400278509
113918316.2198704928 200136.1022102758
113763819.2642165571 197675.8949510977
113457757.8851649612 192064.0754930899
113724617.5119618624 197231.4546095394
117107308.2247793674 246570.7639160156
114224632.7350766212 207366.4911276735
111681888.9118563086 153285.8930825889
111640923.8662973195 152718.2301416099
111716713.6447686702 155786.6675195396
117106838.2412965149 246471.3692626953
117049378.6888080984 245805.6054687500
114729869.7562518120 214135.2108073235
110271588.1023195833 111769.4053077102
110648811.9157106429 124307.9058378772
111183383.7103291005 139046.9302492818
112688958.4489804655 176516.6611304593
118210250.0676624179 253622.4002685547
112322804.9476688504 168340.4573618113
110179694.1453130990 109779.9147675335
114547606.2324254364 211917.6186096668
114842820.3175044358 216892.2563014030
114451348.7015902847 210957.0412447453
115774906.4905554652 229939.8214111328
113880299.4738597870 200049.9109095931
113761015.0096607953 197274.0200114176
111220750.2425749004 140802.0249755494
114154423.1305351406 205495.2056372166
109908140.2469257563 90059.0162391961
116846379.8100263029 242877.9427490234
114734253.2885262519 214635.9092637300
116659507.1891592890 240851.9376220703
116426958.4966716766 239062.5455322266
110119114.3479591459 106585.1532091349
111297694.9194916785 143754.5193117857
110305994.9820025116 113699.0110153556
110290588.3649484068 113242.1492513865
114740594.9028141499 214646.2193195778
110237039.8879510909 110492.3658336252
109998615.3577816039 98765.5908506066
109984554.1221488863 98341.4869374931
110032198.0500008315 101815.3180504143
112426908.3436956108 169663.1744217277
112227979.1682956666 165811.2314895988
112204160.1027298123 165199.2968857288
113557370.5686653405 193714.1102380753
113768662.6717703342 197807.3790079094
112486957.0284323394 170898.5964614749
112005846.1952265650 160630.9130123854
116793963.7996391803 242819.1383056641
111245778.1111978740 141261.8333970420
111291899.5452544540 143561.7208482139
111248576.2635485083 141392.3706895225
116965282.3791198581 244814.0014648438
110906838.3511970043 130984.9526133496
118469364.6871640682 254332.1104736328
111913227.6965138912 158689.8289926946
113931980.6313841194 200417.5477899946
116354578.7724258155 238079.4159545898
115979455.8148427904 233677.3182678223
119096009.7942371517 255873.4527587891
112271513.1857987344 165994.3221476674
117456471.9843423516 249498.8831176758
116191193.9191330820 235853.8024444580
113003341.9143267423 182046.4667881615
116555117.1887059659 239427.4352416992
117641133.6292989999 250611.4031982422
117593864.8834527880 250398.0198974609
113760343.4764590114 197246.2731108591
114262622.2653922886 207416.4862549305
114604162.2954417616 212100.3177063465
110735185.2212059796 126015.9978870153
110743177.6846500486 126543.0349907279
111779592.0727746040 155901.7253321111
111583885.7164175659 151678.9578990638
111592786.9639965296 152027.1487661302
111561322.8402143568 151664.3564843833
117227913.0970625728 247227.6789550781
110535855.4273938388 121091.1583598142
112688934.6629601270 176505.3168008751
112489884.9815586954 172383.0057657189
117204187.6983417720 246789.1136474609
116383250.2814489752 238848.6299591064
116527638.7931728959 239387.0084686279
109889039.0568722337 89985.8098766869
109909189.3816888332 90256.3856195128
109837182.2572603077 86558.7887281096
109926297.9332003742 92940.3776961416
119040686.1141832620 255731.1937255859
118134485.2338625938 252843.3077392578
110428857.1454973966 118022.2463150322
112552456.4054717422 172888.7255600691
113308010.4502407014 189205.2048666417
118448023.2415871620 254287.2181396484
111306280.4863683581 144397.8121064901
111835022.6218924224 156987.6957068145
111084763.5385788381 137084.1293991804
112867255.5666667670 180623.2728751129
112532529.7015892416 172489.6605451477
114822665.2328055650 216362.2220163345
113035565.7298079431 184286.4894527569
110416224.4305029660 116894.4156781435
113389382.6750697047 191707.5468871519
118967171.3273800462 255633.2979736328
117251835.9488874227 247575.9682006836
110371418.0977838784 115436.4956365675
109948049.0235615224 93686.9259911692
110557989.8028235286 121679.9693504857
115814837.5259333104 231222.8128204346
114614926.3530675024 213707.4320709705
117650337.7868045717 250825.2931518555
118037687.1108555347 252754.6038818359
110527690.6294539422 119843.6644733833
115882964.0087379813 232539.1406364441
111283720.4456400573 143308.5270557404
110752380.6865089387 126707.6854313301
114054442.4654038697 205105.5434296131
111874050.7697217613 157390.2992909364
117536471.0531050116 249809.4023437500
110090241.8639515489 106443.7563243955
112554514.7522905171 173411.9581515789
112334885.2372125536 168367.3495099914
112171170.7776363939 164528.3185147047
112201396.4960655719 165167.3360812664
113452603.3095179647 191765.6971054610
113272682.2446428388 188879.3282332357
113032821.8027049899 183551.5117623806
111897581.1630093753 157918.9562713951
114905678.5470626801 218010.0722846985
114919023.4718617052 218889.7452096939
115200988.4081968516 222335.3173532486
114271895.0423833579 208525.0191986561
116559566.0556741208 239805.8959655762
116270879.1053778678 237211.7173461914
115976645.7761457711 233229.0022583008
116120472.4045038372 235369.0374755859
115631911.7902610600 229118.7111320496
115843057.0603178889 231598.3523254395
113102820.6433559209 185188.3078177399
113247503.6193989813 187659.1544054747
113545998.9988453537 193662.4168878533
113546712.2233416587 193677.0852799155
110161041.5554151982 107649.3847953677
109933355.1031452864 93620.8419457590
109868868.3184251934 89638.6169904387
110257616.6749518067 110724.9777756780
109955996.0666279644 94383.1064091139
109969659.8421706706 97007.9776717275
109973079.6288584918 97877.3891439140
109971102.4329850227 97797.5213089287
110206372.5302713960 110123.2862885296
110032894.5682833642 101878.6642182171
118849679.9803506583 255285.6033935547
110211482.9706994146 110124.0192434490
112163260.6891966313 164217.6515742540
113384826.7594071478 190973.6292455457
113365836.8207393438 190797.9314158224
113590864.4448362142 195961.4558031484
113572743.7448677868 194372.6523293257
113500861.9737711102 193173.8110950291
113484011.4934538752 193102.1877229512
113338376.7777049243 190171.0094299316
110396793.5484557897 116759.3388425112
112463065.4646401405 170150.6816140264
112245753.6458618641 165925.6522391886
116439174.0382369012 239131.0980224609
111458252.7694067955 148140.6964812279
111418896.3309434354 147430.8380908966
112135092.7052717209 164114.6343482672
111821504.2807582319 156983.5519003570
112038675.1743727773 161688.9204544425
110022646.8224671334 101509.5024152845
113364384.7917856127 190178.9277131855
112842025.6908493340 180164.1784176007
112849937.6122544706 180181.1859884784
114970553.3884892166 219817.7925562859
111950024.4543359280 159933.8535787761
114356215.2893710285 209272.0163452625
114405899.2757051140 210012.2582190037
113653248.0988966376 196429.3899156973
111020311.2052959651 135039.4961057385
114914937.5705356598 218552.6860554176
110073690.5567886978 106000.9752533734
110116697.3445511311 106510.5961389244
116884067.1176291257 243920.3504028320
116232635.5751426816 236348.4747924805
116194015.9363202453 236179.9966278076
110833466.2924554348 128813.2392197251
111123488.0975854844 138064.2104364863
110645814.0293132514 123851.0440739082
110485320.6041456908 119728.7330387519
110999061.3007617891 134995.7993897796
111367705.2922948450 144942.4594211690
111473838.1334555298 148917.9681531303
118330037.1168989986 253948.9158935547
117654545.4841404259 251162.9871826172
117627135.5470963269 250593.2796630859
117725931.6548792273 252668.5216064453
117546252.5941255242 250172.0244750977
110421784.3696288019 117930.0510094762
113956730.3851567954 202808.5366554260
116874785.3473429531 243311.7931518555
113973737.6641663462 202860.6070369482
118672600.2046593875 254778.6114501953
111077548.1848789752 136534.2575707696
111530412.5375630856 149630.0817475729
109964070.5712219924 96038.2151162773
110079058.9203664213 106001.7082082927
110059263.6898271292 105658.3366872966
118706402.2316793054 254785.3699951172
117360334.6656857580 248327.9633789062
117524093.6568929106 249749.2092285156
113809555.8178734332 199720.0441898741
118883023.3417773694 255520.2698974609
115581281.1166238636 227793.5926456451
115793193.3373272866 231070.2476444244
113721594.9325320870 197146.7133290693
110588012.3814529330 122602.2675072239
111880141.0028905720 157393.5354446024
116575108.0161239654 240253.1279907227
115720911.6134442836 229899.0141601562
113192976.0815880299 186453.6887198687
113210340.1474795640 187088.0635498762
114656772.9575807601 214129.9902100563
112938432.6201783568 181334.0357230133
110962443.4138949066 132726.9317523241
118538748.1000454724 254477.7012939453
117016055.9591623098 245107.4046630859
110307143.9293553978 113903.5283592045
116749052.9204338640 242663.2296752930
114897810.0036412925 217453.7971391343
111371257.5036059618 145507.7707124166
110990790.8676377982 133814.9216871858
111319985.1595256478 144812.8001939170
115291137.8419580460 223660.9008789062
116089404.9614439160 235285.6023807526
116056188.6372966021 234519.6387577057
116729376.3572710901 241815.7929077148
116615371.0906331986 240827.6537475586
115410633.4889550805 225185.2351646423
115227240.6248667538 223408.8027305603
113771119.6152670234 199514.5259647854
114015180.3748228997 203838.4066550173
118438674.7945238650 254259.4407958984
114774510.4106308967 216001.0579917431
113009652.8876306117 182935.4678602219
116692241.9591050297 241473.9369506836
116679864.5628929585 241428.7792358398
116320748.8947325200 237294.3090820312
115580005.6022198200 227557.3767395020
112710020.4488535076 176716.3363294601
114447835.4844967574 210719.3345460892
114453333.5023173839 211054.6070008278
114282722.3358890265 208658.1133606434
111248652.7526414394 141774.9412188940
113941863.9738450795 201536.7146816724
118635788.8343002349 254626.6307373047
118849909.9745489806 255402.5797119141
118137589.0191108733 253611.5614013672
110434770.2448560447 118025.8393943608
110715378.0721009076 125901.6887390614
112184300.6634203792 165067.5541529655
112803409.7381526232 177919.1798416798
112815728.5269293487 178110.5600452733
113678756.2164135426 197146.6455281302
113821926.1702726632 200042.9756804034
112971721.6066692621 181560.4276169874
113077917.2868763506 184756.9282398534
115444570.0468578339 225836.6625366211
114625348.5507697910 213808.4190340042
111238211.3752682954 141006.0561946554
115442507.1015971601 225772.5022277832
110470407.8506255746 118987.9960096329
110698823.9917654544 125099.5038036590
110331339.8449021876 114834.7246733904
118477404.7541067004 254372.7850341797
114506114.4332800657 211886.4974489212
112282639.6303521097 166148.9339123815
112089445.8796231002 162041.2673065513
114187702.6099122614 206832.8907810301
113952798.7565601319 202710.5797458738
110874350.1927563101 130264.0572666526
110818965.3479570448 128588.9277401567
110695868.4650863558 124750.5236218606
115334934.2176620960 224248.9641690254
110880368.6588839889 130286.5234017968
114174912.1312358528 206539.0602085590
112636601.4594400525 173841.0336915875
113186353.7052035928 186166.6815432906
114753953.9824286252 215659.4229555130
