51020970.8644313514 1098236.8364257812
51039946.3481215909 1102300.1142578125
51031226.1866772994 1102110.1757812500
50742647.2066408545 1019651.4877929688
50754977.0552268028 1026012.8544921875
51060887.4614464939 1105364.1865234375
50730947.3048887178 1015078.1230468750
50753754.1086320356 1024504.7714843750
50734578.2029540017 1017009.9272460938
50739395.6865436509 1017804.6718750000
50802492.0746638551 1044854.4306640625
51011661.1905953735 1095310.9042968750
50878356.6263063475 1072827.0136718750
50924407.9431134686 1081866.8740234375
50866747.2368328273 1070043.2958984375
50723311.3337664455 1013438.0839843750
50726654.2600790337 1013612.4453125000
50812476.5183423534 1047626.6015625000
52048095.9058664590 1187480.4843750000
50762742.4871406853 1027390.8872070312
51021749.5492702127 1098453.2011718750
54915525.3712211773 1253127.6718750000
50704824.3404025957 1011687.6884765625
50727645.5861520246 1014374.0166015625
50762453.2486015111 1026788.2783203125
53665466.2919627950 1235860.0966796875
51054425.1466953307 1102973.2841796875
53338579.4129889682 1228392.0195312500
50749465.8405086324 1023594.8701171875
50747178.7254896611 1022724.3652343750
53533894.1895925552 1231810.8476562500
50849261.8193394765 1064578.1757812500
53233818.5278713927 1226012.5839843750
50841125.9815600663 1060988.7675781250
50916848.1408229694 1080670.3037109375
50775046.9705975279 1029542.8750000000
53431250.8683350906 1231019.3691406250
54642273.5731410459 1250427.8212890625
56223626.4161480591 1261784.8750000000
52719632.3343915269 1213632.7421875000
52070451.6848982722 1190339.5800781250
53199335.6134572029 1225836.0498046875
51497653.3069313914 1155583.5263671875
50888898.9853846878 1074446.7568359375
53389569.7285594866 1229400.5537109375
50775765.4240107238 1029661.0717773438
51635048.6056736857 1162170.2070312500
50716370.2171436325 1011688.5708007812
51474583.6301949322 1151174.7246093750
57241691.8032902628 1267513.7421875000
52094596.3696010187 1190858.5820312500
54912402.5430922061 1252445.1533203125
51569629.7505682707 1159288.6250000000
59340455.9171422943 1274463.7988281250
51266318.6730295718 1133624.0078125000
51208215.8400842845 1128645.7822265625
52816461.5436763242 1215539.7314453125
52827091.1607400849 1216689.0986328125
51211264.8841122687 1129849.8505859375
56099803.0736730322 1260968.5117187500
58221129.6945995465 1272607.0156250000
51263740.8548664823 1132759.2636718750
51426223.5834996477 1149640.5703125000
51555226.2357096523 1159184.7285156250
51551219.8381257355 1158644.8496093750
51352890.1571833342 1143493.1220703125
50941559.5257177129 1082897.4462890625
51911301.7444169298 1180249.1679687500
52086752.1076647937 1190731.7617187500
52061110.5161187723 1189708.1210937500
55129234.5152953565 1256311.5976562500
51590454.3735347465 1160659.3896484375
53362246.0678508058 1229097.6796875000
53398842.8144487441 1230418.1982421875
53116335.7984071597 1223394.7792968750
53365941.9461653680 1229319.2089843750
51623264.5339285433 1161815.4404296875
51319526.7336150631 1139095.0429687500
53119085.8737142161 1224459.1767578125
53245687.3588920236 1228217.6748046875
52034924.0025002733 1186063.7675781250
54831163.6803151965 1251447.4101562500
51924464.7483935133 1181615.1933593750
51190810.9018965960 1128436.5166015625
57038760.3686087132 1266576.5429687500
57598938.5289638489 1268929.0312500000
53042608.0922871530 1222369.4785156250
51030799.1771906912 1099619.3642578125
59129279.6978850812 1274408.1699218750
58898141.9817937762 1273526.5996093750
53785605.9296960756 1236274.8154296875
54113144.3910890594 1242110.6064453125
51665991.2868790776 1165665.8593750000
51679472.9640465751 1166759.8925781250
51483863.1890005469 1153088.5205078125
51076693.1122216359 1110598.9467773438
55921611.6447395012 1260070.7968750000
50861300.6094250903 1065694.2128906250
57894248.4332074150 1270611.0332031250
53012560.0428679958 1221542.5644531250
51073376.7040636539 1106546.1982421875
56428324.8928810731 1263815.7890625000
51739980.6255513206 1170414.3798828125
50833410.0649326742 1056842.0732421875
53862717.7659596503 1239278.4785156250
53836695.3424483910 1238960.8681640625
57386254.9956061319 1268258.5449218750
50739335.6229567602 1017308.6650390625
51935782.7903877199 1182308.3867187500
51814524.4409502000 1175632.8945312500
57352203.7475497723 1267952.8886718750
54246257.1606649309 1244052.2871093750
51752500.9354511946 1171464.4423828125
51171322.5124596953 1124695.5781250000
51706559.0671514273 1170221.8535156250
50784806.6220164523 1040655.2690429688
50820852.5975006893 1051654.7539062500
50779650.4209459871 1038387.4853515625
50814148.6802222282 1049273.8642578125
50827676.1156630144 1056316.0800781250
50866379.9995094836 1066088.1689453125
50876117.2617010623 1070738.6796875000
51876514.8786456734 1179402.2841796875
51071749.5856702402 1106164.6616210938
51873005.0183737054 1176577.4335937500
51781080.7885774225 1173607.0478515625
51064243.4305096343 1105637.8271484375
52935541.6381219849 1218197.0136718750
50770834.0317448303 1029352.1928710938
50909202.4564573467 1075252.2792968750
51939705.0601534620 1182319.4550781250
51095021.6370602176 1111179.3437500000
57680120.7879995629 1269599.0664062500
50865713.8326321468 1065698.8417968750
50733346.9708965793 1015733.7890625000
50768338.1579978615 1028945.7407226562
50720415.4602915123 1013187.6323242188
51686588.5135761574 1167560.0175781250
52954228.5311669484 1218358.7304687500
52801298.0145387948 1214945.2783203125
50688495.6522986591 998593.0766601562
50698758.1707313359 1008537.5219726562
51787457.5890691206 1174431.1474609375
51121631.6724777445 1115127.8134765625
50694774.2733992785 1000044.5190429688
50690569.9146132246 999046.4687500000
50686776.9083496407 994511.6899414062
50696925.7520286143 1002675.0029296875
51098370.1245224848 1111340.0156250000
55026988.6943528578 1254631.3359375000
55532309.1116384864 1258522.2988281250
55750037.9207131490 1259014.4863281250
56147420.5000709072 1261122.4062500000
52728153.3332425207 1214343.9394531250
56557870.9571473598 1264384.2734375000
57329954.1691043600 1267684.1406250000
55529402.4734900743 1257979.4062500000
57083510.4722679779 1266725.0761718750
56821377.2974850759 1266381.7148437500
52806234.3192627728 1215435.5771484375
59864142.8043174967 1275345.3691406250
54709541.6456473842 1251083.8134765625
52553284.1525182202 1210350.5087890625
52471201.7349335775 1206583.9765625000
52555669.5048067048 1210714.3007812500
54508458.9716637433 1247966.0439453125
55718072.5586379394 1258852.8085937500
56164005.4779853299 1261515.2597656250
56659997.6605877653 1265331.6523437500
56578661.7719488889 1264550.8261718750
56330733.7085861415 1263471.4570312500
56771642.9369870648 1265694.6367187500
51106110.1977218091 1112927.7958984375
50985659.3624674678 1091563.3876953125
54589481.7288361490 1249033.3964843750
54629288.4013268501 1249537.3886718750
54607308.2563326135 1249077.9462890625
54659972.4881010503 1250914.4140625000
54504246.8119576201 1247904.8291015625
54231636.5782926604 1243808.4921875000
52386710.2641774043 1204556.6367187500
55348783.6181113124 1256752.0468750000
54968385.3305548579 1253823.5234375000
51608064.0862715989 1161390.2744140625
54503527.6899752244 1247004.5322265625
54462702.9306624010 1246887.5166015625
51271945.7964694872 1133862.0488281250
51389022.1265600771 1145639.0439453125
51363833.5802701712 1144799.2080078125
51306649.7948426306 1138888.0976562500
51637045.3035247177 1165095.6044921875
52388523.6180651709 1205085.7929687500
51341379.4300987646 1141878.8642578125
52231490.5169569328 1197238.6601562500
52268597.7532549873 1200228.9667968750
54268435.8538075164 1245837.4541015625
53714733.1914445832 1236039.0322265625
51527208.2397018597 1157890.6210937500
51636279.1826408729 1163034.9111328125
52476765.9079980701 1206801.2519531250
52294471.5341872349 1200843.6025390625
52452118.4305464029 1205462.1269531250
52296622.3060935065 1202293.5839843750
51772322.6035007462 1173182.1777343750
51391873.1199129075 1148746.9648437500
51143896.9020490199 1117678.0068359375
54077078.7538191304 1241680.3056640625
54298630.3633652627 1246854.7666015625
51298530.4347136319 1138236.3105468750
52198004.6634746864 1196088.1992187500
53621694.7761587948 1233409.8271484375
52233774.8194339499 1198317.1513671875
50951294.0914425999 1085040.3920898438
51331191.8414991945 1140511.7353515625
51277192.0212510675 1136418.5146484375
51673136.6066185534 1165747.7958984375
52823222.3694063351 1216260.6933593750
52251415.9854546413 1198968.9384765625
51829028.7195653692 1176415.4130859375
52130932.0252566859 1192403.3310546875
51988194.0176848546 1184403.9384765625
52837411.8723314703 1216895.9638671875
52540080.3309634775 1208327.5849609375
52495429.5950591266 1207302.2304687500
52643787.7398379073 1212275.1406250000
52909543.0331466049 1218193.3251953125
52996565.0146574974 1220656.9003906250
52117175.9232182726 1191964.0781250000
52367749.3477171063 1202649.5224609375
53554865.3369759917 1232359.7646484375
52176464.9654145837 1194891.1269531250
52138746.4476555660 1194278.9785156250
52995945.1216798723 1220361.7451171875
52787553.5302618667 1214736.2871093750
52461129.7990375161 1205897.6845703125
52659927.6838892922 1212278.4189453125
51526904.4687623754 1156557.3193359375
52542714.8161346912 1209863.6083984375
51635832.7723769099 1162867.1562500000
58146814.6178069711 1270701.7617187500
55934120.6653361470 1260666.7792968750
58895961.1948476434 1272752.1562500000
55764935.4753631651 1259195.7929687500
50981736.8357305527 1089720.4355468750
51333400.4513690919 1141362.9667968750
51360033.3809435517 1144414.1152343750
54559437.7845591977 1248883.2900390625
54543459.5596930906 1248621.7539062500
53077359.3310964853 1223002.8134765625
53193640.7097936496 1224684.0302734375
54209086.3898363188 1243767.3623046875
53067898.0333589166 1222483.5068359375
56300617.2387134880 1262344.0878906250
51906891.5830142274 1179468.8691406250
54861675.3862778917 1251777.4628906250
54464951.1465510726 1246992.1718750000
51322163.5598205477 1140323.3476562500
51480312.9991367236 1152085.9755859375
54004634.2412588149 1241584.4931640625
53929040.6365566552 1240223.1601562500
54154229.1925457865 1242932.5244140625
51073528.9389936477 1106760.9521484375
54814417.4793288931 1251087.4570312500
51012937.1417258978 1098219.5000000000
55834898.3196149394 1260034.1562500000
50999267.1927188337 1094680.2500000000
53996703.4810916558 1241452.6357421875
53975360.2961630225 1240628.6767578125
53793397.9086880386 1238860.0898437500
51238747.3191298917 1131668.9912109375
51298170.0090233833 1138046.9375000000
51455305.2744662091 1150345.1054687500
54941760.1991942525 1253202.2890625000
51293104.6747319624 1137235.8974609375
52777011.3588392287 1214729.2109375000
51460159.1767577305 1150360.5371093750
54126989.1169549301 1242595.9384765625
51301807.6185554340 1138313.0595703125
52015797.2652258649 1184421.1289062500
54260121.0363808200 1244116.4257812500
51973046.8633129671 1184396.2783203125
51769907.2068892792 1172058.6308593750
51218710.3304442838 1130242.8417968750
51249640.7328599989 1131830.8515625000
51263360.7486380041 1132295.0761718750
51152944.3457184806 1119044.5693359375
51129840.2815573141 1115605.2158203125
51132463.5464111939 1117442.2246093750
51167940.8460673317 1123434.7646484375
51157753.2574677691 1122067.6357421875
50966283.5965440348 1088147.0585937500
51074274.7568010092 1110056.5048828125
50996738.0951180905 1091573.0795898438
50997253.5843558460 1092462.4404296875
50998990.7934547141 1093528.0615234375
51073546.5704310760 1107744.3955078125
51028599.0211569443 1098826.7246093750
