121585992.2848480791 1206468.1528320312
126695325.9696475714 1213019.9487304688
126798976.8383359760 1213437.5639648438
119960012.1249390543 1202929.4418945312
102824618.9097433239 844461.0211015139
102761412.9270416051 841189.8012065850
126364364.6050157994 1212736.9599609375
126417162.4736755341 1212925.6347656250
119841356.0770050734 1202724.1728515625
102575901.7302618623 833604.6154766046
122344696.1787801683 1207706.8647460938
122060841.3308828771 1207345.1494140625
102608348.5676563680 840043.3093242608
102356734.0720296353 829487.8922100030
110902099.7070811689 1060990.0862846375
120910405.8551341891 1205027.3076171875
127155279.5108388215 1213722.9228515625
102676926.5207719803 841048.8142070733
125479843.1326009780 1212144.0473632812
125530313.7634944469 1212148.8808593750
125719175.9638269991 1212292.5009765625
119498052.7130769342 1201087.4697265625
109461182.8035728484 1031002.8847494125
118985194.1081627011 1199283.3730468750
123792438.0986022502 1209530.4902343750
125267091.4101479799 1211975.6621093750
108884024.1643310189 1017964.3594427109
123129596.4525028914 1208716.4252929688
119014251.5550718457 1199540.3256835938
108843647.6901945025 1016955.9126539230
119518111.4428921938 1201367.0844726562
109226209.4217680544 1025770.3249778748
109491327.3975838125 1032428.1267356873
109622672.3409184068 1033732.8331756592
123740533.1445971429 1209467.4057617188
124687722.4788090736 1211142.8740234375
109720608.6537928432 1033764.5671539307
118873414.4418722391 1198639.4321289062
124205567.9571002424 1210319.6401367188
110148044.5725916177 1045563.1441726685
108913984.0194933265 1019549.3012554646
118429689.6781712472 1193905.1933593750
118527710.7152617276 1194062.1367187500
111152177.6576862186 1069118.8495254517
108910610.0169730783 1019199.2063333988
108445673.2482586205 1007991.6799993515
108942979.1913203448 1020255.6557476521
107997226.8273674548 995402.3478963375
110979281.4332585633 1063287.0051116943
110969445.3725406528 1061522.4608535767
110676359.5497115999 1058102.5934219360
102500871.1055572778 832681.6218242608
126294826.0348849744 1212673.7543945312
118821666.1629220992 1198581.2812500000
118269290.5237257332 1190911.2006835938
118939620.5388256162 1199153.2568359375
107299979.6221961379 978075.4271497726
108096015.1186863184 997745.4069585800
110063970.8646200299 1044538.6979293823
124280698.9957967699 1210474.4721679688
121763962.1886166036 1206850.8945312500
117667574.6879331619 1184729.4619140625
117754134.5018240362 1185115.9179687500
127666612.3492783159 1214012.0986328125
127868472.0508452505 1214019.0820312500
127999991.6921079010 1214170.4062500000
127391885.0813875049 1213911.4907226562
127289647.7249498516 1213883.1728515625
124396860.3315009326 1210545.4667968750
122515569.1185815334 1207890.6806640625
107917033.9462202191 993957.5770527720
107557196.6468676776 984900.0292005539
108002311.4244900346 997260.0633878708
124443049.9001366049 1210630.2490234375
118081977.3771542013 1188048.9394531250
121688665.9617149681 1206660.9785156250
121614704.0451852083 1206660.5253906250
122186818.5290669501 1207593.7597656250
120387743.2958743423 1204009.7021484375
106900694.5272902697 965930.2259778976
121935909.1459205449 1207273.7543945312
121041031.1332559437 1205251.1357421875
126091751.3706553727 1212432.3398437500
106827484.7878492177 964771.7000989914
118597289.7819669992 1194364.9379882812
106660360.7690414041 961241.8520765305
107235594.2380580008 975679.6940755844
123939807.8658818156 1209776.3237304688
121109999.3301422149 1205492.0244140625
107704205.3170874417 986957.1706814170
107806946.8392244875 991138.8734388351
120776632.1326859891 1204880.1245117188
117653201.8653797060 1183477.1074218750
117834937.8473944366 1186822.9643554688
107802294.9196026027 990998.7282972336
120668509.4878533483 1204528.6430664062
119784607.1290395856 1202597.4277343750
106946420.4027420729 966977.5347957611
101712457.9288822114 800322.3617929897
101233979.1463025659 784765.5924150856
102254133.6159593016 819760.3484936208
106486716.9437464774 955581.5038570762
106347337.4003178179 952077.9376402497
102281669.8933952302 825628.5897045583
106267535.8170361221 949664.1881390214
117148214.0651050508 1178153.6259765625
116604816.9846416116 1168540.8767089844
116961264.2064243853 1173902.1022949219
105838899.2291645557 936276.3247786164
112093176.7268382013 1087321.7122039795
102028764.2090458721 812076.6409674287
106073793.7750800699 943236.9884214997
105947102.9000460654 942221.7115660310
105878042.8954834193 941203.4986754060
122961470.7710087448 1208473.6713867188
117206465.2587199509 1179137.7221679688
103974647.5756664574 881469.5126744956
114444541.0374031365 1132073.4887695312
101984492.8295888752 811296.1121588349
101864342.7565576136 804811.1390143037
116361740.3392126858 1168499.7468261719
103783282.1474047750 874812.6229312420
115243965.1005781442 1148289.9912109375
115017670.3047547340 1144269.9814453125
114593085.8172021955 1140220.4926757812
115159862.7397839278 1147196.7641601562
112461992.9779136479 1094287.7248992920
112340853.6055621803 1094187.6721649170
103678482.0133157969 873309.6220462322
103731513.8583092541 874691.6766421795
100896413.8928745389 766919.3293234184
105784274.6730545759 935128.1745073646
116630003.9185604006 1170346.2290039062
114968559.6161945462 1143973.7104492188
115814560.4597713649 1157802.0925292969
106010421.7996240258 942281.6656675935
115156911.7143596858 1145591.9575195312
115898087.9588852078 1160771.5849609375
115519895.1273370832 1153130.0439453125
114467765.3622566611 1135085.2636718750
115176196.2805313021 1148004.4184570312
123117976.0599184781 1208486.5170898438
114013797.2073576301 1124527.5634765625
113222158.3440811038 1111318.2558593750
101293460.4122958332 785153.2829217823
114457159.9808464050 1132691.3186035156
114782054.5119068474 1142672.8383789062
111879540.5197480023 1082903.6319885254
100711102.1599372774 761079.3659614921
117438879.5743030757 1180416.4433593750
117595021.8756143153 1183281.9291992188
132159282.6909716427 1214476.5122070312
132095282.0999458134 1214464.4428710938
111824368.1538472921 1082436.0021057129
117297799.6789020449 1180384.1547851562
114204509.9336839020 1127405.8574218750
103885111.0889985859 879416.0253602341
113666465.0545076877 1118948.6162109375
103919409.3857570738 880421.6781922653
116348185.7875431329 1165931.4521484375
116634300.7953773886 1172427.3100585938
113736337.6237271875 1121191.7324218750
114045670.1417748779 1125265.1813964844
116151406.9258211702 1161916.8427734375
105472834.1404022276 927491.7373781204
100857375.0565495193 766271.1320577934
105821468.9014385492 935371.6180361137
105463910.7454996556 927227.5381593704
101073800.4276108891 776413.9412860870
116195183.7369685173 1163215.3427734375
117104307.9478383809 1175910.6176757812
115960357.2842386812 1161904.3017578125
116249599.8270511180 1163500.1699218750
100870579.9294049293 766434.2940881252
102114966.2018528432 817175.9708363665
101054276.8023476601 774692.7697489932
115890828.7216245681 1160331.9960937500
111424879.0025164187 1075007.1997222900
112216781.4116150290 1089809.1474609375
114214453.5730982870 1130130.8100585938
100952189.7534708083 774091.0989196897
113356414.6014901102 1111599.9111328125
113413107.4429155886 1113079.4707031250
112200680.3200766146 1087372.0471496582
100476948.5005153567 751985.8327583671
131651985.6236832440 1214405.2070312500
104999245.8606881350 912179.2070026621
103665359.4857226163 872450.3861797365
113555278.8236918300 1117718.9432373047
104820643.7607561797 906853.9858381972
111891789.5110649168 1082990.3010559082
113106835.5204729885 1111007.9282226562
114253320.7452406585 1130915.3293457031
103409628.9571543336 863696.6069462360
113991555.5202177614 1124069.6811523438
104991848.9272987098 911438.9811606407
100762912.1670817882 762566.3011619523
100726091.4351139665 762436.9236598611
100632445.5945726186 759600.8210396171
100795102.0755154788 764133.8779811859
102159237.5813098401 817493.2545277728
104366207.5313044637 893641.8424666151
132034430.7629146725 1214463.7202148438
131858140.4411548972 1214409.1762695312
100648385.1046639532 760613.0266060233
112694646.0127820373 1100075.6307373047
112733249.7068184763 1101127.1119384766
112715361.2578977942 1100217.1392822266
102871072.2970188260 848408.5123739243
100114731.8145334572 726414.5563596636
113043369.7971502990 1107247.2259521484
101446729.9304030836 789966.0367130628
112931182.9409193099 1103943.4155273438
99837748.2151459455 688684.1699364185
112546572.1973058730 1099410.8514404297
103610887.8020315617 870013.9956181110
103563335.5443431884 869432.0143610772
103004104.0090039521 851211.2455146536
113791985.5105223805 1122506.4216308594
111954189.4499618262 1086117.7335510254
104892045.3631742001 910263.8942465782
101683937.3143439144 799151.5114941001
101537481.2768764794 793654.3973694593
113901979.1673969924 1123449.3801269531
113069905.8279633075 1108335.2242431641
101212279.5977766961 781520.5057673752
101606208.2306812108 794699.2368945768
101803730.0428507775 803606.9224357903
106938150.2053181529 966872.3712734580
100850085.4420038909 765106.2305866033
101780230.6705638766 803391.7451896966
101783624.2243858129 803457.7139396966
111912648.9846201241 1083975.5641174316
102923152.3187014610 850663.7577579021
100092147.6309480220 724923.0528720766
99844049.0789007097 703890.1663288027
100032104.5797526091 720842.7654498965
99922442.2690866590 716228.3841184527
99845801.4082874954 712553.9978717715
99827195.5761784017 686832.0410301685
131643005.8655047119 1214386.4462890625
100608534.2700392455 752772.8956883252
106425755.2623622119 954582.4407581687
103127578.8748462349 856390.5453555584
104793710.4918406457 906295.6920446754
104760287.2531470209 905209.9874548316
110663262.7899535149 1056881.5349044800
110513695.9184967875 1055095.6027526855
104684268.8084553778 905152.9586462379
112857806.0239448398 1102975.5131835938
105338894.3995038122 922122.8581880927
111668576.2800946087 1079247.8554687500
107876781.0939668864 992031.1677228212
105856889.3961595744 938792.8770479560
100430238.3570617735 739305.0889059305
100391793.1166460216 738687.7368551493
100419245.1110596806 738814.3022848368
100283834.0534058511 731962.5167984366
100248156.6664054841 730773.5273824930
103240470.4333098531 859489.2688076720
111521598.8864307255 1077315.7897033691
102815035.5701277256 843054.6603299404
109925860.3093303442 1042176.0758781433
110448956.9773961604 1052961.3865966797
111013884.3698827326 1065996.9459533691
110290868.3944936991 1049189.5527267456
104024759.0097483844 884389.3374220133
105023341.5094643086 914168.6797260642
106128148.5836515427 947155.8836292624
105740527.9062595665 934213.4019502997
104987103.9195396304 910778.4703047276
113766250.1503553987 1121307.6015625000
109837052.4508376420 1039197.6143722534
108124945.6080407351 998196.1647758484
104020422.1647119224 882362.7744510174
110281183.0194867551 1048358.5707931519
104067110.4901092201 886998.8936430812
104164435.5304643363 888173.0245024562
110289016.2654161006 1048881.8090744019
104306154.6451449990 891414.2647380829
106957166.5851468891 967421.2427944541
110386322.5101368725 1050841.8936157227
103224013.3374603987 858876.2200181484
103490532.0736851990 867648.1233336926
108806347.1562716365 1014287.7118759155
105284322.4737882614 921963.7916731238
103077221.6508501470 856324.0044419765
107769269.7033693492 989291.2934688926
109730339.0237611383 1037827.6693038940
108689350.1529691666 1013249.0106945038
109123182.8587484807 1024330.9291515350
105094140.1969613582 915581.7490620017
107397024.9590726942 979495.5778927207
108234142.2111769319 1000511.8782482147
108173251.3933381885 1000416.9768810272
107272885.6570902616 976139.1395840049
104593410.6784903407 900315.2310454249
104513889.7958673090 899315.5083891749
105195816.0628025234 919853.9287953079
105631507.6856044531 931073.0597894788
