114470093.8913999349 207711.7745794132
113570530.2838347703 190747.0044760611
111297102.4964091778 133294.3049434945
115275366.3702931851 222341.6232185364
113953188.9446910024 198610.5420641899
110949686.1587969214 119411.3679661080
111801863.1104215831 149391.0940965936
115334292.3300239444 222982.3743019104
111328668.8994210064 133410.3851888701
118311108.7471442372 252321.4354248047
112924988.0156319588 176593.7678830326
117273550.8172988892 244606.9335937500
111478939.8390001208 137532.6962240264
116965258.0321711898 242771.0065917969
116705748.7719500512 240869.1680908203
112299195.4713205695 160212.5546299126
111673103.2378007621 145661.2380489632
111672694.9428608418 143742.0765150115
114268769.8282577246 203654.8453636169
112599364.9707026482 168427.6422900781
110811975.5879361331 105684.2024720889
112479346.4524873346 164688.1366611626
111717499.1921371073 145886.5083997771
113143832.6761277169 180942.3858283386
113334189.5733226240 186784.8823333681
111517882.2453639656 139178.6837748196
113789898.6452935189 194647.1794835031
117137437.9759916216 244347.1149902344
113747373.3396698385 194387.2824368477
113084421.5185965449 179818.6903762724
113809459.5029438138 194965.5838910043
114304779.4428094476 203844.1472916603
113613079.0001420975 191020.1493802071
113743592.2861742675 193896.8447246552
111492800.2357580066 139067.0241207406
113329112.0669910163 186208.8310317900
115091150.0233837068 219286.6766853333
110746482.9242774993 105658.1376974545
115778224.7469955236 228256.1895294189
113311226.6922921389 186033.3071365263
112523960.4163239151 167504.0152863469
113802624.8901884556 194689.7937602997
114249260.6951703429 203443.0965714455
111621251.6676692516 141764.1973646209
112119742.5766674131 157167.4729469642
114213913.2114114761 203272.8946278170
112317274.7014012486 161287.8535621986
111541861.8000753224 140251.7378919646
116409088.5643878430 237502.6828002930
111426034.1499096900 136494.3178219125
110814208.6249430776 105903.4664790556
116646327.0116543919 240322.5736083984
114056340.6322904229 200459.8724609613
111830102.9179179072 149401.7688454017
110873152.4792530835 116621.8336352669
114320315.4278262258 204339.8475743532
112168096.5865633935 157510.4254266843
111543620.9604561329 141538.9270138070
111857392.7515994012 149783.5490841195
112837188.3297644705 173555.2003496513
111989319.0684600472 153524.0798805580
111771689.8868193626 146804.2814449593
112737611.9147392660 172519.5474761352
114035371.4257848710 200429.4666118622
111102109.4773913771 125083.2837375924
116543491.6249202490 238818.9006347656
111367983.5683943629 135904.1565059945
112874669.6864130050 175426.3610380515
113126471.0391747206 180871.8021562919
112758581.1212448180 172549.9533252344
113260325.8589628339 184180.1252115592
113182477.5175243765 182628.9567846581
111339128.8518614918 134453.0730919745
113886514.3822031766 197475.7035121918
113152010.5417499989 181910.9961013701
113195535.6246713698 183053.2706985381
114117140.5344903767 201620.5105729103
112174155.3913626373 158706.1064918861
112196860.9722879827 159485.3916481361
114162112.0282590240 202732.8530993462
111973140.4766625613 153162.8440407142
117254739.0922067463 244451.4163818359
112714906.3338139057 171740.2623198852
111908861.6978520602 149907.3195590302
110913384.8384583592 116838.6616672799
110918288.7504974157 117015.5776005369
115782764.4047089815 229279.8114299774
116985260.0102199167 243525.7208251953
112770475.7498408854 172999.1513085272
113399219.0026751906 187425.4592361357
115697029.2778734267 227631.6630096436
113353276.2128703296 187086.3947957382
113902808.4367163926 198019.1557598114
112565040.1499898732 168200.2171272859
111008913.0108561814 124049.9081920385
117529754.4227613062 247531.1977539062
114124020.4889055938 201727.0577759743
110961062.5700260550 122445.5585826635
116382838.2033214718 236732.2859802246
111280382.4732843339 132260.9293979406
113237585.1452495605 184170.5751055107
112041185.5454226583 155684.3428200111
118247466.1347803771 252158.3782958984
114852815.6383466274 214603.3851948977
111121166.3227421790 128138.6183627844
112244386.5708469599 159528.4558131322
111423393.8812769204 136380.7071251776
112625921.3627560586 168440.3006059751
112649997.5060504973 168936.8336563017
113194060.0623281598 182964.0837605819
117443933.0567467809 246632.7709960938
116721481.8205591738 241187.8160400391
114024623.4757980406 199202.1515526772
111665608.2136552036 142415.9990340173
113500542.7707572877 190317.5163997617
111164134.8454090059 128172.2192271948
112311908.0019069463 160885.4852410462
112713465.9882092625 171715.9914998673
111222372.7248717993 129757.5291809943
112106747.7592074722 156602.4678200111
114140314.5434188098 202270.5100235939
116917349.7288135439 242546.9071655273
114107369.6865176409 201302.3138020858
112720715.5768552125 172001.2659554109
110938210.7919477075 118563.1696365699
111947269.5478818715 152491.9219689276
112556412.8888820559 167871.6997796968
112356077.1228301376 163607.7026832923
111389978.5026835799 135987.9985470101
111105601.3353935182 125260.1996708494
113540286.4000625759 190514.6660359725
117093284.3687929511 244210.9106445312
117376636.6792057306 246086.1765136719
113855548.8218283504 195989.1138286591
117104434.3889612556 244260.7556152344
111060465.0641492158 124866.4557055794
112865572.5536289215 175295.4522347078
112689509.8702719510 171691.4227202758
112488282.5511166006 165514.3126128539
117416675.8447803706 246410.8452148438
111394402.6430429965 135988.1863258705
116774353.3482761085 241762.4776611328
111788053.3973397315 148369.6109337714
111326146.2539888620 133327.9058079049
115052374.1198716015 218634.8403244019
118560531.7837529480 253631.4368896484
112268851.5107616633 159867.0415504798
113415420.6288642883 188460.5168660507
117191972.5398524702 244420.6847534180
117323863.9198461920 245901.8388061523
113617031.5929256827 191845.4929402694
112937104.6297141463 176684.8995269164
117277793.9058669955 245319.1115112305
110825302.0384229273 115015.1742114387
112508837.0733451247 165806.2129167747
112913457.2727283984 176252.9440825805
110864870.6710070074 116158.3880786262
111249252.0555790216 131744.7002071664
112299706.7804484814 160724.7788551673
110937994.7195450366 118338.9835266974
117550838.5699648261 247549.2839355469
111649269.1663816422 142154.5944193508
112275881.3106343448 160168.0789039955
113487411.1673379391 188842.1667683944
115919005.3410751969 230308.0344390869
120037873.9638097733 255663.8944091797
111172718.3760351986 128955.1658763252
112994667.0706568211 178911.7213863339
116818506.9554748088 241898.6820068359
115378365.4802055359 223452.0005406216
111184849.1845231950 129205.5947727486
112011073.2933821380 154451.9412086830
114891340.1861499548 215874.2311174870
115860445.2484298497 230294.4623413086
110921831.4026550204 117017.1147784200
117449509.1131602079 246737.2165527344
115120155.2115017474 219395.4220123291
116984320.2324360460 242902.0937500000
111325716.3031300455 133327.7754715309
111283666.7825518698 132291.9969544318
114858968.1210540682 215751.8817051724
115118395.1522576213 219353.6993792057
114488942.2124474347 207965.7928899601
111425470.9979032427 136389.3468613531
111116077.1721091121 125261.7368487325
112324730.2355110496 161684.0079407599
112882468.8915129453 175813.7337554321
115059613.1368837655 218723.8041687012
111918346.7393199503 150363.2310379371
113681211.2691671103 192046.0296443775
119532920.2202329189 255554.7542724609
116464607.3120269477 237936.8665771484
117804252.8974704146 249584.8403930664
112846653.8798946291 174308.6231597289
116341703.0316063613 236662.6114501953
112350558.5647131205 162238.4278945830
118348027.0846625268 253251.7042236328
116637187.6081801802 239717.3273925781
111928557.7785536647 150503.4450882301
114504029.7535401881 208500.9921087101
117706356.8628203720 248781.9937744141
117872372.9011821300 249885.8914794922
117383705.3190695047 246164.4108886719
115088494.6228808165 218746.5438385010
114954880.0669624805 216456.2212982178
117738021.2626211345 249224.9240722656
114986875.7303200066 216638.7433624268
112491687.5823640227 165728.5337423682
115455336.2237437963 224046.0337285995
112639192.0517794341 168612.4305801298
117975431.4693022221 250579.2128906250
111221397.2994371355 129350.4470194783
112954532.9262589812 177005.3828032836
113685762.2426467091 192092.5289707184
115607891.9820322990 226446.6626739502
116201069.2856215984 234591.6508789062
115506273.0894714445 224338.8621978760
116332660.5828361362 235928.4561767578
113107263.6204756051 180278.5710235238
113007513.6621632427 179142.4407256469
116533442.4827284515 238445.2503662109
115639552.5706532151 227095.5408477783
112957171.1049388647 177637.3301299438
112808165.9936304092 173519.1834014282
118100567.2459202856 250605.2077636719
115717157.9720026255 227949.9195251465
118694741.7154792994 254435.0921630859
115031846.7506474257 218183.1993560791
114893100.2453940660 215915.9537506104
114412047.4191849381 207589.6041607857
114571774.4411540776 210421.8922551945
115519583.5211779475 225234.4400177002
118230098.3064639866 252147.8065185547
113089248.8042545319 180277.3558741212
117663076.8025181442 248386.5364990234
114999474.4230914861 216862.9646210670
115260671.0751932859 220810.6764897183
114267634.9803994596 203455.0526471138
114005339.7202050984 198798.0203911960
118263101.8934943676 252210.0477294922
115502782.8678139001 224291.3384552002
114212137.2187422216 202918.4393649995
113691891.5195672512 193757.3897013292
114772934.3046627194 213764.3335331753
115412497.6045455486 223616.0725860596
115983460.3593292534 231566.8681030273
115174015.1951357126 219428.3073406219
117599611.8974374384 248028.6750488281
116042494.9414161295 232021.4262390137
115313561.2103192508 222421.7280273438
115551244.1097988635 225883.3181915283
116954562.0144095868 242770.1925659180
115474277.4261139333 224156.3401336670
116087591.2896159142 233109.8287963867
113021535.0496951640 179329.5302594677
114665333.5403513759 211765.1289277077
116665389.2119192332 240453.6607666016
114334464.4450298548 206042.9478267506
114583165.8517808318 210480.4328398705
112473761.8064495176 164375.1658233032
112448292.3901255727 164032.7200699449
114406421.0943667144 207346.2631048039
112463550.7672158182 164234.9517730102
113300866.9174896181 184484.0241240934
115188640.6295275688 220196.8591003418
115251813.7452100813 220759.7316169739
114717614.5851507932 212194.4558056667
114676571.1596828699 211946.0117330551
114385631.3389576524 207232.3143935204
116240769.5873859823 235202.7064819336
114600946.2973833084 211354.6254286766
115699344.0135523826 227831.5243225098
115174296.8739769012 219578.3305573463
114760482.5580456704 213735.8197454289
116108822.8581951708 233194.2960815430
114727113.3619197756 212305.3964753151
114952179.9493582100 215980.5806641579
115753161.4311559945 228056.0101623535
116588924.8724379241 239162.2061767578
114697360.9150919318 212059.9604443386
114376480.1539508551 206745.0890593529
114324253.4057961255 206038.7835201100
114971077.0728332698 216466.5857887268
114567348.7880410850 209837.9945501164
114293013.2001884431 203812.2446303368
119009297.9552619606 254501.8521728516
115922003.9231609702 230483.6925964355
113675359.6678907871 191877.7317561582
113825475.2763510346 195591.1298884824
118177129.7429603934 251081.9027099609
113864165.8592285812 196171.1398982480
116215423.2039898187 234751.0437927246
113884684.9786516428 196432.9237431958
119108989.9967461973 255487.9942626953
113845317.5381810665 195851.9936580136
118673498.7028125525 253773.5496826172
118153536.2571510077 250985.8338623047
118413942.4725654870 253369.5211181641
118296013.6943669170 252265.6234130859
116029471.6968857795 231980.8228454590
