115003477.7834709585 1980627.9599609375
110124674.6601220965 1895554.8525390625
116893501.3030867130 2001488.5566406250
109419666.1720604599 1881432.5620117188
104799074.8316303939 1744611.8691406250
115528203.8509973288 1987871.1005859375
110266588.2341510653 1901337.9311523438
114000822.7059134543 1970194.4414062500
105309394.5721347183 1760160.4248046875
104706772.4567631781 1735480.4316406250
105164749.6856702417 1755626.2324218750
110401910.5237613171 1902359.7612304688
109968955.0498089194 1894759.9272460938
115453094.6047059149 1987861.0283203125
109859482.5719395280 1890974.4526367188
104024083.5129827112 1705223.7880859375
108817918.7038692832 1865759.6137695312
116367218.3545515984 1996123.3261718750
114652067.3033561260 1976893.2617187500
110791543.6717138588 1914483.9770507812
125727144.8479798138 2031492.5458984375
110248229.4474838525 1900782.5424804688
115009929.3392163366 1982580.7451171875
108403509.0775706321 1854078.6450195312
110220328.5169642866 1900011.4790039062
115870564.7811243981 1993222.8662109375
121911248.4346276373 2028707.8242187500
114567722.7607431412 1976725.6152343750
109678436.5458031148 1886849.3901367188
105417865.6389323920 1763255.0830078125
104576956.2179005593 1731092.9624023438
106783391.6013245434 1810600.9648437500
104735226.8373917490 1738475.0102539062
115850531.8370020539 1992586.2880859375
109580208.1742645651 1884845.2260742188
106729926.3376502097 1809219.3593750000
121753625.7132954597 2028541.6386718750
104100535.5221846700 1708492.5649414062
105273341.4409400672 1757841.8808593750
114983112.5177884996 1980430.4892578125
115772336.4095858335 1991218.7021484375
109115365.8217390776 1875200.5600585938
104008043.0899694711 1703370.9560546875
108482654.2781116813 1854643.2983398438
105097371.2209724933 1754170.7534179688
120356886.5031847656 2026989.7382812500
109609998.4330756217 1885425.1381835938
106278028.6383127272 1795194.1123046875
104604267.7060565948 1733777.4843750000
105140088.9279314578 1754226.5874023438
126481802.6937108934 2032125.0166015625
105799421.0581454784 1774109.7954101562
109759999.3325914294 1888787.7138671875
103493882.8260634243 1677195.4497070312
123818279.7955154479 2030739.3193359375
110423217.8885450363 1906515.2983398438
107625494.9356480241 1831810.4384765625
116017691.5754181743 1993742.4755859375
114457417.2917913944 1976285.3574218750
105802363.1917489022 1774226.1860351562
120521072.7384081036 2027994.0302734375
104172411.7354162186 1712153.8432617188
107848320.0172444582 1838272.1508789062
109741640.5459242612 1888232.3251953125
109839868.9174628109 1890236.4892578125
105701192.6866069287 1772105.6313476562
103569872.4836887568 1681811.7622070312
116385577.1412187815 1996678.7148437500
121490203.7529325336 2028428.6601562500
104723085.3435673118 1736766.6577148438
104884242.6964325011 1745321.9960937500
115038297.4068978578 1982638.3583984375
108773706.4400413334 1863666.9321289062
110134217.0286923498 1895818.4653320312
119646852.3034730107 2024280.0605468750
110521446.2600836009 1908519.4624023438
108293021.9239008576 1851366.1049804688
106114456.4040439427 1786796.1181640625
107954799.8145176470 1840565.1704101562
103456169.6540034860 1675800.2075195312
119692282.4401151091 2024520.6269531250
102778659.2061971724 1638776.9519042969
113911771.3204195797 1968190.2773437500
105039155.6575218886 1752789.1479492188
104902601.4830996692 1745877.3847656250
106124476.2442206740 1788271.0537109375
105470022.7058643997 1768236.0561523438
104299435.1605732888 1718495.3110351562
102301032.8466003686 1603648.1677246094
102761570.1380845755 1637925.0114746094
105349126.3194580227 1761010.7983398438
111070187.7977221012 1917317.7709960938
104851983.8572922349 1744966.3022460938
105330767.5327907950 1760455.4096679688
106217756.0760235637 1791729.3881835938
112746032.3275564462 1951728.9980468750
113495329.3015509993 1961743.9775390625
111634696.4766290188 1928991.2558593750
106059572.1152659357 1786723.8916015625
125797432.3201808035 2031754.3017578125
113575198.8864224106 1963192.7529296875
113975894.0112745017 1969143.3886718750
102399939.0356556326 1609011.8801269531
105907474.1737475991 1780241.9462890625
108651634.0654320866 1861662.7680664062
125979215.9183225036 2032039.1904296875
106005937.8533841819 1786143.9794921875
111280167.0757257789 1923221.3813476562
123152914.4661884159 2030007.4794921875
111345805.7080811113 1924991.5434570312
108745584.0229679048 1862983.1274414062
111545853.7187910676 1925619.6235351562
112825901.9124278277 1953177.7734375000
104179862.5727065206 1713950.4091796875
112109413.5285486430 1936881.9960937500
105981963.8418382555 1784647.8173828125
106154365.6715060920 1791304.6748046875
107541454.7365718782 1830416.4458007812
123350317.2441276461 2030034.4560546875
110972301.4297416657 1917192.7397460938
111247577.3365425617 1922987.3793945312
112601875.0859738886 1947372.6328125000
119594054.0685765445 2022516.4628906250
104793277.0636600852 1741984.7475585938
123443662.2396556586 2030370.8818359375
125015144.7696192265 2031138.8076171875
107217627.6730197221 1820430.2617187500
103146206.2348018289 1663954.1069335938
104427135.6006208062 1727869.6464843750
104445494.3872879744 1728425.0351562500
104520141.6692117900 1729186.4843750000
105947840.6449275613 1783294.5659179688
104265244.3078317791 1716295.4975585938
103196277.7197056562 1668989.7734375000
104209158.2119102776 1715859.6318359375
102804548.2350926399 1640913.8728027344
103168248.2650915831 1667348.3164062500
103075335.2482617646 1660857.0244140625
116168142.5402778238 1994448.4951171875
122888589.8278216869 2029646.0849609375
102610973.7013167590 1625781.4875488281
102374219.9045458287 1606607.0544433594
102534842.7061976641 1623976.8842773438
103265279.3261077106 1670292.4218750000
102435660.6406503916 1621107.2770996094
120184722.4379085004 2025021.7265625000
111696657.1368216872 1929244.9970703125
102571958.4771164805 1624437.4165039062
111801567.3383122981 1931249.1611328125
120393650.4861546606 2026996.0468750000
110903113.1525980681 1914737.7993164062
114390811.4361439496 1975684.5478515625
113679880.9497233033 1965728.3486328125
103119985.2101208121 1662432.9003906250
114689490.5276135057 1978103.5263671875
124193820.4742289186 2031033.5322265625
114182079.7514711171 1972561.4511718750
114818884.2656111270 1980271.2832031250
102935359.9768970162 1650940.9143066406
114701488.4633633792 1978342.6025390625
115120743.6993350983 1983910.3681640625
120277228.6077744365 2026398.0273437500
114539209.4758033007 1976723.5009765625
102651599.7260981351 1630468.1762695312
103629532.6518874764 1686016.2221679688
124701822.1842220724 2031113.4931640625
113610879.4065243602 1964775.4189453125
103791423.9446765184 1697488.0664062500
113149858.5551544428 1957110.1210937500
120267852.0158635378 2025400.2304687500
119302111.8415747136 2020940.5175781250
114303273.1824386865 1974736.6357421875
113617628.2871900797 1965394.4501953125
113601685.5223070383 1964360.7626953125
103616095.1073088646 1684832.2231445312
103941933.1044049114 1703315.5219726562
118614162.2688790262 2016542.9228515625
112128917.9462070912 1938978.0732421875
102931970.8596048802 1649428.3986816406
119339825.0136346519 2022335.7597656250
103732852.1272093505 1691323.5151367188
120276030.0794315785 2026041.8261718750
105867574.0956911445 1777783.6000976562
103761576.4385315478 1692496.1928710938
118596790.3210936636 2015486.6708984375
116214524.2048597932 1995944.1191406250
102906254.6105694920 1646357.1413574219
102388075.7635576874 1608958.1989746094
124163183.0248038769 2030943.5849609375
103876904.7030252367 1700551.1684570312
109885837.9869068563 1892169.9848632812
115279634.1514715105 1986218.4824218750
105905287.2677510828 1779178.8422851562
115231415.9683585316 1985010.3789062500
115625876.4439716041 1989768.6396484375
112179897.2936221659 1940306.5478515625
116197152.2570744157 1994887.8671875000
112146289.8939924538 1940034.3251953125
109510669.0348612070 1882057.0922851562
109561916.7972572595 1882947.4765625000
112149057.3723039627 1940165.1474609375
109579288.7450425625 1884003.7285156250
103386727.2914158702 1673419.5556640625
102809700.0718804896 1644254.0900878906
116931812.5230864882 2004098.0107421875
119214963.8842373341 2020178.2998046875
116901953.1266407073 2003445.2958984375
109041076.1029997915 1871715.7036132812
108904935.5052895248 1867114.8916015625
112220710.2410176396 1940646.6855468750
118644181.4145310223 2017053.0517578125
102662636.2214668095 1635898.1887207031
119248402.9995027632 2020292.2646484375
104673231.4336447716 1735392.6889648438
105550912.4467698485 1769671.0776367188
105581758.6820974499 1769822.9291992188
109739763.6944395006 1886962.6518554688
102837729.5264946222 1645895.5471191406
116660489.5725167543 1998489.5087890625
103887562.2098540068 1701128.3286132812
103859532.7552399039 1699494.9165039062
108874089.2699618936 1866963.0400390625
116708707.7556297034 1999697.6123046875
116245370.4401873797 1996095.9707031250
105723937.6454506665 1772698.4526367188
103521223.2216546535 1679744.9819335938
107383302.9329448491 1825719.1054687500
105365110.0569778830 1761791.2524414062
102972163.3083368838 1655706.2958984375
108037664.3955202848 1845907.0947265625
103704822.6725952476 1689682.0581054688
103723181.4592624158 1690237.4467773438
119166745.7011243701 2018970.1962890625
103536493.3459060937 1681024.2695312500
102387789.5298467278 1608801.8220214844
118907626.1868870258 2018401.8583984375
118742657.3720724732 2017749.6259765625
103064207.6778897047 1660213.7917480469
107989446.2124073505 1844698.9912109375
103751905.7705846131 1691410.1245117188
107858272.2006242573 1839777.5722656250
108352918.1106506139 1852890.8144531250
102931174.5253536105 1649299.4572753906
108206046.4908597767 1850820.8339843750
107765989.9185864478 1837747.2783203125
108285492.8946637362 1850976.2714843750
104597810.8855933249 1732193.3471679688
118747904.4526338130 2017923.1279296875
103508463.8912919760 1679382.8125000000
108400832.9746995568 1854033.8447265625
112074035.9615913779 1936483.5664062500
107714247.9984885454 1835024.9882812500
108567947.1668203473 1858474.9736328125
106615535.7176123261 1804285.6875000000
107299907.2270425558 1824389.1113281250
107719142.9957214594 1835187.0449218750
122593411.8121646643 2029348.8935546875
107429951.1252870262 1827444.8310546875
118404296.8126994669 2013383.9794921875
117270164.7118496150 2005567.0849609375
107482934.6289394796 1829574.2460937500
122267015.5764155388 2029341.0556640625
117281110.2537291795 2006339.5029296875
107286692.0605391562 1823521.8544921875
110140500.4652418494 1898086.0078125000
106703569.0977222770 1805872.6992187500
106974615.7594928592 1816036.3857421875
106432637.5480463952 1797731.2968750000
109111268.9681480676 1872635.4448242188
107062649.1396028399 1817623.3974609375
110152498.4009917229 1898308.0742187500
106878415.9159843177 1811692.0693359375
107117662.4758487940 1817730.7070312500
122132912.4070738256 2028749.4267578125
108540278.5390306711 1857802.1894531250
109313233.0243077278 1876770.5644531250
122141468.3152106404 2029194.2744140625
105407290.7940101027 1762500.0341796875
114754973.0711842477 1978541.3554687500
106693763.9475800395 1805416.5693359375
117906370.6534164250 2010856.3740234375
106994755.1855897307 1817223.4599609375
118005416.4439650625 2012419.5654296875
104395049.8096969426 1724150.5546875000
117260970.8276323080 2005152.4287109375
106543921.8904739171 1802869.9531250000
106623779.3917504698 1804459.4609375000
105250117.3782582283 1757099.8447265625
105428878.7319608629 1763395.2177734375
113305595.1793707460 1958664.6933593750
116769160.4430353194 2000051.6025390625
104315307.0883289427 1720298.1767578125
111799079.5162986517 1930249.7412109375
104755236.5305844098 1740791.4453125000
117556857.0502572656 2007186.9677734375
117842633.5669786930 2009653.9404296875
104539476.2412896305 1730928.8789062500
104592446.0404969454 1731604.1718750000
117658831.9252371192 2008438.4160156250
113235114.2700051069 1958072.9824218750
