106965154.8294880688 1818317.6210937500
106647362.5018574744 1810220.4399414062
115712298.2848250121 1994738.3603515625
115063386.2023560852 1989907.0097656250
110328661.8379862010 1906827.7158203125
106723990.7503575087 1812736.1250000000
111371349.3173882514 1926069.2324218750
110395594.3535004407 1907423.3701171875
110731157.5504354537 1914972.1445312500
107308104.4725901037 1828865.3095703125
103742231.7257853895 1696403.5473632812
122190089.4856836647 2032274.1845703125
103447223.2623883039 1690106.0375976562
120459073.1214861870 2027625.2431640625
117346291.5477944762 2011149.7695312500
116656719.2664950937 2004206.8818359375
117241381.3463038206 2009145.6054687500
117789362.2377485782 2016728.2255859375
123337482.2816959172 2032703.9130859375
115958830.3083927333 1998375.7548828125
117125887.9857287854 2008775.6308593750
107679806.2191732973 1837890.8457031250
123094123.8297383040 2032562.4326171875
118158904.0772717744 2017726.8896484375
116244780.2456066161 2000376.5732421875
107094556.6294892728 1821614.8247070312
110825703.3460164368 1917791.4560546875
119600128.5654250085 2023509.8857421875
105326129.2861571312 1762588.1694335938
113963026.2426448166 1975403.2900390625
117722429.7222343236 2016132.5712890625
102774857.1926640868 1647047.1059570312
110863681.0319928080 1919199.9658203125
114607806.8197562695 1983386.2060546875
104784729.5251093060 1745237.4370117188
117684452.0362579376 2014724.0615234375
116998776.5442712307 2008168.7890625000
103885819.0737736523 1703536.9907226562
116656433.0327841341 2004050.5048828125
110601223.9140381664 1912527.5273437500
110271056.0880703628 1905440.6757812500
102413753.4706778377 1628439.4033203125
110233078.4020939171 1904032.1660156250
103744065.7889244407 1700403.5727539062
102971821.3312663883 1659106.3750000000
110347273.9222690314 1906854.0009765625
116944014.7512896061 2004590.5039062500
115516172.7543939948 1993670.6142578125
113925048.5566684604 1973994.7802734375
103355963.5798441321 1680140.2060546875
116608900.7330963314 2002388.7744140625
114470694.5280402601 1982318.4326171875
107713368.4164188355 1839576.4814453125
104412829.6733252853 1728125.9462890625
109005511.3642986715 1872595.9438476562
117661660.7739578933 2013088.2500000000
102331572.6849329323 1620339.4533691406
106417882.9257804304 1803168.4409179688
108252882.2886370271 1851509.6733398438
115498689.3083482534 1991736.2392578125
119466433.2160566300 2023343.2001953125
102101063.9458531141 1603251.3034667969
104030038.2852795124 1711510.9379882812
103232504.2746697366 1677229.5083007812
103011633.0803818256 1659670.5898437500
114981725.4156697392 1988577.1503906250
103906022.2884985954 1707949.2768554688
104353715.5810968578 1727566.8505859375
105341401.3744801432 1766653.2573242188
105211704.1211339831 1760151.1323242188
115898617.8954432607 1996365.3652343750
104097007.0681633353 1717257.2548828125
103415607.3403874934 1686074.6118164062
102866428.5724608451 1653109.3442382812
105515803.7275048494 1772024.4702148438
111279598.3371002674 1926034.9560546875
106140975.2933547199 1792980.0175781250
102560870.0027177930 1635281.2324218750
115277447.4578816295 1991322.0742187500
104722050.0126342624 1743051.6835937500
103545304.5937337130 1692576.7368164062
111232207.2436629385 1924468.5751953125
114841681.1098715514 1985858.1953125000
103567472.8491811454 1694939.2036132812
105483616.9390043467 1770647.8891601562
107900195.2865366489 1842266.8681640625
104430994.2963373810 1731267.6752929688
102899971.3338593543 1656367.3320312500
116426803.4482942522 2002280.2314453125
102937949.0198357403 1657775.8417968750
104219855.5363966078 1720333.9838867188
104363743.4299431890 1727802.8798828125
102759905.7560767084 1646743.1081542969
114369413.9909664989 1978907.5742187500
114769442.2778522968 1984551.5839843750
102509159.4314076155 1633653.8828125000
101625052.9656009823 1576450.3872070312
102332443.3216245025 1627370.8281250000
110966213.4285595864 1920631.7324218750
106379905.2398039997 1801759.9311523438
102489020.0053107589 1632466.8085937500
101637993.1990467012 1576461.2202148438
120180597.5261538774 2025731.1611328125
105468412.6340674907 1770458.0893554688
104065154.3414620161 1712791.8662109375
108368872.1499174684 1856393.3291015625
116846118.9516247809 2004298.1982421875
117655716.3642563969 2012273.3740234375
103053129.0394451171 1664697.7966308594
116127975.3452273458 1999768.8056640625
106797006.7897396237 1813523.7280273438
101723782.3933480680 1577858.6665039062
119892867.2985201031 2025504.2441406250
113888545.3365394622 1969732.0185546875
103138712.4747018516 1665374.8798828125
102740419.2523008287 1646644.0168457031
121478055.6111526638 2030789.5986328125
101854870.6773723513 1589017.0659179688
120440461.0372034162 2027598.9580078125
113312605.1513207555 1962165.1083984375
113652885.5612376034 1967684.1923828125
103610471.1858533621 1695860.3305664062
101737611.3690842092 1578355.2167968750
103156390.2123925239 1671878.8896484375
112397984.6828374863 1944942.6201171875
110461708.4367728233 1909176.2285156250
104320340.9940725118 1726539.9506835938
105183751.8285118043 1758875.4169921875
104190643.7407262921 1720037.8256835938
120906314.9648499638 2028995.6240234375
112791467.7542122006 1953986.8212890625
104147616.7043773532 1719027.3725585938
105044935.3677765727 1756861.4340820312
106042654.4828428030 1790018.6499023438
104936352.6424027830 1750632.3266601562
104900137.7214117944 1750448.3129882812
110733365.7306481153 1915347.7304687500
110695652.5585881621 1913952.4882812500
103065313.8245833814 1664999.3056640625
104271187.2107797861 1725219.1030273438
103286087.4657387435 1678381.0146484375
104248589.6464013606 1724092.0581054688
104565366.2551741600 1736542.0444335938
110443467.9490638524 1907681.2060546875
111678225.3134062141 1932684.3935546875
111603624.0764135271 1931248.0546875000
102263849.6892649978 1619931.7563476562
101892449.2323785871 1593915.0607910156
113337113.7255839854 1962297.7294921875
103378131.8352915645 1682508.0732421875
106357119.0365033448 1799923.1040039062
102172946.6133834422 1614680.1923828125
111203500.6314836890 1922699.9443359375
106991654.0570064634 1819965.5004882812
120690643.1271788329 2028173.2978515625
104236637.5921953917 1722858.8471679688
119880493.7706715316 2024704.5263671875
103951689.3161863387 1709875.5639648438
104891379.0592367351 1749163.1704101562
113035366.1721062660 1958878.7265625000
106347601.5864333957 1799297.0004882812
113167155.8039369434 1959476.7460937500
118970829.5847834796 2023194.4140625000
118919850.2373684496 2021865.9394531250
105017721.6122135371 1751049.6059570312
103754107.6360938996 1700945.4780273438
108250445.8379822671 1851469.1132812500
111057978.1050417274 1921341.2841796875
104277313.9577235579 1725529.4975585938
109928836.9250082523 1895625.5361328125
104599379.3928740323 1737843.0063476562
103740727.7916920185 1696192.8627929688
102110534.1758777797 1604846.5026855469
112577827.3217576444 1950482.4785156250
108426989.2263884544 1856503.9052734375
103831879.4734268188 1702173.9194335938
118872332.1214406490 2021431.3183593750
112714707.3970908821 1952887.5771484375
102133443.8692820966 1611857.9880371094
101951031.6785567999 1603123.3896484375
103436007.9279323071 1686198.4384765625
102263141.1226283163 1618360.1130371094
112479159.4908927530 1948929.5527343750
121538823.0337333828 2030805.3427734375
104862424.5493518114 1749053.0708007812
102229853.1444722563 1616924.9655761719
108199466.4905672073 1850140.6386718750
101781629.6492872387 1581546.3676757812
102584946.9308150113 1642953.0270996094
104640799.4567763209 1738007.2675781250
107598162.2833654583 1836289.6772460938
108091043.2306910008 1849673.5483398438
107556321.6086381674 1834325.2265625000
101869250.2969052345 1590653.8786621094
123127141.6337061077 2032697.7509765625
104714771.7576732188 1741003.1030273438
109577313.8516134769 1888784.0488281250
121814907.7842343450 2031754.9013671875
121791741.1093886346 2031582.7861328125
109752248.0325516015 1893945.8457031250
109665760.9026668221 1892561.7490234375
107977608.3682549298 1844346.3657226562
107991985.8138584793 1845756.1855468750
109576842.2677998692 1887460.2412109375
112408354.5252491236 1945568.0263671875
108433371.1656982303 1856866.2841796875
111685247.4765919745 1933016.1787109375
109315758.4363257736 1880891.9008789062
109534441.8277873099 1887248.7949218750
111909622.3028913736 1937200.9091796875
121721889.8242351562 2031311.3837890625
112113883.2375212014 1941297.2314453125
111735605.4055691361 1933317.4033203125
109433343.1696126163 1886062.3242187500
112156910.2738701403 1942307.6845703125
110127287.8230616450 1902244.4863281250
110170314.8594105840 1903254.9394531250
109990339.8967844993 1899178.0654296875
108831098.2269441187 1867790.9931640625
121895993.7486763448 2031973.0771484375
105555968.9314852208 1774271.6611328125
118293867.1395695060 2018074.5605468750
121185566.0377306342 2030756.9111328125
111906188.6574031860 1935634.5683593750
104674107.1413014084 1740547.8603515625
121473972.9974682480 2030782.9638671875
104060430.0544546247 1712136.5078125000
105489160.2006238848 1771671.4951171875
108577744.9685671180 1862140.9199218750
113772864.9898495078 1969513.4453125000
118461310.8881548196 2019081.9589843750
105430788.0472126305 1768950.5107421875
119600737.5808544010 2024207.9140625000
105622710.1472185999 1776770.0371093750
113683897.5532418936 1968542.9687500000
106284555.1868736744 1798944.4096679688
108263426.4344085753 1854585.9443359375
121045843.7831374705 2029370.2158203125
112252115.2781380117 1943143.1142578125
106144798.2390389144 1794914.4423828125
113361082.1819118410 1963948.1103515625
106113647.8362475038 1792578.0449218750
105847841.7621173710 1784445.7333984375
118500778.0591030270 2020026.3828125000
113459204.6105855405 1966131.6279296875
113443261.8457024992 1965097.9404296875
121083366.2819287330 2029718.1337890625
105995216.3233615607 1789255.6738281250
118427669.4384921938 2019055.9062500000
105756780.8480471522 1778980.9892578125
105863328.2809890956 1785200.7182617188
107364899.9255173355 1830528.0327148438
111869603.5778014958 1935459.9121093750
107626643.2257597446 1837020.7763671875
112414813.3843180686 1947236.0966796875
105932760.1831700653 1787815.8183593750
112472551.0409115106 1948305.4853515625
107117905.0202721655 1824801.8945312500
105948702.9480531067 1788849.5058593750
109091027.0360525697 1877342.5185546875
108660270.0296780169 1864831.1679687500
106844468.5320722312 1816423.2099609375
106936804.7028093487 1817735.4296875000
106418340.1516571194 1803955.0151367188
106668203.4609042108 1810736.6176757812
106776189.2394839823 1812738.3872070312
107518751.7409877777 1832894.1289062500
107485110.2913251221 1832868.0761718750
106605201.9813747853 1808632.2431640625
107435336.1416589916 1831872.8779296875
102953340.4529080391 1658455.2436523438
108450227.0118020922 1857309.7436523438
109064290.2597378492 1874394.5400390625
108754892.4991478026 1867607.9663085938
109341819.6417028904 1881858.3105468750
109024447.3564053774 1874044.7631835938
106344896.4627038538 1799047.4331054688
103031156.0034397990 1661556.3925781250
102832360.9909144193 1652148.6801757812
116976122.8026600182 2005204.4326171875
103868679.5854068696 1702270.1230468750
108451555.2226461917 1859152.3002929688
102893267.3617713153 1654305.2783203125
102994388.4753301144 1659239.9169921875
107560209.8171887100 1836177.6035156250
108024848.9572180063 1848156.0693359375
108490550.1007207930 1861109.0253906250
108108099.9648361951 1850049.4980468750
106059423.5719749033 1791265.6547851562
108553884.0792242736 1861994.2373046875
102807206.4499524534 1649431.7517089844
105159419.7968917787 1757260.5854492188
102787959.9008022696 1647553.9577636719
107907929.9225627482 1843752.5742187500
120244548.0126591027 2027046.2402343750
111378843.4073675722 1926840.6132812500
120521072.7384081036 2027994.0302734375
119646852.3034730107 2024280.0605468750
119692282.4401151091 2024520.6269531250
105039155.6575218886 1752789.1479492188
