108410990.7926545739 1849633.4589843750
110063746.5777847469 1890740.7607421875
111112925.1881865263 1912496.9658203125
110152470.8911314011 1894167.4316406250
109045760.5641189069 1867046.5820312500
111201178.6045076847 1915827.2734375000
108000858.4369632900 1836276.2568359375
108103428.1302220523 1841644.6650390625
110553924.4828984439 1903896.1787109375
110535137.4304795116 1901672.5322265625
117147946.6421294808 2000304.9853515625
109325807.4437987804 1874182.4765625000
113978505.1175765097 1967515.3291015625
105422552.5960537642 1750912.0825195312
106891792.5224712938 1807169.6567382812
124943246.9304229468 2030055.7060546875
114579717.9860935956 1970622.5585937500
117359173.3176409304 2002626.8994140625
107599405.5645991117 1827631.6821289062
117465519.1208185554 2003883.1533203125
106676504.1400042623 1799024.7954101562
109533851.1711118668 1879348.6132812500
105072600.2344486415 1740940.8198242188
104126954.8939768076 1693647.4909667969
112463896.8373596072 1941178.0546875000
105449781.6786191165 1751768.3227539062
109792693.7149648070 1887234.9423828125
106578599.9667550325 1796666.9956054688
109226313.0177758783 1871390.5800781250
108178032.2103890330 1842084.4443359375
113826814.6821551323 1965948.4531250000
108961349.8540965468 1863635.1064453125
108977292.6189795882 1864668.7939453125
106153002.0652278215 1782778.9116210938
109661342.1603933573 1884727.1142578125
108682392.8544424772 1859350.6435546875
107079747.7603912503 1813812.1987304688
106448902.7134088278 1790164.8706054688
110510321.3159027398 1901638.2041015625
104255365.9158997089 1694178.7155761719
108348840.4758592099 1848941.7539062500
104321900.1647664756 1711938.4179687500
120511988.8417469859 2023758.3046875000
106122007.7247521132 1776837.1733398438
109475930.0172473192 1878947.1474609375
108459583.6635098308 1852765.5712890625
108970543.7383138537 1864049.7626953125
108459771.9692511559 1852931.8759765625
104942902.9811024070 1734438.6948242188
117359346.5505965799 2003840.2548828125
109986750.9156075716 1890007.6826171875
114028619.1197614521 1967864.1005859375
113817620.7979377806 1965533.7968750000
109646994.7269589156 1881159.4306640625
109267292.4242237359 1873014.6826171875
108423581.9707537293 1851270.4345703125
106023304.8118816167 1776276.7866210938
109670536.0446106941 1885141.7705078125
117753921.9182219356 2007247.4365234375
108290730.2590267062 1845379.1196289062
114647447.8074992597 1973071.2021484375
107070553.8761739135 1813397.5424804688
109177710.7636215836 1871191.4453125000
109350704.1004270911 1875891.5322265625
109355399.5902662277 1877521.9638671875
105458506.1484532207 1751777.0874023438
109646076.5548299700 1880610.3784179688
105685294.7828552276 1761701.5249023438
111621546.3650799692 1926591.3105468750
110801147.6738664359 1904358.2685546875
108676429.8858439177 1855110.3334960938
107191084.3031550199 1815077.9350585938
105474794.5079175532 1753649.8745117188
105613685.6454811245 1760566.6557617188
105702720.1328023225 1762156.1635742188
111612352.4808626473 1926176.6542968750
108062090.5756710172 1838057.0375976562
109946749.3265334815 1887555.5634765625
111019708.4135416001 1912015.0712890625
109129276.9997547269 1867447.5839843750
110956577.7181098610 1911869.3701171875
114112563.4097636491 1968425.7724609375
109434240.4794788808 1877567.3779296875
108596617.2735488266 1853920.5400390625
114984765.0237921178 1977846.7128906250
108549843.2181853950 1853171.4072265625
114991513.9044578522 1978465.7441406250
105292855.3427075446 1744409.9575195312
113955972.9838488549 1966818.1572265625
105656750.6072663516 1760784.9604492188
111928000.1820458025 1933987.1083984375
124582147.8541394323 2029762.4833984375
108281536.3748094290 1844964.4633789062
112730730.4881196171 1948115.8281250000
110947383.8338925391 1911454.7138671875
108279479.0992361903 1844499.7006835938
108043052.2944378108 1837642.9990234375
112739924.3723369539 1948530.4843750000
116645976.9691731781 1994652.8359375000
106988532.8099705577 1807699.3320312500
116744785.7173052877 1997253.0732421875
111247512.5927688330 1917177.9326171875
108646014.3141507655 1854706.1044921875
111784289.8514678925 1930431.0341796875
108092176.9704315364 1840760.5419921875
114346456.0365319103 1970465.0849609375
111208315.2131517678 1916087.3916015625
111487717.6167448312 1923033.6582031250
105604491.7612637728 1760151.9995117188
111333765.9804701954 1918480.0556640625
108256112.2842412144 1843222.4951171875
105471686.1154849827 1751945.7983398438
105473743.3910581917 1752392.2822265625
105853248.7179776579 1766488.1264648438
108331499.6623557061 1846126.8261718750
106931547.2189543545 1807296.4960937500
105862442.6021949053 1766902.7827148438
118513342.9351350367 2013349.1533203125
105232625.9244737327 1743811.6889648438
106539915.5555759966 1792621.9912109375
116227844.9285340905 1992387.7060546875
111585400.6990945190 1924186.0498046875
112908071.6131191403 1951822.5136718750
112712165.9400472343 1947290.0380859375
107941340.7981686443 1835715.3061523438
114592980.3012849092 1971465.5908203125
104798435.7719418108 1724164.2988281250
105116304.7768729627 1743550.3715820312
107665831.7556414455 1828963.2900390625
104940504.7171643376 1731518.0234375000
107894651.4900528193 1835099.9814453125
111486732.8682296127 1922633.1240234375
110816607.6147060394 1907470.5751953125
111763753.8671410531 1928676.4941406250
111238318.7085515261 1916763.2763671875
106858403.4427474290 1804556.3867187500
108603659.3788874149 1854511.0820312500
110034221.7384213805 1890223.4648437500
106867597.3269647658 1804971.0429687500
106741191.7250063568 1799203.8125000000
104789241.8877245039 1723749.6425781250
103992871.0234228224 1689178.9750976562
108559037.1024027020 1853586.0634765625
115015521.7103276104 1979420.6347656250
105087785.4890303463 1742569.7856445312
107943398.0737418532 1836176.3056640625
115044040.9981702268 1980401.2207031250
115104556.1976488233 1981010.1425781250
112750153.5800799131 1949914.8496093750
104115040.9269482493 1690119.5424804688
106782765.4578163326 1800606.9443359375
105511849.6592972726 1754809.4785156250
104224595.1523662955 1694051.3950195312
113569572.0893777311 1962777.3945312500
106549109.4397933036 1793036.6474609375
113658606.5766989887 1964366.9023437500
104300227.2844726443 1700970.4506835938
113254256.9659368396 1958055.7714843750
113212399.4285838455 1956795.0849609375
113070018.8291469514 1952664.2158203125
116798047.9732794762 1998278.2724609375
106834261.4987463802 1801248.0810546875
107380556.9491412640 1821077.3271484375
107318828.0485060662 1818260.7148437500
113159053.3164682090 1954253.7236328125
111175530.3488598913 1913043.5488281250
111354291.7025625259 1918674.9355468750
105371517.0620372593 1750728.4702148438
112470603.4036438614 1944581.9531250000
105931926.1978316605 1768595.1401367188
114745676.1790378392 1975075.3662109375
113578948.6812886745 1963775.1914062500
117225849.5231611729 2000962.6337890625
105914473.0448756069 1767527.4135742188
111356348.9781357199 1918818.4736328125
111382810.9904051423 1919655.5214843750
109960698.6150184572 1888824.4384765625
107231389.9142580181 1816033.0781250000
113314772.1654154360 1958664.6933593750
104715902.7716456950 1722534.5878906250
104645199.3795718551 1717017.2055664062
112314884.5546966344 1940170.9833984375
107206690.5926715732 1815343.8271484375
112324078.4389139414 1940585.6396484375
107611986.6934102625 1828525.4086914062
113254521.4798532724 1958069.0390625000
112015937.0141688436 1935020.5283203125
105078591.6048130393 1742155.1293945312
107755092.1506261379 1833486.7167968750
107321845.0348394215 1820333.3457031250
104663290.9818928689 1721519.9672851562
107573313.8105901480 1825518.5292968750
104553472.4950584918 1714750.3530273438
107915814.1103554666 1835382.7949218750
105350790.8702653050 1745448.6191406250
107576330.7969234884 1827591.1601562500
113225737.6780941933 1957075.1855468750
104827373.3370062560 1726604.5346679688
104621052.2293458134 1716532.7709960938
112479797.2878611833 1944996.6093750000
112167933.1510030776 1938888.9833984375
115696764.6210134029 1987389.6630859375
112568831.7751824558 1946586.1171875000
110549518.6955198199 1902729.9287109375
112095085.4237756133 1935458.9072265625
110074233.5400290489 1892236.3847656250
104591185.6671183407 1716145.5952148438
121890467.6088727862 2027525.7705078125
107060718.6353057623 1812467.8544921875
105352285.8437236100 1748129.8847656250
113547111.5690727234 1959610.4853515625
110065039.6558117718 1891821.7285156250
110406275.0889409184 1899105.8417968750
107557738.1363621652 1824068.3125000000
112079642.4857730120 1935436.4208984375
121014805.8109520674 2024116.1650390625
110933121.0982891023 1909107.2441406250
119553483.9303818047 2020487.5146484375
111838642.1702711284 1930856.3085937500
106341919.0303985327 1786226.4873046875
107507568.2087286115 1823602.4843750000
116897686.5084272474 1998955.0859375000
109634557.0709156841 1880100.6943359375
115628847.3909706622 1985600.2861328125
114718097.9291952550 1973115.2412109375
114784599.0950803310 1977304.3417968750
105968297.9248479158 1770788.4599609375
106139830.0374733210 1777537.8544921875
106411626.6585401744 1788111.5170898438
116695801.9050831944 1997247.0029296875
110415468.9731582552 1899520.4980468750
105949903.3658932894 1770574.4296875000
106363395.1760562360 1787813.6821289062
105791982.5504336655 1765769.6318359375
121043325.0987946987 2025096.7509765625
116816854.8370696306 1998409.7353515625
116773305.0051479340 1998233.6591796875
116824643.2185818553 1998842.5810546875
122304763.4288381189 2027612.6533203125
115468238.7976139486 1983019.8583984375
117982184.1162385345 2009391.3750000000
118033522.3296724558 2010000.2968750000
119002186.7562583089 2017090.2314453125
121742315.0727360696 2027193.2412109375
121568646.1786506176 2026579.1005859375
110315281.1214236915 1898889.8222656250
117591663.2678804398 2006784.0146484375
117800173.7268860191 2007301.4677734375
115747135.2794821411 1988252.9638671875
117959959.4442096353 2009221.4150390625
118162532.9753145278 2011810.8388671875
116164641.6557401419 1991510.2773437500
120307382.0514131486 2022603.6103515625
119126568.2595375776 2017843.6025390625
124434988.7725557685 2028789.4658203125
118102017.7758359015 2011201.9169921875
120038331.9058224857 2022497.8525390625
119230326.5071843117 2017850.1708984375
117821264.2650167495 2008653.3720703125
115667277.7782055885 1986663.4560546875
116300733.8253065944 1992508.7636718750
118783695.1805268973 2015046.4033203125
116389768.3126277924 1994098.2714843750
119494641.2356863022 2019364.3144531250
119583675.7230075598 2020953.8222656250
121815358.3625813872 2027515.6982421875
119675013.1141909510 2022014.5585937500
115510660.3230366260 1983053.6025390625
119773544.8122617751 2022138.7578125000
119656719.0128528774 2021098.1972656250
121741435.7606023848 2026904.4833984375
121086083.0693497062 2026533.3720703125
118235576.2651598305 2011955.2880859375
121621558.1975445449 2026682.3681640625
119002066.5152518004 2016722.2763671875
119365655.1887242794 2019242.0292968750
118739800.5771550536 2014367.8486328125
114955840.5868467242 1977675.2666015625
118818450.7663285285 2015126.2001953125
118907485.2536497563 2016715.7080078125
122410051.8337451071 2027624.8759765625
124344777.4185137302 2028556.7861328125
116316611.2304211110 1992661.2792968750
115387372.5846942514 1983014.2021484375
115265345.4826267660 1982857.4472656250
115338388.7724721134 1982968.5009765625
120878569.7766470313 2024073.9218750000
120869009.1003505588 2024061.5957031250
122474937.9296117276 2027951.5947265625
122973246.4500472546 2028261.0302734375
123185125.8432447016 2028446.4814453125
117019379.7474983782 1999433.0078125000
124433606.0119466484 2028724.8662109375
117344874.1403129250 2002541.2011718750
121069229.1382684410 2025872.0966796875
115955593.1436496526 1989371.4472656250
115950299.9819314331 1989358.2324218750
115877519.3723976612 1988547.7656250000
114263634.8129912466 1968859.6171875000
114258341.6512730271 1968846.4023437500
