81652583.4590120912 1041308.9931640625
82212092.7606079429 1046644.4628906250
79473560.8280499727 893967.5915527344
79951223.1660901606 938934.7465820312
79154610.6840428412 856357.4030761719
78852046.6160057783 818773.1245117188
83050158.1324962676 1049291.3027343750
79201216.6795055866 864988.1896972656
78503861.1640568972 736599.4318847656
79422430.0391694903 889947.4274902344
78805870.6471345127 809100.2031250000
80650532.3006696999 997858.2729492188
80227102.8684450835 963260.6528320312
80013062.4070770442 946375.2695312500
80527437.5704162270 990410.0893554688
78781279.5368260890 808684.8769531250
82112615.7709719390 1046014.4121093750
79866019.4534623921 932790.1293945312
81067807.9665004909 1019517.5712890625
79995182.1567180455 944054.1030273438
79964173.9381191134 941960.4916992188
80953425.0467210710 1015913.3798828125
79128518.7638977617 848615.9453125000
80729852.0697447956 999965.3759765625
79110035.9662011117 846168.9616699219
80984678.7122962475 1017090.3398437500
79541199.6521982849 899937.8508300781
78731333.4307847619 796184.4040527344
79193144.7866144627 864129.6779785156
81922502.7814827561 1045182.9169921875
82284131.4652085006 1047132.1787109375
80544392.6315821558 990710.9663085938
79898655.3920845091 937697.0063476562
79284640.0681962967 875548.1965332031
78528527.9960314035 755093.2343750000
80671494.7433971912 998939.6284179688
78666397.5796662569 783911.3974609375
80025663.7228708565 947491.3095703125
79419643.0600534528 888260.9665527344
80770809.9678522646 1002358.7153320312
80356678.5032432079 973112.5117187500
78523244.9336791039 740672.3305664062
78823029.3938412517 809275.4890136719
79028213.7266404480 836334.0078125000
81090055.3201888949 1020694.5312500000
83309071.9496954381 1049852.2070312500
79246478.9952184707 867976.7541503906
80266484.2548627257 963780.0063476562
79776376.1964917183 923869.9877929688
79074677.5123896450 842352.0815429688
79392045.9850356877 887316.5388183594
80205033.4844862819 959251.6801757812
80244057.9296109974 963561.5297851562
80428985.0788339078 979473.5234375000
79010608.6499904096 835716.5234375000
82572028.2462776601 1047342.0410156250
80154072.9700885266 957796.5429687500
78973375.0832165033 829137.1796875000
78595808.5107462108 768814.8994140625
78603090.4879916161 775247.5283203125
78607751.9689771980 776985.4924316406
83702046.5729301125 1050348.6347656250
78481172.5179726779 727098.7736816406
82202344.2668274492 1046136.7187500000
80194872.2626948506 958889.6508789062
80431772.0579499602 981159.9843750000
78713490.9624247402 790221.0600585938
78696080.1338826269 787740.2429199219
79344547.9127331972 882127.5402832031
80375541.4333487451 974198.6088867188
79913043.1492386460 937940.3276367188
81771516.3085586429 1044638.4980468750
78764002.3890610188 802805.1425781250
79360433.3061400950 882272.5527343750
79714854.4745971113 917576.8310546875
80127559.8439359069 954165.4846191406
78892081.5529691279 823127.2297363281
79712307.0560181439 916462.7116699219
79739011.1226760596 922995.8261718750
79842424.7674832642 930735.6308593750
79856812.5246374309 930978.9521484375
78886118.2530637980 821559.6606445312
82007582.3162171841 1045736.4951171875
79123693.9233378917 848381.9912109375
78762729.4321383834 801674.3559570312
79071761.8286480457 842331.5629882812
78961023.0329575241 827883.5270996094
78874433.4213316888 819873.1997070312
80219487.3579790145 961678.8857421875
79682780.4980748296 916034.4506835938
79131102.5532456487 851327.8395996094
82128500.7793080062 1046089.0478515625
78655144.5864862353 779674.5550537109
79235786.6255936921 865075.4831542969
79821064.8745546341 929066.5090332031
78941090.8210402876 826250.9211425781
79037366.0383549780 838825.5825195312
78737619.2455325574 799907.5522460938
78577653.3324496895 761345.0654296875
79374859.9840307087 882480.1486816406
78911926.0688486993 825325.9360351562
79736224.1435599923 921309.3652343750
80134711.9634570628 955904.7465820312
80833104.4146925509 1008800.7500000000
79116430.1786569506 848103.7695312500
79336894.5699418634 879863.3220214844
80665433.3599596024 998754.5239257812
79817447.3776678890 928632.8256835938
80954145.1430699825 1016844.3076171875
80205099.6008248776 961435.5644531250
79451909.3262148649 893109.0798339844
78829887.6284625679 814598.2851562500
79032992.3997987211 838789.1000976562
79790141.9115564972 927015.9902343750
80771614.6299408227 1003269.9321289062
80628935.2368226498 996417.5913085938
80280744.3534492999 967142.1894531250
79860529.5489243120 932546.8081054688
79264546.2911156416 870403.3391113281
79397991.5582183450 887402.4548339844
79458842.1909221709 893292.1120605469
78710703.9833087027 788534.5991210938
78929198.1379235089 825711.2680664062
79237001.4957399815 865791.9841308594
79442203.3253886402 892865.7585449219
80132316.6940941513 955291.5458984375
80423345.8635419905 978535.2607421875
80482902.8468304276 985180.1484375000
79804529.6687106341 927259.3115234375
79988700.7188982069 942175.7836914062
79519548.1503632069 899079.3391113281
78704223.8898277283 788000.1069335938
79459527.3724127114 893323.2170410156
81581903.7216869444 1041136.8222656250
79469233.3732389361 893566.5383300781
80095818.5709572136 952954.6132812500
83261240.1645808518 1049740.3232421875
78726333.1266388893 791228.8125000000
80525274.1369655728 985519.1606445312
81221187.6316381395 1028682.0302734375
78587817.8917236179 761713.2773437500
78987944.6223670691 834640.3325195312
79581077.7989064753 902251.5502929688
78973858.2013867348 833343.7399902344
79926487.0290765762 938561.8305664062
80020173.8183327913 947247.9882812500
79762296.7324462682 923239.1474609375
81094220.7131541371 1020925.4501953125
79834220.2611580044 929773.1186523438
79638594.3955770433 911747.3395996094
86013448.7985326648 1052170.5957031250
80917647.0199330449 1014507.3750000000
79917116.1612948626 938043.3422851562
80092479.0271926820 951884.5825195312
79968246.9501753151 942063.5063476562
79886602.1378105879 934476.5903320312
80488989.6509193331 985223.8510742188
79669143.7500281930 912605.8513183594
80017237.5284628868 947034.0346679688
79678514.6178099215 913124.3395996094
80026119.3662812859 948144.9599609375
79656863.1159748286 912265.8278808594
83600248.0928174406 1050144.6982421875
79306554.4588800818 876193.2336425781
79436371.3047562689 890064.8625488281
80564975.3159303665 992397.4272460938
79635807.4164609909 910060.8786621094
83560423.6264438033 1050140.3066406250
85617021.1113594174 1051888.0390625000
80031858.6500649303 948934.4492187500
84172857.1649817228 1051461.8242187500
79560676.7101205885 901302.3054199219
80009569.9138721824 944297.4243164062
78961718.1602614373 828269.3999023438
79310975.5459312648 877601.4729003906
80606969.3209560364 992951.8334960938
81000209.5820220560 1017363.3789062500
78799390.5536535382 808891.6601562500
85444175.1082701087 1051715.7109375000
79894400.4217644334 934737.2036132812
81285507.1220159680 1029841.3681640625
79501716.6846957058 894590.2480468750
82991123.2742581964 1048792.5908203125
79039104.2416709214 840723.3618164062
81497965.7525238842 1038313.9082031250
82906603.9250767380 1048426.8037109375
81468887.3651925027 1037600.1318359375
81168995.7255967557 1024058.6523437500
79251792.6418966502 869544.8273925781
80597598.4531743526 992433.3452148438
81908003.6368127167 1044882.0400390625
82974241.2042836845 1048687.1162109375
79626884.5328101069 908727.2478027344
79676076.6147355139 912788.8835449219
79246911.4816302657 869198.4914550781
79654425.1129004061 911930.3718261719
80879572.9522896707 1010066.4443359375
82042903.6185126603 1045989.4404296875
81059988.3567582667 1019386.2988281250
83623407.5773131847 1050344.2431640625
78729280.0778959394 794424.0512695312
81151738.5787819922 1022999.5498046875
79529956.7529685497 899156.5900878906
79263881.2271374613 870057.0031738281
81182406.5604418516 1025073.3056640625
85514578.6534440517 1051753.6708984375
79415315.6052424312 887859.9133300781
83754537.1445319206 1050690.5791015625
79326302.2115472555 879224.7207031250
81731866.4374094754 1044337.6210937500
81849752.1398268193 1044856.9746093750
84808728.4203352034 1051586.3291015625
81200554.1610492915 1026455.2753906250
81551831.6256832033 1040650.8408203125
81568786.6868491024 1040951.7177734375
81538871.2817988396 1039937.0644531250
81100575.8965989798 1021940.1035156250
81352482.1762963235 1033913.3515625000
79294409.5539327562 875568.6760253906
79299290.7141991109 875915.0119628906
80292373.9099120796 969752.8496093750
81667545.6415795833 1042996.7695312500
81510027.8620723784 1039309.9892578125
85001930.5036153197 1051679.8125000000
80104055.1427511573 953983.2666015625
81535761.8888100386 1039628.8603515625
80143769.7759062052 956218.8383789062
81021342.8053672910 1017433.8037109375
80074295.8651245981 950521.1577148438
79615265.7632311732 904803.9812011719
79381227.8948909491 882502.6672363281
81539943.2671226412 1040324.6425781250
82808289.5387297720 1047973.5302734375
79620448.1268948317 906341.6359863281
79508305.2511334717 898298.0783691406
79583950.0037578493 904004.7033691406
79545654.3353856355 900961.6406250000
82521940.4821652472 1047136.4326171875
80283499.5004338175 968311.1416015625
79604985.1750118583 904122.6684570312
81054838.2362871468 1018311.5585937500
82672926.9550893456 1047680.8515625000
78576958.9762952924 756751.0307617188
81312603.0654504299 1030062.6123046875
85569959.6809340119 1051766.2412109375
78827886.7707335651 809426.0246582031
80812708.8918229043 1007720.2802734375
81315984.0531593710 1031576.4189453125
81237052.2841862291 1028792.2080078125
81697461.0466298461 1044011.4228515625
80382177.6710001379 974699.5166015625
79184056.7460569888 856500.5209960938
78828014.3535780311 809590.1003417969
79678638.0551939756 913346.5507812500
79564675.7853337675 901656.8486328125
80849207.0149598420 1010057.2128906250
80717583.1557036042 999386.4501953125
79505274.1969667524 894723.3642578125
80242915.2704823017 963454.8920898438
79075776.4735348970 844440.4318847656
83859497.1123521626 1051000.5468750000
85768020.5307881832 1051967.4316406250
79875131.2955016196 934206.5163574219
81408008.8048073649 1035203.4990234375
81369672.2050671279 1034300.9296875000
81213964.9958943874 1027469.9287109375
80791888.0635591447 1007201.2089843750
81250463.1190313250 1029806.8613281250
80355377.0302242786 972685.4804687500
80881621.4879739881 1010954.1845703125
81685381.9084182978 1043107.2421875000
81067863.1852994561 1020472.0722656250
81345605.7326454669 1033444.1826171875
80616611.1994164288 995267.6059570312
80748020.0402847677 1000270.9541015625
80615843.4968132824 993731.3237304688
81333174.0819301903 1031963.9970703125
80367331.0496982932 973221.0957031250
79143929.6815411150 852131.5593261719
79092546.2281613648 845487.2751464844
79101937.6127886921 846046.9501953125
80526007.7874092758 985927.8002929688
80478943.1795102656 983952.8779296875
80414251.7421714514 978246.2529296875
80417429.9012673497 978469.7241210938
80335174.9122298360 972353.4248046875
80750071.5342636108 1001078.1025390625
80345679.5478632003 972362.5839843750
80387125.3090790361 976403.6166992188
82599385.4147114605 1047476.6416015625
80410908.0172807574 976957.8491210938
80382536.6052090526 975658.4399414062
80325717.2594243437 970719.3002929688
80317845.1678702533 969951.8149414062
80204881.8273832202 959188.2377929688
83553911.5451624393 1049879.2724609375
82692913.1482101679 1047921.4550781250
82637510.3068887889 1047531.0009765625
