62627013.4782859161 549818.0470046997
63491371.4243455753 653026.7935638428
72564999.5697188079 781281.7700195312
72248665.3041643947 780875.3686523438
65803917.3168231994 749784.1450195312
65905308.3174404427 750496.3041992188
62525202.9100163877 518401.0733833313
65121046.0725500137 730865.1661376953
65627381.7767288685 742365.7558593750
64901588.6362422258 730144.0871582031
65819525.0228039995 750256.6977539062
62525202.9100163877 518402.3113517761
62525202.9100163877 518400.6635017395
63333094.5575910583 641526.1621398926
65819525.0228039995 750134.9174804688
62503527.0621993095 515905.6333274841
64657525.5942719430 717149.6004333496
68357137.9161218405 770249.8708496094
63872787.9720603377 678606.8250885010
65075355.4997127950 730499.6451416016
62503527.0621993020 515903.7693138123
65379230.5646445230 738156.6749267578
62520683.2185997814 517512.1676025391
64637292.9016698599 716434.8505249023
67575699.4905082583 762236.8098144531
63146541.9558359459 625311.8951587677
69887713.9761444926 770486.2575683594
65133014.8257023618 731154.6203613281
64637292.9016698599 716435.1336364746
63144952.4770914912 625037.6480560303
64123123.6221124530 694887.2440910339
64118498.6354911700 694655.6255912781
64497813.1186891049 709016.7444763184
63102645.1657188758 619640.1501884460
63781309.6831873953 675247.0723876953
63149577.4637127742 625393.6793060303
65240548.2152019292 734548.1522216797
64138731.3280932531 695123.1999435425
65056799.4811195433 730217.9136962891
62495811.0339065269 504729.6730003357
63126937.2822322845 624206.8133087158
63781309.6831873953 675373.2737579346
63781309.6831873953 675245.6379852295
64123123.6221124530 694758.8770256042
62609769.5170644224 540642.5781273842
64529758.8892143518 711803.6644897461
64885980.9302614331 729785.7023925781
64123123.6221124530 694884.2413482666
62503527.0621993020 515904.0063591003
62621122.5935144052 541929.0775933266
64123123.6221124530 694759.4071464539
62495811.0339065194 504729.6425437927
62609944.7842375785 541325.2590065002
62609944.7842375860 541329.7536506653
63095947.1754972860 617599.4775505066
64880815.1528113261 724806.0964050293
63471186.3733532578 651034.7229614258
62495811.0339065194 504727.8397941589
63095947.1754972860 617596.0573081970
64725053.0961478949 722725.6979980469
62495811.0339065194 504729.6473197937
64901588.6362422183 730143.6138916016
62786331.6097656041 574329.3333625793
64123123.6221124530 694886.7842521667
62786331.6097656041 574332.4469337463
62772740.3832987249 573842.2716827393
62796686.3101267070 574725.9166431427
62621122.5935144052 541928.5362572670
64652900.6076506525 716792.7493591309
63872787.9720603302 678481.9908866882
63380515.5572742075 644760.6259307861
63893020.6646624207 679364.7552299500
63471186.3733532578 651160.9243316650
63309259.3478697166 640556.8117523193
62503527.0621993020 515903.5934715271
63309259.3478697091 640428.5111999512
63416561.2183592841 647110.3785095215
65465644.9470541552 740610.6973876953
64149352.1617346182 695721.6025314331
62893617.4193327650 593885.7034816742
63471186.3733532578 651033.2885589600
63920789.4661681503 682791.6629180908
62827915.8486482352 584221.1728096008
62847520.5222519040 585326.0281238556
63951642.9924115986 683815.3733825684
63936397.1721489429 683034.7962341309
64041569.8981854543 689150.8010177612
62503527.0621993020 515905.5181999207
62832540.8352695256 584580.9701423645
63380515.5572742075 644634.4245605469
64231791.0768944621 697479.0909233093
62565872.1230975613 529480.1636543274
62588283.0778861642 538005.4883842468
64657525.5942719430 717149.0666198730
62567763.2989386246 536247.4297752380
63131562.2688535675 624435.2087860107
63131562.2688535675 624562.8445587158
63131562.2688535675 624434.5440063477
62748758.9818435833 569995.1733932495
62609944.7842375785 541329.6050262451
62755737.1416603178 571135.5181732178
62755737.1416603178 571133.5709571838
63131562.2688535675 624436.6431884766
63329492.0404717997 641154.1159362793
62549137.3199993894 528652.6735725403
62549137.3199993819 528648.4837074280
62609944.7842375785 541325.8003425598
62549137.3199993819 528648.2373085022
62560315.1292762160 529255.7831749916
62939147.7865107208 601941.9329299927
62939147.7865107208 601815.8122291565
63380515.5572742075 644632.9901580811
63329492.0404717997 641154.2690429688
62542257.4625990614 527716.6383781433
62893617.4193327650 593885.5487461090
62888992.4327114820 593533.0924739838
63396328.5257572085 646385.1993865967
62567763.2989386246 536245.6654090881
64138731.3280932531 695286.1402397156
62621122.5935144052 541932.8822770119
62857009.5040906891 590190.3763313293
65158752.8926968277 731413.3931884766
64143356.3147145361 695651.3806076050
62796457.6590268314 574686.6660499573
62803934.4471931085 580486.5137100220
64138731.3280932531 695123.5851860046
62574643.1563389376 537178.7601661682
62574643.1563389450 537179.5030250549
62585820.9656157643 537782.0374169350
62574643.1563389450 537183.2859840393
62585820.9656157717 537786.5632348061
62597195.2250244617 540505.3893470764
64278709.1076926887 699902.3053894043
62787491.4191812277 574505.7386970520
64003876.5317337811 688232.9914474487
62560315.1292762086 529252.2493309975
71523270.9651305825 775501.7529296875
63014406.3029858917 612411.5576553345
63054289.5149167478 615963.1964817047
63069897.2208975405 616073.6904239655
63074522.2075188309 616429.1826725006
62960776.0147704035 604741.3911209106
63092911.6676204577 617514.2731609344
63069897.2208975405 616073.1514225006
63054289.5149167329 615831.7658939362
63014406.3029858917 612283.9218826294
63014406.3029858917 612285.3562850952
62956151.0281491280 604385.3598709106
63029385.9899682626 613032.3077030182
63146541.9558359385 625183.5946063995
64663521.4412920177 717219.8223571777
62847520.5222519040 585326.2546596527
64668146.4279133081 717575.3197937012
62549137.3199993819 528652.5059242249
62549137.3199993819 528648.9720802307
63029385.9899682701 613032.9724826813
63008192.6178358793 607272.8434848785
63146541.9558359459 625184.2593860626
64292438.0007412881 703872.3812713623
64429521.5053425357 706073.7957000732
62841507.0751151219 584761.8313331604
62861634.4907119796 590191.8919105530
63849856.5758825094 677388.7605895996
62960776.0147704035 604613.9356575012
62975755.7017527744 605362.2218379974
64859074.8007786348 722907.6795349121
63849856.5758825094 677390.4678649902
65665420.2467118651 747806.3120117188
64153977.1483559012 696077.6337814331
64859074.8007786348 722907.9655456543
63440347.9075431675 649274.0979919434
62574643.1563389450 537183.2011756897
64429521.5053425357 706073.1381530762
62993212.9308535084 606523.7928848267
64019689.5002167746 688509.7722091675
64429521.5053425357 706072.9758758545
64036944.9115641639 688966.9191818237
65939620.6496525034 751213.3374023438
64504167.8486316353 710370.4790344238
64036944.9115641639 688957.7100639343
64708095.4650944397 717788.8681945801
64418900.6717011631 705647.5425262451
62923645.3575351462 596135.4750709534
63324867.0538505092 640798.2377929688
62929658.8046719134 596704.6977748871
63324867.0538505092 640798.5958557129
64504167.8486316353 710370.1741027832
64708095.4650944397 717788.5632629395
66138765.6827646941 755811.4892578125
63190595.0130885765 629230.6419181824
63227378.3113346770 631593.8790893555
63153222.0816459507 625649.5246963501
63227378.3113346770 631593.9651489258
64708095.4650944397 717790.1921691895
64414275.6850798801 705290.8537292480
62988587.9442322180 606068.2475509644
62993212.9308535010 606424.2788009644
64414275.6850798801 705291.5112762451
63903044.0714867041 680335.5327568054
63893020.6646624207 679202.2001762390
64003876.5317337811 688060.7696342468
63999251.5451124981 687867.7510795593
64041569.8981854543 689313.7413139343
63490633.7871845588 652374.1962089539
63999251.5451124981 687705.1960258484
63507690.9113540947 655083.4110412598
63899335.1207789406 679476.8787841797
64239444.1069155037 697873.1221160889
63486008.8005632684 652016.5437431335
63527417.0854306519 655504.0958557129
63796917.3891681880 675616.4070739746
63801542.3757894784 675970.8171081543
63839235.7422411442 677060.6900329590
63743980.6215817556 674022.8464355469
62633893.3356862366 550747.6275825500
63157847.0682672411 626005.7227134705
63834610.7556198537 676704.6587829590
66408562.9915248305 761550.7958984375
72783518.4532193094 781898.2114257812
63157847.0682672411 626005.5559463501
63796917.3891681880 675615.0578613281
62633893.3356862366 550750.9797821045
62827915.8486482352 584224.9388923645
63396123.2632550001 645002.1380310059
62842895.5356306136 584973.9894924164
63349687.2640489936 642368.3359985352
62819878.8468554243 581802.4468383789
63522792.0988093615 655148.0646057129
63796917.3891681880 675614.6997985840
71574547.7084125280 778906.4770507812
62810912.6070098281 581625.1884040833
62825824.8005545512 582530.8558373451
62907963.0829745680 594007.8531517982
62910054.1310682595 595599.6159248352
62825824.8005545512 582526.9068017006
62815432.2984264418 581636.6649627686
62910054.1310682595 595603.9275398254
62810912.6070098281 581623.3489837646
62910054.1310682595 595599.9349212646
66061056.4502731115 753087.3251953125
62645071.1449630633 551354.0185875893
64281050.6789607331 700992.2643737793
63642545.7077135593 663816.3000793457
63834610.7556198537 676706.3660583496
63834610.7556198537 676705.0168457031
62702892.1322156116 562383.6078033447
63527417.0854306519 655505.8031311035
63589854.0484710336 659434.6783142090
63642545.7077135593 663816.2140197754
72085848.4289331436 779955.1118164062
63667641.5357120186 665693.2406311035
63667641.5357120186 665691.5333557129
63936397.1721489429 683033.0889587402
63705334.9021636844 668601.1538391113
63700709.9155423939 668245.0365295410
63700709.9155423939 668246.7438049316
63705334.9021636844 668602.7750549316
63738227.8644584194 671447.0150451660
63396123.2632550001 645002.0519714355
62645071.1449630558 551350.6660485268
63705334.9021636844 668601.0677795410
63663016.5490907282 665335.5021057129
62714069.9414924458 562989.9187951088
63296832.0820194185 634335.8015747070
63379777.9201131910 643978.6048202515
63368114.1931755245 642598.3731193542
63486008.8005632684 652016.3769760132
63535815.3388775438 655565.8617973328
62702892.1322156191 562387.1837196350
62714069.9414924458 562990.6910271645
62702892.1322156191 562386.6415443420
62824397.1872480810 581923.8687171936
62758067.5975651294 572765.8573455811
62758067.5975651294 572769.8499641418
64414275.6850798801 705290.6914520264
62702892.1322156191 562387.1827545166
62714069.9414924383 562986.5662560463
63292207.0953981429 633983.4801940918
62670576.9813026264 552735.1994042397
62678812.4414666593 553049.7335991859
62645071.1449630633 551354.5607628822
62645071.1449630558 551350.3632836342
62645071.1449630633 551354.2570328712
62645071.1449630633 551350.9048333168
62714069.9414924458 562986.8050408363
65444709.0762076899 738460.7730712891
62769245.4068419561 573369.1345963478
62714069.9414924458 562990.4600052834
63292207.0953981280 633979.5311584473
62700246.6103125736 561739.5576004982
62769245.4068419561 573369.3611321449
62769245.4068419561 573368.8155999184
63292207.0953981355 633979.6842651367
63292207.0953981429 633979.7703247070
72412348.8235504478 780940.4760742188
69856155.1501008719 770272.4050292969
70146289.6876549721 771546.2388916016
70915847.0671682656 775465.1801757812
70777916.7839651108 774942.9331054688
70714995.6238762587 771916.5620117188
