120247621.7461796552 70070.3778550848
115213980.0964670330 50372.8453386344
123884507.6641307473 78152.8834189463
124444297.0860978961 79085.6513175059
123655215.0284908414 77951.3302910815
124144914.5622071177 78614.5034293223
124169156.9476280808 78666.8423575449
124205610.4966241121 78804.8544689583
124323694.5920538008 78834.0518302012
124606622.8296136260 79536.4145905888
124526709.6321890950 79167.8256949473
124089076.5499189496 78431.5578421641
116875815.3318627775 60528.2139786848
118637008.3446334898 66119.5593147789
118560947.2006382048 65823.6270397943
137538545.4692817330 94347.7616577148
136980835.2300001681 94040.5421752930
137154958.3344029784 94250.7351074219
122683664.5124865770 75431.2220899463
122522644.6286257207 75253.6351147890
120501156.2452033311 70797.8778579012
120465877.0453164130 70754.7630867437
120526432.2179803550 70861.2667085649
120745236.2073796988 70870.6778413774
120479051.0518603772 70782.2438246980
120190474.9244453460 69985.7441767678
117228725.6749480963 61694.6512662952
119163053.2254790813 67395.8204805574
125763864.7768424600 81546.2916852534
125657864.3861819655 81495.9333575442
125287197.2652265877 80632.8023951724
130015288.0621615648 88487.7665367126
129354465.6396623105 87557.4003033638
129937410.2554861754 88468.6977009773
120837157.6399697363 71290.7562691700
128206709.3330335170 85281.8252677917
127831510.5939187109 84947.3768577576
127900934.7790331990 85260.5359506607
128147070.9402104467 85270.4783782959
128544261.4415730983 85915.0472021103
127833100.7729939222 84966.9644276358
128336390.8101023436 85711.9714533407
127343312.8602233678 84279.4155416489
128502257.2480021417 85913.9834772665
127867279.3335859030 85187.2688751221
121303511.0837800503 72474.3405265249
124368253.4255237877 79021.7913927126
124027534.2996521592 78423.0582083750
124530806.0527195632 79394.9818828392
115460613.8128434271 53636.6074950257
117807102.0561787933 63560.8526374331
118076791.7565432042 64385.6105960366
118010791.7024871856 64188.8447726724
117895100.1183655411 63591.8308914360
124958581.0260374844 80129.2794860742
125212287.4569522440 80499.9273773917
129642353.2510974407 88072.1215119362
123783069.4560142756 78067.1214099605
126560167.2012881041 82733.4761377555
126385753.4922113568 82683.0251582339
129107877.9480320215 87200.3111381531
128634030.7266912311 86150.3923496008
128724355.9676560611 86386.2276157141
133375221.3321457952 91298.6551055908
133168842.7661827356 90858.0469055176
133088807.8305845708 90755.8895874023
125006620.0417000204 80387.9832130000
124969397.8402598649 80201.0098243281
121474232.6397372931 72893.7095361613
121675737.0154861212 73327.1137891524
121582499.3699819446 73140.8380144350
121370320.2297721803 72533.6716256849
117147816.8108297586 61162.0136532895
116662209.3932284117 59354.0113999301
117125086.1769087911 61109.7744919711
117074281.0913177133 60968.2022571564
117326061.7508606166 61796.5647271201
134886637.6696141064 93432.1244201660
135034396.4868594706 93612.6594543457
135313931.2276407778 93690.6170654297
134961747.0057439208 93447.0125427246
134844566.7247067690 93316.5322875977
126018491.4580630511 81687.4085870963
126047974.4482646883 81829.6452356559
126573063.7990331799 82739.7326510623
126023260.3317524195 81807.2046616748
131353593.2995898426 90746.6582336426
126739103.1430191398 83047.8191035986
126174420.7982443571 82161.0131613687
126632619.2615776658 83019.7356154397
126607586.5923807472 82780.9342581704
126145709.5902150422 82057.1976706460
126530696.6670337319 82729.2439658120
123229870.1755963862 76693.0859053098
130074532.2657155991 88810.8221211433
130634804.1011337340 89788.0019459724
130777349.9869668484 89865.8824768066
130076591.9165841043 88999.3169865608
130187430.5062396973 89084.4099202156
126142918.2763493657 82032.6093287468
128646163.9749622792 86249.2718880177
128623794.4282236695 86090.9687721729
127575964.1982076168 84550.6183319092
127047929.5424956679 83636.2730140686
127049212.8870158941 83664.3970375061
127200744.5466906577 83831.8421665003
127387583.5216054469 84287.4672122767
127154403.1878036410 83738.2388458252
127464403.8137162924 84514.5724182129
129460286.0786108226 87843.1825412512
129302692.6504721344 87446.2399600744
122322922.6371702701 74953.0267847627
122584782.3713727146 75364.3911341280
124838896.4312944412 79873.4743981156
124776854.5503403544 79728.3932504747
120210957.9685851187 69988.3865481652
115509727.0592013597 53940.6960113451
115407131.2907194495 53124.0589187548
134385988.9508591294 92865.3884582520
134660074.6632964313 93304.1955871582
134118672.0165093392 92556.2583618164
133994739.2437095791 92056.3487548828
134428771.1791178286 93018.2801208496
134426296.8852523863 92874.4132690430
117631923.8844121546 62934.8464584599
118763175.8823253512 66361.4813719136
123471051.6769813001 77229.7246376872
117041159.3246514499 60710.4332880148
117152999.4935627133 61569.6335567602
117492886.8855540156 62447.0804693385
135455833.7490033209 93801.3248596191
133622143.9284902662 91636.3819885254
133513847.0959023684 91301.0487823486
133787302.1360348612 91889.9522399902
119061359.0353019983 67170.5210423321
118970609.2798002213 66647.6305885166
119174638.3885284215 67396.1646024904
118998432.6594211012 67123.4228858799
118909260.6117074937 66642.4704880565
125351842.1996687651 80821.0488410518
125436151.1047401428 80995.0956994817
133361927.5564291328 91235.9438476562
120088081.3546313196 69890.8417440467
120342516.2282476276 70597.4949206524
120285047.8535364717 70463.4416979961
120342444.0252978355 70588.1371630840
120351726.1877525300 70632.1279169880
120455025.4733862132 70637.9558131658
120154075.6799097210 69917.9106489979
120271543.3907420486 70333.0925371759
120047392.7851584405 69889.3791091219
120033748.1598062962 69833.0274523906
119280319.9219869375 68233.7537381751
119740163.2511121184 69062.9076995552
119419780.1411347538 68258.2570461780
119212751.7279904634 67556.0512340218
119557975.4031978399 68437.8131069690
127003351.7813834101 83385.5186041519
125946800.0447722673 81660.3783594352
125964242.9188504368 81669.4308382255
133319523.7811310142 91120.4551391602
130262126.7902383655 89167.7206196785
116029674.8837896883 56931.6146127693
119562153.4382909089 68762.8590969741
120032187.4997773170 69761.9353055656
119980908.1733788997 69744.6356167495
119948174.7296256870 69730.1792182475
115585692.9268124998 54486.1413896803
115377442.6771835983 52624.5282311480
126793090.8090583235 83346.4760552943
116093209.1519872248 57740.6954905689
118380949.8791088611 65077.3421243853
130767641.2983318418 89822.2227101326
128222036.4385410696 85499.1326210499
117102730.1644662470 61054.8490575714
117338853.6481926739 61811.2357170880
117340761.2579174191 61833.0536118597
122875176.0927541852 76175.1903351545
133948853.4064580649 92002.5921936035
133988118.2566615343 92033.0801391602
119927224.0453439206 69364.7672900371
119931759.0219744593 69706.3519152813
128734548.0619961470 86525.4480289221
129539270.5452523082 88026.9781039953
128956694.4017018080 87127.5492252111
129489418.6035704464 87973.2292941809
129247081.2207241356 87312.4543460608
119654742.0708258301 68936.4349395707
118446096.6993707567 65142.7099520621
122036815.3608308285 74573.4657446705
121698898.7109104544 74457.2007225901
122163849.8607581705 74626.6139278263
122274784.4584515840 74760.6764492192
122264092.1770064980 74754.7036341280
121155582.5437584668 72206.4818589389
130853533.8393303156 90145.5039753914
130549509.7916223705 89688.7212147713
127841606.1558645070 84987.1382598877
135645591.6718152165 93893.9430236816
135550961.5447097123 93879.7639770508
135458032.1225551069 93868.4276428223
116803403.1289738119 60250.4362046176
121093135.7125502676 71821.5569868088
121089243.5504042655 71704.5262391550
120824663.6621533781 71232.9611603377
133162429.5077832788 90857.6168518066
131293133.2600936592 90520.7970051765
131090999.2663364112 90369.0967946053
127030371.0485126823 83629.2855262756
126107067.7738609463 82003.8022258002
130447465.1439226717 89439.1210408211
116638043.4815589190 59346.8385127846
135006640.5566449165 93463.2581481934
134496184.9293708503 93042.2549743652
119619954.0238750726 68854.9000210464
119748786.5750694424 69097.7181117860
123132318.1134839356 76538.9197444338
129805018.9611063004 88383.9811534882
126779189.9282546937 83072.0374780819
137884386.3082423806 94472.7315368652
137640989.9837967157 94438.1682434082
128731753.1028073430 86388.0694689751
121599109.3459858447 73254.0431421846
122164748.0977037698 74687.3436182588
122174426.6439885348 74726.5487473235
118778362.6172656864 66523.9514404200
123448082.3214284480 77226.4661948029
127745435.6111224294 84776.0528073311
116595219.6325571239 59325.4368760043
116236749.0478098094 58308.1037663284
121541906.4204569310 73133.0064392798
117585708.8673806638 62705.8130610940
118756054.7534695268 66189.3610028070
118551134.1198750138 65623.6019390863
118372136.3501810431 64908.6769894403
116363577.6028033197 58429.1597571012
116488232.0041036606 59178.8157414261
116089063.0779494792 57346.0117111541
116483741.8541492224 58970.7456654742
115656783.4102927446 54537.4268971169
115648275.8747392893 54521.4627443040
124665349.9461484253 79601.6479883893
124351297.3045767248 78965.8506504297
123429337.2257398963 77178.8330875635
123649570.6374420822 77748.2915378809
122700908.5091746151 75846.0876471996
122468343.7293158770 75121.9698811769
115836152.2638925910 56437.3535197314
116036836.1489753723 57318.9567606982
129760925.3177758008 88244.8043599129
118479968.6453213096 65552.6403836054
119792670.1791632026 69172.8389077038
117776885.2597498149 63367.6675685403
116316212.1192362309 58414.4825240427
115688260.4806245267 54541.1643903116
115654814.3000612259 54535.3113587284
121004608.6536926776 71630.8826234323
120839609.4613201469 71416.6596190184
120866291.4849394709 71461.6530383765
123213674.5186354816 76579.7645515895
119145238.5494294912 67371.4922828525
128627026.1213975847 86138.8505165577
116232152.8842111230 57833.0684787631
121065249.1564900428 71694.4787538034
129220576.0978627652 87288.6615298986
122379030.0441116095 75074.7320271730
118288406.1489437670 64786.0645462737
115281052.7721735686 51131.7999229194
121132017.2951445729 72081.5862540454
121219966.5377009660 72216.9689734429
120813100.8389079571 71201.3790618303
123083145.7065663040 76396.5124170054
118255579.3898236006 64734.0071371138
115207966.8088334352 49690.7052837793
115189242.1037240922 49671.1737358604
122996151.0182318091 76354.7984409872
115710409.6523709893 55814.5253218908
115145713.2812456787 49615.6254497949
117736786.0905087143 63323.5810020921
115269856.9407169521 50689.7065448650
120814045.3385056108 71229.0213652971
117337258.0451960266 61807.8113647164
116297507.2067964375 58318.9174675436
120790383.3072824031 71178.9657016211
117911036.3816083223 63870.6682699263
117405742.7278791219 62337.7323754351
117496579.1157529503 62668.1708633850
115973967.2179160714 56555.4793013830
116057952.1255708337 57320.3725016650
115543301.6023189723 54425.6477980176
116434135.0111305118 58496.2457023849
116960381.0454242975 60634.5697573459
117005370.6454004198 60680.9798811354
116698339.8297623247 59486.9787807042
115319212.7270767093 51319.0967870310
117048210.2567722052 60853.3469279424
116723967.5671951771 59636.1540870384
116723374.8855505437 59572.1541512783
