51312077.5260062069 87745.2647525072
53893486.3819893822 176130.0846099854
54070262.4047628343 178310.9239578247
51638373.1901416257 107906.5379201360
51727072.3904974312 114344.6554738469
51674777.6350494996 110456.9144788980
51561937.3475678489 104728.4633780718
51376684.8240267113 91279.7846469879
51409336.0965369046 92178.1286411285
51605721.9176314399 107008.1939259954
54185473.5542407110 178565.6035232544
51709481.6912155896 113270.0993915354
51841924.4770140871 120522.2221670151
51563736.1242618933 104779.2744026184
52677613.7387370095 152758.5711813867
51559360.1782707572 104715.4389147758
50978042.5774703324 42734.5753364563
51544351.6853173301 103347.7238487005
52719414.2876322791 153677.8194662333
51597036.0448365360 106525.9962344170
52686763.0151220933 152779.4754720926
51397225.6803900227 92034.6838846207
51534016.6058861539 102649.1920520067
51549311.3915776908 103438.2883106470
51461285.0483877733 98472.8014383316
51364574.4078798518 91136.3398904800
53584290.9814307466 169451.0994453430
51450848.3724837899 98235.4878226891
52741826.2795349658 155077.5067729950
51894724.2970314473 123343.0597163625
50984415.3367233127 48009.2808046341
51355396.9431949481 90918.5894594193
54291296.0239207968 179329.5625610352
52071257.4940733314 132007.2420894206
52273877.5682208240 140785.9767277539
51904116.8357313126 123344.9525741525
52524451.6201829538 147563.5460592508
53869328.6126508564 175711.2290344238
62369973.6333663315 207316.6230468750
51857779.3780562803 121629.8582126088
51829443.8029506877 119296.5971364975
52466564.2130824178 146399.6281988919
51233062.5695345178 81307.1471987963
52393035.2086465508 144879.2071619928
52698739.9894600213 153421.7904974222
51827645.0262566432 119248.0524989367
51869515.5053762943 122363.3888785020
51032934.3996627629 57604.0369939804
51214650.2847218439 80159.6463079453
51461625.1182904541 98645.8868848458
52566374.9277614132 147995.0092626810
53391640.8018381670 167125.6570616364
52666088.7169498429 152523.4465032816
51869628.8507343084 122528.2022067495
51267312.7182179019 82947.0154732838
51149538.3134182394 73276.8809219599
51087540.4767297879 65622.9701571465
52103908.7665834874 132905.5860835612
51745785.9128521830 115191.7406588979
52215874.2387694046 138101.2154475749
52223760.4099404439 138404.2615335770
51060228.0065934137 64285.7838201523
50998580.3213229701 49906.4956279993
52925883.2863135114 158659.6688537598
51926954.0635343120 124241.4037105031
51042901.9994319454 58133.5342117548
51718929.3676335365 113579.3746719360
54450049.1420056969 184339.1814041138
51020748.7244541943 55982.1761125326
51145536.0753969774 72773.9438786618
53173493.4607208222 162324.8531065583
52051298.0684091896 131413.0519301072
59465141.1843377128 206068.2001953125
51316743.6505008489 88405.8116779327
51186997.5778610706 74303.5977966171
51337522.6447364166 89573.1447471380
52269178.4497977346 138881.3696384430
50988715.2500343099 49239.4769463539
51002885.3365045637 50095.3662214279
51447731.6377117336 98217.9700223580
51843560.2816733420 120915.0463993549
52864117.3768211007 155787.5985279083
51220541.2813201994 80359.4688235521
51224391.7356193513 81033.1079608202
57796362.8603283018 198947.5733642578
50966185.0779169276 42251.5638766289
51445010.0310509726 97378.9773669243
51383672.2697139978 91779.8524686471
54295872.1216580197 180688.0363845825
51351020.9972038046 90881.5084745064
51284443.9384380952 83257.7611713931
51738211.1709266901 114477.6412209123
51386249.4390110895 91809.5638542175
54370604.1585168019 181653.5187835693
51152301.3250561729 73647.3120318651
50946603.3284775689 40362.0215978622
53849189.2201059535 175577.7889328003
59359356.1524500325 205359.5839843750
51957140.6554024667 126584.5140467882
51697181.3010125384 112565.4439650774
51137293.1935631856 72601.9180423021
51145491.8806027398 72773.9230613708
51998498.2483917922 127903.9472743273
51777772.4170402735 116090.0846530385
53815840.8891016245 174541.4594697952
53422450.9256954491 168207.6530399323
51126121.7232094258 72008.3274790049
52554660.8528166413 147722.6425482035
50968267.7978055179 42365.4108586311
53104195.2800063565 160280.9972845316
53348665.4460277781 163813.0128707886
51327078.7299320102 89160.4904594421
51016008.8569649681 55921.2237725258
51169170.8460108638 74093.3562889099
51436076.2567326054 96971.5519757271
50993455.1175235435 49300.4292863607
51295969.7107725665 83519.6182723045
51574827.6798907518 105470.4619760513
51325677.4248192087 88813.3955206871
51342087.2228854373 90487.2932863235
51160500.0120957196 73752.2757906914
52125071.4473017603 134390.6094655991
52245237.4296338931 138563.7200228572
51428059.4399506003 95833.7390149534
51410598.5146304294 95601.3077236414
50952535.4606168866 41075.7312661409
52434835.7575418279 145804.1020361185
51213078.8847191483 80111.6878949404
51189267.6793883741 74352.7705853116
52402184.4850316420 144905.7580419779
51623510.0395032391 107018.0682983398
51306680.8197875991 87690.3233146703
51008216.7808863372 51080.0325332880
52006310.7007335201 128460.4874888361
51464202.2875875309 98748.2004470825
51232590.4226589128 81138.0717196465
51379192.3434518203 91359.5671777725
51354137.7319758758 90899.0262748376
51076258.6361670122 65301.9591776133
52620956.3975468948 150351.1937725544
52653385.5184261948 152215.6687098444
51580351.2115013674 106092.0315942764
51071791.5032812133 64605.7723866701
51430781.0466113612 96716.1730955914
51334070.4061034396 89379.7115477398
51075110.4040038884 64844.3672610521
51508414.4452890307 99840.6549533531
51688371.4793985784 111548.7220770121
51222848.9717613831 80476.0147633553
51437682.8510186374 96997.4710464478
51733730.8270744681 114477.2766799927
51189281.6990681067 75336.5769767761
51160972.1589713246 73921.3512698412
54364810.1747708172 181526.8652877808
52856081.3939955756 155491.0624676860
53204489.4899077043 162515.4666319489
53085898.4204844832 159816.8356533051
52187309.7915677875 136217.7345571518
53583326.8233986646 168953.5841856599
53171838.2173975185 161617.1226378083
58398614.8690026551 205202.5048828125
50968354.7464824393 42520.6996990442
52270549.7369390279 139438.9657161422
51558245.1658960432 103791.1712957621
52351628.1186546385 142593.6429913044
51697137.1062183082 112497.2377167940
52384057.2395339459 144458.1179285944
51036645.6881799176 57792.1893249750
50979004.9204935804 48007.5667568445
52034371.0160062015 129992.0304081440
52000297.0250858366 127952.4919118881
51135022.2699935436 72459.1008725166
51175973.3628971353 74303.4362042081
51721229.4682869613 114056.1874465942
51148877.4473408237 73163.1499752998
51565650.2152058482 105193.6876001358
51021548.7925752923 56194.7090402842
51275265.5902100131 83222.8919448853
51297317.0301545188 83956.5113368034
51053425.4897071570 64226.1552225351
52447840.7550900429 146161.9514688402
51689623.0700447112 111717.9109954834
51237549.9680569097 81348.1004481316
51452691.3439720795 98324.2738733292
51633091.8574300557 107626.4455080032
51207112.6805567369 79844.8968014717
51339096.6657776833 89809.6488455385
51429938.3973203152 96655.1640994549
51115652.4740606919 71983.7060037851
51033968.2251135558 57761.7793594599
51244885.5056590587 81440.9528760910
51839817.2041462064 120322.9947463274
51388631.9759743288 91886.1563196182
52999139.4392184168 159625.5685291290
51175929.1681029052 74303.4153869171
51336012.5042503774 89557.2348336354
51432723.1447582990 96893.6963814870
50988441.5682638213 48990.1440892220
51165459.5574937165 73962.3045191765
51355980.7034641504 90987.8123254776
51601411.9908276647 106719.7258987427
51000338.6087960452 50094.0424790382
51141780.5920855850 72669.1296010017
53810314.4118990898 173643.1154756546
58261824.8947752267 201503.7076416016
58076247.6104572713 199879.1041259766
51388048.2157051191 91816.9334535599
51062403.4588197470 64597.9100748301
60879119.9139812440 207288.7749023438
51967645.7525756732 127054.1479177475
60438852.6139112711 206266.9760742188
51965846.9758816287 127005.6032801867
51103232.5731401816 66204.7537379265
51088275.5640085936 65889.7612506151
51846735.3185325265 120915.8362197876
51126823.5829539970 72354.1371136904
50986204.2336888686 48930.5154916048
51958939.4320965186 126633.0586843491
51096474.2510481402 65994.7250094414
51835150.4061519429 119767.4340982437
52470260.7898598388 146636.1359019248
51246671.1133357733 81824.0289115906
51092840.7463199124 65950.7135906219
51005078.4762852713 50154.9948190451
51155133.1230507940 73676.8425366879
51024348.8183446378 56468.6044412851
51072795.2856400162 64701.5500912666
51026131.8827764988 57544.4083963633
51272148.8554379568 83150.8317384720
51077104.4551152736 65519.3301407099
58118028.8158822879 200716.8551025391
53143044.8565751463 160756.7041597366
56812017.6183341220 187875.0682373047
60526796.0546751767 206702.1870117188
51198913.9935171902 79739.9330426455
50962780.6107854694 42233.8254671097
51498652.3367917463 99653.9140405655
53323961.4898482114 163754.6857881546
52412669.2568517253 145434.7161804140
51270305.8839496821 83119.1172799245
51466001.0642815679 98755.5700464249
51258781.5294826329 81908.4497232437
52237898.4644288570 138540.6217220016
51209383.6041263789 79987.7139712572
51284259.2715848014 83235.2525501251
53190561.0787641779 162476.1008577347
51708157.5423915088 112858.0556654930
51189223.4845941216 74352.7497680206
53150279.9777300134 160870.0263948441
51108135.2788093835 66595.1340957880
50976056.5961629748 42622.7274585962
54715647.3177714646 186106.4928283691
51679595.6387620196 111127.6328436136
51698980.0777065828 112616.2549896240
50953034.5698816702 41435.2351784706
50971776.2674524561 42602.9899449348
51975305.7163170353 127448.0119934082
52047724.2696079612 130637.9432918020
51683971.5847531557 111246.0107375383
52161142.8016247898 134489.8153029680
52634875.2053285092 151727.2158612013
50995797.3483480439 49512.9622141123
51227223.5336139798 81062.6384656429
51274681.8299408108 83153.6690788269
52005412.7649426162 128057.9642931098
52004959.7788220793 127989.4226233363
52015072.9970977828 129739.5992976613
54576753.9268694669 184538.8702697754
50955537.1027959436 41437.8255529404
51261372.1096313000 82722.3729057312
53142535.7291533425 160372.9342184067
54633403.8647491187 185158.1231994629
57340081.6671412066 198161.1546630859
57819035.5804950967 199469.1810302734
53654430.8019119874 170478.2173156738
52203095.2905620113 136911.9037939906
51258650.5029705539 81826.7286220789
56992303.0296651945 191840.2164611816
57084649.0063981786 194349.0953369141
53208521.6970238239 163730.1112556458
51494950.9942204654 99081.7981271744
51527602.2667306438 99980.1421213150
51040213.1329213753 57794.6821333170
51049810.8481846228 58837.5833145380
50958966.7020209804 42148.9448467493
50978540.5538310781 43224.7488018274
50998244.9253583252 49804.3072954416
50991261.9777428433 49240.8006887436
