125385541.4332430959 1599097.8525390625
122708174.2445317507 1549022.0156250000
122304714.3105161190 1534086.6640625000
122388400.6959673464 1540491.6210937500
122760607.4526502490 1549022.4824218750
124908786.4511202276 1593354.0263671875
125320960.3148382008 1597496.3232421875
127717562.5487091988 1619002.4736328125
124481279.5815838277 1587694.7880859375
127978553.1726571620 1620874.6572265625
127821226.8557344675 1620030.6367187500
121183001.9850629866 1482735.1459960938
127858403.1188842803 1620699.6044921875
127795512.9497799873 1619864.4521484375
122668917.7762830257 1548202.2919921875
124294496.9111666083 1582358.1669921875
121697322.9289116859 1509246.9687500000
121524333.7656069398 1499255.1005859375
121750437.0195832402 1510166.1005859375
121721159.4702645987 1509261.9511718750
122620060.6857712120 1547876.6972656250
123089540.8675061911 1559357.9599609375
121458831.6796617061 1495790.1376953125
121730996.0191583484 1510044.7929687500
121332012.7031054646 1490141.3305664062
119960181.9489854425 1412691.3984375000
125028084.6774317920 1593440.2255859375
122423232.8593813926 1541513.6738281250
124654859.3305957466 1588299.4394531250
124335045.8061158657 1584972.8828125000
124695574.1122118831 1592109.1621093750
126384828.7198718190 1610003.4677734375
123029509.5097115338 1556386.3212890625
123158742.5691858530 1559562.2207031250
122795631.9256537706 1551762.4111328125
122855397.2444537282 1553013.7109375000
120221065.3156647980 1425956.1582031250
121212064.6380354464 1486927.1518554688
121418743.5594035387 1493482.4252929688
121471716.4790362120 1497146.5747070312
121353269.6026704311 1490151.4702148438
126259816.0608756840 1609191.7500000000
125201507.0300652087 1597291.1552734375
125438774.9006178081 1599141.7744140625
125594569.6102005839 1604224.8320312500
124178468.8145078123 1580046.9560546875
124594798.9893043935 1587871.6738281250
119734973.0404639542 1398332.2353515625
124267913.9833171368 1580237.3642578125
124127934.5461546034 1579351.9501953125
127180523.9305654168 1616177.6875000000
123952338.4400408119 1576258.8134765625
123609393.7619733512 1570659.8193359375
121232660.4248598367 1490138.9038085938
121201160.0171698630 1484042.4340820312
121474251.9862015396 1497283.9086914062
123937381.1755374372 1575940.5332031250
124291405.5553358495 1581596.9062500000
124013048.8728369325 1578760.2734375000
121373622.4782915562 1492278.2416992188
120377379.6976840496 1433781.3754882812
126036204.3725977540 1607391.8466796875
126960396.7466167659 1614740.3789062500
127483280.7534817159 1618817.9482421875
123694377.7378901988 1572149.2656250000
123758887.2706310451 1574327.8427734375
122908956.5396885127 1556216.1113281250
124664864.5505033731 1589053.5898437500
125144033.2043602467 1594877.7333984375
124272146.8297201544 1580997.0097656250
124402767.8982950747 1587210.5888671875
124063221.0203486830 1578999.7031250000
119448739.4652744681 1386176.7724609375
119692419.2559668422 1397185.6015625000
121041501.7012919933 1474597.8344726562
121056849.6295342445 1478194.4741210938
124897609.4257206321 1592196.6250000000
125103083.3240713775 1593598.2646484375
127394720.9159075171 1617942.1816406250
119980951.3363923579 1415961.6689453125
124601378.8054752648 1588009.4892578125
119808575.0481601357 1406230.5087890625
119775514.1964208484 1399952.8496093750
119888424.6884921640 1410421.5976562500
123686215.3456159979 1572078.7773437500
123733858.3593181670 1573553.4199218750
123279908.2805351615 1563923.3740234375
123334195.9875895977 1563933.5615234375
119739993.9006803334 1399587.8251953125
123791186.8862295449 1575531.1562500000
124286879.3757638931 1581088.4150390625
123646739.2741701454 1572000.8183593750
123089021.0519689620 1558435.5625000000
123074934.9918027520 1558280.1279296875
126276888.5887135565 1609587.4521484375
127120939.4463098645 1615580.1064453125
127437118.3939951211 1618470.3056640625
127392068.3976924568 1617748.4492187500
127196671.6367876977 1617351.4931640625
127426837.0057049841 1618008.4677734375
123347016.3095488995 1565954.4072265625
123579956.0060692281 1568476.7128906250
122591959.1837378889 1546566.9482421875
130880540.8822085708 1635846.6054687500
123469560.6869245321 1568319.6240234375
123170862.3654911965 1562048.9365234375
127261139.1353663057 1617574.4228515625
125185598.9838688672 1597156.1337890625
126356797.0215482414 1609933.3212890625
126219776.3370832205 1607645.3710937500
123590941.2148443162 1568788.9101562500
125365572.3492693305 1598057.6582031250
125077735.0773008764 1593573.8740234375
121590314.0322967917 1502706.2392578125
121160508.1783392429 1481623.6538085938
120078287.7551708370 1417838.6313476562
119757581.2352787852 1399611.1914062500
119634789.0021171421 1394982.3300781250
119829925.9055894762 1409062.0800781250
119403736.4938044399 1379198.7402343750
121602059.2312743366 1503943.4853515625
120132741.5036195070 1420666.2353515625
124190821.8301348388 1580077.4794921875
119788189.9404763430 1403018.7534179688
126517101.6836910546 1610568.0185546875
126305466.0548804402 1609905.9111328125
126916076.2923501432 1614311.1943359375
126914343.5691338480 1614012.5185546875
127080889.2458216101 1615351.1123046875
126529261.0777422786 1611109.7998046875
126429267.8682687283 1610541.2861328125
125989623.2761119604 1604426.2861328125
119558741.6303696036 1391172.2583007812
131641894.2490032613 1637503.1191406250
119434965.4862696230 1383428.3823242188
119407918.9146933109 1381208.6582031250
119771398.6866950095 1399842.8681640625
119665402.1656519920 1397012.5307617188
119565115.9240301996 1392625.1445312500
119547928.8830925077 1389784.8320312500
123434368.2402898073 1568248.7373046875
121356373.5231579393 1491373.7416992188
118849120.3807903528 1321874.2416992188
118927917.5358757079 1341363.9262695312
122895865.5975704044 1553224.6787109375
119788989.7576196641 1403640.9189453125
119530341.5484940559 1389761.4619140625
130806170.4253958017 1635190.2900390625
130893708.9493132085 1636029.5898437500
131322517.7835727483 1637288.9287109375
123338108.7964728922 1565042.4042968750
123419420.9559744000 1568138.7724609375
126530235.6648596823 1612423.4111328125
119600174.2862958759 1394641.8769531250
127073148.2308334857 1615070.3554687500
126685420.5139430016 1613014.5166015625
126667569.4769851267 1612476.9824218750
119064399.9429978728 1350743.2524414062
118865119.1593277454 1332485.3852539062
118902341.5628322959 1333959.3725585938
119028799.0428456962 1343707.1870117188
123980153.3621124327 1576772.9726562500
123904930.1136860251 1575619.9365234375
131029755.8650276363 1636558.8925781250
131169995.9046625644 1636828.9111328125
131554986.1074192822 1637372.4375000000
119707559.9966874570 1397788.8701171875
118984296.0157445371 1343604.9780273438
121668600.4314845353 1506937.8125000000
132115703.3858057410 1638815.4316406250
119173793.9325786680 1358889.0527343750
121886195.0246180743 1512158.6142578125
121476401.0731587410 1498973.4755859375
131859649.5226257145 1638082.0937500000
121647589.3464885950 1505215.7773437500
119256164.1316266656 1368730.9238281250
119318830.8579815179 1371162.0400390625
126861079.8383017480 1613614.2861328125
131148504.8700704426 1636807.4042968750
130957864.4669162184 1636179.8720703125
131646017.9533703923 1637736.6494140625
119493210.6429639906 1386493.3759765625
119329137.0634402186 1374866.2392578125
126523991.3302109092 1610695.7236328125
119166098.1133152395 1353607.1879882812
119120094.5164357126 1351242.1069335938
131288061.5045493841 1637172.4423828125
131231187.2503796667 1637017.6376953125
131628630.5459934771 1637422.6142578125
119445029.5113930553 1383983.2431640625
118861989.2076370418 1332243.2548828125
121915090.9652640671 1514780.1083984375
123058864.2178154290 1558075.6494140625
131231599.2290738821 1637163.8193359375
122357972.5341405869 1535600.9248046875
122582245.1812638938 1545057.9433593750
120195927.2238145173 1423605.9199218750
119230040.2671265453 1360472.6455078125
121927443.9808910787 1514809.9716796875
119370835.4631700665 1375684.9477539062
121899801.3552169204 1514011.7617187500
122228401.1573036909 1526013.9492187500
122017536.5140113235 1519848.0341796875
122763210.9186139703 1550211.1865234375
120585379.9310178906 1444202.2021484375
120498027.6795752794 1441603.3471679688
120293698.6261049956 1430939.0361328125
119386778.4257016927 1376814.5122070312
120330895.7085763365 1431721.0996093750
124141235.1121004224 1579777.2666015625
130544414.1865725815 1633517.3994140625
122057789.4204288423 1520734.7988281250
122173218.9187112749 1524078.6542968750
120156382.9860114306 1423163.8515625000
120249221.1668868065 1429608.2871093750
120141145.7279427946 1422642.8984375000
120126207.2403184623 1418882.7353515625
122271046.0483781397 1528045.6806640625
130723626.7991012633 1634470.8964843750
120196731.9039787650 1424949.4580078125
122116422.1729746014 1522732.4794921875
122291577.8941527009 1528330.2187500000
120620860.9570061415 1445538.5429687500
120825628.0729419589 1457859.0507812500
120237854.3118306547 1426659.5839843750
120402901.0445138663 1434503.3315429688
121855680.1675530076 1511794.3652343750
120385725.6886096150 1434442.5141601562
130653190.8395530283 1634085.3789062500
122076291.4532733858 1522584.2109375000
122210322.9928356558 1524641.7734375000
121831222.2708988637 1510823.4707031250
129099029.4379040748 1625354.1728515625
120687507.6042988449 1449520.9614257812
128840975.9241407365 1624527.8232421875
128715088.4664434642 1623650.2187500000
120420500.0641457587 1436523.9096679688
120881088.9362757206 1462280.2890625000
128853328.9397677332 1624560.5166015625
128539089.3746250421 1623219.3916015625
122056285.3886474520 1519854.8193359375
121949058.2530487180 1517414.9833984375
122012311.6540490985 1517742.2294921875
129057894.0097971410 1625243.6796875000
128881569.8176032603 1624732.6679687500
120464568.3933863938 1437053.5180664062
120871427.1473900676 1461851.1367187500
128798366.0955554545 1623772.0566406250
121995136.2981448323 1517695.6347656250
120510223.7920054197 1441622.8432617188
129254521.3838777989 1627541.5419921875
120947040.1665792316 1468199.8105468750
129833573.6059467196 1631600.5664062500
129790312.7496956289 1631557.0117187500
130704637.3035676777 1634117.3515625000
128617206.3010842949 1623492.9990234375
128331914.2945378870 1621243.1796875000
128445351.1458718330 1622159.3476562500
129314790.2304057479 1628741.9824218750
129139876.2673226148 1627332.0830078125
121007628.1168374717 1470340.0312500000
129116422.6864373982 1625824.0634765625
128305169.6804654300 1620996.8945312500
120542804.0334093422 1443313.2446289062
129353938.1766199917 1629966.4189453125
130590042.8635828346 1633555.5644531250
120590287.7498382330 1445034.2666015625
120692172.0986176133 1449879.4687500000
120851481.8092665076 1460037.7431640625
120938615.8281238973 1462686.6181640625
120659003.2738059312 1447258.3779296875
120722011.7898349762 1456697.1669921875
130538357.6019575447 1633490.5009765625
130380263.1630816013 1633476.8437500000
130041458.4528914094 1632990.8593750000
120797205.0005477071 1457144.9101562500
120802508.3455365896 1457249.7519531250
120699233.4081382602 1454103.7021484375
129918052.5864818543 1632263.1279296875
129702355.3236361742 1631052.9619140625
129927980.3109644949 1632403.1601562500
128429261.9309907556 1621423.6787109375
128474912.6258284152 1622339.8544921875
130551603.5096379519 1633554.7207031250
130195406.6354710758 1633431.6337890625
129574659.3364474177 1630658.0322265625
129767457.8560951203 1631175.3173828125
129980355.2843579203 1632472.8046875000
129769466.9184169769 1631402.0351562500
129786898.8565200120 1631454.5781250000
