116562505.6937671751 203910.4099879563
118571746.5893341601 255632.2099475861
115905720.9272886962 173442.0901258588
118771389.0161337256 260561.1654415131
119042783.4756967276 263249.6292114258
115762643.2371477485 160031.5634286255
115716767.1592224240 155236.5033356994
115722951.8961859494 159358.8143708557
118434978.8692069948 254319.9294948578
115796515.6491379291 162909.4387605041
117384258.3130696118 229070.0902626067
116842793.4497524500 214298.4144320041
115899479.8876973689 172706.0944927335
117071726.2426244467 219989.1480381042
115813783.2556989640 169508.1528099179
116355639.4295306951 196121.9083433151
116276258.4856915325 192141.0076456070
121099251.2458538413 270264.2834472656
116637372.3921791613 206558.9745971709
116705490.6114952266 210103.6068355590
116693397.4975422770 210089.3174473792
116243915.9747714996 190357.9723567963
116308939.9972654730 193908.5967464447
117453257.4898317009 231752.9934673309
116951119.0707916170 218268.1697807312
116765946.9780749232 210593.8780833557
116549579.8971405476 203761.7416620255
117534459.2548785359 233819.5990017653
120063413.1729485989 269812.3483886719
116456275.7908420265 200493.3873882294
117120454.3327800184 221128.2302259952
115807150.9028268605 163104.6904487610
115686956.8696271777 154576.6435095519
115996813.3715960383 181555.5298776627
119100772.5649275035 264065.1087646484
118225231.8285700083 250108.3560142517
117750478.8443430215 239908.1208267212
117603124.4360925704 235799.6258831024
119061284.7959913909 263329.1385860443
118866441.6927811503 260871.6429805756
118562121.8597556949 255326.2207221985
116292733.0622793883 193732.2154388428
119290494.5736979246 267202.6198730469
116189717.0529298782 189800.9264945984
117259549.2671865821 226153.9114431888
116291010.6040186882 193703.0451240540
116223678.4379187077 190150.3135662079
116641608.8409623355 206573.6153804809
116050291.2585399598 182127.9910697937
117491820.6907608360 233262.5531395674
117667456.7611885965 237370.2233914137
118237875.3870999217 250457.2310047150
118108601.3392596394 248197.5463638306
117972981.1926419586 244953.2218647003
117840877.2189854532 242055.1302347183
117834370.9055694789 241631.2653168440
117634121.6381244957 235813.4425611496
117129012.7532290965 221352.4236918688
120295523.2884131223 269893.0676269531
117229031.8602667004 224182.8555870056
117851818.1202181280 243362.6144275665
117772625.3211529255 241155.2755603790
116923894.5502053350 216608.1865798309
117992158.5442213863 245913.1651020050
118344630.7493295521 252379.7399921417
118870888.8539773077 261794.2233028412
118764413.4031787813 259384.3592033386
118913666.0415810496 262643.7399044037
120564339.1815832406 269999.0725097656
115923649.6240208447 173846.4629142880
117081300.0472988188 220192.4805559665
117563690.9122467339 233997.7715072632
115698349.5558883697 155056.7217728943
118481949.7474175394 255181.6736354828
118345611.6863438785 253722.5215358734
116657365.4501505643 210088.9660522491
116619309.6594619602 206058.0037266761
117314257.8792070597 227644.4991102219
116150960.8107882589 189786.2857112885
116123125.3084622771 185678.6154594421
117412417.9706870764 229752.9380798340
117153096.7352076620 222726.1167087555
119790541.3540153354 269652.0378417969
116100379.1647416502 185678.0336971879
119079180.4511598349 263577.4533691406
117714207.2817561924 239907.2961349487
117179700.6736376584 224130.4550876617
117093170.8497638404 220922.0551986694
116922100.8823425025 215966.9937395602
116932302.7888408601 217138.6967787296
117935202.4201881886 244300.4137039185
118135368.0501442403 249614.8512840271
117272512.6200896651 227038.6106569320
116134748.7474169284 185782.8571260571
116741017.5122754425 210179.9633667022
116768347.0603222549 213349.7880873233
117236150.4011453241 225997.1079713851
116438151.3417787850 200230.0578193665
117449551.4044661671 231006.1270885468
117127827.1804635525 221166.3883514404
117816709.3390877843 241477.4074630737
117683996.6952062547 238198.1602325439
116569276.0750664324 205291.3620519638
116345014.6863029152 195170.9941053391
116251250.6095431745 191897.2889552414
117015666.6553946882 218347.5323696136
116465542.7181045860 202024.8184804916
117890138.1220019609 243385.1958732605
118035949.5537254065 247559.7944049835
115798317.0301817805 163022.9322395325
116081263.8714621514 185225.0367172360
115947661.4862011373 176980.4146469235
115949243.5502127260 177095.3922241330
121040017.6996588260 270063.5466308594
119734429.9981827140 269431.2944335938
117973221.8701617122 245507.1810321808
118581014.4461717010 257507.3816642761
117001081.2817034274 218305.7478899509
116798672.8138289154 214109.2287551239
116758667.4256909639 210258.8437223434
116367899.7075286061 196274.7514736652
116373581.7328903973 197902.5074453354
116005257.3993737102 181567.8648775220
119467487.2502631247 268490.6567382812
118732849.4842199236 259084.7410392761
118631218.8594503999 258554.9534416199
117591919.3726156801 235128.4381237030
117459537.2602541298 232099.1533230543
117648077.8082211018 236206.8235749006
119117515.2909415662 265753.0131835938
119151768.0731962770 266288.0498046875
116282961.3557662368 192468.6592664719
115874084.4892402738 170138.6268424988
116039821.6661295742 181660.5460909009
115717753.2437493205 158787.1277253479
120976839.6292519718 270047.2302246094
116085566.8406927735 185663.9746761322
118700622.0922948271 258957.6030998230
116259824.8858551830 192127.1414089203
117443805.5895160586 230532.0990240127
116132079.6920933276 185765.8627915382
116349684.4058755040 196019.2836561203
117020757.7023861855 218564.3846492767
116917465.8557828069 214941.4040024281
118495300.0144374073 255295.7294788361
118510307.1871505380 255320.5046405792
118408554.6383574605 253724.7934589386
118483980.1732541323 255294.9047870636
118241555.0188922733 251529.8234519958
116750289.8599134684 210188.3661835194
119608607.8255982101 269020.3996582031
119626857.0782296509 269387.5939941406
117816976.1725924611 241477.8936432600
117078765.3756343573 220066.5601093769
117962474.3744515181 244485.4327411652
116047787.1018456817 181674.4123275876
119811118.3064962029 269749.9978027344
116080005.2818207294 185210.4634151459
117317041.6532880217 228314.2210084945
117435022.6404801756 229834.1726455688
116290667.4400605410 192868.6218099594
115895487.0561904609 172664.6691415906
115803775.7742527127 163027.2071471661
119388636.2138366401 267797.8920898438
116609543.5503785908 205953.3862326741
117892649.6246478409 243637.1431903839
116909501.5875060558 214373.5995464325
117045290.5798547715 219869.1352767944
117432843.1434518695 229804.6104049683
117137810.9671828002 221599.9818572998
119430919.4645804912 267915.0056152344
117139048.4620129764 222123.8941745758
119347261.5398669690 267450.9602050781
118451832.2718888968 254440.9204101562
115693786.7044491023 154665.5237555951
116076022.6790475696 183431.7894027829
116139844.6790638417 187554.1004379392
120271979.4565060884 269846.1044921875
115719182.6377738267 158787.8347907513
119340883.0705143660 267400.4663085938
116651528.3280457407 206714.0324430466
116612047.7488653958 205984.6991817951
116521633.5985605270 202443.3694162369
117441230.2497263104 230084.7150888443
116331098.7799659222 194331.1020000577
116411198.8796874583 198335.6991643906
119575769.7132758051 268968.8920898438
119456362.5980054885 268177.0581054688
119534368.6277844906 268792.3217773438
115963448.7116183639 177550.0767119825
115986173.9709848315 181102.7256820798
117394104.5299021602 229271.1294557601
116056513.9092328995 183316.8118255734
