135973865.1219660640 1890114.3964843750
136226595.4599563479 1899459.0126953125
133114026.2098529488 1748599.7685546875
140561329.7348811030 2019311.8271484375
131459074.4117343724 1630253.4550781250
141339923.8466242254 2030561.5908203125
134161932.4112901688 1806161.4970703125
134512791.9685290754 1825502.6923828125
135391120.0333726704 1870079.8525390625
135625001.0672170222 1880021.6123046875
141898710.7461955547 2033600.3505859375
133386132.5519050807 1759316.7500000000
133623064.9756733477 1776150.5009765625
130976693.6478994489 1571704.6123046875
130845206.0278515220 1566363.8247070312
135203223.3001095057 1864903.1181640625
135059638.7758704126 1853687.9570312500
130903795.1470225900 1566459.2563476562
130838749.8119825870 1555910.3144531250
131104928.9742704183 1586747.1738281250
131015381.4466031641 1575413.9296875000
139233724.5321120918 1986730.2490234375
135116612.4833072126 1858426.7363281250
135614770.6874489784 1878385.6416015625
135616714.9896279871 1878630.7011718750
141627365.0095350444 2033187.3916015625
132400797.1938454956 1701260.0117187500
135028942.2955641448 1853381.9384765625
134512662.1268868446 1824773.9619140625
131076383.8147654235 1583877.4921875000
131068637.7202742696 1582488.1274414062
137678827.0232408941 1948815.3515625000
137984307.6697780192 1957614.0234375000
134410435.7552866340 1819871.1835937500
136943861.4653101563 1926053.1738281250
136700844.8570699990 1918200.3681640625
131888112.2165301144 1664361.0332031250
141084079.2502534986 2027386.2197265625
133373021.9995426387 1759213.6162109375
131154858.3088860959 1589420.0874023438
130932489.7534429580 1567463.9936523438
136762105.9308370650 1921328.2568359375
132577743.9090157002 1712353.5776367188
133469692.2520031333 1767833.1088867188
132921256.1665523499 1735192.4609375000
130775893.5521930903 1545010.1992187500
132233524.4821551591 1693467.6933593750
133352510.1819487065 1758433.1699218750
131416564.1082516760 1621748.0922851562
131448965.9574160725 1625736.7729492188
131426901.5774163306 1623307.6206054688
134622100.7067652941 1831056.8007812500
134551967.6015644073 1827684.4780273438
136251194.6890570521 1900890.8818359375
131061859.8344867080 1579605.0541992188
131742929.5341822952 1656595.4340820312
131766507.5982998013 1657657.3681640625
140034461.3268578053 2008052.5312500000
135691586.2416066527 1881250.0996093750
135648052.4745070636 1880118.5966796875
135757396.3589160740 1886915.6630859375
135348125.4766533971 1869480.9628906250
135402049.4427460730 1871797.1689453125
131552427.3441479355 1637694.1142578125
134638157.6377426088 1832961.9990234375
138278831.3383824229 1964555.6806640625
135490958.3079453111 1872572.8183593750
140164134.1592402160 2010379.1406250000
131432288.6241517961 1625299.1303710938
143174196.4147220850 2048151.5498046875
140006657.4040870368 2007159.6005859375
137915962.7272525728 1956159.0273437500
138109093.9577344060 1962445.7753906250
138101744.6720619798 1960100.4345703125
134249833.7639296949 1812899.6318359375
134329315.4536037147 1816216.0078125000
134234587.2902435362 1808522.7890625000
134218355.1745315492 1808228.5429687500
134380165.1714296341 1818068.5527343750
130913584.1343582273 1566638.4384765625
132814842.6170999706 1729541.7407226562
133017727.2551114857 1741069.6328125000
132531850.8463644981 1709888.4501953125
132503878.9591689706 1705243.8632812500
132536759.2999420017 1710467.2690429688
132509666.5880673975 1708090.1030273438
133261616.4685130864 1754397.8085937500
133208034.9886333048 1749580.1538085938
134660032.4168207943 1834574.1538085938
132503951.7560299188 1707977.5610351562
132337811.7165568918 1698564.8793945312
134793478.2518377602 1844651.2807617188
133271079.6637722552 1757367.3188476562
131347561.9982869625 1610792.3100585938
131567839.3242051899 1639580.4482421875
132604301.0602553636 1714179.1523437500
132753106.5718664229 1723388.2109375000
132784782.7772251368 1725629.9765625000
138349086.2460443079 1969300.1943359375
138786661.9669475555 1978351.4531250000
137955048.3009775281 1956205.9775390625
131483299.6362069398 1635095.2128906250
131830990.8164664507 1661091.7412109375
131578016.5222768784 1643479.5986328125
131626762.3975026160 1648747.3671875000
136873154.1018808186 1923149.1035156250
132821237.3360174596 1730084.6791992188
132990976.8322719932 1736241.5502929688
140179152.6886608005 2012066.8828125000
133189927.8772542775 1748930.4692382812
134084933.1478423476 1801483.9228515625
132267698.3458019048 1695430.5019531250
132353848.4007921219 1700129.6401367188
132439521.7517645508 1704856.4296875000
138853876.7590415180 1983198.1503906250
137451048.3776435256 1942974.3095703125
138303389.7315908074 1967511.0283203125
138380561.4993025362 1969694.7119140625
138052184.4752902985 1960061.7285156250
137961700.0854035616 1956451.7851562500
133233270.4420833439 1754246.0415039062
134151358.9194045812 1805041.0019531250
136939412.9506441355 1924874.1406250000
136841720.5884181857 1922500.8925781250
138470200.0343838632 1971263.9101562500
138799729.2572977841 1979804.6875000000
131570101.2622440457 1640146.7382812500
134094411.8614585847 1801809.5673828125
131779457.4679857790 1659414.7119140625
132848303.2445756644 1732758.4995117188
131656630.5322209895 1649798.6601562500
141487974.6927570105 2031226.1943359375
132010249.2648291737 1675035.9921875000
131423296.1994496286 1623021.8706054688
134072916.4125488400 1799535.6337890625
137466783.9066244960 1943019.9335937500
137629389.0482281446 1948447.8242187500
137784327.8258285522 1954383.6933593750
137710733.9134635031 1951549.8906250000
141312815.8094656467 2029924.9736328125
136437594.1176609993 1906425.1728515625
139456726.2564902902 1994384.9560546875
131168647.7463550568 1593016.3930664062
141285809.2006413639 2028859.8330078125
141192113.1937641203 2028510.9990234375
135501187.4587338567 1875742.6416015625
134722979.9647961259 1837110.3847656250
132186299.6582815796 1689532.2348632812
139008374.3859281242 1985045.7236328125
132035441.1918786168 1678572.1279296875
132020425.1465836912 1675148.9150390625
141327610.6169593334 2030161.0537109375
134025854.3313190341 1797250.6396484375
132733463.0868354589 1723132.0781250000
134070739.3286367655 1797771.9765625000
135178850.5804361701 1862674.3642578125
133554150.8977863342 1773138.6362304688
133618170.6390263736 1774728.2573242188
138622389.3236320019 1976029.7285156250
137684569.4515153170 1949776.5644531250
137478614.7666531503 1943042.2236328125
137613025.4174949229 1948061.3818359375
143178869.0471824110 2049765.7919921875
137025787.9933544397 1927331.6367187500
131391029.5995049477 1618414.7202148438
134787648.3889215589 1843217.5463867188
134739940.5084503293 1840509.7314453125
140383752.8188166618 2016670.7724609375
140461285.8624364734 2016708.1689453125
140730389.0131667554 2021282.0546875000
137327276.3107405901 1941503.9560546875
137516035.8986822069 1946205.0341796875
135977154.2313264608 1891135.9716796875
136166632.0384100974 1897829.3623046875
137158782.1440256536 1932714.9326171875
140333845.6113446951 2014944.4560546875
140300610.6371094584 2013487.6289062500
140302536.6062329412 2013601.1914062500
136618761.8308501840 1914488.8925781250
136185548.1829836369 1897959.7841796875
139063363.0670317113 1986354.0449218750
134682623.1796995401 1836183.6845703125
133836689.7444858700 1784515.2719726562
136641299.9683367610 1915798.4960937500
139982076.9350427687 2006585.6777343750
136550710.9725246131 1913314.7363281250
136516315.2771239281 1911059.9443359375
136698030.1439317763 1917983.3066406250
136298778.2082806826 1905883.6240234375
136267038.7478214204 1903090.4570312500
138502085.1223582029 1973866.9267578125
132103235.0188356936 1680381.2270507812
132132405.0803301185 1686718.2387695312
131960388.4848182648 1672545.0292968750
144292903.6724856496 2055193.0263671875
134930500.6397162378 1849894.4746093750
133056693.9603042603 1744086.6250000000
131273781.1241462976 1602800.2695312500
134358978.7807453573 1817296.6152343750
143369636.8992500305 2049943.7998046875
133659525.1568023711 1778474.8139648438
138438099.8854768276 1971123.2275390625
134480302.1792224050 1823244.9365234375
132580823.4460777640 1712689.2382812500
137275615.0809912980 1936616.1562500000
131763269.3857821673 1656765.2646484375
131905367.4075581729 1669121.8164062500
131849114.0643902272 1663744.0585937500
134557046.9736675024 1829690.5449218750
134601322.6580005586 1831012.7441406250
132768253.6952369958 1724811.7456054688
140280463.3986613452 2012837.7773437500
134635714.2702949345 1831983.9482421875
140879650.5846295953 2024648.3740234375
140771076.8450620770 2022129.8857421875
145471702.4124400020 2058347.0009765625
133722135.1990683675 1781310.8579101562
133456289.5552593917 1765954.8920898438
133435704.1584923714 1765373.1704101562
133747150.0811509043 1782626.9438476562
143958936.3728204370 2054244.4755859375
145732954.5747625828 2059433.1318359375
140790613.7899103463 2022568.9736328125
136051365.8782387674 1895171.8525390625
136297093.7408077717 1903929.6796875000
142239062.9962463379 2041088.9677734375
131320578.6526176035 1609486.7475585938
131330884.6322706640 1609525.9892578125
131698889.7466100752 1651236.1923828125
132656869.8339198828 1718244.4892578125
133481303.0825458169 1771241.8559570312
139597872.6281806529 1997354.5878906250
139650161.8400608897 1998011.6835937500
134750659.4561170042 1840935.4042968750
131209061.2277289927 1596890.4833984375
134181569.0117247254 1807258.4580078125
143477515.1777150631 2051855.7607421875
143709894.2563399076 2052352.7802734375
142390806.5014579892 2043586.4462890625
132071511.0334279686 1679335.5649414062
132104703.4106875062 1682799.2973632812
134518220.0463477969 1827461.7910156250
139236885.3460854888 1990094.2773437500
142942504.5237246454 2047817.5029296875
131718276.0056815445 1653294.9736328125
144640585.2098692060 2056192.7646484375
132314165.1192310899 1696271.4716796875
143940964.0749751925 2053225.8193359375
143596209.0768980980 2052209.0341796875
142857751.2943007648 2046961.0498046875
142617789.5611843467 2045739.2001953125
140152457.3295274377 2010069.7187500000
139426289.7517290413 1993611.3417968750
139541421.0517098606 1996346.0976562500
142772016.9787295461 2046142.5830078125
139657786.4477025867 1999363.2089843750
142610376.8298160136 2043889.2802734375
142613434.9388970733 2045133.1884765625
145719858.0741048455 2058942.1611328125
145240269.0677971244 2057248.6201171875
134910532.1519774795 1846237.1503906250
139852884.1729361415 2004739.1630859375
142579295.2821533382 2043611.9951171875
145403083.7637066245 2058050.4365234375
145216327.1893966794 2056920.5498046875
139477353.1711521149 1995569.3681640625
144073056.9127775431 2054895.9091796875
137032536.4707684517 1927660.2568359375
134462430.6608083248 1821543.9501953125
136075031.9881741703 1896540.5996093750
136004966.2505036592 1892579.4892578125
139366390.6842184067 1991718.8076171875
135918680.2324187756 1889441.6279296875
143810404.8079538345 2053081.7041015625
144530440.9077621102 2055673.3798828125
139740259.8229728043 2000718.7421875000
143933315.9268338084 2053193.9365234375
145246110.9491396546 2057701.0380859375
139724106.0618260205 2000453.0488281250
142198089.2234643996 2040049.8427734375
141995477.0567286015 2037664.9091796875
142281372.9590120018 2043042.8955078125
133988903.3792547733 1793494.0991210938
141603759.7543554902 2031685.1171875000
144844553.0743169785 2056579.4658203125
142162665.4587678015 2039889.9130859375
141933250.2200067341 2037283.6904296875
142050393.6569476724 2038374.9228515625
142066990.1177574098 2039667.7373046875
141768889.3608759642 2033270.2646484375
137052274.6057297289 1928004.7988281250
140489615.8919882774 2017607.0742187500
142584309.7580083013 2043715.2099609375
148050644.6715816855 2060266.2783203125
