50670014.3679469377 399725.1031074524
51353672.4481462538 508387.7033691406
52620653.1816627309 593738.7001953125
51741359.9507480040 540269.7481689453
51791780.4859136418 546461.2900390625
51680003.9274693802 537703.5637207031
50762470.6504393518 427567.2147827148
50975986.2498371750 470285.6350708008
51268606.4028732553 501111.3825683594
53124015.7579749599 603311.4208984375
51020249.4856647849 477060.3173828125
50850255.4316749051 448794.7615966797
51742254.4210598022 541049.0687255859
51275687.1310887560 502077.1789550781
51967448.4202064499 557782.6568603516
52298376.5168232247 578551.6860351562
51538090.0756191686 525487.3464355469
50715450.8238758743 417007.9506072998
50813340.5010305867 440480.7117919922
52009655.7119005099 559625.2291259766
50841439.0725965202 447695.8800048828
50804524.1419522092 439381.8302001953
50901413.1570611820 458765.1499023438
51058250.7754866406 480613.9835205078
51259223.8880345747 500806.3288574219
51306295.5133614689 505021.2602539062
51657879.7179837897 535728.2336425781
73084133.3890736550 655626.8471679688
50653473.2619975582 389336.9452705383
51779790.3798469156 545482.2321777344
51013515.3980024979 476362.8594970703
50638465.8482335806 377410.3268985748
50791549.0816628858 437304.3011474609
50828464.0123072043 445618.3509521484
51976384.7893768400 558761.7147216797
50628660.4789845720 371603.0677490234
51667360.4029299840 536724.5058593750
50787672.8084703013 436606.8432617188
52584646.6767206565 592428.0810546875
63055485.1211477742 637692.0429687500
51586095.5313339978 529813.2839355469
50615431.3436692283 361208.1317691803
51677266.1057690457 537284.1065673828
52918823.8843128383 600677.0483398438
50973065.2003483251 469182.6649169922
52376712.6604968980 582164.9427490234
67936860.9848214984 647907.6113281250
50658743.8074789345 392359.5638427734
50823028.5705089048 444875.1900634766
52550485.3577375859 590495.9946289062
50820074.5886928663 441178.1696777344
54757102.6895457432 618408.8642578125
50783414.4079110920 435432.2339477539
51460739.0112100467 518789.5241699219
68469449.5883609205 650382.1337890625
59569545.6677187756 623005.2661132812
63478390.4417969957 637722.0541992188
56647045.2660394385 622516.2197265625
50833404.0981929898 446019.7746582031
50631247.4186732247 372255.4306945801
50768104.2166098580 431549.5216903687
50786113.6398645863 436561.1402587891
50802964.9733464941 439336.1271972656
50645921.8298546597 384361.3198738098
61785291.5327946618 626265.6682128906
52200387.0320982412 572084.7336425781
50749114.5219446421 426094.7916870117
63832664.8253783062 642989.5820312500
50856987.1875522360 450254.9566040039
52079878.3971233740 566540.3831787109
50998694.2508848161 473506.8544311523
50766491.4229259416 429403.4571838379
50808400.4151447937 440079.2880859375
52587842.1964064240 592786.7685546875
54568155.4942239746 616422.3813476562
69054238.8877965957 651219.3139648438
50960762.0284748450 466673.1199340820
52155644.8879177719 570661.4062500000
52546364.7837097496 590296.3049316406
52316524.1643841565 580842.4599609375
69554870.4464239329 653729.4448242188
52527653.7002936900 589600.1862792969
51149078.7602567896 490507.2583007812
51207063.8593756035 494809.8027343750
69895157.3310422450 654726.7094726562
51840102.2434300110 548652.0924072266
51807582.3751116395 546546.8720703125
51923719.5073975623 555304.5983886719
51650058.7811097875 535369.5461425781
51043054.6872071847 479061.0516357422
51012195.6515243724 475877.9368896484
51015766.1826463789 476575.3947753906
50996666.3963055387 472825.1354370117
51829963.1618426070 548325.3895263672
54545619.5761872157 614596.1831054688
50608419.7971488163 351083.0872774124
66187222.5205838904 646811.3300781250
51417965.0617375076 514800.9647216797
51470545.4576306790 519572.3967285156
51485745.7108290642 520186.3557128906
51407849.6475234330 514265.6875000000
54397587.6060740650 613632.8276367188
51533515.1354408115 525041.8519287109
54630027.8522690460 616744.8544921875
51009944.8668804988 475665.4016113281
52583574.1670424715 592362.9985351562
50645713.2505244017 384302.8886451721
51553125.5446457937 526881.8508300781
51617887.7874579504 531515.9539794922
51554164.8754277676 527055.0812988281
50669805.7886166647 399666.6718788147
52302056.8229165003 579455.0107421875
50935371.7741045132 464144.9164428711
51062399.8103209883 480783.9721679688
51007023.8173916563 474562.4314575195
51394798.4314552397 512692.6002197266
52312256.1350202039 580418.6899414062
50644446.2634174302 382769.8237953186
50930778.9500420690 463494.2368774414
51664622.5812296644 536305.0487060547
51683952.4058555514 537813.2169189453
52103710.7227425799 567322.6284179688
50770439.3476217687 433354.7048950195
62620658.6785340086 628014.7661132812
51550594.3443057612 526478.2662353516
51696595.9303949401 538792.2747802734
51726159.6975496188 539655.7891845703
50606194.8852951601 340271.9317293167
51531483.8670778796 524531.2434082031
60964567.8693113029 624950.7519531250
50640536.2297434434 382506.2816810608
52061377.0967275947 562998.0655517578
51951202.3166054785 557697.4555664062
51576614.8463878036 528817.0117187500
50660072.4107865691 392405.0803260803
50790339.7251316607 436743.6508178711
51570463.5822805241 528076.6354980469
50773488.3916497529 433968.6638793945
50602852.0443542227 338223.0581026077
50682543.6820476502 405000.1937179565
51440770.9906282574 517253.8642578125
52352891.8426210061 581929.4602050781
51492488.5740749389 520763.1707763672
51397329.6317952648 513096.1848144531
51054011.8905598074 480263.4953613281
50658535.2281486690 392023.8051071167
50631038.8393429592 371919.6719589233
51912729.0893432498 553358.2396240234
55095642.9123148546 620799.2709960938
50765321.2797592133 427868.4169921875
52411161.4556146488 583280.1352539062
50669300.0293366686 399198.1923141479
51218804.4669268727 496134.3363037109
51437575.4709424824 516640.9636230469
50731053.8319315091 422759.1544189453
50754054.6078304350 426496.2153930664
50679236.9445254654 403190.7657165527
52520190.1512439623 588817.7287597656
54938882.2539969012 619657.7109375000
51919615.5108013004 555107.7857666016
50665960.1058162451 397036.9701881409
52038854.3371591866 561903.6799316406
52294108.4874592647 578127.9160156250
51995125.4243503064 559425.6214599609
52023654.0839608014 561479.9099121094
50669042.3358424753 398002.7232971191
50662911.0617882535 396423.0112037659
51562991.0266192257 527599.5985107422
50655359.6296453699 391447.3858070374
50645207.4912444055 383625.3665695190
50661748.5971937850 394013.5244064331
50627863.2408396602 371343.2526588440
50796489.1675486788 437705.7248535156
51198306.4450195432 494747.4619140625
50918522.7724075541 460607.1923828125
50638818.5236959904 381059.2279701233
52568770.4416831434 590862.7509765625
50625276.3011510074 370690.8897132874
51875862.3546774611 550474.4276123047
51065970.3414429873 481481.4300537109
52309060.6153344363 580060.0024414062
52580378.6473566964 592004.3110351562
52151376.8585538194 570237.6362304688
53504055.0677084103 610037.6215820312
50606272.9075157568 349167.9369173050
50617005.2104904503 363099.3418006897
50610127.7459191009 359776.3555030823
51084620.2728325278 483207.5766601562
50649940.6828880459 387232.0090026855
51253406.1496748626 500497.4235839844
51259637.2133040503 500842.5158691406
51508144.4828221574 521931.4106445312
51091268.0965113938 483454.6716308594
50623098.2555520758 365203.9051551819
52400016.3484634981 582845.4763183594
50949825.4277231395 465709.8208618164
50712401.7798478827 416393.9916229248
51064285.3978721574 481280.9216308594
50721485.6375621557 419299.4133911133
50958511.2438309714 466577.4082641602
50942105.8617667928 464842.3743286133
51027969.0516211316 477927.7639160156
51261227.0865488797 501037.9223632812
50635414.6729825437 376318.8780555725
50632153.7657223567 374013.8760108948
51285960.6384010911 503094.6052246094
51364183.8011189178 509713.4794921875
50614321.0182946771 360974.9144020081
54096421.9134489074 612722.3847656250
50812245.8747709244 440081.0059204102
50958419.7628725991 466395.9449462891
50646369.9558388740 386034.8533668518
52772203.7453242466 597827.8972167969
53242459.8732110634 605022.1308593750
50634053.5384084135 374919.8804664612
50676403.3354953453 402500.2842178345
50820876.8362549916 441429.1433715820
52779519.8390378505 598386.2744140625
51106216.1805902049 485026.2088623047
51285913.1392459348 502536.7556152344
50707957.0028032660 413757.9200363159
52753492.6619081944 597131.7785644531
51646560.4257102534 532010.2243652344
53011969.5728943646 601723.5717773438
50761590.9430548400 427444.6469726562
50665993.2918144837 397388.7643127441
50888083.6257089302 454331.6882934570
50692574.8474030048 409927.2523803711
50680639.5332096964 404745.3513412476
52813681.1580209285 600318.3608398438
52418838.3131478578 583525.0852050781
68801122.5916944146 650717.6635742188
51092981.0133071542 483799.3948974609
50896977.9907606021 455462.4353637695
50679885.1529335976 404334.1734008789
53247537.6240233928 608208.6406250000
50702846.7184162885 411948.4920349121
69197752.4784395397 652827.6293945312
50703494.9268244207 413091.8997192383
50760765.5453454256 427340.3052368164
50718542.1264001951 418893.9011230469
50652758.9233872890 388810.0344772339
50888292.1746527702 454594.8479614258
55016511.6352742240 619809.3662109375
50652395.6970270723 387701.0255432129
50863721.2752145156 450952.4144897461
50880572.6086964235 453727.4014282227
51756306.1714939848 541337.2858886719
51889880.4133962616 551535.3416748047
52258171.6171908975 573451.6052246094
51880073.9669756219 550752.4691162109
50621198.4828660265 364297.9006996155
52147801.2128793374 569482.6586914062
51933456.7695891410 556104.0579833984
52014686.2513903454 560039.5804443359
52049746.4584910572 562771.1264648438
52225407.3575146198 573026.3688964844
50649452.1858651042 387000.6064758301
52144145.2947980091 569172.9538574219
52257753.1511257589 573424.2185058594
50879661.2131686956 453246.7105102539
51336377.3331940174 507026.0872802734
51217965.7793771476 495918.4904785156
50645501.6684058532 384133.1373806000
51942919.3659077585 556718.3977050781
50710445.2329220921 414502.3284606934
51829451.6664656326 547542.4337158203
51346183.7796146572 507808.9598388672
51195391.2835219279 494495.5062255859
50941194.4662390649 464361.6834106445
51235657.5814587697 497407.7325439453
51230045.1146681756 496678.7097167969
51239851.5610888079 497461.5822753906
51316042.4582336321 505099.4322509766
50620709.9858430997 363541.0530014038
50631665.2686994299 373257.0283126831
50635197.0497811958 375221.8545989990
50851376.0329591781 449202.8533325195
51179631.9900180250 493257.8233642578
50917428.1461478770 460207.4865112305
50673744.8063812852 401678.9242553711
50966022.2608434781 467181.6951293945
50724128.5147109330 421447.7375488281
50871941.6472123489 452379.2639770508
50730948.2990654930 422550.7077026367
51349754.3107366562 508385.7749023438
51339947.8643160164 507602.9023437500
51319612.9893556312 505676.2473144531
50678531.3052073196 403030.2304344177
50686988.4590922669 407636.2653045654
50723083.8702579737 419809.5552978516
50707216.2621605843 413199.4094238281
50690656.1529546008 408289.0701293945
50716069.4737102166 417046.7964477539
51214375.9518286288 495845.4289550781
51125597.2649479434 488191.6766357422
51231215.0819016844 497308.3815917969
51169034.3772492185 492521.9423828125
50728004.7879035249 422145.1954345703
50709174.7468818054 413763.3794708252
