78459048.3001719266 69427.5959954113
78422774.6540850848 69133.9457061719
78396900.1720775217 67526.1947207712
80084417.4993170053 96440.9726265669
79934854.4796295613 94182.4083066583
82296862.1564849168 117720.8689270020
82213086.3336286694 117233.1710510254
83244521.0102233887 122102.5070800781
78431900.3855597526 69279.7753803581
78467003.3879022300 69448.0652057976
86755352.5820560604 123683.9522094727
86621738.5386650115 123660.4766845703
78371839.2289385349 67047.7827737145
84127462.0913890749 122959.7604980469
84137514.9089469612 122999.5120849609
80732007.9861769229 103747.4528385260
80108172.7201015353 97708.0212105513
80500209.8354602754 101529.3911311207
80573637.7044924498 101785.8164546071
79130191.7367311418 83599.1185198923
82775840.5098885149 120701.2305297852
78788233.8351184577 77380.1587650776
78663242.5469431579 75217.7783604078
78342831.1007437110 65791.3619660251
80316061.4615731835 99858.0360976039
85542741.1944979727 123598.4835815430
85906111.4635105878 123613.9083251953
81866043.2145124972 114677.2463684082
79129191.4559163749 83426.6159182687
80177023.7768581808 97965.5705973683
80357102.4842622131 100100.6392593384
80280236.7127174437 99751.6473872242
80143419.9526641220 97822.8350016652
80121151.1995603442 97814.1469523488
79143979.1672611982 84066.9232132435
79887887.6422183514 94137.2328835130
79185081.3663018942 84477.7207073768
79226895.2944160402 85358.9963421424
85326876.0009377599 123570.2559814453
84215611.1803306043 123210.8042602539
83504073.6694080681 122540.6948852539
82545508.1590922326 119646.8688964844
78645435.6757242829 73887.5458240649
79863318.9966143072 93880.0489862263
81874091.2835671604 114773.5902099609
80073208.5921957642 96216.0715128956
78597454.8018979430 73474.4882805496
78360236.6844756156 65961.8230588548
82548300.6722002476 119807.7547607422
79489095.6830842495 89179.6292039056
80575963.8356026113 101900.0294952393
80640634.6481890231 102829.2952880859
80685532.0815589428 103310.9523468018
80671651.5492927432 103108.7935180664
79968661.9185931385 95026.0638763309
80249695.5341230035 98937.3283564625
80399378.3210208714 100977.6577453613
79012514.6674075872 81373.6535828114
80676760.0421338975 103174.8611450195
79946273.6634545922 94794.9004752636
80811038.4559837431 104421.9124616285
79205678.7679457366 85286.0972332557
79252744.4450451732 85656.5828920503
80676604.7953591496 103161.4469604492
80610099.1077603400 102523.4623620369
78289038.1697278768 62052.5654417425
79468557.5501893163 88618.9696298738
81274504.6570673585 108980.2226950265
81418998.5261787623 110170.5576060414
80613601.8776294142 102772.0933227539
80457014.7467128485 101313.0170466481
79472349.8447760046 88642.6897836824
78993846.3547804356 81228.4380085468
78842846.2671188265 78498.6575386673
78672788.3174459934 75354.7096935306
78656835.6170949787 74925.4233165774
78499853.8102316707 71232.7911269665
80824204.3022960573 104827.1033816338
80020193.3676486015 95953.1926875710
82468868.0007568449 119025.4381103516
79054516.1462899595 82218.0920593739
79049639.3762286156 82076.7324402332
80227964.7435364723 98827.5012614308
81187477.7158131152 108094.9280278399
81209611.3645392209 108758.1316380501
79118220.5706664622 83329.5209346910
79196687.3663248420 85266.4789935251
85986030.7655079067 123617.1245727539
86454402.3699467331 123649.3596801758
78531553.6447481662 71498.7096252255
78362966.7706064731 65968.1327111535
80097756.2959769219 97177.2778117238
78931262.0613855869 80255.2405598164
78950860.0356000811 80527.8076965809
83674479.3840236515 122671.1557617188
81250867.2452376634 108979.8444601632
83045845.1502056420 121738.4969482422
84141282.7107150555 123010.7152709961
81624808.4385682642 112234.7552375793
82453835.7142656893 119013.9176025391
82368223.3141111583 118655.4971923828
78341216.2550102919 65666.4452104233
82160553.5804827958 117207.7476043701
78555940.3499159515 73391.1163192783
79526567.7358836532 89215.2043413444
79530050.1976462007 89247.8498528822
81895091.8226380944 114846.8865966797
78533142.8621214032 71579.9642889500
81946379.3246967643 115232.5958685875
82250576.3716877252 117412.1464767456
78401993.1167308837 68930.5497639030
78373408.2589914203 67195.1337482780
81975686.4799147099 115779.3080444336
87927655.1848468333 123732.2106323242
86011407.4554329067 123617.5375976562
78588799.2481849492 73463.0084831864
78514685.7502000332 71426.8906242996
78627879.1330718249 73592.4055607319
79010974.0745420903 81270.2753051817
78835648.8226057142 77876.3801896712
81340767.7919276804 109673.2524191476
79647274.4773168564 90775.8330814221
78328110.8651559800 65338.4362069815
78406866.5916057080 69034.7809650749
79479403.0223421156 88658.3121873041
79322168.0007821023 87137.0106585920
79363229.3609347343 87515.5167161127
78467947.4907364547 71187.2817780767
78497758.0120663941 71205.9743724857
78948462.6674473584 80402.4232361317
86153774.3864455968 123646.6099853516
81864909.8632639349 114397.6312294006
84835103.3769330233 123415.4578247070
84075897.6117622256 122949.3811645508
78602133.7535070479 73507.2269845419
78489241.1990555376 71203.7195222173
86500377.4403167516 123653.7408447266
85838954.9472733587 123602.5006713867
86605717.2549541593 123656.6026000977
86147442.1951041222 123633.6846313477
78575937.0652578771 73461.0675654560
84694419.5150006264 123359.5557250977
82330494.2514689863 117883.7195587158
79027717.8014315367 81692.2747453451
80205986.4841144532 98022.9370154142
80214676.6044489741 98091.2559260130
80062603.9610929191 96163.0688820481
79560634.0401120335 89940.7804255486
78540159.2853636742 73227.8977376632
82418372.6685540974 118812.8514709473
82091847.3650517166 116229.3083190918
85408583.9837383628 123583.4205322266
78869284.0522395819 79171.0818054676
84721298.7117972970 123400.5114135742
78731392.5527421236 76311.4382450581
82045333.1595542878 115940.4560546875
79177950.7727148235 84135.4464036127
83650199.4526552111 122645.4808959961
78678861.9450939745 75615.5503666401
84027192.6657621711 122922.4396362305
82500443.0972550064 119622.5610046387
83354097.6909346730 122369.5225830078
85047109.1100650877 123565.9624633789
83985450.2972751856 122907.9387207031
80944543.1131993532 105624.1126384735
82738196.2997218370 120690.4166259766
79320693.2220392823 86984.5805207391
79068779.7576415241 83148.5910159250
78503142.4318797290 71322.2992112599
78314487.8865505755 63927.4831117503
83970877.5821782500 122842.7946777344
83952948.5197338909 122836.1862182617
83747332.3692561835 122832.8979492188
78307115.7561503798 63906.7158495751
80852079.9659484029 105056.1376507282
80787888.4981171340 104296.3858807087
83727671.9731460214 122808.4498291016
84980466.1765038818 123418.6842041016
80769630.7865991443 104188.4051090338
87136322.1815248728 123715.6171875000
78423354.9661562890 69147.2189533561
86441755.0068764389 123649.3184204102
82288539.3139273673 117549.2855682373
85386355.9857152998 123572.8556518555
80992195.9682616740 106485.2134587481
78421880.1874134839 69077.1612527184
81973755.3440000415 115248.0125732422
84463643.4261262119 123343.1359863281
85030691.5946011692 123553.0736083984
79534318.6109177172 89300.2103060110
84507135.3139162511 123345.4291381836
78655550.8094587475 73896.7361389399
78644239.6380556971 73813.1165888011
86434484.2678214759 123648.1768188477
79192875.3046741486 85092.4406281610
83263099.0842716247 122186.4900512695
85909287.0274504870 123615.9177856445
80743703.6599306017 103914.8791965246
81804719.4491792768 113803.6889319420
81743510.1007469594 113228.9358191490
83086798.5477865934 122046.9453735352
81626562.1371997595 112531.6882934570
81819049.1814809740 113938.9295935631
83069878.0207150728 121920.9671020508
78748256.0403977334 76617.4973785877
87865296.5084720105 123716.7257080078
84456120.2201589644 123326.8516845703
79792716.4153055847 92918.7460072041
83516991.0563277304 122543.5820922852
83555249.3059592098 122545.1528320312
83448770.8636669219 122444.3715209961
83286453.3749685585 122359.7523803711
83195488.7087237090 122101.2196044922
81362195.5046110749 109832.9394086693
79015440.0382373631 81573.8711456358
82132029.7781738192 116763.7070922852
85403996.3039928228 123581.1816406250
85542723.2750937194 123596.6430053711
82277796.4658019543 117548.2619476318
87371144.4646561295 123716.5065307617
82710481.5638168901 120565.7975463867
80910948.0788359642 105483.5269117355
78990825.8516170382 81203.1436632574
80949485.4267400652 105697.8842144012
82123142.5359291583 116639.2010803223
82983905.2688498497 121676.6467285156
79815277.8457419127 93047.6522052288
79780253.7928782701 92564.9197108746
79945849.1287991256 94575.7028033733
79772664.6924191713 92483.2078692913
79769076.1545199901 92261.3238208294
79444623.1285513043 88129.3586374422
79733161.0290573686 92118.8931645919
79758257.9684325457 92130.4258168340
79978139.9286010712 95115.3682488203
79596931.8243632615 90213.9333155006
79850820.8119018674 93879.5246942341
86848607.3353840709 123696.7244873047
78906292.8843921721 79620.2590668201
79688657.6625496894 91844.8504149020
82119359.1228961200 116446.5866699219
79577616.8370028585 90184.3292607833
79246700.6263969392 85461.2324753900
82488277.8220580667 119267.2149505615
86356656.9887775481 123647.8272705078
78922174.6097753793 79773.3664201498
81586691.8677835315 111737.9327430725
86733078.4527960718 123668.7268676758
85760432.7257451713 123600.9508666992
82347253.6667865962 117990.6155548096
78607443.5066522509 73589.7276861668
81436787.9167337120 110525.3640785217
81326229.7368042469 109600.2050558663
83059095.4151450992 121814.2642822266
82882466.3103690743 121669.2941284180
83030691.9087398648 121698.2424926758
81835424.9131714404 114027.1444244385
83250765.4245213717 122109.2427978516
81558847.9030579031 111394.8069458008
78806338.4423745573 77650.1847283840
85709471.7661372125 123600.8808593750
86034856.9463181645 123626.8065185547
83568527.0493285954 122556.0119018555
79413645.9606331587 87899.1547664702
79106444.4240309745 83282.5522614618
81024210.9021475464 106666.4357862473
80693960.2124038935 103395.7661619186
79285738.3519498557 85700.3624996245
79283910.1171258092 85700.3430904448
78815139.6897691339 77827.7619035384
78711740.6792340279 75651.7400662899
81027499.5436402559 106682.0987415314
81205440.3460951895 108169.0315756798
81078151.7046308666 107250.9804464913
81175376.0279871970 108033.1549460030
81300167.7580975741 109304.2798849679
78799256.7970388681 77629.9740350246
78879273.7305992097 79383.3526794910
78723484.8665309399 75728.9610226154
85526071.6572338492 123588.2622070312
81398534.1136869788 109990.1648311615
81468250.4430034161 111076.0932655334
80591992.8277367800 102070.5047239242
82596701.5569039881 119948.3218994141
81097755.9740886241 107363.3984966278
82797204.3925007433 121221.8180541992
82831531.2590377331 121256.8108520508
81038231.0615568757 106905.5551099777
81622718.1109104455 112188.6145439148
82839827.1606423557 121258.2739868164
81684818.2907113731 112757.3463172913
81599249.7540012002 111918.7858314514
81573501.7613248527 111482.2041053772
80896889.4060780108 105477.0352125168
82785753.3446792066 120778.8602905273
81320696.8949527144 109337.1500740051
81527074.0721244812 111305.6765174866
82314262.9561399370 117745.0551757812
82786270.5012269765 121056.9155273438
80819028.1616942286 104735.7759351730
