83158848.0462842733 0.5927265242
84383127.8731342405 0.7786760656
85508203.4909459203 0.8889545588
85599455.2060652822 0.8961729359
85780889.5962921679 0.9117108339
82427732.5154926479 0.4017375686
85708972.6842864901 0.9072715302
85121236.2609270066 0.8528215479
85398980.7692431360 0.8806788040
85461139.3787587881 0.8839124734
84701910.8994029313 0.8128254063
86867240.3812454045 0.9932705914
85009205.5964545906 0.8451982350
85003003.2427508086 0.8441972145
85512405.4101019353 0.8891398087
85583489.9176204652 0.8944267519
85830270.0614377707 0.9172184020
84498869.7772341222 0.7875829989
84154365.2337250262 0.7418516371
85149210.2479875088 0.8573946410
84519549.6529447734 0.7978851718
85271856.4106583893 0.8683287173
85323501.0163515210 0.8739656015
86055071.6490436494 0.9348116562
85519126.8265205622 0.8916128803
84806173.3548778147 0.8281987862
85820905.3672410399 0.9156168500
85633702.7872532308 0.9006278927
85317110.6171332896 0.8721280638
84365513.8824975938 0.7782716610
86989886.5439163148 1.0042046676
84264002.1111127436 0.7628982810
84329622.6192652881 0.7677420978
86814823.0300284326 0.9874892483
82700675.1393487304 0.4860387547
83888673.8481917083 0.7065518269
87084221.4883636236 1.0052966825
85879518.1629880369 0.9192508440
86496663.0015040487 0.9623352969
85609275.8959497064 0.8962492401
86164113.1669352204 0.9405687186
85513677.8913178593 0.8902597853
85132986.2642467022 0.8560675617
82431006.9746148288 0.4027432521
82624063.4205796570 0.4647735434
87579673.8527747989 1.0316165881
84064355.3922947794 0.7263900434
84998531.0603727102 0.8410488779
85949498.8733820915 0.9219857678
85056722.5347808748 0.8487224558
85214970.0381758213 0.8618444932
87260990.1475375742 1.0193698360
88954946.3361529708 1.0816708878
86944850.0620609522 0.9977878004
83734607.7786253542 0.6844924517
84173992.2696824968 0.7474366873
86066936.4486338049 0.9358013529
83405999.1814958751 0.6338811572
86094151.3082900494 0.9394268093
85929679.8915386945 0.9214719683
84443138.4100515246 0.7842611158
84208897.1834982336 0.7568206124
86716016.5662916005 0.9828070229
84733680.3876650929 0.8167221583
86727169.3033403009 0.9844238847
86779091.1826536953 0.9873899978
82711685.9959346950 0.4864247980
84533148.2514817566 0.7997227095
84216994.5592079610 0.7572250171
85280317.0726388246 0.8687978799
86679186.6659927219 0.9826226321
84980565.3764173537 0.8387990246
83303279.6870040596 0.6182713526
88743722.8024345338 1.0785478037
83531561.1838869601 0.6534946681
84784939.5662482828 0.8206355105
82397251.8594903499 0.3831509519
84016373.4218536615 0.7213168802
88389021.8706693649 1.0680263480
84831184.8690166473 0.8288907252
83740151.3886533380 0.6845191287
87524868.8158880770 1.0296703521
83265389.5835495740 0.6140616374
85214592.1762688905 0.8605068654
85200312.7198511958 0.8595252414
82618104.6966187358 0.4529121370
83954207.2905556709 0.7143229200
84552011.2820202112 0.8004146485
82384840.8160933703 0.3775007704
83250562.3542705327 0.6115853573
88243127.6082675457 1.0632234504
83302588.4589700848 0.6177185107
84139386.2704704404 0.7406177853
84077236.5123779476 0.7353695639
84363185.2105217129 0.7711127900
82425174.4653850198 0.3964892023
88664290.2489721477 1.0747388490
83285774.5944583267 0.6176769644
84292176.0435237288 0.7631611540
83185116.1893534809 0.5962119774
82282415.7637737989 0.3154740310
82499030.1794007272 0.4241943007
82272565.1211913973 0.3114288203
82937635.8515667021 0.5364914802
88138122.8120929897 1.0569302291
83027751.5136150420 0.5688887986
83134167.9417886436 0.5891163173
84997343.8011167198 0.8404319592
84261825.9740634114 0.7606934000
82669717.5449208617 0.4697375089
86641168.1488669366 0.9794498302
83063317.0256485194 0.5749664672
84083817.5637057424 0.7360148588
82951359.3230664283 0.5551474181
82495842.7638518810 0.4226930701
83819929.3985634744 0.6924208228
82881463.5951605588 0.5339630146
87918797.4896606207 1.0481729894
82928896.6987147331 0.5360925047
88250499.4211852849 1.0634780480
82686007.1200124174 0.4720501828
82838968.8108055741 0.5320643701
87411174.5968193859 1.0220286292
88684917.8601923734 1.0750686899
82474659.3078235686 0.4076985107
82554905.2949241698 0.4309870970
83046174.9654050320 0.5747609289
82556227.2949802130 0.4459492705
84231487.8001324981 0.7579169560
83072281.4673999846 0.5765945259
88164298.0253338665 1.0602188497
82376642.1840970218 0.3563495575
82311932.5909889787 0.3550960611
82790065.4167460799 0.5111782228
83334019.3272838891 0.6214538009
82279720.3940285593 0.3123245786
88201331.5825910121 1.0607793434
82756569.9999735802 0.4910103293
82296455.9045269787 0.3334532275
82533205.6364741623 0.4293461123
82860310.3466905504 0.5331264418
88365370.5379095674 1.0646581533
88699618.0564845204 1.0772315841
82564564.1929448694 0.4482879339
88517251.1507037133 1.0740765464
82770090.2860738933 0.4911900310
82641400.2944833934 0.4671578278
82781703.4872187823 0.5104077832
84571256.2364148796 0.8012606273
83439597.2585045099 0.6409516123
83414385.3565798998 0.6391140745
88235857.8565977961 1.0608112970
83185579.4606869817 0.5968203041
82690879.8686808348 0.4743690221
82593280.0457890928 0.4494732915
84436199.2125223130 0.7825001461
84471727.0815710425 0.7842734805
88465627.0212544203 1.0707172081
83186961.0406677425 0.5972697187
83009689.2892744094 0.5675824634
82771323.9531752616 0.5087230837
83558619.2148737758 0.6550957811
82974565.5372381955 0.5551897270
83325125.9336949438 0.6203520584
85466887.1537377536 0.8843354402
82940784.9924180657 0.5533098803
82815538.2029831558 0.5301741322
82522767.1335241497 0.4291495593
82908383.0117071867 0.5356859978
84628392.5317189693 0.8046842203
84631154.5674826950 0.8055411804
82666219.1977543533 0.4690891326
84428411.3669145703 0.7816386939
85313291.4339314848 0.8695061523
88115417.7311036587 1.0569002647
83198659.8655611277 0.5973034925
83131525.4901592582 0.5774499613
83210033.7535870820 0.5989010098
83772510.4657363147 0.6890551382
87846063.6522243917 1.0439722897
85083904.4826254994 0.8512519325
85696547.8161274046 0.9006464718
84641604.2586641759 0.8083011289
87224278.6350641847 1.0134337414
84935981.5576145798 0.8357700543
84700393.2439670563 0.8105242511
84888748.0520200878 0.8335774070
84668220.2896511555 0.8091580935
87614822.9220463634 1.0343261729
88193632.6355531663 1.0602508034
82507691.4358100593 0.4275134155
87673769.3521140814 1.0358004426
82740530.8215557188 0.4904209729
82450120.1220701933 0.4060626708
84026067.5758944154 0.7249768547
82587063.8696172833 0.4493954395
82596545.8926153034 0.4510714780
82550018.1816627085 0.4296204295
85996338.8525939584 0.9234699572
82379161.1947774440 0.3580452601
87644633.8366973698 1.0350698186
83698806.0620903671 0.6804386821
83118737.4526663721 0.5772511474
83993417.5386111289 0.7188545385
83882578.1470388770 0.7035271802
83705790.7111105919 0.6820301101
83821135.2647869438 0.6974034900
83862007.1281472594 0.7034811586
87980472.3380838335 1.0525395791
82514813.6176411211 0.4283805012
88100569.1271807700 1.0567309870
82352425.9574030638 0.3552843916
86336444.3559087217 0.9560752359
86504923.8614947647 0.9662766262
86242210.1811195016 0.9458025889
86323384.0940272361 0.9529449022
86420682.1427104771 0.9618289276
87217938.1190340370 1.0131774512
83591285.6603966504 0.6676040896
82363524.1501375735 0.3553671970
86195576.3895236105 0.9407633284
86633135.8138928115 0.9769872621
83894855.2068716139 0.7121205917
86218275.4276119322 0.9421558636
83993024.3780350685 0.7169972405
87968500.6304341406 1.0503558670
87900575.6149693727 1.0455531930
83781824.8303902894 0.6919867140
86396763.8355971575 0.9611579004
87512609.7759951800 1.0290901079
86009907.1389241666 0.9308286641
83759596.5228972882 0.6881619455
83343901.5298216194 0.6247019925
86117443.3244599104 0.9398519073
85766536.3474710137 0.9080780329
87743150.7710258067 1.0403596335
87567691.0570229441 1.0298247854
86604722.5984223485 0.9740009651
88527003.5847604275 1.0741085000
86391077.6896263361 0.9599391540
86221700.3217092454 0.9442912110
88037914.2750626057 1.0557330134
86306106.1819778085 0.9528139152
86919537.6376426518 0.9965622202
86519751.0907738209 0.9668757264
87419800.1425489038 1.0244469768
86544954.6243244261 0.9686337628
86844145.8900297433 0.9904114204
83934008.3714832515 0.7122139022
83636009.2021932453 0.6687699969
86287983.1565523148 0.9503857698
84923798.0970128924 0.8347154380
87889250.8908246905 1.0455401302
85239191.1871016920 0.8622437140
85502475.3592882156 0.8866548808
88458157.9565169960 1.0695907101
87376865.5294380188 1.0210450795
87082127.3502914608 1.0049109661
86888886.0724072456 0.9936414405
86218902.2929502130 0.9428726076
87722618.3570251316 1.0387747507
85209025.1991111040 0.8602410802
88263832.8069861829 1.0639019730
87704208.7334083319 1.0379140638
87967435.3095731437 1.0495554977
87710503.1754618138 1.0385248470
87626782.2768433541 1.0346708964
87180708.1320709735 1.0105892802
83619387.6443445832 0.6676501112
86841153.6673780382 0.9894369814
87592826.6502920240 1.0326159364
87809332.6251751184 1.0434948523
87942607.0923092365 1.0485285930
87241128.5536557287 1.0139123951
83966670.3333515674 0.7166453601
87253352.6618844122 1.0144432308
83511772.4171181917 0.6486627404
87478601.0968826413 1.0272436561
83649689.9789062887 0.6695286547
86910129.9638808668 0.9951927955
86596154.0078534782 0.9729170889
87168776.7976882756 1.0096886060
86931811.3209973723 0.9977809666
83355213.3227113336 0.6249671250
83363290.6701172292 0.6265395303
83509921.3123717010 0.6463503793
86889577.8838675022 0.9942921214
83226576.0116826445 0.6032509440
86818128.9567916244 0.9890424218
87125052.5988815874 1.0090504922
83486995.0566767901 0.6461953501
83816445.9133433104 0.6923346154
83676326.5046160221 0.6744586892
84127559.1756042242 0.7388985666
83661970.3736485541 0.6708412579
83665293.7979428768 0.6716982118
86257929.9998002946 0.9458564747
85995614.7292221338 0.9230729938
85381805.7976795733 0.8753649563
84109733.2992688715 0.7386704444
