110563024.9893430918 90925.9895193279
109029745.8006326258 66885.0872930586
110510485.3424370289 90288.2750799358
111194821.5770958364 97311.3392593563
109238213.3827895671 70573.9943194091
110342821.5024207085 87080.1651923358
114794653.1603824198 113350.9489746094
112401415.7480195463 105853.4684448242
110297069.1099540591 86686.0084540546
109322830.0195804387 71773.4893145263
112886589.7618998140 108856.2341918945
111731105.0272127688 101089.7701263428
110620740.3251052648 91396.3534109294
110723395.8227426410 92750.4650137126
110677643.4302759916 92356.3082754314
113037101.5059555322 109763.0482788086
109289160.6166171134 71258.1805987060
110536076.9884099811 90379.3539945781
108777577.8973719776 60010.1318462491
112227911.2508631796 105177.2814025879
109059997.9131474942 68816.8309321105
111238240.4222408384 97442.0154781342
116247861.4838598818 115070.9179687500
115947871.2153074145 114632.6658935547
111067244.7529148161 95739.9952383041
115178438.5763079971 114020.4172363281
111522796.1705881655 100041.3257007599
109754449.5641214401 77537.8337084949
111190035.5905270278 97032.9185745418
111519100.3676230460 99566.3246021271
112290116.6651332080 105479.2077026367
110919897.4857524186 94716.1055004299
112155153.2885526419 104491.7724914551
110067672.8941292465 82964.6590487659
111611163.0840199590 100952.1619720459
114293428.2007862329 112755.8282470703
111559149.1659115404 100680.1050720215
114880477.2911005914 113405.5174560547
110478944.1443230361 89121.8036710918
112725537.9956724346 108059.6342773438
108738211.7146669775 59733.9331073761
111267633.1770406365 97988.8610696793
111154212.4307974726 96527.0100052059
110075909.5825586021 83097.8404147327
112914234.5451611429 109282.3268432617
111345035.7312605232 98780.5357837677
111877007.7079642713 102457.0247116089
110752439.5126669109 93180.5864736736
113484275.7944884002 111340.1239013672
112421445.9011448175 106371.1210327148
109420996.7618763000 72146.8323320150
110297298.8488703072 86983.6039130390
111067791.8233214766 96114.9141037166
111003416.9682992399 95655.6438591182
109215998.6174187511 69616.1383544207
109429565.0275911689 72220.6311601400
108824669.0497425348 61321.8615429401
109403094.3934206665 71792.9303544760
108908613.6501221359 63426.5772856474
110013623.7376128584 81478.9339749515
109635985.8502521217 76128.9273683727
109219935.8753085881 69641.6102288961
109582675.2846632302 75293.2048411667
111732785.5102168918 101281.3401107788
108819706.2679786086 60124.7752642632
113866179.7352471352 112025.6071777344
112028637.2780101895 104078.9310836792
111883084.7872551680 103248.2965621948
110483499.6312570125 89570.3804723918
110677873.1691922396 92653.9037344158
110267561.6667656451 86084.9771494567
111510676.5176761299 99544.4835071564
111577191.3650223613 100725.0088672638
110155502.6680880487 84709.0541732013
110354431.6929572821 88241.1542365253
110668753.0420408994 91949.0426962078
112726054.6532247812 108074.5350341797
110428998.0364319533 88767.8369757831
109184510.5828707367 69135.3758405447
108625687.7034629732 51749.8829200864
113216772.9924698174 110433.3098144531
110264333.3657140583 85983.9386756122
109854139.7412254065 78985.9748713672
114734129.2778183818 113225.3791503906
109784591.7766701430 78508.0638920963
112843050.1981215179 108554.3078918457
109134620.3529186845 68903.4352887869
112190962.4588979930 104538.3529052734
111976492.6561741829 103536.2289352417
109573041.7573963702 74243.7312624156
109718404.7879219949 77153.1407658756
110053026.7162185162 82300.1364352405
110141086.2290935516 84348.0363509357
111297889.0006453693 98006.3445541561
109514551.7842305452 73890.9850554466
113036584.8484031707 109748.1475219727
109470186.7441271394 73229.6746205389
110061877.0041314512 82669.6759917438
109235063.3501225710 69728.3681634665
110282652.6709595621 86324.9906317890
109403297.9620843679 71860.3888372183
110200158.6105726361 84951.1016631424
109008741.4332346618 66769.5565108061
108961500.0900859386 63764.1538137496
108708954.8231085092 58077.6544208527
109891239.8240000457 80312.6850770488
111875358.9580430835 102150.5607833862
111970620.7375176549 103315.6868209839
113272841.8353015482 110771.7945556641
111975123.4742633104 103399.3240051270
111553601.5064843148 100195.5284595490
115071406.1395607293 113595.1752929688
111245875.0825369507 97652.5479232967
115509128.5505289435 114381.2539062500
111788650.7943083495 102091.8508834839
114574721.6582300514 113136.5618896484
111150808.6762354076 96411.0616934299
113798988.0028729141 111756.9836425781
112084706.1208419204 104409.5613327026
112804679.6987449974 108298.0791625977
108706462.3717078567 56693.1416729093
110345311.5658059269 87536.2931983173
109207089.1397083402 69281.0727399588
110985675.2984927148 95130.8642229736
109551247.8730542809 73935.8888341188
110873564.7682963312 93986.9283556640
110889087.5765125751 94011.2444622219
113473864.0496958494 111276.7060546875
108658735.1584253460 56045.1521709561
108676637.5268810093 56399.0541484952
111736636.8761998862 101830.3920211792
110049038.5495025516 81876.5316199064
112650277.6024924964 107506.2056884766
110890277.0819934011 94486.6321673095
112346185.5079648942 105817.6924438477
110666395.0234058946 91456.8530335128
109863578.7087651938 79260.0544383228
110261641.1582925022 85310.3029105365
111427854.9852650762 99206.7954425812
108946490.8726390898 63708.6376947463
111875971.2501306534 102225.8283004761
114146526.0091365874 112393.9580078125
108983511.4519910067 65237.0899786055
111086236.2223037928 96168.3812400997
110835881.8875591606 93886.2868761718
109503925.5750177652 73520.1651396751
112780050.4448896050 108146.7289428711
112386237.9337537736 105846.3037719727
112532515.5339942276 106620.7659301758
110110541.4751867354 83289.9985263050
109680515.8966487795 76780.8195887804
109625251.9708845913 75505.3314585984
111788134.1367559582 102076.9501266479
108856780.4534216672 61994.0046405792
113804789.2206096351 111774.1914062500
108633142.8964805752 54004.7190349698
110957166.1160487682 94720.7122061253
111181067.8135135919 96555.3011322021
108708322.8316252083 56914.7710590363
109852877.0350606143 78923.4821536243
112496812.7775233090 106539.5513839722
109581605.0822993219 74256.1183604300
112560427.4049611092 106778.1867370605
114207786.1207363904 112564.0965576172
109440038.6404333115 72279.1640795767
112723718.2811654508 107864.8130798340
110189362.9797980487 84768.2677104175
109928793.8367124647 80828.4048220813
108900936.9123426974 62274.0350456238
110889780.6517871916 94020.6045031250
110113401.5573562980 83309.1204745471
109970751.6715893447 81094.7189242542
109827260.5409460515 78891.0732714832
113034765.1338962018 109553.3263244629
113152846.0213482082 109809.4177856445
112052593.6890776753 104306.3226852417
112419626.1866378486 106176.2998352051
109929284.2290214747 81049.6024729908
110099307.7422041744 83254.3751437366
115965739.2536479235 114671.3540039062
109448260.8998515904 72334.6959399283
109994101.4058215767 81237.0087191761
110094200.4051197171 83168.8465487659
109909563.7257726341 80614.9775645435
110070850.6708874851 83026.5567538440
112583205.7657508105 107321.8480224609
113749312.9974604547 111599.6427001953
115029277.7859336883 113456.6037597656
108989065.9854348153 65441.8322881758
112192720.6829957068 104851.0381393433
113869773.0299582779 112149.7316894531
110252235.3129473925 85241.1543199718
115205733.9438013732 114060.1270751953
108721708.8757541329 58386.9620418102
115162451.2540229708 113778.4488525391
108821807.8750522584 60318.7998714000
109837921.7977911681 78910.9581248462
114251180.5405108333 112684.8275146484
110057774.3680056036 82543.0066687763
110134969.9741383195 83543.7406437099
109980861.2956541330 81122.1151988208
114321852.2603565753 112795.5380859375
109924126.5685048997 80623.4924103916
115709246.8093758821 114530.5584716797
115104370.6773965806 113694.2844238281
109702776.8383430690 76949.4261283576
113757325.0401067287 111599.9439697266
109819818.0028925985 78762.5458361804
109822190.6431643069 78861.0799023807
113373773.3056741506 110890.4610595703
110232773.6034927368 85164.2763957679
109876413.4876425117 79756.8286864460
114442871.6360288113 112924.8994140625
109843599.9727525711 78915.5439567268
110019716.8501371890 81675.3931586444
110026432.0378192961 81765.2042979896
115990540.2668197006 114834.1840820312
109995807.1201665998 81457.8054942787
110261462.2733242661 85255.5454523265
110122657.4764363915 83396.6649386585
109981373.0190119147 81201.5629520118
109755888.3497380465 77757.0876662433
109749425.5505954623 77305.5416457355
110247278.0444529355 85192.7966842353
113134703.8105125725 109808.8655090332
115071703.5368901193 113635.9373779297
110232813.8195543736 85178.6523272693
115166991.7322884798 113837.8481445312
113338183.5313696414 110882.8734130859
113995871.3745010495 112214.3961181641
113166793.1452094316 109951.8372192383
109875600.1304854900 79480.3465251625
113450859.7455634326 110978.8238525391
114823077.2199527472 113390.6588134766
114155564.7485662848 112515.3934326172
113571319.7780612558 111528.9128417969
113166276.4876570851 109936.9364624023
113566503.2532394081 111385.3491210938
111843309.3916330636 102117.8708724976
114198239.2653339654 112531.9591064453
114082564.2888453007 112240.2895507812
114123179.1679268479 112243.3522949219
114410891.8524703234 112822.7145996094
114488800.5105402470 113076.0146484375
114220070.0656030029 112577.4360351562
114208334.1263159662 112569.0791015625
114129722.3337255418 112308.8652343750
114129205.6761731952 112293.9644775391
