62854529.3213108853 583737.9973335266
62547124.8127949685 511615.6276950836
64746832.1410174891 736233.6218261719
63551635.9694680572 662846.9534912109
63121722.7695032060 618389.1821174622
63462677.3689877987 654867.2554626465
65104363.4296625853 754991.8002929688
64651287.0608458072 731281.2543334961
63790726.2778897583 677602.6491546631
64651287.0608458072 731112.2201538086
63592617.8839020506 664435.9056091309
64989607.1439447254 750366.2822265625
65562212.4641678557 771331.8940429688
63646351.3183036745 670476.9965209961
65562212.4641678557 771468.1342773438
65610026.5393156782 771913.3393554688
62623506.6493989378 537311.8192768097
63040632.8276646137 608895.2304458618
62921069.5913546607 595171.7492713928
63169437.3048574105 626353.4532852173
63275808.6364241540 636530.5241622925
63738240.2926284373 675100.0136108398
63222259.6332786083 631778.6982803345
63169437.3048574254 626354.4534378052
64651287.0608457997 731109.3053588867
63040632.8276646286 609024.1334915161
64096103.8463722095 701925.2551879883
62612946.6485161185 527021.6052913666
64325954.5320988148 715960.4750366211
63040632.8276646212 608895.4859085083
64046514.1442652345 697775.4813537598
62921069.5913546607 595171.6189460754
64096103.8463722169 701925.7682495117
63411684.0968286246 648573.4156112671
63388900.1922518760 648263.2493515015
65741544.9117118418 776150.6069335938
63715456.3880517110 674790.0355224609
64325954.5320987999 715959.3674316406
63437072.7819879428 651272.8871154785
63413836.1626803577 649148.1712951660
63379842.0193253234 644766.6392135620
65333893.3612828031 763647.9960937500
62569193.6626645848 525239.6598682404
62623506.6493989378 537312.3497142792
62579633.5489579737 526710.3099498749
62637121.3498338610 548190.0209541321
65721280.0497168899 775661.1762695312
64956630.1980323941 747091.9997558594
63569833.9793253094 663996.8411560059
62721505.7509358972 564731.0879230499
65172543.4801325276 756092.4213867188
65875808.1832520589 777144.9887695312
63646351.3183036596 670306.8754272461
62627061.4496107697 537993.4655342102
64933846.2934556454 746510.5544433594
65358923.5318538919 763879.4238281250
63158272.5920301080 626234.2546310425
63411684.0968286172 648403.9939193726
64933846.2934556454 746509.6323242188
62633566.5496220291 543800.4153461456
64623173.7386408225 730312.2752685547
63388900.1922518611 648093.1282577515
62633566.5496220291 543800.4821605682
65536894.6987265572 771283.5356445312
63646351.3183036745 670476.7409057617
63888616.7147976160 687913.5100097656
63388900.1922518611 647964.4856796265
63388900.1922518760 648093.5720443726
65937597.7779008001 777355.3403320312
65937597.7779008001 777659.1596679688
63411684.0968286172 648403.8200607300
64645957.6432175711 731062.0689697266
62579633.5489579663 526709.7798786163
63511143.3375281096 658598.0381774902
64294549.7090458423 713004.0722656250
63888616.7147976160 687784.8674316406
65452388.2518955469 769649.1088867188
66410113.4610769525 782331.2387695312
64796879.9181833193 739223.3554687500
65774799.2498176396 776376.1762695312
63194270.6115054190 628195.2496261597
65774799.2498176396 776504.8188476562
62553251.4917499870 516461.1787128448
62612946.6485161036 527021.1444759369
65165614.6243073344 755881.4399414062
63175305.9823727012 626481.8259353638
65223706.5830472484 759824.8574218750
63799658.1143173724 682341.1061096191
64423142.2412774935 719504.9223022461
65475172.1564722955 770407.1860351562
62537064.9125718698 505127.4375019073
62579633.5489579812 526710.5734882355
64272845.3926209435 710366.9434814453
65265713.3108128533 761965.2109375000
65468714.6482565999 769770.8715820312
63888616.7147976235 687913.9537963867
62553251.4917499721 516460.3879108429
64320241.4587755576 713491.8507690430
62553251.4917499870 516460.4204406738
64275476.6731882021 711667.2131347656
64796879.9181833267 739348.3037109375
64441054.2723282650 719553.7896118164
65242929.4062361047 761615.1933593750
64169043.5852458552 707095.2688598633
64275476.6731882095 711796.6870117188
65744063.9542936385 776242.6215820312
65675883.9038236886 774736.4682617188
64799778.1257132292 739883.1381835938
64272845.3926209435 710365.9433288574
63276816.9016239643 638227.5595932007
62537064.9125718772 505127.4952487946
63175305.9823727161 626482.2697219849
63121722.7695032060 618517.8246955872
64893323.1924695745 745277.5295410156
64552931.4774982631 727200.8065185547
65127147.3342393190 755444.6030273438
64497170.6270091832 723517.0277099609
63369046.6615196541 644637.8227767944
63701298.8557158187 671816.1463012695
64530147.5729215220 726763.6324462891
64474386.7224324346 723077.9632568359
63761260.9455431551 677550.8925170898
63738477.0409664288 677240.9144287109
62537064.9125718549 505126.5766696930
62979760.5972911343 600596.9942665100
65468714.6482565999 769729.3930664062
64474386.7224324346 723206.9537353516
63175305.9823727161 626651.6914138794
65721280.0497168899 775388.2700195312
63534163.9904428273 661347.4108276367
64700471.7112492695 734268.2157592773
64651566.9849083126 731307.0513916016
65039654.9211105555 753479.1362304688
63491329.9510798305 655306.3199157715
66058955.0087202787 778305.2592773438
65744063.9542936385 776250.2192382812
63491329.9510798305 655307.3200683594
63363093.8684900552 644006.0748596191
63045760.0546305776 611395.6959991455
63822442.0188941136 682780.1705627441
65104363.4296625704 754866.8520507812
65265713.3108128533 762196.6386718750
63822442.0188941061 682779.9006347656
62735500.4374411032 567314.4286193848
65675883.9038236886 774567.4340820312
65401996.9917851463 765944.4755859375
64983030.9438591003 749496.5937500000
65675883.9038236812 774559.8364257812
64983030.9438591078 749669.4648437500
65653099.9992469400 773978.3911132812
65209952.4603237733 758115.1479492188
63833237.3766998053 682780.3444213867
64983030.9438591078 749500.2880859375
65265713.3108128533 761967.9609375000
64875424.6732491478 743985.4055175781
65424780.8963618949 766297.2431640625
65038791.7943481803 753180.3725585938
63701298.8557158336 671943.9625854492
65127147.3342393190 755614.7241210938
63276816.9016239494 638227.1158065796
64844019.8501961678 741026.4160156250
63299600.8062007129 638707.4031600952
65721280.0497169048 775797.4165039062
63339969.1783424094 642890.9987182617
65209952.4603237659 758111.3110351562
65956274.6385147572 778162.9721679688
64875424.6732491404 743981.7111816406
65424780.8963619024 766525.9208984375
64852640.7686723992 743403.9602050781
65038791.7943481877 753184.0668945312
64530147.5729215145 726761.7420654297
64645957.6432175636 730891.9478759766
65209952.4603237808 758284.1821289062
64350310.5595349148 717184.6770019531
64645957.6432175785 731062.5466308594
64338130.7279065624 715996.4816894531
64785831.8636428714 738867.0723876953
63508716.2772164568 656379.0318908691
64552931.4774982631 727370.9045410156
64898917.5739228800 745377.1418457031
65839251.5485901982 777002.1499023438
64876133.6693461314 744758.0549316406
64844019.8501961753 741199.2871093750
62780999.4879482388 569518.4691200256
63934525.3095220327 690844.6762695312
64899780.7006852552 745379.8918457031
63810453.4721230641 682639.3442382812
64474386.7224324346 723079.8536376953
65187168.5557470247 757931.4145507812
64457207.8340478837 722056.8029174805
64677687.8066725135 733513.8993530273
64350310.5595349148 717313.6008911133
65653099.9992469400 773705.4848632812
63934525.3095220327 690676.0808715820
65309537.3338466957 762422.6865234375
64512968.6845369637 725739.4741210938
64373094.4641116560 717623.7414550781
64457207.8340478837 722184.6192016602
64700471.7112492621 734265.4657592773
62622732.9665613472 536594.4022235870
62780999.4879482388 569519.2482948303
64677687.8066725135 733517.5936889648
63934525.3095220178 690674.8107910156
63468546.0465030819 655165.7492065430
64217915.5422558486 708796.7907714844
64240699.4468325898 709235.3421630859
63211094.9204512835 631303.4815292358
64457207.8340478763 722055.1822509766
64240699.4468325973 709236.9628295898
63352145.3741501644 643078.7436523438
63276816.9016239494 638098.4732284546
64778159.1183547452 738344.0115966797
64512968.6845369637 725868.3980102539
63614168.4552294761 667324.9244995117
63614168.4552294835 667325.1944274902
63364325.2057785168 644007.0750122070
64755375.2137779966 737763.4884033203
64141592.0906718746 704269.6154479980
64151864.6968612969 706073.0009155273
66254807.8951493502 780973.6723632812
64615500.9933526888 729789.2144775391
62824872.5883891955 580229.5078163147
63339969.1783423871 642761.9123535156
63614168.4552294835 667454.0108642578
63028449.1881211996 606916.9088172913
64457207.8340478837 722055.6953125000
64033553.1008289158 697106.7688598633
64151864.6968612894 706072.4878540039
63990286.1600110978 694822.0434570312
63990286.1600111127 694991.9089355469
63250912.2153706476 632387.6138992310
64141592.0906718746 704270.6156005859
65653099.9992469400 773576.8422851562
62824872.5883891955 580229.6380882263
63990286.1600111052 694822.3133850098
62735500.4374411255 567315.2084045410
63967502.2554343641 694512.0653686523
62735500.4374411255 567315.3386764526
62781861.0388477147 577159.3372154236
62622732.9665613472 536594.1386852264
66244833.0547007546 780484.3598632812
62988286.3974414468 601068.6803779602
63028449.1881211847 606916.1284217834
65584996.3687445968 771511.7905273438
62813659.8992343098 578629.4933166504
62884567.7451553270 588807.4941596985
62903032.0501823798 591543.7927284241
62903032.0501824021 591544.7027854919
63028449.1881211996 606917.0391426086
66495379.6268227771 783487.1547851562
62979760.5972911194 600596.0835456848
62676147.5641771108 549684.9996452332
63040186.5252928436 608133.7132797241
63040186.5252928361 608132.7825698853
62691627.3370001689 556604.5681686401
62992536.2066348344 605855.1448287964
62691627.3370001689 556604.1697082520
62626287.7667731792 537587.9811897278
66079945.1736220792 778516.1625976562
62691627.3370001689 556604.9488830566
63068147.8845935389 613406.1022109985
63068370.8710225672 615301.4655990601
63068370.8710225523 615300.9764022827
63421583.5188072994 649865.6395874023
63142028.4674918875 621208.3081054688
63142028.4674919024 621208.7973022461
62931627.4134899452 595481.2604255676
63124995.0771492869 620287.1137390137
63124995.0771492943 620287.3836669922
66284234.9098265320 782261.5854492188
62877501.0018529519 587993.6311836243
62676147.5641771331 549685.7932548523
62676147.5641771331 549685.5297164917
63089206.1390707269 615783.5523071289
63124995.0771493018 620287.6029357910
66199103.2558236048 780263.1665039062
62720020.6646180898 560287.5026664734
63089206.1390706971 615783.3330383301
63268336.2156732753 632815.7039184570
63268336.2156732753 632815.9738464355
62877501.0018529519 587993.1003036499
63035622.9262012318 607689.7230148315
62817805.8450868204 579369.4887886047
62817805.8450868353 579680.3108520508
62877501.0018529594 588304.0530586243
62817805.8450868204 579679.9106636047
62773603.8774875849 568381.3987731934
62720020.6646180898 560287.5694808960
62720020.6646180674 560287.0390434265
66438031.4909890667 782435.7475585938
66264186.8061170802 781087.6733398438
62707438.6090067998 559228.9386177063
66267616.9592775032 781212.5375976562
66244833.0547007620 780893.0473632812
66207352.3563346043 780411.3002929688
66106536.1153037176 779130.4848632812
66129320.0198804811 780156.5864257812
62939553.4212793410 600297.1331844330
66106536.1153037176 779000.8149414062
66106536.1153037325 779667.4780273438
