136310156.1218743920 24766.9450474472
136210205.7847003639 23860.4189838858
136617206.0683745146 27651.3575951266
138593165.2925903797 33826.1986923218
138703145.3640260994 33979.2369651794
138663774.4378727376 33845.6720962524
136297285.4045260549 24637.6286483498
136958390.7631841302 28973.9742247066
136868184.3602279425 28609.2240195274
136792789.2491023242 28220.8414168558
136252497.1711888015 24438.3786047788
136274284.9481548965 24439.7973364682
136246901.2203955650 24320.7842820974
136051827.8546638489 20848.0717802352
136055585.8527736068 21193.0998228036
136098540.1911022663 21248.0479650341
136845811.5040986240 28528.6076684496
136813173.2428870201 28472.1123330793
136764102.0345059931 28180.5851152143
138264849.1567510962 33225.1005947590
138403752.9264698625 33526.8143646717
138423789.5606045425 33549.9328536987
136831796.0032342374 28485.7976854048
136717823.7355189025 28157.3742616377
136143033.9203941822 23070.3420644074
136359392.9949109256 24902.3052333517
136113099.6751115620 22087.3498554497
136201009.6542119384 23859.3140398106
136505998.7525160015 26665.6156391106
136454283.8629808426 26142.9000323494
136165785.8676355183 23338.4034230381
136186090.0972621143 23404.4831602245
136205358.1976186931 23860.3702967903
137592870.4235576093 31148.6126946062
136554170.7937826514 27175.8536670520
136533826.8642281890 26876.3188541248
139624909.9974200428 35024.6830139160
140122964.3591513038 35314.5427856445
139942328.9781104922 35206.4346313477
136287739.3598138690 24526.9082050198
137650005.7459377944 31408.0677604079
136142507.3209718466 22434.4409809380
136160495.0945402980 23072.0531437069
137899980.1591106355 32097.6195634007
137893762.6398542821 31998.7180548310
137705403.0596134067 31483.1009006947
142515436.0751466453 35968.2054443359
136095418.4821290970 21233.2460606523
138512330.1989273727 33691.9293746948
138518092.9387996495 33754.5883712769
140928644.2974508703 35627.4967651367
137781162.2664732635 31733.0168526769
137683949.4027709961 31417.2702234387
136095587.6819768250 21246.9840087707
139243974.9306341410 34727.6329803467
139218150.2247257233 34658.4618530273
141915659.0274223089 35853.1202697754
136192432.6353822351 23859.1085781546
140952774.7283307314 35644.8159179688
142057789.4160788953 35889.4710693359
136382980.3364951909 25727.2577316680
136231764.5072927475 24197.6831076881
139753413.3349868953 35135.9550170898
136454600.1143352389 26428.1703456123
142201073.2100616395 35920.0634155273
137695689.5639847219 31458.7775791287
141604938.5152379870 35776.0508422852
141438730.6092063487 35761.9073486328
136558346.8406073451 27388.5562950778
136550542.8961352110 27171.3799301791
136221820.6251597106 24195.3176845999
136282708.0690095425 24472.6097070070
136213785.3542955220 24108.1474036069
141656434.2159155309 35819.1420593262
141427663.9316912591 35760.1944885254
138028751.3598315716 32382.0264992714
136881404.9800857306 28700.4609181785
142993515.2373747230 36116.1093444824
142741020.7011360824 36070.4683227539
142578895.8406335711 36005.9042663574
136544328.1499763727 27108.1632050206
136503314.7863426208 26488.7440875252
141126493.2489385903 35708.9512023926
136893923.5079058707 28796.6630164981
136215421.5234417319 24121.9850978346
137126832.0646557808 29618.0914903143
137124648.4973885119 29575.6241498450
136240271.1893607676 24205.0838950416
141339314.0740948319 35744.8648376465
140873202.9805751443 35615.0776977539
136852964.1453659832 28608.8903123341
141071571.8908904195 35703.6467895508
138055828.4377335310 32541.6367325783
140827260.4989776611 35594.9364929199
138137789.8072723448 32838.9647717476
140714104.0553256869 35573.2789306641
140569043.3691192865 35527.1621398926
137372867.4803899825 30379.7064303770
142459769.5354842246 35966.5487365723
137406024.5598824024 30413.6864356697
142724471.3487651646 36026.4363708496
139073491.1636675596 34500.2252655029
136556365.8436354101 27185.9404590442
136615427.9558360577 27564.6401896975
136623812.8331085742 27847.3952996149
136682873.0014200509 28083.3752324781
138883929.1452806592 34205.6554391086
139065482.0424598753 34492.8666839600
137556845.3169561923 31008.3835614077
138238784.0080025494 33214.6128010750
138766340.3820669651 34114.7859795094
136623356.2690705657 27749.9366204157
136584331.6602295935 27510.6221360876
136323152.0129881799 24878.6069433310
141841544.3001463413 35832.5378723145
136594337.2601236999 27510.8417322054
141223196.9725771844 35709.9246826172
140658043.0099840462 35566.0533752441
140397069.5174172521 35402.5330963135
140181872.3752872646 35325.2141571045
136610622.9828907549 27552.5155840120
139977576.2238239646 35246.0242004395
138331333.5317930579 33410.8898346424
139299189.6403504610 34829.7136993408
139502115.7720679939 34955.3740081787
140108340.4981653094 35248.9262084961
137172748.1054328978 29856.0495596603
138700952.6337477267 33943.6141395569
139834084.5172766745 35197.7366333008
140073828.5998262465 35248.0708923340
138831847.5835678279 34147.3922119141
138890831.7132951021 34298.8852691650
138947015.6073970497 34394.3056640625
136574160.1429848969 27459.2179460726
137328040.0820834935 30241.5936374082
140504590.8462052345 35496.1035156250
140337961.9145327508 35371.9591369629
140297381.9465692639 35371.9373168945
137748877.8226187825 31699.9627643228
136562089.4558587968 27431.0884262729
142401165.7133465409 35945.3588562012
137825458.2358473837 31944.6999180913
138403521.0694988668 33411.4868042469
141310961.7387435734 35730.7726440430
141259125.9827629626 35727.0127868652
139513363.5437742770 34965.0192565918
139410480.1883293390 34919.9442138672
139628341.1788837612 35058.9219360352
139530256.4281163514 34987.9309082031
136799073.6825398505 28364.3500151376
138089997.0783913434 32764.5816294551
138207515.5035781562 33076.9471718669
141236954.0829994977 35725.8164672852
137744161.6465373635 31565.2867513001
136141207.8396226168 22385.4917575985
136757320.3442375064 28177.4906096200
138813409.2477907538 34127.7239990234
136798644.8946320713 28237.4910101632
136781745.2001748979 28198.0796255807
136666082.8842923641 27858.8053488473
142387879.3948764801 35944.6110534668
137459988.8909902275 30614.5696311453
139759081.7932612896 35154.4157409668
137897695.3996511698 32008.2037791014
138074369.6462057531 32548.4495052695
138165584.4320915639 33059.7872645259
137114280.6689738929 29449.2965274528
137944162.0252542198 32380.7616594634
136787085.7855466902 28198.9322066049
137124610.4904368222 29492.2973386250
137873797.4240044951 31978.7498787642
136711588.0650362968 28144.9050192575
140453201.2571880519 35450.9016418457
140108685.3022688329 35266.6113891602
139831540.8902352154 35171.2478027344
139359163.0943176746 34851.3139038086
139289353.6533564329 34746.3573608398
140430719.1423130929 35442.9741516113
139616046.6555306315 35015.3979339600
139241015.3626017570 34674.8400268555
139390022.7461602390 34856.5177307129
139142932.3546956480 34646.1213073730
140344777.0857636034 35391.7975158691
139283078.0384896398 34729.4447021484
139588589.6969569921 35002.2871093750
139495760.7727964818 34933.3935546875
140100458.9801113605 35248.4349975586
139513839.2968219221 34966.2508697510
139099521.2849100530 34515.7832641602
139449543.4862641096 34922.8108978271
139027172.5637042820 34436.7433776855
138843614.7550101876 34197.6192932129
139060944.1002365351 34450.0558090210
139007756.9287987947 34416.2682800293
139039208.4201521277 34445.0291671753
138939896.5129914284 34387.0166320801
142170166.7044926882 35906.4580993652
137910147.7115342617 32144.9699368179
142041799.9164291024 35868.4763183594
137014668.5861909091 29105.5488800919
136371203.3912367523 24907.2443100429
136382286.9690874815 24943.3808797093
136376258.2301404774 24923.6074428039
137111473.0834887922 29444.1022778228
137010240.0104829967 29098.4264569953
136997915.5907673538 29061.4134884551
136348837.3409228325 24878.8383475931
137019458.5905210376 29305.7345486358
136995382.0838185549 29048.1096606371
137080549.9528726339 29315.4160013255
136607190.6479619741 27523.2749932013
137062612.2768847346 29311.0187294539
137523414.2011211812 30684.3693496636
136956248.9177340567 28843.0054933582
136928443.5685051680 28824.3460360621
136778768.2088748515 28180.5981264154
136970357.6084817946 29044.7088514045
136724537.1033967137 28170.6613089780
136836979.7771409750 28505.5322543238
137338226.5011363029 30330.2221689140
137332582.4596695304 30264.9979090393
136680661.1119807959 27929.3417285881
137505016.9168269038 30654.4707700433
137083665.2986960709 29432.9947076300
137396359.8632600009 30387.7140078247
137158031.8795863986 29730.4615574339
137159171.7318321764 29743.1708322028
137242355.9743966162 30044.8265732429
137144635.8819172680 29690.6435215631
137152083.8181219101 29695.9466658309
137501137.7825966477 30627.3021849175
137419262.0440639555 30554.8204219500
137444737.7411762476 30575.7354850471
137552682.4528943300 30814.1138930777
136106523.4136692882 21583.2061566415
137537659.0658800602 30706.7255807379
137201727.4973371327 30043.3043189505
136105235.4795039296 21570.1526059213
137414047.5906148553 30514.6661401251
137285718.3065447807 30203.8644242743
137295532.3159744442 30209.7325416068
136121182.2339923978 22216.2672042663
142381788.8210725188 35922.8037109375
