20778512.7495592609 3457.3069134355
21046531.6657100655 3833.9155998230
20522599.3391025141 2658.3778251708
20626726.0599635392 3029.4506497979
21060796.2279433012 3844.9999351501
20576261.7593903542 2705.8443936408
21119263.5043060854 4162.5416870117
20848106.2599378824 3473.9017887712
20658454.9386074506 3086.2087670565
20992813.2695949264 3828.4050598145
21220657.6339720450 4179.1365623474
21073835.1520741358 4131.6699938774
20567194.0261229947 2695.3140226007
20566781.6353412420 2694.7600583136
20947384.9173629805 3797.5333666801
20529463.6915910207 2659.5825594962
20906573.5363006666 3791.4435406327
20649521.5025428310 3030.6841192842
21177533.1599626839 4168.0522270203
20466544.7636325359 2323.8610196710
20506668.2490117252 2657.9976468682
20712461.8714326173 3093.5033274293
20718980.7157187164 3123.1702862382
20558854.1519217454 2689.2529317141
20957345.8164756745 3804.2486410141
20393994.8905064091 1648.8590065539
20599883.5580423251 2752.0721398592
20898878.5401128903 3486.7068891525
21281910.9875272177 4496.6783142090
20492066.0345762186 2354.1821619272
20765366.3927362971 3427.6399546266
20841241.9074493758 3462.8174534440
20425515.3575119600 2286.8086269200
20453242.6686755344 2323.1908600628
21108714.7227178924 4132.8747282028
20732676.8608169705 3394.4877052903
20613579.7031405792 3023.3861455023
20417596.8856772631 1983.6657933593
20416107.9590905644 1952.5367818475
20408189.4872558713 1941.2190559208
20476844.6638463885 2329.3715596795
