94688487.3129391521 163521.9394953251
99602273.7924848795 255515.1754203141
95387028.8184993118 186616.2035652995
98419148.4421428293 247245.0538519025
97845531.7730321288 240222.6407659650
99725778.1010997593 257022.9132132828
94195150.4892816693 143714.7946066856
94929712.5879474431 171103.4143812060
100140392.9741605371 263846.7579398453
99612367.6553140730 255527.9830375016
98384018.2214447856 247210.2071722150
100051365.6098300964 262061.5795073509
100077366.9730209857 263554.6031313241
95770276.9273517430 195197.2313466668
103249366.7822435796 288651.7019367218
116848576.4334955066 361849.6683349609
95458842.2618985623 186618.5159437060
96565674.4716874212 217138.3904054761
99615398.7417952120 256830.1641898453
93891317.2039225698 123888.3809187412
93873260.4020632207 123533.1999773979
103662821.4288841486 294773.2823715210
96851797.5645356327 224531.5576112866
93658651.6632325500 106254.2362303734
94929369.2757890522 171083.1111240387
93580132.1921298653 98892.7694664001
97026259.2273573279 224961.4138429761
94664961.1510540843 163156.9007802606
101830813.8937333524 272240.2622337341
93445468.0164261013 76497.2012258153
93660640.7544178069 106650.3202476501
96691801.1844152808 218644.7141359448
93688292.3501697928 110351.3528685570
97557328.1151318550 237844.3553655744
97078023.1426260322 225517.4799383283
94109538.8372602612 138099.2551434040
95951763.2805317193 201471.7482388616
94490939.7035340071 154736.7813313007
97960486.7221220434 240278.5436285138
95607345.9738462418 193509.8979123235
115456617.2236380875 356258.8253173828
115856920.4159368277 358591.2769775391
94818092.9353422076 169136.2483854294
95381075.4578167200 186429.5531240106
96429586.2051061690 215394.6724433601
96182591.8737552762 209024.9994748235
94522774.0180377662 160078.4570734501
94309714.1406349093 146866.9333660603
94593192.0002568513 161378.6976041794
98333954.9799813479 247033.6828751266
113171054.7079235762 335728.5012817383
95481717.9967065454 189111.3371656835
95742054.8718399704 194189.4162836671
94159027.6633876860 139048.3015398979
93649578.3476520330 105958.0689647198
95710152.2299643159 193761.7312250733
96576494.9109507948 217686.8537843823
95877323.6915864348 201066.7246544957
98432068.2399871200 247996.1456487775
95862386.2652668655 199794.1857057512
95375296.4539287537 185752.3471310735
93605778.1616366506 102864.2346072197
95884974.1211670488 201267.4486935735
96245187.6607335508 209229.2990201116
94431722.7874108702 154129.1234286726
98076413.4268774986 240763.4176214337
95669829.0511510968 193714.1974576116
120087030.2258312404 387518.3083496094
103182123.3742687553 288242.1941566467
97007384.0099425614 224932.8088625073
93593370.5231737792 99227.1397371888
94673204.1172991991 163159.2131586671
103600826.7413395196 294145.5802688599
111327298.0614966303 321122.7364263535
100290261.3051980138 264670.0451200008
93728908.7826179117 111641.8489260674
99907111.9202685952 261948.8525502682
96568844.4813701659 217486.1297453046
94168960.7642159909 140692.6245455742
95374011.9813712090 185703.6527333856
94898832.6398330331 170916.7639399171
95136297.7571932524 178674.3147211671
94470503.2731489092 154732.9910489917
93456289.4505991936 76717.8677907567
102979965.8402998298 284001.7188148499
93726158.3997110128 111163.7983633876
93859802.2769585550 122353.7617781162
108978232.2495324165 318552.2092151642
94297827.4667570144 146813.1641399860
96089956.0022553802 208036.1427667737
96309873.0363453776 209777.2937811017
95112193.9861028641 178672.0023427606
100259342.2126227468 263861.6510884762
94314569.9767270386 148396.2213077545
96536553.1942422837 217045.5154874921
95090246.5885369927 176944.7839316130
95188736.6538085192 178858.6527840495
95110824.7856720537 177841.0548865795
100460892.1856306046 265364.8229787350
99843502.9060678631 259111.5831410885
95186845.2647507191 178730.6528637409
102467613.9521286637 274496.6852748990
95293663.8038760424 184574.4590688348
93891436.4691366702 125177.5229830742
94287509.1034022123 146082.9266216755
96396045.3026905358 210070.9527519941
93489618.0631088167 85801.6257675300
93917626.1942023635 128199.6930441856
97077013.8664062321 225222.8747187257
93995694.5367376357 131847.5267362595
95345753.0827506334 185530.8172841668
93650346.6401096582 106033.5696654320
93468968.4735682905 83451.0146589261
100936500.8763015270 268125.9939941242
95050436.5070425123 176816.9082875848
94379823.7625205815 153614.3567059040
97429129.9665304720 232257.4775612950
95102525.7859171033 177773.2665029168
94971016.6311957538 171138.2937868237
93635705.1391521245 105955.2923216820
94825379.9265045673 169960.4057245851
102839673.0138055235 282697.6685829163
93549475.0328219980 94836.2513060570
95513926.0779578984 189814.0623739660
119765316.9370590448 387499.6755371094
94396771.4627582431 153687.3822486401
94881570.7905275673 170914.4515615106
94371580.7962754667 153612.0443274975
95868015.5627378821 201045.9188466668
94568370.4440325946 161371.9074871540
96527245.0653937161 217024.7096796632
103065731.2357823700 287847.6178627014
95996272.1815510094 201497.0600336194
93806804.2873591036 117698.2250624597
93983124.7449777722 130111.3125593662
93955200.4162005335 128206.5950150490
94237573.9466263801 145856.8059246540
93992523.4971967340 131643.1754660606
93545025.3516288549 91398.0511107445
94311720.1102366447 148393.9089293480
111790552.4083026052 331356.8600158691
103442282.7978370190 291677.4198646545
101814874.4714987129 269112.4437701702
93955855.4784121215 128402.0133872032
95220252.3792091310 181982.7177079618
115333747.2285678238 350115.7963867188
93766803.2575709969 115598.4967069626
94336791.6972504556 149300.2883465290
94349521.8697143197 152320.9062922001
114065609.7938711643 345752.2324829102
95204388.7196980864 179892.8641923368
94367033.2105562836 152436.9952417314
93525862.3068417460 91088.5679293275
119137816.7210516781 386979.7839355469
96253525.6169326007 209728.5789640546
94183522.8886314780 140882.3346877620
94632225.1813371927 161884.3618315160
93743710.5193879306 111782.6104937494
113051675.7397897691 331832.6516952515
95599695.5442656279 193309.1738732457
93562180.6619551480 98276.0188841820
111496483.3997074366 322657.4826278687
93722599.7869521230 110718.4941307008
93679895.8174327165 106986.7838225365
114627976.8034762740 348130.1985473633
93657652.5367180407 106239.6416603029
94621011.8915980756 161444.9330298901
119314577.2185583413 387456.3308105469
119016716.4240305573 385103.9343261719
118696037.7109275311 384322.0434570312
93505857.4063711464 87208.8849730492
119051002.0853004605 385717.0505371094
102680771.1548085064 281124.7235690355
94079893.4577352852 136157.8202719688
96876751.8129756898 224803.0662687421
97229726.3431740105 230705.8529275060
93791114.6389587969 115899.9379144609
103427303.8441376388 288933.6272621155
119071218.3789957315 386339.0002441406
103385679.2617034018 288927.7843666077
93573229.0547386408 98496.6854491234
113556463.2821917236 338171.3374633789
97370625.2295238823 231755.2693254948
97464779.4012189060 237300.2411110997
108964620.3515335023 314147.3716926575
108511137.5271625221 312700.8150520325
95530408.1734095961 191212.6259236932
95593209.8382164538 192557.1152032018
93520498.9073286802 90739.1346678734
95657883.9298399836 193513.4734185338
93591573.1445443034 99147.2408537865
93496501.5422350764 86803.0958891511
94770795.5584076196 166671.9156907499
115972983.3028592616 358721.2675781250
94057777.2829902321 136155.0640380383
94437227.4161608070 154568.4025428295
93750128.2167817503 112756.3927049637
95362820.6298984736 185568.9832699895
97641284.7164923251 238209.4398922324
107222070.7676000893 301832.3690185547
117009111.4957078248 370862.6940917969
102653849.6848573983 280337.4882174730
103928679.8895378560 295040.7173957825
93538178.4356903732 91390.6476157904
93832533.0103929192 120644.4626059532
93807227.0370930731 120442.1422629356
93546953.1685853451 91621.7603697777
93685304.1324700266 109940.6742812097
94658219.7954696119 162281.2831266522
97455810.6097499281 232423.8247454166
93961008.5702327341 130108.5563254356
97542778.9572081119 237323.1829480454
96816094.3287714571 222574.1691046655
94006515.9709107280 132935.0737643242
106254073.6467575282 298867.0327758789
96791735.0836146921 222502.2187739015
97367062.4797536582 231135.3320345879
95008579.2632698864 175565.1751466691
117632308.1018981487 374918.2143554688
102135418.9343689680 272699.8997230530
118236241.3173775673 377597.0878906250
94982005.5447646081 174225.1669267118
94032705.6959764212 135957.2438254356
95844116.8896043003 199722.2353749871
97217073.9064475149 230265.2386696935
97192855.1414175928 229937.2425759435
93762867.4578833431 112886.9118247032
95266211.7775601894 183283.3210335374
95030602.8470544517 176449.5830312371
103476756.0435647964 293690.9987258911
94148714.6167408228 138325.3758404255
93664974.3941445500 106904.7916350365
107329835.8813116848 305210.4894599915
95941744.5074433535 201271.0241997838
103850556.1434642076 294939.0880699158
93681545.1424296200 107042.4129205644
93799643.6477068961 117419.9722018242
97591693.4610792398 238022.7894509435
94515806.6127196252 158738.1297410429
95740176.9847631156 193826.8484736085
102988946.3060432673 284433.6644029617
95584410.2454141527 192062.7826696038
108415616.8770916164 309164.0458869934
96421565.2402730733 213097.9301229119
94513052.4586922228 154769.6872208118
96409950.2016274035 210414.0651937127
102318957.0207971781 272723.7596483231
98682348.5452104807 252384.0119628906
98527703.1486839503 252367.1630386114
98231054.5403171778 245265.2790126801
98085648.7314838618 245256.0671386719
94817241.5007846057 168942.5827413201
102622575.1857667863 277429.7414903641
103044484.0498587340 284566.3292589188
94431330.8038966358 154037.2881630659
93508909.1806979626 90440.1907591820
106720814.6774330437 301469.2405395508
94102252.9140459150 137363.4851717949
96073669.3386193961 205814.4796381593
93726810.6063206345 111444.3203607500
102374198.3614792526 274396.5104112625
94159300.7157104760 139109.3825848103
115149424.2759708911 349257.3108062744
96429235.7206890136 214470.7441824079
94230846.0666270107 144179.3863938749
93871288.6592371464 122692.1917753220
96834096.8371779025 222881.3816767335
97208779.8896668851 229992.3499978185
96410250.5586513877 212332.1967995763
96046073.1396643370 205809.9250112176
93716181.5801315010 110385.8476343155
102507144.5071753711 275402.5026035309
95836190.9999478757 198970.1767049432
93778951.1695832610 115775.6491961479
96778733.0292561948 221502.6311902329
95575342.1627026945 191251.1816640496
95580605.0930022001 191964.6845937371
99806434.2045715302 257978.3828418255
96415817.8539095223 212812.4331277013
95266748.4716520458 183348.8736730218
95316965.3237099946 184595.2648766637
95515931.0013787001 191008.3263784051
94779362.5578931123 166904.7265784740
95777489.7803058773 198764.8420212865
95508074.7195673287 189735.7874296606
94760401.2322496176 166467.6161454618
94786398.9214490056 167768.2194710374
95254163.6589030921 183250.7755971551
95764877.3046033382 194561.3134568334
