137546208.6694048941 160828.2996307015
138561049.8564032018 174851.7270290852
139114905.5749990046 181154.2055626772
138867357.9544389546 178242.7979866862
136474059.2062055171 132763.2997552305
136417307.0436068773 132271.1652956456
137425007.2005381584 158321.9990835190
140207964.4944545627 192628.1467590332
136293841.9498193562 126779.1488270350
137346199.9746104479 157394.6554555893
139340630.7995995879 183231.8139300346
136500773.7970974743 134743.6010010429
138786093.8201113939 177505.9596636295
137137517.0955570042 152961.0599451065
137967309.3043641150 165711.2927014828
138067997.8617939353 167788.7000547647
136528169.1461324990 136173.5774872489
137446756.8955404162 159178.7583608627
136350884.9396864772 130306.1395209283
137513891.3571881056 159360.8630971909
142522070.8500540555 198663.0485839844
137437277.2417091131 158464.4448843002
142260105.8212689757 198411.6035156250
139008249.6773065031 179930.9169136882
137391304.6451019645 157665.8697054386
141117548.7497379780 196949.7590332031
137531434.5774587691 159965.7699575424
140383510.3528694212 193943.8854064941
141116356.6167535186 196716.7044677734
138875454.2075060308 178449.1873326562
138867696.5160855353 178266.3954320215
141976434.3996858895 198039.4583740234
138982541.2238712907 179786.9007698894
138346543.1733834147 171650.0864574909
143255594.5542375445 199081.3940429688
140067072.7715869248 190940.0278320312
138067866.2252940834 167495.3956067562
141323448.7606190443 197005.0307617188
137653430.6876710951 161930.3060979843
137439606.0202546418 158648.6833065152
138205175.3761937618 169603.5300915241
137757558.1529711485 162773.1648015976
139182988.3371517062 181778.3944048882
137544887.2068994045 160629.0809698105
137155842.3957350850 153397.7083339691
139257147.9711744189 182485.3296995163
137224497.2171157897 155393.4621660709
136531894.7348730564 136592.2767975517
137310858.1304444373 156018.6084877349
137246591.9089029729 155407.2853612900
141514404.9328640997 197222.5076904297
140015474.7590414882 190662.3403625488
141366730.8912488222 197018.2611083984
137260916.2335510850 155717.9094011784
137338693.6836776137 156889.0415105820
136741039.7443495989 141016.9988477826
141569065.4904393256 197232.2321777344
140106825.2162661850 191346.7292480469
138407583.8761707842 172322.6673061848
138037176.2753725648 166861.8665351868
138514204.2591082454 174075.1180813313
136901670.1646066010 145703.6217815876
141096987.5619557500 196628.0753173828
136760594.6906410158 141782.5691908002
137290756.3162883520 155734.0327434540
139693576.6473442316 187092.1812496185
138326619.8391396105 171365.3805422783
140129792.5234983265 191493.0738525391
138017857.7530905604 166680.8427441120
136238223.0390078127 122928.3643583842
142764648.7931073904 198761.8237304688
138241418.8448945284 170072.3143708706
137411651.1375952661 157964.0780401230
137004789.1534510851 148600.7315912247
138193446.6856528819 169508.3300487995
142901483.6050795913 198999.7741699219
139665217.6729339957 186997.4380855560
137379136.8093606532 157468.2934255600
139937302.7880853117 189527.2674560547
140286973.1687132716 192977.4852600098
140051442.3431968987 190793.6832275391
137985169.8768620491 166520.4072456360
137035547.9311581552 150288.8505182266
137981214.0492190719 166192.4723908901
136276494.3443955183 124886.7488598414
143124956.0250255466 199066.3710937500
136807206.9378094077 143399.7205106616
137410648.1759665310 157741.8443593979
137399541.4132130444 157707.7009878159
141485202.3513316810 197196.3808593750
139443231.5089640617 184730.5001156330
136923564.2372964025 146443.2156176120
142642529.4083808362 198740.3583984375
137531906.9105066657 160010.1180105209
140978857.0939326882 196520.4360351562
136727208.2420102358 140914.9522984028
140798658.3263628781 196044.9250488281
136779665.4345543385 142770.9725809097
139139378.8211386800 181500.4791695476
140152279.4941961467 191534.8685607910
142605494.8221302927 198665.7446289062
138297131.9308347702 171208.7196667194
138587161.7130258381 175150.1546108723
139247776.9311937988 182383.5787229538
139801245.3019685149 187979.1485900879
136478713.2864313126 133306.8761328161
136446071.0747190714 132295.2748171091
136461484.1432585418 132744.3881881237
139283928.6917718649 183225.5446407795
139265415.9471859932 183027.1242306232
142617476.1683692932 198701.3676757812
136426764.7020043731 132276.8144576550
136965103.2608198822 148542.8405448794
137337795.8270011842 156222.2882646419
136953996.4980664551 148513.2259208560
139965751.8892189860 189646.1477050781
139863947.6834856868 188697.4516048431
137066223.1700670421 151216.6030817032
138121542.9982724786 168381.2323620319
138951138.4345607758 179437.0700230859
136971608.8554421067 148553.1523048282
136629642.9913701713 138004.3640909195
140503948.7394420207 194601.3688964844
137980273.4355143905 165738.8087551594
137135970.7256517112 152656.3205194473
136577045.4396160841 137158.7754308619
138791435.7110572755 177639.9618792534
136559433.0822404623 137093.0676137842
136271180.9186628461 124676.0380644388
139457979.6632224321 184920.8102657795
140310093.1676959097 193005.6081237793
138556876.1185363829 174283.9171535969
142853728.3547350764 198940.1649169922
145535735.0012734234 199529.5391845703
137012878.9080671072 149398.0850517154
139826348.2900411785 188531.6795101166
139942540.0406134427 189605.2007446289
139457815.5558755994 184823.3295528889
136306459.9995306432 128696.1728629209
139122455.3821877837 181348.1807076335
136825323.6749654114 144675.9226257801
138476697.4935024381 173494.4917385578
136939100.7625974119 147376.4933692813
141377908.3780412376 197079.2346191406
137119875.9304825366 152255.0845880508
137202365.7321026623 154129.8022089005
136786789.7075259089 142847.3330738544
144880052.5851962864 199459.2583007812
136775212.6182314157 142543.3451619148
141748438.1269579828 197864.9853515625
141708906.7015047967 197834.5799560547
138964218.1799591184 179458.5346240997
140809634.0394977927 196068.2700195312
139110710.8166382313 180851.1372838281
142413728.8365380168 198535.0703125000
138332974.5708343089 171423.5228283405
137102642.1865022779 151538.1980829239
136576958.7721113861 137133.6019079126
138919289.8578144312 178810.7257796191
140450450.2302582264 194183.3566894531
138947546.8232776225 179266.9937207103
139976046.0807369053 189847.0071468353
136298900.7266213894 126780.3417152353
136800004.3896285594 143160.3882985115
139808082.1361885667 188309.7543697357
136932638.3457231522 147312.1615211368
139833181.6174823046 188534.5174007416
138296275.3453187943 171045.5729382038
138427844.8860165775 173020.6688930988
139005508.5311034620 179917.7391487956
140505906.7523926795 194701.4226074219
136276968.8068251908 124947.1500615664
140702618.9644810557 195806.8536376953
139040333.0326321423 180203.8372149467
138442742.5861841738 173024.4384243488
136987086.6475032568 148575.7605811954
136822098.6813070476 143510.8744508624
140772505.3634897470 195976.3540039062
139891143.3253082037 189248.3953857422
138926742.0262264907 179194.0201714039
138162221.0651942790 168777.0442593098
141654419.7047658265 197465.2349853516
138294547.5240270495 170837.5410549641
138264852.5438389182 170529.4950344563
145792514.7388944030 199612.5604248047
139870336.7498682141 189204.1997070312
140709789.0190194845 195861.2060546875
139812375.0420423150 188490.3217220306
140404590.0685823262 193997.2224426270
140627882.5934888721 195684.1158447266
138055279.8074657619 167280.0877315998
138252255.9534542859 170193.1815884113
142253723.4794393182 198369.5412597656
136887849.1389746070 145627.9623838790
140574775.1882421374 195348.7631835938
138412114.9273178577 172642.9791522026
139738765.0074789822 187512.2485713959
138286345.9557913244 170622.6537868977
137116563.0686900318 151925.5416390896
139549011.2459270358 185644.1942501068
139801080.8395308256 187956.8376464844
136863545.9590367377 144967.5525988467
143765866.1040138304 199122.4077148438
137736630.7748122513 162528.5523642302
137019631.1732955277 149494.9047460556
138611365.4972083867 175373.0328447819
138893703.5385507345 178683.2279436309
139756507.5319471955 187708.7617797852
138343764.0074643791 171618.2126858234
136919322.2496768832 145900.2142959960
138165404.0906018317 168969.5948793888
137065126.2955303490 151214.8648538589
141874328.4823981822 197895.4606933594
136599789.3238841891 137257.3605919182
140820101.3875805736 196167.2166748047
139077777.9196537435 180660.8382110596
140886416.6031595170 196329.4060058594
138091109.8574837744 167939.9249050617
137932225.4114183187 165687.5632946491
137106816.9573519528 151626.1818063259
137190165.0989427567 153435.4875066280
138354887.4320989549 171945.6323635578
138061718.8454199135 167283.1694948673
144373284.7924586236 199371.6655273438
136875738.2110997140 145291.7393969424
137107949.6410672963 151881.8451955318
137896993.0562001765 165069.5425070524
140752460.8784476519 195881.1975097656
136690768.6496094465 139527.3780708611
140637249.7592264116 195776.7133789062
137828045.9788232148 164025.7869528532
138649408.1969872713 175679.2854998112
136625709.7693204582 137588.7412973344
136642329.8060857058 139178.1208381951
139627678.7961208820 186533.0090484619
138559376.4707665145 174532.0819475651
138627823.0156354010 175500.9407732487
136634995.7687741816 138800.8799839318
136641189.7538010180 139174.4069710076
140633837.6352946162 195769.0059814453
138760032.9217467904 177291.2796126269
138776118.9578546286 177320.3027305007
136721215.1793762743 140153.0575447381
137861695.1134518981 164739.4343832731
138728443.5764144063 176485.1456941962
138703161.5039369762 176232.9148826003
138147645.8375676870 168385.5097124577
137788737.6595342457 163664.3978537321
136566563.3266530931 137106.4018503129
138683133.5609502494 175841.1453118585
138684603.2954387069 176232.0954668522
136704604.4277921915 139592.4673042595
136619345.5718024373 137413.0229720868
139202061.6495802104 182091.2797698975
138602963.8114500046 175231.7295000553
139211203.3541853428 182201.4983978271
138820015.5485599935 177643.2816319726
138343314.0544518232 171436.6354458332
139718881.8308745921 187343.3542232513
138623316.9937689900 175479.9658586979
140500725.4624485672 194519.7548522949
138515108.6573648453 174078.7155535221
139241159.5758150220 182379.5640716553
137759751.9313830137 162909.7920798063
138588066.1112824678 175230.0936357975
137785397.1218722165 163332.1683996916
139351117.5125019550 183767.8274078369
145600796.5283675194 199556.1730957031
137714506.5992777050 162257.1318701506
139567937.3965604007 185848.0370178223
139582835.0967279375 185849.6728820801
139368040.9514527917 183977.4058990479
137724360.7336412966 162339.3615683317
137807048.5245646238 163945.2507971525
137849097.2506795228 164197.0193837881
139507645.9215908945 185419.7420501709
139474395.7612300813 185158.9915924072
139539362.8379260600 185575.1540374756
145382915.3245444298 199460.0083007812
139991932.4081527889 190239.2827301025
137753814.9185666740 162618.5209692717
140093675.9383110702 190992.2745895386
138037950.6650130451 166992.3708227873
144098799.6260242760 199369.8607177734
144065196.1917234957 199291.6697998047
136719799.1087792218 139607.6419634022
142422792.9985265434 198617.8044433594
143945499.3240258396 199162.2552490234
141961197.3164592683 197946.1278076172
142042876.5505282283 198322.1594238281
144841605.8078100383 199392.1647949219
144766531.5934914052 199388.8781738281
141582385.8068189323 197258.6464843750
143974235.8603665531 199174.2567138672
144544900.9261822999 199377.7222900391
144578711.3319587409 199383.5809326172
144438917.8738427758 199372.1035156250
142378041.6682056785 198429.1503906250
142391330.8864622712 198445.7891845703
