138842114.5758487880 175849.1360778455
136977162.0632549226 145465.1349715702
137133059.5791232586 148781.5185518563
136964590.3672991693 145233.2398793697
138434642.2409698367 170524.6582007129
139826663.7156226933 186737.3259887695
137200120.0468111336 149646.6618073136
143017367.0697401166 198847.7645263672
138770075.1552031934 175012.7694372851
141105136.2843023241 196117.3227539062
137059954.5888567567 147408.9571845531
139936375.2150494456 187326.5092773438
138474535.8133209944 170573.0328134540
141077186.1685504913 196095.3984375000
137267111.7448290884 151505.5270532556
136500988.9091622531 122983.1971739382
140367482.1101651788 191618.5827941895
138814757.3236863017 175159.5512520671
138405379.1901626289 170111.8727258686
136868212.4616504610 141730.2780575603
138651009.0630347133 173703.2251867969
138665120.7768985033 173713.7016577441
138578051.6091170907 172615.8373388965
137801438.2048373818 161443.4284879155
138708222.5544890165 174163.6429724414
137218499.5683916807 150605.6619191915
137656606.9453297555 158927.5461255498
137028276.9105613530 146675.9625275284
136552282.8581772447 132298.9187539755
139525843.8604181707 183459.6956787109
137684206.4123420417 159624.2611829229
137709394.7789208591 159876.4846296310
139463588.6125651002 182406.5632324219
138510455.1467702985 171783.6677221972
137190261.8136980832 149498.7375722192
137143911.5891170502 149191.8969777776
142335978.6202521920 198391.5167236328
136940982.4692546129 145100.5646608621
137039174.6428855658 147145.0662859231
141918525.4570311010 197893.6439208984
137701068.6214269102 159761.2854215093
138271880.4598600566 168109.3260568622
136516394.7607297003 128110.1231061220
136598789.2259401977 134157.4626382529
137852034.1814419925 162318.0725614019
136699945.8987340927 136819.3094124012
138695724.0407375991 174155.6930367351
138814790.1329060197 175465.2372872233
138491435.9363765419 171485.3899206836
137779076.7275243402 161230.6847135015
137440626.1196766794 154377.0178064294
136991269.4252942502 145672.3201935440
138575196.1572342813 172444.2156653125
136727639.4488099813 137102.3257024884
136739560.9928556383 137469.6734798066
137297397.3393185139 152335.3478845544
136648845.3175216317 135633.3018869101
138767589.7497974932 174780.7226387858
136679905.2750761509 136098.0303596668
139731716.9020742178 185591.0995788574
138320587.1135698259 168411.2730307300
138344837.9137777090 169196.7139047626
142342933.0079364181 198392.2747802734
136460567.1264550090 120904.9504211694
139704763.0424692035 185240.4245605469
137467564.8106786013 155535.1004000902
140902532.2995632291 195783.2535400391
138478336.6440802813 171199.2605737690
137368043.3229279816 153424.3587009577
142422792.9985265434 198617.8044433594
140693664.6982039809 194323.2901611328
137124298.6980894506 147743.0270637274
138432590.1963225007 170408.4785437305
139875993.3728195429 186902.3032836914
136748889.8443390727 139956.3928712308
143945499.3240258396 199162.2552490234
139293320.2513295412 180605.9209365845
139391610.9569589496 181818.2180175781
141961197.3164592683 197946.1278076172
140062951.3214897811 188687.6578369141
139333504.8683222234 181081.6115417480
136473361.7896874249 121074.0652588159
138299091.4660199881 168405.9318747241
136664496.9871100187 136035.5045388876
136588773.0326139927 133988.3478006064
142042876.5505282283 198322.1594238281
137132535.3750715256 148364.0814545304
137958332.8959982395 163861.9514575005
137171664.1810487509 149472.4652479291
138733263.4869942069 174473.9468993787
139628143.0045678020 184375.3758239746
137352006.6451111734 152864.9051855206
139981607.2652231157 187977.6283264160
139052623.6317672729 177955.9679723047
138143805.5528921783 165704.5309047420
137251996.8573332429 151249.9171178937
136622623.7313454151 134162.2910073935
140368167.8038696349 191831.5622558594
136494985.0811104774 122581.7175110132
141856026.6195657253 197646.3487548828
138032101.0026304126 164956.8626309820
136727745.4806103110 137375.3354562460
138337900.3945450187 169052.3597616870
138640626.0921421051 173331.3715491015
139670141.5643650591 184913.2002258301
140409053.8751593530 191976.9479980469
139742219.1015584171 185755.0060729980
139520608.2669049203 183239.6126708984
139629258.8028468192 184509.9817810059
140884191.4775436223 195273.8232421875
140456100.3619682491 192378.6526794434
139541439.5592481494 183629.1867027283
136536863.5254030526 130365.5592404604
138921188.4275622070 176642.0576613545
137797374.5360003114 161385.2148572393
137834769.4136522710 161892.4933301397
138363855.9261592627 169484.5279421806
138893553.0067464411 176296.2454686426
139406462.3222398460 182168.9993896484
140785792.9833807945 194890.8912353516
138048516.6725653112 165049.7835196443
138075863.2295227945 165381.9314596839
136543047.8326396644 131896.4639035463
137937869.8610489070 163601.5309049077
139610093.2537798285 184192.9967956543
137557209.4451144338 157226.2119885869
136838897.3318820298 141030.3683840913
137850107.6033513546 161986.5428372808
140190454.3877023757 190062.2322387695
137835678.3278618455 161913.4119779058
139555918.9096077681 183770.1539611816
140259015.8194584250 190939.8634948730
138899328.0673029721 176309.6556701306
137777609.2738765180 160928.5912076421
141293863.7444644868 196610.4940185547
139405989.9891919494 181909.1050033569
137735779.8648559451 160102.3391451836
137555469.0872858763 157023.2106564114
139265098.2663244009 180220.9860763550
137975654.9292304516 164007.3453885503
137766084.7932593822 160854.1082288213
137668458.1039445698 159141.4081555605
137539743.5210167468 156675.2595654912
136508337.5863381028 125197.8157019466
138048612.3831481040 165094.7332364507
140419175.5599981248 192169.6489868164
145180864.3257678747 199395.1162109375
137813381.3864409924 161885.4467069097
140428460.1834605932 192297.3490905762
139286928.1833438575 180332.9559157491
140662623.9036257565 193952.3395080566
138187003.8479736447 166895.9777577594
138149670.0339418650 166004.3427633960
136448235.2651984096 120201.4520670018
138372048.9199376404 169493.3197226245
138223703.0734891295 167065.7186024860
138107138.7992958128 165587.1984057426
144841605.8078100383 199392.1647949219
138178196.2313626111 166890.8293202594
141270369.0035150945 196185.2644042969
137542101.3960152566 156704.9105083942
138973643.0937770605 177085.1364440564
140697681.0238101482 194360.1835937500
137467928.7432208955 155578.3360516019
144766531.5934914052 199388.8781738281
142706513.7246484160 198658.5743408203
137839505.3134989142 161923.9730999470
139475695.1038943827 182649.3398437500
140707258.9513633549 194579.3281250000
137400367.6980652213 154166.9824946932
137397954.2602484822 154119.4507898279
141003340.3614224792 195798.9201660156
137328035.3400943577 152678.3990311474
137310192.0025509596 152504.4627222009
140640150.0793453455 193852.4714660645
137490808.3689673245 156001.9957755804
137415797.5977918804 154293.3870987743
139480999.5824455321 182957.2296066284
140663618.2371411920 194284.9241943359
137559638.5638261437 157504.6074924469
140503004.2667081952 193009.3791809082
137499480.6681394279 156201.4685642719
139943634.7666954398 187503.4770965576
140481153.7430788279 192604.6358032227
137682113.8627474010 159571.1315777302
137579922.3295603395 157883.0126507282
139465543.3831467032 182433.7427902222
136884984.7840940952 143099.3209795356
140175775.6679988503 189587.1430969238
140872301.6861151755 195189.1046142578
140533521.6815073788 193041.2751770020
137755071.3166650832 160658.5194256306
138505547.6502401531 171495.8663916308
144201868.4886426628 199275.4641113281
137488129.9557627738 155781.9705623202
139355445.3648202419 181351.0912170410
140031694.9143012464 188556.2413330078
140089262.5478728414 189056.8443603516
140123011.3430172801 189237.6706237793
140122893.1520868242 189224.0726013184
140362486.3337136805 191448.0779113770
143765059.1129038036 199029.8470458984
139759549.8411476016 185794.0737304688
143796998.8818644285 199079.7293701172
140596509.3651232123 193558.0675354004
137778900.2476259172 161173.3567059040
140195968.7969349325 190325.0584716797
141559715.7753834724 197034.3801269531
142825240.5820947886 198680.8688964844
138594301.6950127780 172650.3645529468
140562788.1471312642 193137.9566955566
140166652.0572395325 189532.0745544434
139881863.4976486266 187165.3303222656
139896981.1301137805 187267.1490478516
141582385.8068189323 197258.6464843750
140239609.5111571550 190619.4624023438
138911958.2158838212 176417.5750792585
140195850.6060044169 190311.4604492188
143974235.8603665531 199174.2567138672
140003569.1882454157 188521.5732421875
140885067.6201285124 195303.2364501953
140489880.9672851861 192746.8712463379
138965484.6269746125 176969.0525813103
138153683.1445446014 166226.4396074680
142264252.8398417830 198391.0335693359
144544900.9261822999 199377.7222900391
140303920.1789410114 191336.0230102539
138091824.5483502150 165508.3429892063
140276961.3363097012 190992.0480041504
137603085.0824891925 158180.7450289726
137873590.2180263996 162718.2587139606
137738379.4257115126 160558.8012023270
140592830.9121495187 193147.4182128906
140533403.4905768633 193027.6974182129
137515322.8247916698 156565.7569613457
143650177.2604311705 198966.8918457031
139771672.7504718304 185850.6979064941
144578711.3319587409 199383.5809326172
139797238.9888297319 185961.4447021484
144438917.8738427758 199372.1035156250
138604259.4113765061 172872.1853003222
138018491.8035948873 164662.1076922417
138230990.2190131247 167175.7129929736
137919803.2190463543 163216.4628252983
137976366.6456788182 164166.0171771049
137982699.9319574237 164231.3627581596
138072966.3513718247 165346.0233721733
138597103.9395944178 172849.4196603894
137210293.5744237006 150154.3601851463
137901695.1992112398 163059.8308672905
138990692.5895178616 177241.7132849395
138533584.2708802819 171927.6068701465
137905476.1230843365 163078.6293292046
139119829.6550457180 178634.6679661274
137293003.7338272333 151782.2799334526
138748439.7501061559 174619.5278683268
138755395.9921877682 174671.9270038605
141788626.3447640538 197509.3676757812
139004804.3033815622 177312.1852392852
138323642.3298240006 168704.2438462451
138394532.8524185121 169791.6316941455
138750800.6480793059 174670.1060810089
142378041.6682056785 198429.1503906250
138694237.2214468718 173721.6028156281
138558820.4208455086 172107.2643579487
140112606.5596164465 189217.2312316895
137622133.0077254772 158234.1873841956
139799913.1063042879 186206.0495605469
140091635.8768298030 189147.0936584473
141675961.9894336462 197389.0886230469
138767003.0923841298 174775.3901386261
137724324.5409125388 159922.3063111976
140135276.5910519361 189441.4975891113
142391330.8864622712 198445.7891845703
138617074.1719684899 172914.3411808014
141460633.5730941296 196942.5981445312
137641184.0406382680 158675.6926637366
137458896.2118174732 154707.7155777700
141498650.4822133780 196971.2429199219
141422574.8411294222 196801.0051269531
141478945.2018706799 196970.5676269531
137442400.0050047934 154634.5847183950
137625814.3868707716 158493.4642396644
137460781.3295949101 154765.0619850829
138251644.0366006792 167553.3313325122
138356953.4763340652 169264.6540253833
138237598.9769284427 167229.0035641864
139256400.5707044601 180164.7282820940
139150045.7609271705 178981.8910018206
139124337.3074918687 178636.7600966692
141367794.6420322061 196619.0783691406
139116486.4123878479 178556.8399306536
141211964.2680307925 196181.5200195312
139231648.6143288612 180157.8538368307
139139852.4396726787 178858.1271564960
139333401.6192946434 180892.5832985006
139289309.0270404518 180457.2615864277
139064107.3365375698 178263.3954096399
139096049.3458440602 178269.2872372232
139185751.5140388310 179393.1872723103
