131906747.4183496833 3765.6586877052
131915318.3831192851 3778.0080558006
134080236.6354355514 5929.5396136269
134082004.9247370064 5946.0565751828
134098207.2416351736 5947.4352292046
131988887.8201410323 3896.8293724107
131982919.6009464115 3887.3538709926
132031168.6986103803 3977.8435978936
132021024.6247909665 3968.3877483234
131957563.4719459862 3863.3073535785
134343045.0708568096 6149.6576429047
134462559.0252019763 6233.4587045349
134232397.5708420575 6054.7003369965
134237727.7127940655 6064.4566217102
134325693.5553474128 6144.0711370148
132114396.4034635574 4082.9519372033
132088404.0359161943 4029.7688013660
132155199.2786895484 4106.8877898872
132153027.8300555944 4104.5966095971
132084567.2088053375 4022.1043001758
132033910.8064745516 4007.0240473794
132234442.3195430934 4176.3218061149
132113623.9316062927 4076.4580636071
132415550.1223114878 4379.2418815962
132282636.2139947861 4269.7817375532
133486399.8444430828 5440.8498466193
131612614.8449921459 2928.1542037605
131637383.8656158596 3033.7173947749
131602076.2805742472 2923.6106572493
132756894.4408911169 4812.8704446359
132821406.2044094205 4894.0741017862
132709526.1941762865 4724.1085747443
137768040.3793942332 7539.3857040405
138528089.2704725862 7621.0771560669
138716115.2354916632 7622.0118370056
138266552.4343568981 7598.4833526611
138437126.1739585996 7608.4232711792
137947162.4682525694 7587.9240608215
138124815.9092900753 7597.8662223816
137799305.5803645253 7565.3302574158
138267134.0842874944 7602.2486114502
138457873.8385818303 7620.3672180176
138121256.5080877542 7596.1575126648
135331079.1666270196 6719.5104565024
135159127.9629628360 6625.9800657630
132627110.7808138579 4637.1461008071
131596966.1834040880 2866.1451159852
133769714.2037108243 5679.2932747845
133698534.7791341245 5645.0302707180
133706134.5229037702 5653.2267819867
133499347.4098251611 5453.6322225109
133384476.9711466879 5348.0880538999
133330125.6489734203 5332.1583005964
133251002.3284279257 5246.9572794019
133286569.4501667321 5255.0547949682
133142559.3906238377 5142.7344110544
133199246.8445691764 5221.3222873743
133267653.9492575079 5249.6375623106
132449004.8692895025 4455.7125248781
132476434.5799146444 4478.2923791280
132452841.6964003593 4476.5096657148
132235214.9098233432 4191.3055260228
135847268.9950941801 6984.4937534332
136222013.9716525078 7173.7260284424
136495492.9828830063 7267.2564191818
133513596.4793650359 5462.7239494259
134103296.5109332055 5950.6618620586
133969864.0501908660 5847.2506999709
133916904.7550206780 5814.6769697405
134021817.7452424169 5921.3510160185
134012004.8559841812 5903.3677808978
133828491.6893262565 5713.6521303393
133218700.4942218512 5227.8706006064
134504860.6482540071 6243.9321038853
134472045.0672675669 6242.9215655867
134301214.5064988434 6120.2035977077
133857500.9009720981 5771.4476425946
131653711.8776458800 3136.9616503511
131707552.7565713823 3259.1839039420
131655017.5465607196 3148.8544831072
131662864.3288130462 3234.0262126085
131672042.9257585108 3255.1527483557
131796985.0333977342 3474.8250529981
131643085.2251014113 3046.6660088181
131751549.4567353278 3405.3849602332
131725358.3548041433 3337.7149067512
131713686.9611137807 3317.1240898422
131648898.7210060954 3111.2008917361
131814308.3209496289 3587.1521433807
131772502.9009932131 3464.3295878387
131856289.9249220639 3603.4576882097
131844444.1925258040 3598.3190172884
131811325.9906946719 3510.6604107833
131799800.6827631593 3488.5795059680
131802515.1488915086 3490.4311484314
131749836.7163410485 3392.8638371444
131733926.3161402643 3375.5715460396
131612909.8589235246 2929.0910724579
131582506.5868869871 2844.8293160378
131590438.4183999002 2853.3142657584
131572445.0652429014 2740.2740483290
131587124.1067445874 2850.6305296725
131621324.7865797430 2957.8407552546
132868404.8443877697 4950.8533566995
132989265.4813078195 5053.9610999628
132807464.9473652393 4876.9551795526
132879203.8857784420 4954.8101447626
132913694.7811604589 4986.4153235956
136290351.3567409813 7195.9661712646
135769327.2431411445 6977.5995441079
131623719.8490662724 2962.7505879580
131628946.4366044700 2967.8754232583
131552125.7708245665 2614.5501041469
131626614.5266051143 2964.8112272500
131564214.2378393412 2628.0200686810
135387797.0820426643 6785.7716128826
135408473.2843914926 6786.0556046963
135545577.0224635005 6895.2101495266
135593438.1066316962 6910.8385753632
131508730.8473155349 2327.3315856426
131506385.3337082863 2258.1990514651
131531420.7387848198 2352.7872197765
131524999.1708038896 2339.2291171520
132941685.2358672321 5013.0291373234
132386875.5896400064 4367.0495216718
134388317.4954605699 6168.3302598633
134407759.3898089528 6188.1542366259
134741242.1959175766 6436.0300952792
134824314.3557941318 6457.8948262632
134615840.4745780528 6331.6810386777
135190388.9722789824 6648.3884761333
131529866.3228929043 2339.9002530740
132635599.4109683484 4663.7284051078
132639491.5058442652 4683.9584523338
132711251.7008244693 4780.7748821872
132792174.3750716001 4826.8543084665
132760475.3414394557 4817.0348180338
134552098.8274448812 6268.7057405428
133909690.8635597825 5801.8708109707
133985225.2970577329 5857.8237347798
133880610.5096487850 5781.5620177137
133842092.5485772640 5750.3385232212
132658849.5518342406 4689.3410621687
132536573.1336912960 4581.9332130953
133293814.2169842571 5303.6267545739
133441570.6549966633 5393.6614657962
137280937.5652168691 7489.7635345459
137501370.6409688592 7502.9546356201
137382626.8328121305 7489.9317016602
137272086.3794801235 7487.2959861755
137405132.8811006248 7502.2154769897
137115920.4257844687 7479.1131553650
137005218.2098237872 7443.6708106995
136942317.6030635834 7395.5562248230
136998782.8534656763 7429.9022102356
136838418.1091608703 7370.1222572327
136861661.3245769441 7386.5606765747
131979076.4759428352 3875.6508451328
135007616.1094264686 6550.0394691229
137624624.3770305514 7516.9709587097
134165875.6049677134 6030.1498840563
134164427.2858753204 6005.5051073730
134152048.1833565533 5997.3201126754
135107559.1211384833 6584.4995964170
136257801.9341833293 7181.2674112320
136528029.4459560215 7286.2490830421
134143931.3840397298 5988.8081585541
132008838.7801258117 3913.1613003958
135180270.5073789060 6639.6865823269
132890807.2718321383 4955.9199885831
132981210.7620704621 5034.3888082014
133022844.5017739385 5087.6284518345
132970011.9714808762 5026.6712159614
134559863.9160569012 6279.1164665818
134394029.0811760724 6169.9205233157
134510224.9834371209 6267.4878346026
134353247.5915153623 6160.8175832331
134441615.3295166790 6224.9067856371
134304698.4064220488 6121.8534566462
132630871.0823329240 4642.3384855269
132592277.7623986453 4629.1189086913
133843151.8040557057 5751.1991484510
133792197.1095666587 5687.8060973035
133739807.4819841832 5671.4157603132
137698929.4671432376 7517.0513801575
137796033.5220075548 7541.9822616577
137723146.1411240995 7537.3738746643
137717716.5993514657 7529.9784011841
135967312.1338501275 7062.5179615021
135723584.4830761850 6948.1916660070
136369000.6897873580 7248.2322163582
136557950.4036219418 7293.4104557037
133633254.9366811365 5558.0715375161
133603428.1664159894 5558.0335628018
132554488.5728549510 4602.5503471374
135878292.1975246072 7043.3966293335
135679703.3738446832 6932.8102059364
135540611.0194706619 6884.2677628994
136811254.7888256609 7348.8024749756
132955912.2024331391 5016.6134724720
132936566.0774361938 4991.9759106739
135347529.9526734948 6757.8427571058
135528158.1065818071 6881.2370314598
135381323.7855862379 6772.8542965651
135414372.2876042724 6811.7012447119
134578760.9637535512 6291.9510167539
132324583.9462103248 4325.2848828586
132430084.0364733636 4434.7450269016
136950886.9944759905 7413.2846488953
133646276.4610922039 5559.5822262904
136022201.2207386494 7075.9316334724
134623617.0829704702 6333.0060012937
134683432.8613912761 6372.6273597181
135746487.9730541706 6952.0518092513
136709422.5126900375 7342.5006546974
136103433.5137041211 7107.2016706467
136356520.7182453871 7197.8201475143
135940007.6862622201 7051.1791701317
132381531.4175686389 4351.7401915344
132252335.5196184665 4217.9452553543
135497496.2371860147 6854.4844979644
132486896.9158490449 4523.7220843314
134615806.0022437572 6323.0676275878
132746585.8434579372 4804.6854499384
132357462.3124868721 4351.1197683683
135296497.6231952310 6714.1339334249
135198841.1044716239 6657.3727854490
132322032.8749129772 4274.0351450315
134121226.7467800677 5976.4214763418
140781710.4754537344 7622.8470115662
133092342.9147494435 5131.7532332643
132184574.5957952589 4167.7132355320
140651908.4435838759 7622.6987571716
137529034.1039782166 7512.1848831177
137591175.9571605027 7514.8374824524
134235578.7174322307 6057.6011627056
132570490.1888137907 4609.4777940317
135028093.6185654402 6551.2222111225
135818473.8413875699 6982.4012427330
134380245.0027582943 6163.4960509837
133596158.8389519304 5537.1999373650
131906577.8941932023 3684.0117265629
131947992.2224343121 3791.4705919670
135048402.4794110656 6573.8708868623
133117265.0927507877 5134.0199977367
134643041.0173012912 6361.9909523427
134808150.7474220693 6449.1268034279
134961445.3579822481 6544.9908244610
134632554.7904173732 6342.2644904554
134691916.2744488120 6396.9434978068
134731617.7767089307 6435.7948811948
135129209.5975364745 6618.9165775180
134873444.1970760822 6478.8651767373
132418879.8206967115 4410.4963734897
134938617.0388298631 6524.5706800520
134931020.7333704829 6515.4677399695
131923097.1561657935 3788.7203145372
131888846.5153282434 3683.3026173162
131921443.2368027717 3784.4387560711
136454648.1498582959 7249.2656593323
136178938.1494508684 7154.8013281822
131860452.1380612999 3618.5772259282
135248968.9015311003 6673.8012596965
136050235.2176172435 7105.3434634209
132724138.5632358938 4795.0245078607
133505042.2078325152 5462.1560387826
132165160.7531365603 4109.9375107335
131969097.0024743378 3875.6170240268
131878044.0256655514 3682.7580615208
133173170.5400714725 5209.5772109135
133062366.5909107178 5112.0098996266
132844486.1534020454 4901.2143024011
132669720.6084988564 4723.4828771158
133472637.2509230375 5435.1826575107
133546337.3779630065 5524.1645194571
133579185.6547988802 5535.3254987281
133574252.8829276562 5531.0066506016
135337871.6915097833 6739.4567945004
133359871.0928992629 5337.5956383863
135256993.1483968496 6682.6732146740
136028141.4723773301 7083.7000999451
135766026.9054825306 6970.9499616623
134854711.2788534760 6476.3035755754
134882427.7321894765 6492.0050373673
134249382.9528257549 6069.9466409460
135319847.7946900129 6716.9488553405
135125034.5394551158 6610.2786039710
134950861.1151990592 6528.4127544761
133803066.9854754359 5691.3157893792
133682552.3038272560 5627.9717749565
133417755.0988277346 5365.1513872082
134704728.5948109329 6400.2391578853
136175295.8898515999 7114.3187751770
136671001.0780973136 7313.6557769775
132399470.3526517600 4367.3726109627
132314497.3340701014 4273.5191309324
132404791.7008379251 4371.4095315102
132267641.5043116957 4257.5893776289
132480993.9551358968 4480.2944201036
