51097100.6572211087 5039.1707471540
51066047.5984149054 5030.7443398680
51026714.7679781243 4959.7596077123
54494141.7079963908 6471.0164489746
50835549.3501939625 4646.6447910541
50826345.0816176683 4645.9756159633
50809631.0645490885 4625.5700572918
50827636.8531283215 4645.9823834174
50682280.7351069748 4100.4963009798
50676815.3344516754 4083.2073256702
51475424.1847930774 5345.2058508685
50924648.9364057034 4844.2449829759
51202751.1015068591 5156.3053759284
51902554.0787365586 5632.4335801601
51821188.7045921832 5585.5486131310
51378827.5854311883 5287.2908500761
51377449.8975530565 5285.4096169397
51363297.0537639260 5261.4793726077
50880099.0830361173 4753.7031198594
50890764.1343906745 4761.6455834657
53553689.7434913814 6253.8499641418
51885479.3776223734 5629.4698876143
51758960.0244996101 5544.0459812880
51039924.8304449618 4976.8059213850
53317921.8632706925 6208.0815486908
53259010.5260534808 6185.7468042374
50884993.6816959530 4758.8603446333
51017060.8425386548 4959.1182982418
51006195.0559378564 4956.9937519007
52688588.8361525089 6015.6667546034
51155829.8540243655 5095.1936730257
51319145.7677142844 5234.7494418047
51160140.3786686137 5101.7011882089
51965466.6120954230 5657.9281239510
53861096.1154391170 6361.3345203400
52312909.3200156316 5846.5464116335
52122695.4054062441 5761.8345513344
53252151.3685895652 6185.0831308365
53222416.6766240299 6183.4020528793
53128814.7651770338 6163.0510339737
52466799.6973483041 5914.7310976982
52389587.8696980178 5910.6371178627
50908069.2688656822 4839.7385195687
50853246.2498022094 4715.2074453720
50903624.3523985222 4839.2765087726
50735129.4356038496 4391.3979893585
50693706.5859898403 4281.9378453156
50687013.9245326295 4201.5190688716
50686968.2685707435 4182.2932132550
52787963.8369138986 6032.6973118782
52905955.5576372221 6069.5865554810
52799674.7280508578 6057.9534301758
54164532.9333132133 6405.3461532593
55323260.7723784372 6598.3168563843
55735236.3860840052 6645.7766571045
52161380.3472216651 5786.0038505793
52371810.7553458065 5892.6990008354
55752573.1734266579 6660.7051315308
55384828.6340374425 6630.0801391602
54458229.1303841323 6468.4726600647
51309176.0617567897 5223.9980647704
51167411.9832984880 5123.8837920449
52204805.2686002553 5795.5274494383
52237286.1592314169 5816.4524171948
50814201.2053014562 4634.6832590207
56779451.3851776123 6759.4313735962
56194611.3546342254 6716.2910461426
55901773.5760179907 6680.5896873474
56722212.8714744449 6749.7089233398
56264881.7009424418 6727.6768264771
56629480.1615622640 6747.4616165161
55069292.9893455878 6572.0824584961
54848097.5276928693 6541.9272003174
54397297.6786309406 6452.5623054504
55477682.9648731872 6631.0705413818
51222875.9579054713 5167.6498623714
54203951.9955823198 6433.3299331665
53732621.3199543729 6318.0686130524
53777618.8612954617 6327.7677955627
53710419.2318234891 6312.7184219360
53966476.6279930100 6385.1731643677
58030626.2644982412 6853.6181793213
57786173.3240543157 6835.8561096191
58461862.5952433944 6882.2518920898
58010244.8995460197 6853.3115997314
58952020.8129626364 6915.7467346191
57968836.3992443159 6835.9337310791
58309105.7832711488 6880.9778594971
57975479.9757176712 6836.2394256592
55560757.3514955193 6644.1866149902
56402725.6632368118 6733.4494705200
55001499.6216177791 6568.7613487244
57225503.0634610876 6795.9033813477
55330497.4537210315 6600.9329605103
59493298.4221770018 6915.7738876343
51572425.8650314808 5420.7566785330
51216559.0664574802 5167.4854598896
50991527.9656347185 4950.8316370206
51203876.9419900551 5156.5964781003
50954723.4648950100 4873.1101367048
50953028.9421717227 4866.0513909202
51379652.2258186564 5293.0613934463
52604722.1451295689 5977.9712607861
53080756.1035048813 6122.1268508434
51460673.2460840046 5339.8971379963
50723016.0351799130 4339.9809588962
50765156.5749527961 4439.1638483950
50745415.5911395922 4436.2856559330
51865767.5443245247 5607.9481124282
52046590.8676783741 5702.5868632197
51799449.1667003781 5576.5875775218
51832935.0201826245 5597.8213879466
52288434.2208298966 5836.6728441715
51372248.0718755797 5273.7428095266
53850037.1733644903 6337.4346427917
50790431.2547305897 4550.0271173567
51530044.6825449318 5400.7397803388
50916429.3959415108 4843.8204275410
52583706.1078594178 5962.9629545212
53980269.1773964614 6390.0640258789
54199147.9944529831 6412.0961227417
52987663.5753064156 6113.3351860046
52792028.7563244998 6040.6142354012
52795038.7508435696 6040.8670444489
52502917.7298324481 5924.8865416022
51530053.4581285194 5405.8692949852
51432339.4153255224 5338.0279363459
50870574.0642977953 4725.0303250897
51463190.6413061023 5339.9141935543
51053021.2026202902 4986.9832711206
51780083.3488571048 5565.4074143171
50786056.0682355240 4517.7203778909
51858566.4309748039 5603.6797345877
50851402.6495424807 4705.1626136079
50853769.2445053011 4717.7483264380
50805868.0075763538 4580.1566289440
53162504.8816423491 6164.1942701340
53036762.2052076161 6120.9283628464
51114761.4746241421 5047.1363340573
51580468.9568119049 5422.7714647651
52029923.9007077217 5699.6277666781
52085709.4874297157 5736.6486244891
51027852.0679709241 4959.8148412392
51041551.9488383755 4977.6885935756
52913104.8803381324 6077.1815910339
51536357.2689983845 5407.1720262608
53297704.0181406513 6192.3693695068
53296335.4539220631 6188.3463201523
50708235.7840303630 4299.1673467470
53634705.3278123438 6273.0504264832
50962877.1711543649 4873.3946766212
52650331.9336485639 6013.9042930603
53221043.9685314149 6166.3623542786
51855380.3222636804 5603.0200030208
53468200.1204365939 6236.5653381348
54996992.3854027614 6568.2302818298
53797684.1470328569 6334.3727149963
52734752.9709378853 6024.3535833359
53509205.6310844943 6241.6822843552
53088640.1890559420 6137.6292581558
53299336.8307838812 6198.4163770676
50984924.9155781791 4917.7882164139
51107199.8980730474 5042.3095448632
52967787.3092050105 6101.1818332672
58601033.1587024480 6893.7146377563
58076176.4439226836 6858.9457626343
51700499.2217402309 5511.0108869852
57352807.9337737635 6805.6391983032
56802597.5970947519 6766.2647933960
57127924.9704230055 6791.7370986938
53912480.6191759929 6366.4244041443
50781135.1770438030 4513.1874043240
56074995.1372295469 6698.5519180298
57454440.0500434935 6816.5819168091
57399209.6630615443 6815.4438323975
54633065.0651560277 6507.3676109314
56928922.0359451771 6773.2401504517
54405197.1864989102 6465.9171447754
54912178.0928177312 6559.0388984680
55361205.9613286406 6615.2010307312
57739837.9049959406 6832.4165725708
59757347.8111480176 6935.5315246582
51694052.7343151122 5503.5924164535
50779781.6950261667 4468.5674460679
50719783.2843175158 4309.9091983398
50709942.8135619238 4299.2672844490
51728178.1349955276 5531.3469921545
50789717.1812534109 4530.7638384526
51353404.4963116869 5254.6245304116
52063123.7244378477 5718.4501877520
51605211.4142871276 5443.8964243312
51514840.0151283368 5381.9351669264
51586083.2738774940 5441.0810011560
51523441.3586354852 5393.9225466825
51681532.4244152308 5481.5603195907
51511226.5871966183 5375.3721805535
51386057.7825645506 5299.1502132065
51268630.9710602239 5195.0156860268
51244140.1254567876 5190.0367812164
51269642.4064602777 5197.4646913176
51387089.3098618984 5304.2797278529
51545977.4169540778 5420.0639880737
53412733.9300492555 6222.1916313171
51633825.9506468475 5457.6914826632
50775394.4519106075 4455.0832668664
50774594.3525354341 4454.3080924749
51663606.6121200472 5476.6954514720
51682065.1514429674 5482.0456425883
51324326.7543363124 5237.4815880125
52484009.3225310892 5917.2578254938
55706661.2318442389 6644.7915573120
52361006.2576423809 5871.0710604191
52492931.0743196532 5918.4685555845
50865151.5579508692 4720.2257411405
51976600.9437548891 5672.4787129164
51395209.9099168405 5308.7263651555
52111265.8613981977 5740.8385800123
52199367.3601928502 5794.9216091633
52152712.3278112188 5768.3300667405
51477433.2268649489 5345.3964472339
51934998.6531909257 5654.4190031886
56423443.4569862634 6741.4856033325
51769635.5923526511 5562.2299345732
51138980.8667045534 5065.7739700302
52878872.0189838186 6062.3498888016
53490757.7565058395 6237.7195463181
53095328.9116947874 6141.8172235489
53102549.3643591255 6149.1034622192
52069747.3377336636 5727.9844394028
52962671.1246908307 6099.1634864807
50805496.1491149291 4552.4808170212
54583674.6457448304 6490.9067115784
54042478.3475579098 6403.1746749878
54380957.2492060810 6452.0811042786
54659940.7143356428 6537.0068016052
50720256.9212768972 4311.8225367051
53824426.1569122523 6336.3967170715
53459421.2779509053 6231.8178672791
53742514.2195573300 6327.0921287537
53578643.0851966664 6272.0199909210
50935477.1720305011 4860.2932015125
52644620.3735480085 5997.9281406403
54575242.2952654362 6483.1125793457
54166304.0597714931 6411.0629138947
53686869.0532958582 6280.4760856628
52580165.9233104587 5961.1726942062
52344142.9804638922 5870.2758257389
50716310.1490974575 4300.8577315789
51144914.2602957487 5069.4392385297
52937193.8402642533 6083.5521745682
54314986.1914535165 6434.2661781311
54597966.2444976494 6501.1717071533
51337125.4141864106 5239.4217986828
52212924.6287292466 5813.9660320971
52157057.5871207416 5771.7324848864
51034250.7455855906 4965.9924601316
50972787.0759452358 4876.2680880978
55865285.5833659098 6676.5198211670
51007332.3559306562 4957.0489854277
50776535.2024119273 4455.8172369772
51127280.5597651079 5065.5712410266
51470955.5838443190 5342.6067479816
51290001.3224770725 5208.3894798383
55942081.7361323535 6686.0375213623
53401465.5809323415 6215.6407737732
51200211.6138968915 5123.9237323815
50929455.6660424992 4851.3209374696
50946575.6729758382 4865.2185951471
54533594.8460343331 6471.2316551208
53700937.4163253680 6291.9805412292
52094328.9419057518 5739.0278816223
55019426.4956863001 6569.7517509460
55161223.7378419265 6596.3016662598
51032207.4515656009 4960.5117871934
50848371.2314532846 4647.7843862050
52374734.8374425247 5894.7826375961
52503560.0603642985 5928.0635893345
52732108.6636148915 6022.8543214798
52612063.0207991078 5980.2984819412
52622294.5803073347 5981.3106489182
52585282.2553019449 5973.7967615128
52511176.9736056179 5951.7646646500
52007095.1560146734 5691.3985169623
54357009.5212479904 6434.6115989685
53697466.0309213623 6286.7992439270
50768001.3541314527 4446.8427191549
50767089.0437201262 4445.9671628051
51674498.6178368181 5481.5277846535
51725179.0033749640 5521.5904877968
51933909.8488494679 5640.9660691674
52006895.9280477613 5674.8271933869
53562946.1237770990 6270.4420871735
52342131.8689587414 5846.6348820925
57714300.0826901942 6831.1115036011
53512268.1238138750 6252.9643917084
53481803.6132858545 6236.6156444550
54540347.2725571394 6474.5624923706
