120874965.0785685927 52522.2267267257
118758660.5093310028 45557.9469146132
121439056.1409070790 53993.9039764404
121645654.5825302005 54326.9606246948
119959403.6951327473 49698.1626167446
119783771.3946053833 49151.5732464939
118473018.5748031884 44550.5530097485
118667761.1034846902 45219.9663418084
118546631.5944259614 44994.5080200583
118741801.0593030751 45548.3412557244
118550576.8941697031 45090.4277065545
119902524.7604934722 49663.5660591274
116779288.3015629649 34276.6205606330
119059199.0488343984 46695.4804854542
119236199.8308304399 47573.3852854371
119248071.8142534494 47712.4680033326
119041334.8031722158 46674.4332903065
119013035.2470792532 46662.0502641797
119465528.6263163686 48289.5239115357
119175300.8932737261 47353.6620092988
119209125.0364491343 47510.5754309297
119363637.2838693112 48133.6538859010
119630137.2587291449 48803.7129774690
119448534.7671168596 48235.1220865846
118669873.9416139275 45220.5358228651
118878270.0869897306 46112.0833871332
116554067.3264382035 31956.2953946544
117705649.0874435157 40545.5709194792
117717749.4793307632 40653.0300874626
120645796.9618630409 51869.7902221680
118268696.4555843920 43639.2072575008
118824261.8574634194 45888.2949895859
118879204.2129836828 46150.9886751175
122484156.4798477143 56003.5836181641
122429601.2472167611 55965.3685302734
117201526.4955819398 37306.8620850947
116997912.1263450235 36010.8917112378
116846647.9020813107 35024.2862214949
117144020.4921470731 36865.0588421728
116977745.3524408042 35953.1292767432
117264614.9459238499 37580.2323733866
120923803.3016768396 52784.7808914185
120684484.2818230987 52079.7083587646
118627404.3285827488 45173.9940864742
118441389.3606797904 44445.8035488725
118485991.4637172818 44587.0383926779
118378653.9907463342 44382.9974642843
121248505.3468225151 53485.1093292236
119773205.3991024643 49143.7616772801
122042204.7841951698 55246.8934478760
123187006.9856180847 56412.7484436035
123755948.6940183789 56605.0758056641
120163027.4864307195 50561.9662094116
118163279.9193742424 43201.9986349707
118278363.5064404309 43819.2753568711
118110500.5010555536 43160.5002754750
118314191.7675263733 43867.0901985858
116508942.1750860214 31272.5890705697
122986542.0483212918 56393.1621398926
122929259.3503699154 56256.9997253418
121507564.8448551297 54002.6100158691
117155444.4743870646 37214.4382460071
117269670.8479431868 37723.0832490874
117326033.3433436453 37960.6283787768
118323722.6792976707 44061.7183904685
118163789.8338242173 43338.1045315266
119064446.5004922003 46703.6459325254
118815804.8497513682 45857.5968302190
116403308.0710071921 30770.2421192257
121958820.3110548556 55127.0908508301
121767384.5873922110 54666.5294952393
123553677.1501973867 56490.0459899902
117840328.0368378907 41411.9933714783
121887017.6295540482 54886.7712860107
119803506.8853865713 49206.3840398788
119765530.1564641446 49116.8808121681
122091889.2223847657 55286.3309020996
121861286.1678484231 54789.9468536377
121909848.5141116083 55015.5554351807
116513641.6733651757 31399.5394281521
123773556.3597341925 56673.6113281250
118886245.4834550470 46238.8707447052
119084446.1720918268 46868.3229928017
119114365.2966455817 47126.5431220531
120604396.9393165559 51775.9757843018
125458675.8603700399 57218.3769531250
120458911.3879602700 51379.8014678955
116926551.9405784458 35377.6607496869
126367199.4348406792 57424.5316162109
126368341.8408821225 57475.7528686523
116499345.1687054038 31137.7311757612
116523696.8577576727 31747.9557360220
116578318.6451802105 32091.4475347372
120256572.0086576641 50747.2358339429
122392699.4996293634 55883.0929565430
118964365.0427487046 46532.0595103316
118961527.3075048178 46430.5527404360
116462197.5818473250 31117.8764891084
116189082.8905268162 27497.9621475853
116082846.8793602139 26242.2422408119
116090816.3877810538 26586.0793273777
116167096.4979392290 27462.5997493595
116226508.7980553061 28378.6582260460
116274528.7531442344 29044.0810274362
116346154.4367459565 29825.6584154693
116446732.4495742470 30809.4500413761
116358528.7350089550 30655.3574333927
116385780.6245358735 30746.4977141032
116275779.4451321959 29812.1796818515
116478073.1828740239 31121.8336785613
117941556.6337206066 42167.7884884812
123949348.5075871795 56779.7191162109
124430910.1741082668 56943.0703735352
124445683.3473995924 56962.0986328125
123365225.1014478207 56477.0600280762
117476930.7808736265 39352.5116693927
118720399.7366064638 45421.0985739231
116846571.8711458445 34671.9403366996
117428023.6896892786 38769.9517998649
118175001.5069036037 43490.5831333762
117191951.1149235666 37249.4366372144
117104502.7382778376 36640.9030524213
122956534.9296053052 56307.9983215332
122710593.7312330604 56176.6269226074
122536721.2379086465 56100.4116516113
122848512.2999707609 56214.9759826660
124550790.3981994092 56981.9149169922
123882863.4160723239 56706.0899047852
124557169.3264655471 57018.0573120117
117597448.4087053984 39988.9770952826
118541268.6269463450 44743.7688447088
121743543.8865796924 54534.2247085571
126053767.3658390045 57384.0057373047
121653854.7182994038 54467.2437973022
121800780.2232706249 54691.0936431885
120002270.1321195215 49822.3014409542
119858486.6174261719 49425.6855754852
120061379.5404429138 50208.9488506317
118686030.7505235821 45294.2405843735
120033855.1642281562 50195.5405436158
120162455.2608644217 50393.4270716310
118105865.2844478041 42780.6223448962
118053643.5930365026 42759.3265018333
116822092.1440979987 34327.7014557589
116668173.1253948808 32966.7112095226
116736301.1228428185 33873.6974654831
117319871.2387275845 37873.5444025947
125362457.3561276197 57166.4032592773
118706242.1745531857 45303.3396966425
118360117.4305215329 44197.8221096992
117673406.9630388170 40474.8958127536
117808094.6405499727 41390.6422088183
118229343.1010601074 43496.2206742764
121860268.9460369200 54753.4485168457
119811031.7993857712 49274.7133331299
119842229.2179639786 49315.9725906849
118865821.4584453255 46076.7653284073
126229082.5548059344 57417.8909301758
117852613.9706470966 41548.3692259705
118263551.4502782375 43535.9347407487
118532583.2383375317 44720.9047037214
120666502.6648202389 51919.1819839478
117373601.7606907785 38484.6673628390
121620799.1142081767 54161.1891860962
121722747.7216306627 54495.5029983521
121790198.4935019016 54669.9083404541
120776157.4196540266 52349.9059705734
120542832.7295803279 51666.2340068817
120388966.3716156632 51129.6201171875
117053435.5112660676 36040.3326005209
116824269.4401867241 34494.3295680797
122345856.6593140960 55737.8643493652
122231115.3572866172 55577.9856872559
122161837.0035981387 55501.4430236816
125636755.5568033755 57274.0127563477
117469612.4693251401 38811.7951518577
119877321.9303168207 49631.7791071534
118322631.6772120297 43988.1476213932
120290279.5842947066 50990.6011352539
122890518.6532612592 56237.8360290527
116681452.0466716141 33264.7546785809
116706126.9481544048 33712.3155898917
117343198.9574505836 38144.5644651949
122352714.7366715968 55821.0238952637
116783228.8307553679 34302.1398372520
117063680.5302112252 36382.2740373742
116971564.4322619438 35804.4528113324
116634192.4190602005 32316.8141502321
116619350.0887907594 32299.1924308764
117793753.4893215150 41308.6299006976
117756232.7015703768 41284.7967579402
125832260.4847624600 57299.8654785156
118809620.2543387264 45830.2454807758
118524481.5873038620 44603.2039758712
117854150.0361088961 41586.9874544060
117148088.5071163177 37007.4808239583
117083885.8029843122 36473.7002758970
124627263.0816742182 57051.4148559570
124751162.8491910696 57110.9594726562
121609099.3994311392 54152.9379119873
117239378.5968408734 37495.4177541686
117539738.6805981547 39481.1625885917
117458326.3083484322 38804.9139864510
124278604.8631971776 56924.0261840820
117891290.1970774829 41822.5936960261
117909362.2699813396 41949.8364812499
117998497.1704410166 42584.0200235015
120352983.5369088501 51039.4767227173
120487422.4857095778 51433.2392311096
120503716.8396580815 51502.7804489136
125394965.7353091836 57175.8610229492
116649266.3157584369 32824.3703746665
121307522.6240731776 53543.2370891571
121046070.4563566595 52955.1435966492
118937668.1898438483 46417.6876944117
119147678.0860188752 47187.1610400826
121381279.0029048473 53848.3274536133
121178572.3430616260 53239.0664825439
117054681.6300687939 36222.0810921369
116910460.1687877476 35350.6196119916
116945272.3120828122 35414.8189287316
116908006.7568856776 35305.5038437378
125772281.3465260565 57293.9321289062
123297146.1330314130 56423.6356506348
123088198.3672058880 56408.8064270020
120617970.7177887112 51794.5235443115
119676010.9494463652 48915.3148584962
118248474.4265219271 43502.9790703952
118532480.8896891326 44635.1169497520
117890890.7045522034 41657.0491823284
120914443.1719045341 52602.9966106415
122858593.1084577441 56229.1573181152
119326476.2043120712 47806.7021036744
125431272.7065472305 57206.6618041992
118310073.7670884579 43853.3729956150
117949134.8604504317 42180.2170974370
117957297.5099995136 42199.9604819473
121096547.5326197594 53111.2282867432
120959095.4468495399 52795.2445678711
125893645.7559100091 57306.1547851562
119594490.3029596359 48632.1311278343
119325332.3586588055 47725.4435297223
119472519.1105964929 48359.6716623902
116716844.6959238350 33795.4882106651
116707881.8009428829 33741.5151882041
119498313.5295976847 48397.4629831910
120436832.9579026103 51231.8861694336
121607788.5554654896 54117.4944839478
125461540.5816528201 57220.0158081055
125576188.3962514699 57232.0176391602
125386207.6247818023 57171.2911376953
124179385.6994936764 56919.6780395508
125984533.5193155110 57327.8200683594
125587806.9358300567 57236.8338012695
126051801.2476493120 57339.3956298828
122531550.4235475808 56093.8051452637
117550835.3237665594 39652.6817669822
125293068.3415048122 57164.5400390625
125673136.1078947186 57286.2700195312
125242453.3137543797 57160.9745483398
126035882.7968890071 57338.5415649414
124785623.5074392259 57136.7355346680
117345055.9071981162 38312.0045442535
117515018.8252339959 39459.3064794494
121203975.1750791520 53372.6413574219
122119809.5260322988 55411.2052612305
122256169.9740751833 55736.6864624023
121315580.4831983894 53610.9954051971
121524145.1508203745 54095.0005874634
120518154.3126819432 51546.5191268921
121042456.9533850551 52914.3178195953
120133117.9227603078 50290.2640416622
123593773.6446780711 56503.8202514648
118858745.7149166912 45980.5693273544
118469809.2405696958 44505.7963664532
116613487.9871818423 32163.5552235059
120160047.9147375375 50340.5257960260
117611219.0585614294 40075.3397804825
119729376.0698914230 49040.7227540016
117807573.5162238479 41365.2551434077
122041530.7749618292 55198.8976669312
118037219.5030184239 42639.2451624004
117390762.1312982589 38746.0157136871
119594285.7038022727 48615.2682072818
119550237.6409332305 48488.5827214420
121084352.3397505432 53035.0482940674
120922031.1630325168 52635.0723266602
120640492.8651348650 51819.9880275726
121061012.8993516117 53023.3150768280
120864440.3464903235 52396.9881572723
119952310.2449009567 49682.9874354303
116634649.0483109355 32322.1237968432
120405233.3179729134 51164.2166748047
120386194.0162119120 51082.5198440552
122351509.1785658300 55818.2393493652
123659920.2648288459 56550.9299316406
121628524.6223731041 54261.3587856293
121307011.5135768056 53531.8769226074
