115587237.8432029039 342504.2407913208
115774483.4527135789 395235.7689819336
115958014.9877996445 431543.0914840698
117636979.2270676196 577808.2406311035
117500366.8314554840 570703.8067932129
115621181.0627193004 353889.9225540161
117639884.8402861059 579956.4353027344
115590932.8569861948 344332.4247589111
117822033.9978299141 588766.7114257812
115918847.0703336746 422823.4373321533
115999116.3320436031 437069.3008041382
119469571.1061800271 663733.9128417969
119821282.8412898332 668197.8134765625
115854123.1086163819 411847.6323547363
116374579.8464968950 481087.2310943604
117375782.8040988147 564177.9454498291
120823622.3280244321 691733.9353027344
116549397.4735425115 499500.7686004639
117230946.3291760385 554834.4151916504
115550520.6760809720 324829.5212249756
116157254.1495102346 458470.5098648071
115842930.4291144311 411612.8194656372
117270803.6475772858 558928.9209823608
120001474.3613450229 676519.7999877930
119838703.3393698484 668602.4225463867
117320204.0013687760 562035.0433654785
117227087.2938707918 553214.7782745361
116588942.8504636884 503637.2114715576
116534725.4329198599 498074.7229461670
115814601.6898305416 404214.2335662842
133634414.5513513237 772376.6533203125
115947175.8096175194 430222.0232315063
116089675.7693448961 447788.2948226929
116851607.6445681453 526866.6928253174
115765087.1724653244 393610.4752349854
116762349.9723754078 519666.0646514893
117013601.0128903836 538970.8311920166
133365617.6743728667 771976.1298828125
117568741.6160659045 577241.7851867676
115610016.2853750587 352878.0158157349
117077177.0401644856 544969.3732452393
117434759.3760958910 570049.8741760254
117772100.4894291908 585349.9879684448
115882681.0168292373 418264.8538436890
116740850.6222370416 518400.9570159912
116944663.6691569090 533616.4160003662
133352663.6357394010 771953.9238281250
115574599.2319463193 335379.2960739136
116600628.9622227699 504521.9081420898
116962621.6654373705 536954.5424346924
116409175.8135282099 485621.7197265625
118285320.2646937668 614722.2784423828
116830108.2944297940 525601.5851898193
115634907.0790926814 361090.8319778442
115622268.4678360969 353965.8872604370
115789926.1136946827 400399.7688903809
117829167.1151307225 591013.1965332031
116629836.6013678163 508313.1074066162
116477928.8295944482 493549.3618621826
117239170.4084867090 557073.5116119385
117124615.0337595940 549058.6808013916
115891899.9806367606 422295.0345077515
117149912.7362939715 549872.8834381104
116924343.3406976312 531770.2030181885
116863911.0342707634 527077.7155303955
116719094.2735605687 515513.7355804443
116685284.8307102621 512299.0154266357
117035357.3615668565 541858.0526275635
133045343.3936344981 771146.1572265625
115692151.4283301532 377952.4745407104
116186461.7886553109 461259.7457427979
115838895.6652170122 411081.9839324951
116468475.8706205934 490873.1631317139
115863571.2413528860 414896.4486083984
115539660.2162689269 317457.9386215210
115827702.9857150614 410847.1710433960
115799374.2464311868 403448.5851440430
115903092.6601387113 422529.8473968506
116448721.1904494017 489758.1625976562
115778733.4341927320 400164.9560012817
128538436.1164490581 744581.9526367188
115734301.9082112759 390175.3487625122
116873363.9932446331 529753.9142608643
117266419.2400704920 557973.9118881226
116545063.1706959754 498419.9665527344
115597377.6741184890 345753.0710983276
116438383.4526732862 489412.9189910889
117731733.3465009034 583417.5353317261
115750404.6949088573 392766.3701019287
116731397.6632631868 515724.7582855225
115705973.1689274013 382776.7628631592
115638931.8953286707 362341.0724792480
130019702.4051117599 747130.1774902344
116574270.8098410368 502211.1658172607
116706784.1808486134 513564.1230621338
115724662.1409812570 384638.4574584961
132466320.7462533712 762437.8923339844
116335605.8599580973 478329.7357788086
121525955.1129183471 704932.7277832031
115652166.7652561814 364843.2429733276
115681082.3752097934 374563.9467010498
115791768.5120371133 401004.3943939209
116675831.8717363924 509622.8166961670
117757337.0499942899 584850.7820129395
115544933.2607288510 318179.8760528564
117878194.3621167392 593608.7803039551
116289239.3813704997 472342.9289550781
117691953.1097787917 581646.1239547729
116178278.9868238717 458712.9671249390
121416858.2840997577 701489.5646972656
119340587.4647622854 655512.2772216797
115527149.9460331500 309810.2848205566
117115162.0747857243 546382.4820709229
132337071.4527472854 761508.6970214844
132719705.9039884806 768618.9418945312
115560788.8480173647 327555.6424484253
115522154.8185566664 307806.1010284424
115538010.4058451951 317181.8674240112
115537532.4538613260 314458.4746017456
115531916.1901585609 310482.0914993286
115568154.4148140103 333958.6497344971
115648010.3876080960 363703.4772644043
118224063.6316221505 611244.8189697266
117682638.9936684072 580930.4569931030
132297550.0339614451 761353.7199707031
118092667.5415781885 604854.4757080078
116335034.4695757329 476950.7882232666
116526487.6182702631 495850.9766387939
117025904.4025929868 539181.8538970947
115813976.9693416804 404178.1883773804
118096938.5092137158 606275.9059906006
118241002.4612218589 613014.7325439453
115619848.4669397920 353795.4814224243
116299577.1191466004 473690.1359481812
116260031.7422254235 469553.6930770874
126683673.2479113936 726583.8874511719
117985220.2795590013 598752.1721496582
117559288.6570920348 575105.3123474121
117682605.3945075870 580632.4177398682
115537761.3372123539 315790.8517150879
115555515.8035574406 326833.7050170898
116135187.9116283953 454339.7945938110
118300533.8041926324 615045.8381347656
116065231.3392064869 446317.3577804565
115583697.2453066111 337363.7715454102
115578294.2457296103 337207.4800415039
122030934.1277219653 715165.4797363281
118029073.4753321409 601300.4270019531
116197300.9668374360 462580.8139953613
116220600.6027501076 466258.8863525391
116320686.3522309363 476323.6303329468
116207571.0217396468 463893.2401275635
117846594.7221870273 592051.4101867676
117732039.3474599123 584036.5793762207
118392598.7630448192 617559.3857421875
116101978.3205294907 450543.5211410522
116156297.1447127163 456973.2889785767
115920454.7617963850 424377.3161849976
116178363.3825945705 461104.0042495728
116281140.9753097594 472187.1874618530
127537421.1029481590 730812.4023437500
117822219.5635910034 590529.6957626343
117363699.6894828528 562128.9497833252
115520255.9395001084 306139.0141220093
116075501.3941086829 447629.7839126587
116094438.9783515483 449106.5936584473
115514161.7238134891 299439.2381973267
115509166.5963370055 297435.0544052124
120453765.5371183604 683754.9500732422
115931537.9518782049 426387.0857620239
120310779.7832961082 681789.2198486328
115548621.7970243990 323162.4343185425
117528651.3038751632 572137.8704833984
117910188.7884330750 594664.9370727539
115545916.8784425259 318693.1366577148
125966628.8393544853 720881.8068847656
117425306.4171220213 567373.6754455566
117889595.2501640022 593926.2070770264
117425184.5001057833 566780.3154296875
120248772.7392316759 680351.7318115234
118231293.0989501625 611555.2376708984
115584990.2847368270 337476.6507873535
115855965.5069588125 412452.2578582764
132530094.1750645041 763684.6225585938
120534677.5790147781 685240.6094970703
120200845.8864473552 679908.6766357422
120420124.1218094677 682885.3941650391
115567013.0188210607 333689.7724456787
117791662.9528660476 586237.7018127441
117958685.3016082197 597122.8388061523
115589791.4609932303 344063.5474700928
117229717.4495128393 554397.3128814697
119279336.4798110873 655316.4201660156
115611883.0312236696 353511.1409072876
118590908.6175596416 626697.7576904297
117418937.3139774501 566056.2417907715
118645779.6951439083 632274.9785156250
115656216.9546522051 368109.6978912354
115734040.7277074605 388542.2636260986
126460560.8307992071 725702.6708984375
115922779.7190708816 424607.1700363159
115698367.4345333278 380332.5721130371
116018871.0122147948 437182.3379516602
116032325.9231425077 440865.5742568970
117067724.0811906159 542293.1745147705
119444751.5143173039 660196.5541992188
130587984.0000783354 750366.3439941406
119237791.8307317495 652899.0512695312
115733346.0015409142 387645.9806213379
125239776.2511326373 720067.6997070312
116019098.3293910325 437935.7818222046
118977744.1832302511 645933.0329589844
118829548.7133363932 637714.9307861328
119374782.6483383328 658414.6149902344
116131166.5402487963 453658.0934829712
117789076.8029399812 585472.3423156738
119926443.6902780235 672193.5041503906
119380821.0325045437 659395.1109619141
119101139.6484934837 651311.6894531250
117199080.0962959826 551429.8710174561
116922531.3532466292 531310.9018402100
115604522.9025264382 348272.8662033081
119020015.1660845429 647006.2255859375
115573557.4143910110 334114.9412384033
119641302.0994625986 665458.4228515625
116074806.6679421365 446475.8538436890
121986563.6167390645 714493.7277832031
128490814.9751814604 742047.3154296875
127899239.2524675131 733512.7705078125
115638557.4286341965 361266.5350799561
115671949.6757079810 371948.7501220703
119250745.8693652302 652921.2573242188
115688914.4755594432 377895.6299285889
116700760.3100463003 512757.3164215088
115655522.2284856737 367213.4148864746
119967204.1081785560 672464.8144531250
116863870.9593321383 526976.6739349365
115677057.5589737892 373056.0591354370
116083599.8001694083 447785.5254058838
121700201.3705395609 709733.7687988281
115998421.6058770567 435915.3707351685
116620383.6423939466 505636.9086761475
116054392.1610243469 444996.2895278931
120248793.4061341137 681010.0462646484
120574409.9623953849 687629.3405761719
115697672.7083667815 379178.6420440674
115986813.7808589637 434314.0744857788
116050047.0509307832 442975.8784408569
120296720.2589184344 681453.1014404297
118924576.9136919975 644851.1345214844
116399722.8545543551 482945.5209960938
119154671.8089079410 652884.5117187500
121529137.9576092362 707488.1076660156
115669451.8245797157 370611.8683853149
117067684.0062520057 542192.1329193115
119123072.1689781845 651327.1416015625
121638112.5023410022 707505.7375488281
116428930.4936994165 486736.7202606201
116953128.6315248907 534177.3021087646
121783519.0209238231 714120.0910644531
121247784.9641202688 698824.3793945312
115627301.3446986079 358646.6412277222
117700133.7065711766 581860.1652145386
126859361.7243460715 728905.6328125000
127443704.2336693257 730690.6335449219
115566191.8475943655 327711.9339523315
115596335.8565631807 344488.7162628174
118538955.8116788417 626609.4191894531
118268934.1642629057 613488.4680175781
118078969.0179610550 602746.0980224609
118507154.1377719343 625574.2165527344
121247783.9783022702 698084.6196289062
118208120.0413143039 608338.6947021484
118431577.7493845522 621083.7402343750
121112332.5136083066 694479.8698730469
118132447.7783003002 606625.8870849609
132189249.5957314223 756372.6186523438
118431929.8942365795 621466.0273437500
118272602.1011515707 614572.1026611328
126219045.9248833954 722110.9912109375
118445939.2330290973 622418.2662353516
118263843.8683442473 613016.2303466797
118899330.6594007462 641460.0477294922
118400330.2543068677 619908.6572265625
118849082.3061649650 638136.8509521484
118479222.4347308874 625070.6351318359
118638919.5201112330 628967.1424560547
118731062.9404108971 634643.9732666016
118364667.0600037724 617055.8043212891
128234632.8939149231 739242.7890625000
121449154.2616504133 704815.6511230469
118414339.5930993855 620860.8961181641
121731042.5776865035 713213.4167480469
128081290.6233573407 737134.0732421875
121195308.5208829492 697913.5292968750
121649865.2530915588 709584.5175781250
120763897.9364363253 688283.4873046875
131595010.6000439972 753702.0151367188
121195258.0224738717 697115.6494140625
121190166.9754823893 696244.2918701172
