89651502.7945073396 41028.8517392315
89899701.9376297742 60150.7481694221
89895643.8415082544 60048.5962224007
89848819.2913376093 58022.5340318680
89634653.8112437725 38705.4416468777
89812247.1116033047 56070.4276671410
89801398.7490916997 55725.2408080101
89624196.6127418876 36356.9464429058
89685662.6640399247 46293.3301806897
90614809.5703431517 78491.1519749463
89656844.4494853020 42272.5036695749
89696451.9081171304 48045.5212512463
89644485.5505457520 40747.9009640850
89816841.8457533866 56257.3246666789
89920569.6675698608 60650.0493059158
89686415.6045983881 46357.5662646741
89862587.6432687044 58278.8002562523
91128714.4757667482 84054.2249524593
89758166.4414084405 52399.0085525960
89905024.2404309958 60223.8269658089
89817114.3319805861 56330.4034630656
89780268.2889382541 54171.9862380028
89909412.1934393495 60304.8624467850
89669379.9962409586 43099.2623890080
90666651.0484969914 78803.5847142041
89737543.1382969916 51639.0483446568
91769166.8761514872 90367.6178684235
91436106.7424295247 86511.8730192184
89797567.7895812839 55652.1620116234
89773542.3960305750 54125.0162672997
89911706.0301477313 60337.5036821365
91462621.1506730318 86543.5852842331
90942690.5466679931 80827.0285623074
89720294.7564223558 50105.8195038177
90289279.4470181912 71878.5623443425
89633693.2360740751 38464.0359919704
89956343.9080986232 62008.6592717171
90886118.1970591545 80764.3281064034
90214551.4905928969 70187.1715893745
89629962.1816794276 38397.1666841619
89928584.1913283765 60738.9699406624
90187743.9543700069 69796.0397953987
89642596.5088802874 40479.0646784939
89672436.2064632773 44509.2822731286
89643732.6099873036 40683.6648801006
89974413.4733736217 62431.9556794167
90007571.8063990921 63777.6497392654
89635046.0504829288 38724.1138880886
89642047.3001226783 40469.7099087872
89912680.6119379252 60474.8185625076
89637264.5747833252 40412.0688746609
89683225.4505404830 46261.4733436853
91566883.6991651952 88498.2278232574
89954349.3314504176 61817.5866899490
89972881.7497866750 62426.9249272346
89644281.8187449127 40693.0196498074
89884799.2703013867 58717.9385023117
89700785.4346191734 48072.6776581146
89661355.8935484886 42754.0755298771
89931623.8204720020 60744.0006928444
91698004.2013047487 90328.9182004929
89658529.7593499124 42486.4586408883
89691249.5532329828 46606.6602028161
90395376.2002943456 74194.1810047925
89668576.8693109006 43043.1502516977
90019656.8204445094 64119.9106659889
91079946.8862185627 82573.0171871185
91489363.5032165498 86947.6271238327
91551556.8630455434 88295.7763547897
94684595.9837677330 100330.7284774780
90794724.5220927000 80555.2662091255
89874777.8417215645 58441.6767168045
89792490.2307351381 54642.4484764934
89690835.1456232965 46384.7226715423
90488593.5520288497 76227.3228504956
90346164.7309472263 72560.1191906929
90054614.4283587188 64805.2536320686
89896200.8350061923 60056.5529069901
91375011.4491497874 84619.0408658981
90943034.8889391124 80872.4306313992
90328431.0161197484 72365.1719859093
89722742.1727303565 50134.8135948516
90094961.2742946893 66401.4575810432
89747285.4471414238 52118.4805756062
89734283.0249726474 50526.6759491414
89718275.7313348353 48763.0513763763
90098911.9868170470 66493.2086186409
90141945.3327682018 68108.0848088264
95055159.8507679701 101623.3877182007
90947854.9934910238 82405.3131222725
89771460.6850335151 53868.0566649437
90134724.3570058048 67843.9334306717
89626072.4362459779 36377.5068559758
90682073.3504510671 80003.8762181103
89666553.8620424271 42831.6455000192
89693125.3767370731 46633.8166096844
89772271.3547630906 53964.2070250511
89621702.9378890097 36345.7851832546
89753365.2118466496 52221.8227115124
89665750.7351123393 42821.3272865564
89684028.5774705708 46271.7915571481
91118616.8193946779 83806.4330258369
89827555.8983747512 56415.6145262718
89854930.2111737877 58103.5695128441
89697255.0350472033 48055.8394647092
89680169.2403181791 44851.4534595646
91096661.0713653117 82986.4959424138
93802486.8622216582 99068.5840148926
95268681.5699965209 101881.3374328613
89649817.4846427143 40814.8967679180
89848978.8916593790 58030.4907164574
90138148.4551080465 68011.9344487190
89623849.3158580810 36346.4356104769
89627400.2417271733 36594.8216822781
89627739.0612915605 38378.9270289578
89836883.0081439614 56415.6238628831
98995865.4596728086 107826.9200439453
95283573.6374377906 101906.4460754395
90517513.3494734913 76572.5097096264
90939127.8633590788 80791.9201779366
90790517.8041324317 80458.2686886787
95851032.4063783884 105389.0999450684
90949338.8831740469 82491.4105343819
89995410.8667613864 63432.4628801346
89672145.1376256943 44506.2666004337
89704476.0108096302 48390.7081103772
89756774.5361335576 52346.2602563240
89706351.8343137056 48417.8645172454
89755963.8664039671 52250.1098962165
89863782.8175023943 58372.7516431808
90620209.3218810409 78747.4629490674
89837232.5943890214 56431.5765657425
95364153.9649010301 104956.2297058105
95878245.3020637035 105447.0729675293
90169291.0524934977 68499.2166028023
95298053.0819779336 103691.5015258789
89891812.8819978088 59975.5174260139
89891268.7615705878 58815.0596971512
98968713.8090698123 107631.0792236328
89648431.3418149352 40785.1697681583
89863510.3312751800 58299.6728467941
89844988.3318271637 57949.4552354813
91481527.6757124066 86909.6953687668
89768519.1024407744 52648.0450516194
89747910.9788309932 52214.6309357136
90671600.2071206719 78805.0333433151
91091005.2536081672 82921.6033234745
89713887.7783264667 48682.0158954002
89808416.1520928591 55997.3488707542
89944096.7816588432 61325.3652086258
90764326.7434103340 80070.0740780830
90060813.0002978593 65465.7479639518
90330880.7460525930 72395.5441784859
90593448.6367419660 77980.9200489819
89758263.6398633122 52463.6674347371
89661367.5339554697 42781.0428097881
89823565.3385425359 56334.5790452957
89679366.1133881211 44795.3413222544
89731143.1189339608 50451.0063629486
89839158.7162569463 56684.7966566086
90113032.4155271500 66682.4083561897
89786993.1588082314 54382.4726805687
91089491.2795770764 82839.1573314667
89825024.6698173136 56342.5357298851
98687652.6502566487 107548.3458251953
89784064.5370746255 54309.3938841820
89693395.6978948414 46635.5013671257
89718418.9329182953 50078.6630969495
90270741.3739462048 70572.7683720589
89782624.0157953948 54213.2435240746
91472467.2943281978 86839.5054016113
89759074.3095929027 52559.8177948445
91118238.7189344168 83184.3681131750
89727515.7321847975 50369.9708819725
89844271.5896655172 56760.8409172967
89746639.9375634938 52053.8216934651
89732141.6739742756 50480.0004539825
90583544.6988676488 77970.7343724072
89657107.0343288332 42427.6501315385
91505692.5482555628 87423.1172332764
89659282.6999083608 42550.6947248727
96522582.7600320429 106551.1013183594
89667621.7708511800 42895.8815840036
91793680.9086229801 90683.4625042975
91575911.7549058944 88623.4087371826
90013682.2745147645 63777.7929773795
89647454.5058791488 40775.4953889959
89949453.4833197296 61744.5078935623
90383881.2113232017 73908.2684216499
89745794.8273929954 51708.6348343343
91927340.8540742844 91149.9246978760
90150390.1808299720 68216.1559758186
90399376.4501154721 74529.1821873486
89644762.2730761766 40757.2557337917
89967500.4074302316 62089.8379908073
89694754.6755411774 46702.7531238049
91649673.7783513665 90086.7562103271
96101609.4464873075 105677.2263183594
90410456.7630302757 74539.3678639233
90166631.4099699408 68364.3485511839
89634073.6685701162 38659.8778041042
89673189.1470217258 44573.5183571130
91989974.9751125574 92004.8645477295
89964826.9616343677 62089.7342845872
90090111.8921012580 66155.9784440994
90072850.5305178165 65810.9348230826
89687218.7315284461 46367.8844781369
90081252.9297592342 65816.5832801014
89970505.7949216068 62162.8130809739
89673992.2739517987 44583.8365705758
90302786.5617489070 72023.3278088570
90500637.3552013338 76572.1409439445
89881654.8979999274 58448.7959038690
90011733.7491190881 63777.6892711595
90254100.9871014357 70453.7799687386
89669644.7781196684 43107.3863356821
90434351.2037500590 74946.2790860087
89655394.0857224017 42236.1516008712
90162602.2374353707 68283.3155522346
90478941.1366850734 75161.3092789054
89662108.8341069221 42818.3116138615
89681528.2179645300 44918.7052162439
89675650.2599339038 44602.3595214225
89666818.6439211071 42885.5633705407
90348041.7713958323 72905.4506668448
89718203.8512724489 48688.2108169906
90430197.1251102984 74930.2699589133
90236730.2853797972 70249.2978215218
90468697.1414010078 75081.9355458170
90598774.4014507085 78036.8608959019
90407268.9100881070 74538.9990982413
90140266.8410351276 68089.4125676155
90054744.9932793826 65465.6442577317
90168588.2592495084 68453.2716679573
91384793.2506589293 85542.6220932007
90550438.9935667366 76766.3541757506
89652976.2118757814 42146.6993563920
89670447.9050497264 43163.4984729923
91648526.1834925711 89635.4122555256
91865577.5996983945 91121.6300277710
89652570.7033161074 41093.0878232159
90061965.9690418094 65734.7868561745
90503598.1598293930 76572.4511911315
89963272.5615090430 62086.7688202858
90003372.2587511688 63682.9727692604
90445339.2403315008 75036.6034908295
90178794.3714678586 68633.1225893945
90145755.6372509748 68113.1155610085
91542247.7109338492 87575.7639389038
89962353.2923693657 62081.7380681038
90054222.2509236783 64786.5813908577
90081667.0742231011 66079.9737153053
90097647.8361139745 66420.1298222542
90371985.5869161338 73563.0815625191
91637714.3414490670 89541.7642292976
91596587.8907105178 89088.4881820679
92958387.2009589672 92356.9325199127
90134191.4429614097 67422.7418427467
90699813.3931581378 80064.6598415375
91412419.6419583708 85646.9359970093
89884747.7768730670 58619.1078095436
90466292.9585698992 75063.7964187562
89883822.8840575218 58615.2078351974
90149978.4738118798 68181.1636052132
90301767.6571888030 71890.1532402039
93163475.0761893690 95798.4847049713
90163037.4616944641 68285.5377812386
90525767.0912113488 76645.6116877496
89986750.9411493689 62685.3915009499
90313788.2411274910 72230.3093471527
90422312.2277215272 74661.8894058168
90606480.4764737040 78103.4415908754
90085431.2015280277 66153.0525116920
90535421.6833432168 76696.0990075455
90496022.8893857449 76349.8443923891
91813461.7052845508 90836.5946158767
90388057.2552465051 73918.2643337250
90032404.5849182457 64373.3464875221
90035653.2018776536 64392.0187287331
91161354.1796978563 84367.5155811310
90344883.4671887010 72507.4326686859
90263855.5984427929 70523.6821193695
89889413.0875642449 58740.8204655647
90331795.5101629645 72410.8829906285
90044565.5245559216 64713.5025944710
91619309.8300850987 89101.6696586013
90284996.5125714391 71829.1816411018
90270850.6736228019 71483.9947819710
90232208.4818274230 70197.1675014496
91580144.2413989753 88919.1932296753
90018650.9852087498 64046.8318696022
90115523.8803974390 66746.6444401741
90295853.6769051701 71885.1224880219
90124103.9943409264 66878.7307484448
90006317.1360377818 63701.6450104713
91431155.4249893874 86030.2909164429
89952178.1442130804 61744.5474254563
89959714.0882258117 62013.6900238991
89971970.6664079726 62340.2046418190
89971552.2359175384 62262.7265229225
