90122532.8195663989 66091.0785214417
92267108.9810443372 104867.6121826172
92303077.6933573037 105210.1546630859
92444736.0741406828 106449.2601318359
91629596.8838363290 96890.0679321289
89833556.4257364720 52792.3577863872
90277057.2096819878 70624.7052021138
89866536.6932378262 54726.3197386675
89869619.2880073339 55614.8845040612
89870893.2723785639 55623.2070576958
90004494.1095870137 62183.5979392342
90181819.7445550263 67494.1637768857
91056376.7799023390 88059.0356392860
91062969.5913778394 88121.7180733681
90768840.8071689308 82653.6102638356
90092596.4053263813 65005.2215288095
90078435.9088974595 64837.4128816538
90637711.6065899730 80382.0374015868
90703390.5410538614 81323.1964184642
90753033.2073824853 82485.4706916921
90739712.0129300207 82415.0346753001
90678460.8186902255 80820.9231022093
90652269.3216279149 80383.6697303946
90712684.0132444799 81876.8816871755
90549592.9467237890 78331.0155983083
90654305.6268393248 80452.3288459890
92260559.4207018465 104749.8068237305
90164554.8673227578 67240.7061805837
92571293.5362676531 107855.1297607422
90814120.1557305902 83588.3873586655
90201865.4976300150 68808.8148307912
91907898.7432139218 100390.3300781250
91024460.0753725469 87237.9066728354
91753996.0256739259 98310.1754226685
90341937.1894177943 72701.1955051534
90028016.4593904763 62456.7287178151
92027910.7512393892 102077.3879089355
90237069.9560665637 69430.1016025655
89803604.1234124154 52325.7344801128
92026927.0736681521 101903.0543212891
91958801.9803591222 100705.8485870361
91938756.3813087791 100667.9176788330
91184599.9704453200 89791.2722129822
89791352.0960775912 51698.4421522319
90456165.2175772637 75258.5248851888
89837500.9725474119 53908.7467939556
90255308.1727272570 70543.7796466164
90351423.3311754018 73030.0349464528
90319713.5139154196 72258.2556924932
91852254.6446236968 99799.8540954590
91702236.7315002084 97784.4466152191
89722122.5890021771 44624.0159612149
89712655.6740030348 44613.6977477521
92023856.6281539500 101879.7515869141
92044514.6331588924 102316.8547363281
91992930.8321985453 101544.0298614502
91997231.9450948983 101627.1739501953
90827065.3848103285 83975.8248729818
90424676.9174292088 74723.8183000498
89975275.3621955216 60313.0989507586
92259853.7944582254 104492.8559570312
91605539.0216251165 96340.9086303711
90048195.7167457193 63450.1582183950
90028860.5104394257 62785.1216664426
89736083.6244697124 46779.8968482465
89746761.3192272484 48487.1430850476
89761378.6389575601 48783.9546523541
90879919.4214849770 84894.5691610537
90896209.8463435322 85135.4285956584
90862480.1624134481 84719.3384176455
89923528.4174140394 58452.0681925081
89885318.3559488505 56560.0686807893
90618933.5212379247 79843.7398414724
90595550.0407809615 78784.8144405000
91502272.7597178221 94998.4672584534
91688312.8878355622 97715.4068584442
91798987.8626515269 99028.6129131317
91999943.0847053528 101794.9831542969
89955748.2695244849 59860.9348635375
89905895.9557926208 57826.7745600343
89914279.1522284448 57899.8533564210
89941738.2351101488 59514.7295466065
91124928.3739562929 88945.7360735238
92522536.5336598307 107121.3769531250
91186601.5174110979 89810.5268630981
91625642.6202018261 96632.6694030762
91624199.3699383438 96460.2764205933
91586686.1454546750 96241.5344619751
91968060.2538464218 101045.8722229004
91560706.3354818672 95909.1666259766
91422901.2347396314 93855.5426204503
92269872.3825077862 105085.9922485352
90539351.1173685044 77810.1930416040
90405297.5214055479 74218.5994608104
90388882.9848041534 74196.8273434751
92335012.5343853086 105260.7802734375
92316642.0916274339 105222.8493652344
89993338.2231524289 60934.5251581259
91406437.1559034586 93405.1359024048
91536169.1700052917 95227.7239761353
89777320.6024049819 50287.4604375176
91896062.4023900777 100290.7294006348
90122528.3856517971 65956.7114159577
92397865.3929506689 106380.3364257812
89896469.9415504187 56697.3356234729
91864668.5174057037 100128.4828491211
89693463.6059723645 42590.8741155118
89708035.0621447563 42700.8776708096
90914283.6391641796 85632.2149769664
90909012.9717441201 85624.3008267283
90986719.5492292941 86879.9514653087
90889271.6949558258 85127.7603947520
90145082.4691758752 67018.2998829000
90362629.1578519642 73198.1975419931
90430515.5515581369 74913.3380260579
90021024.2609099746 62284.4214668386
90039919.8760348260 63284.3855819814
90003028.5060046613 61201.5955238454
90034804.0884792954 63176.3144149892
91576494.1427499205 96042.0022125244
91783462.2035423517 98939.8518981934
90287889.3929844499 71013.2405185811
90140067.7472373694 66512.7080463283
90735742.7088896483 82329.2501542978
90117357.2805041224 65745.0748946480
90064442.2497381270 63711.9725808389
91500519.4466392398 94755.9900131226
91329044.2419766635 92365.1754522324
90239127.3355462253 69437.0659656636
90165673.2652139813 67336.7645435445
91162983.0723417103 89502.7186241150
89816206.1861925423 52570.2046990097
89809327.5574603230 52494.9636366069
90191524.3945591301 68252.9968433492
92106086.6278636903 102848.4027786255
90735623.6718546748 81902.6280995123
90857887.1781977564 84545.2302284352
89972148.2545970827 59924.5636342913
89968116.3565625101 59868.2522489727
89742141.6382438093 48222.4047160596
89722778.9198009372 46611.0875716656
90480216.9136521369 76303.4774721079
90224577.2923737466 69261.1940200143
91547120.4631959498 95531.7620849609
91673788.3620899916 97283.9531555176
90799992.7233541459 83218.5586010814
92459612.8877246827 106598.7164916992
92160973.8787758201 103613.5843505859
89762073.4799967110 49966.5048799850
91419641.7937935889 93405.2373733521
91460041.3565771580 94457.4291152954
91461816.9490632117 94661.6506423950
91831486.0549013913 99431.8399200439
90582134.4949467629 78682.3152340464
92044188.6462458819 102162.4363403320
91974411.6090436280 101369.3427734375
91270176.5143377334 91545.2774532139
91303805.7327945828 91885.0832088292
91437512.0076239854 94160.5011863708
90813005.7323540449 83369.9339857101
90784101.9020308554 83215.0150852315
89978776.0070946515 60771.6972236745
90272244.7083449513 70560.4691181295
90192697.3248872161 68753.8735513799
91733525.1086866260 98240.7722473145
91777313.4245074540 98778.0051574707
91772714.1971801072 98602.7744140625
90245324.9430713207 69501.0096840970
90096181.8121024668 65290.6709077768
90364827.2798143029 73215.4345188253
89953058.0963703543 59859.8409246355
89860119.6911058724 54588.7443680465
92249037.0130516440 104453.7029724121
89990091.3556510955 60819.7578921579
90414465.3123608232 74668.0176312625
91999468.1174572557 101645.0628051758
91247494.5381465405 90944.0129072666
91383925.0020802468 92973.3272993565
90691464.2641362101 81185.4167553782
90827795.1719674766 84271.5578098409
90091324.2158552855 64848.8234644048
90143045.0228512883 66870.5547273569
90887607.3114456236 84940.5628595352
90861147.7404270470 84595.3760004044
90820440.9295883477 83952.6668892018
91152780.2185600549 89333.2641897798
91825726.3126491606 99404.2980422974
89783583.7003429532 50489.0977818780
90591090.5968218446 78745.9548280649
89989012.2556304187 60789.6462678652
90667976.0056654066 80714.3739641123
89851045.0561175346 54489.8881791532
91355650.6297215223 92749.6695213318
90572137.6258523464 78676.2024574392
90538076.6382718831 77266.8400113694
90541262.7388550788 78155.7848549001
90573310.8784071952 78676.2251475267
91031718.9148819447 87473.0019522309
91281851.2811791003 91822.4007747471
89875830.3256824762 56314.3611819558
89884935.4025431573 56333.0334231667
91193989.5126874447 90309.6765315831
91214451.4273319691 90446.5113258362
92123145.4545769840 103093.8253784180
89837355.9951091856 53597.1448671632
90318786.9005268961 71687.2668190114
92362182.1725329608 105537.4045410156
92592777.2818323821 107893.0606689453
92092439.3278090209 102593.5353393555
92190710.1974553615 103737.8430175781
90297367.3476375639 71344.6911263578
90370270.8650565743 73225.3830394857
90332928.9296161681 72576.7769203298
90381866.9307489097 73480.0378761403
92537853.4430524260 107478.0432128906
89801289.9216055721 52281.0086652935
91972360.7790645063 101063.5223083496
91862744.1096976697 99905.0599975586
91838646.6264988780 99796.9888305664
92376529.4630423635 105965.3189697266
92098793.9174793512 102759.8695678711
91965299.5551960319 101039.8043975830
90140479.7516286969 66565.0418567769
92384390.9962983280 106029.9205322266
90279836.2917605191 70840.9332676046
90463232.5721606165 75455.6811904907
89787775.5079571009 50609.9219701104
89937484.6529496461 58633.4799487293
90215905.7997952998 68916.6483631246
91659598.0148294866 97024.9477539062
90959691.4167626649 86251.5412071049
92370666.6461595744 105943.5523681641
91174769.7937025130 89789.2589290440
90461902.0001447499 75450.2043543213
90512127.1394802779 76994.3602474742
90186159.9349120855 67633.3845195882
91119176.5457009673 88914.7384656817
91191858.8475218713 90154.9279479980
92182592.0848990828 103675.1605834961
90251979.1964122057 69719.5815999918
90593486.7327573448 78784.4671810679
90070030.9543794841 63958.9246918969
92080075.2811447084 102377.9550704956
90468809.1814952344 75776.5665910654
90712219.4390896559 81326.3637120128
91267796.7282062918 91363.8173542023
92724976.3017201424 107977.8291015625
92121901.0349819511 103077.4902038574
89849779.7793450803 54312.6758863628
91730260.8584046662 97986.7048721313
90936644.3185058534 85780.7949080467
90994566.6620214432 86952.1597456932
91083149.3053256124 88237.4746661186
91960186.4273866117 100798.0712509155
90505351.7060316950 76919.2943742685
90434675.5483236760 75231.3393876962
92199765.1414026171 103966.4360961914
92144039.6535148472 103573.2680053711
90246590.5928840041 69592.5000558011
90162443.3360673040 67228.6933765523
90155720.7294651121 67019.0856571309
91154541.4200400114 89424.2846553624
89999867.3520457596 61100.7086673044
91190554.8706213385 89976.6947466135
92508452.9572817236 106735.5736083984
89797583.8036325574 51902.1102254204
91895176.0177582353 100224.6332092285
90074353.9396504313 64479.3422944359
89770959.7682016492 50162.5831639580
91130720.6411321759 89160.5323348045
91138439.9502426982 89230.1790268719
92392897.1533801705 106342.4055175781
91092921.0252502859 88806.7787170410
92405878.3759844005 106382.7218627930
92390784.5104136914 106105.8304443359
92553123.7164841741 107580.6237792969
90495729.9661785960 76750.2422197275
91672393.1354541630 97092.1073303223
91261125.7262507826 91285.3723127842
91083399.0725693703 88276.5346858799
91257260.5941234678 91254.0955244303
91316386.9319486916 91971.2800407410
91728396.9329965562 97941.1253814697
92245871.6698225439 104349.6119079590
92236269.5910024345 104339.7533874512
92458227.3611475378 106506.9805297852
91235014.8573692739 90897.3306388855
91513598.9507403225 95063.1489639282
91220174.8613798767 90618.8185768127
90172489.2851271927 67463.4284038655
90310963.3628299236 71344.7440834157
91327897.2549908459 92245.4798698425
90953939.5885073394 86249.1224391758
90454163.0568770319 75236.0564003102
91040739.3312730342 87707.6701912880
91391510.9526840895 93017.1372829806
90971633.8068677783 86588.5796993077
90971425.4983923882 86392.4359091818
91055411.0387396216 87771.0268821716
91326980.6712682098 92143.5872917175
