43222204.2181495726 195190.8692607880
42234210.3610763028 170160.8220434189
44426345.5541924089 215940.5200805664
43385908.6966199130 198133.5283813477
43207473.9851631224 194602.3088366985
44160233.2743945569 212520.0653686523
42873906.0201066881 187234.3824963272
42915087.8536099046 187988.5474865437
43003994.8040972650 190355.8243027925
42572025.1739172861 179713.4154721498
43019509.2860654891 191118.3040788174
42728183.1996710002 183835.7265073061
43492857.6073267683 201014.6119384766
42234269.2063559368 170585.4931910634
42619233.3790126815 180295.9452947974
42269225.3797316179 171036.0057948232
43470222.4661986679 200347.3018798828
42911615.6071087569 187984.7486288846
44277880.5765695721 214710.9548339844
42629471.1076386496 180753.1891595125
42256188.4167677239 170899.8615077138
42737336.6303992122 183866.3850295842
42511225.0373592228 178695.2058700323
43830560.7673220187 207226.4026489258
42024671.3997240141 160971.9244496822
42836024.4533649981 186935.3695908785
42425159.1285615936 175077.4259065390
43469441.9718409032 200335.4067462683
42214911.6578405648 169925.1599159241
42769449.9522105679 184490.5454564989
42593929.3603692725 179875.0619138554
42633234.9644694775 180948.0248483978
42933331.1219070181 188377.6477628946
43617465.6013664082 203792.5628833771
42956549.0796096399 188949.8234481812
42950409.9162389338 188927.8037992716
43277662.3990639225 196860.8539309502
43145664.0913084075 193307.2507438660
42399171.6720800623 174802.8500595093
43274179.8906349018 196359.4797004461
44085656.6737536564 211932.7917480469
43161835.8727194220 193750.2171802521
42985288.8467050940 189096.2699230322
42657881.2345499694 182813.0585557222
43391398.4976351038 198286.0172589235
43403346.1456996128 198646.4485123567
43375600.4470854774 197934.6771659851
42858616.9150640294 187163.5802659988
44187669.7129955217 213140.7420654297
43831598.3532959446 207242.0440025330
42858563.4284048826 187002.0825126776
43678103.8409689739 205091.8823242188
43116999.4339839891 193048.8950752020
44659655.2729016766 219293.0303955078
42921478.1746113896 188045.4604859352
43241033.0508190170 196159.5318259001
44540908.9838437736 218418.5384521484
42761027.8202370480 183923.3682714403
44374359.1039465144 215872.5756835938
42747970.8520243093 183896.3499600887
42225100.0108185783 169935.2387945424
44029418.8632778749 210075.4500732422
43105082.2529714927 192752.3189454079
43513612.4332409725 201355.1318778992
44313742.7166945115 215217.1689453125
42802366.2298535183 185165.5825505113
42657655.5071708933 181810.7068718944
43534141.6764260456 201529.2322387695
44655218.0727315247 219107.1595458984
43485660.8349642381 200632.4552253485
42723803.5486955196 183818.4811517000
42463071.2603106052 176991.3948669434
43307334.9412286654 196922.6987724304
42394672.0228840634 174706.1006314754
43822534.8030742109 207062.2800865173
42496064.7207230851 177656.6473057568
43800499.3764408007 206320.7969321012
42340746.1421202645 173473.4088717103
42048401.1757118404 161721.6284393072
42640399.8338754326 181745.1278381348
44040063.4447339550 210273.4317207336
42146439.3889353648 165843.9394744635
44430032.0216503739 216281.9694824219
43312349.6767989695 197212.0005134344
43370438.4197479337 197793.2249622345
43052469.5043954775 191355.2805271149
41984352.9176318869 160272.6526032388
43820990.3254667148 206852.9770088196
44641362.1857189462 219026.0294189453
43062556.5706985444 191397.2518638372
43919951.4704545215 209179.7856445312
43069953.9260111898 192033.3576238230
42997263.8083065301 190300.4172970653
43997804.2948709279 209853.3667602539
43353883.6382778957 197546.1016029119
42987380.8500793651 189192.9319696426
41983146.6969930530 160256.2302255630
43475007.3376071006 200590.7166748047
42546809.9517687261 178745.4148797069
43813570.7102844641 206364.3711991310
43277629.8635846078 196857.4805091619
42992356.9749125913 189287.8935852051
42832339.2416742370 186883.7731438875
44159503.1394439712 212494.4364013672
42039688.6270655841 161515.5819992721
43064160.4578359053 191506.5471165180
43593474.8307843134 203698.3899329901
43428841.5758799464 200277.9352210760
44068952.8743538484 211796.7142333984
43084416.4351753220 192037.2207907438
43092440.9205192849 192739.0771139860
42450895.0893129036 176978.4734334946
43951972.0848521814 209720.2873535156
42465581.5390644297 177578.5925118923
44103324.5905360803 212452.1209716797
42149155.1503108293 166545.7957977057
43868702.8984641284 208718.8189697266
41999949.7593595609 160763.0932321548
44061091.6018500179 211455.2511596680
43222800.5307061821 195491.0780489445
42348107.8127122000 174305.1397366524
43418148.2669422328 199613.3890841007
41993159.2790060490 160440.0563821793
42106100.5245131329 165315.3963775635
42228193.5562534854 170082.4186572204
43923032.8442977145 209386.8289794922
43424665.9442406744 199835.2183008194
42114620.0746298730 165651.1743520132
42584964.3279039934 179841.6939373016
43623497.0310923383 204429.6207923889
43942562.5760431439 209429.1444091797
42771915.9851501957 184582.8115215302
42552075.2386600524 179343.1329892286
43149451.3581724241 193316.2854255438
42933289.5789819136 188299.0739740133
43109891.2917288914 192768.9407649040
42939457.0301386341 188647.1639479399
42876313.5867205411 187587.7550595411
42893548.6634414271 187648.1035137177
42703371.9925976768 183465.4440243849
42634795.8561560884 181645.9964249432
42491239.7711836696 177641.1339098096
42499491.7801562920 177887.4815018475
42231282.8993400708 170122.0079689026
42465184.5759768710 177532.7103178799
44382673.5541610643 215914.8911132812
44306592.4600269720 214998.0837402344
44025943.9971617833 209913.9274291992
43744776.1886449084 205635.3034362793
43405309.7056222036 199576.0788978338
42805548.7648658007 185867.4388732910
42193638.0198743418 169437.7074127197
44342872.2787903324 215650.6848144531
42393189.9916913360 174574.3276100159
42201384.5473274067 169443.8706840873
42357038.7473576292 174457.1234852076
42161351.8095139787 168974.9375194311
44332253.5254672989 215353.2464599609
43192189.5575098619 193998.3141621351
41920239.8129844069 152633.9003305435
43197626.5349243954 194438.5582998991
43667942.8288010806 204753.8221130371
43654522.5023331717 204736.7196044922
42160555.9022229388 168633.1391611099
43218279.8502335921 194728.0412979126
44593976.7121450752 218905.1116943359
43838251.7222454026 208512.3370361328
42431403.5966385528 175523.6860091686
43046662.2971063480 191178.6916863918
44277579.7445104867 214051.7494544983
43092187.8097052127 192038.9124526978
44779509.7576602697 221451.0744628906
43348006.4481001645 197399.4064254761
42932054.2625929937 188110.4084739685
42441619.3164304867 175561.4747448564
42332034.2779191881 173359.2507911256
42296417.1996745020 171210.8254204845
44041248.6091515645 210631.2947425842
42159784.4480381757 168532.7233057022
44174180.7599367127 212643.1171875000
42909429.1230822802 187758.2369744778
42055214.1998360306 161993.8164256811
43351638.0106877685 197405.2244768143
42103708.4242883921 165252.7132200003
43488711.7174940929 200770.8945159912
42380388.3374501541 174467.7013508081
44357278.6206740960 215708.4091796875
44806167.1136294380 221570.4916992188
44628705.6574724838 219024.5289306641
41978669.6583068594 157283.4137210846
42081789.2138766125 164643.5489705801
42340927.7676111758 173506.5800825885
42550010.6631900221 178758.7794869952
42060934.3934721276 164497.7925008535
42243892.0241928250 170604.0686992407
42823573.4186041579 186453.9360741377
42902790.0900376812 187734.8707957268
43581002.8401788622 202259.9896025658
41970905.3750226498 156951.5076665878
43622725.5769075677 204349.2315979004
44102421.8871558681 212183.6195068359
41938773.3312895447 156266.2060556412
41949041.2923222184 156930.1799936295
43903726.5485745892 209031.6662597656
43794604.2936614975 205875.5860633850
42765513.9795498699 183988.0974388123
43611000.0877364948 203713.8901214600
42211598.3895897716 169633.4771407321
42300490.2292995900 172842.1973571777
42034216.8006290048 161381.8722728491
44569368.9310749546 218486.5722656250
42061473.0407384112 164510.8281259537
42102459.1143907979 165068.8651611209
44581129.3059815094 218773.7011718750
42694883.1987389028 183033.4813622236
43571787.6297615916 202242.4417768121
44304206.6317305192 214721.9340820312
44603729.6422503516 218980.1831054688
42344212.3661412373 173544.0536804199
44051692.8001764342 210881.2218370438
43175785.4734965041 193857.1113864779
42382911.6191357598 174563.7393150330
44094854.2145965397 212139.2736816406
42007233.7782866359 160920.2041635513
43385371.9019377977 197978.5105248094
41979650.4457318485 157369.5243539810
44538020.9703396931 217848.9689941406
43792185.7169101760 205788.8045043945
44813556.8113020733 221838.9931640625
43335462.3629461005 197233.6623287201
44445923.8415864632 216711.4693603516
42510321.7689660788 178051.3464222848
42503635.7039992884 177943.3732334375
44687438.8084000796 219570.2794189453
43691511.6725597754 205447.0450439453
44568024.5297768936 218484.8183593750
42311154.3836444318 173254.8520565629
42024809.7938624620 161050.9942278229
43501762.9691271707 201333.7773303986
43525009.4629893154 201481.2199554443
42413148.7361055091 174808.7818400196
43569807.8282520771 202026.5903320312
