43039890.5408808589 189750.9331112504
42697967.8503156975 182139.5252666473
43513368.4537447244 201333.7773303986
43711266.2602650076 204407.2713565826
42845365.3076260388 185628.6220760942
43508858.4356893674 199416.7594146729
44382024.9008235559 215708.4091796875
42743697.7691959217 182296.0521526337
42752057.1324597001 182850.8108731508
43903081.1203289703 207391.2895507812
43163905.8434307724 192072.4717035294
42664113.8122022599 181506.6267514527
42552102.5623742938 178173.7411174774
43141270.3065455854 191453.3662006250
43216699.5682455376 192110.3615341187
43540542.1779467911 201489.3233947754
43508859.3641300946 200389.1570129395
43355948.1539940089 196351.4674224854
42890425.9845312610 186346.0227878690
42932536.0957611054 187331.0551654687
42771802.8133582994 182952.6496572243
42794138.9375623390 183340.2260794938
42597078.6583239734 179217.9150443375
42813013.2415544540 183528.1768281469
44026607.5485992059 209577.8251953125
42744572.2509792224 182723.6275615692
42586290.3678022698 178828.4307914078
43075647.4630759060 190466.2043076158
42879714.1222734675 186345.0889096260
42566940.1298625991 178484.9039569199
44226141.1182165667 212359.0444335938
42529818.6861637682 177922.9482523731
43090343.0734400079 190549.2964897156
43948841.4440966472 207746.4522705078
44735710.1617865264 219570.2794189453
43734964.9853721857 204409.6820526123
43952012.1193253845 208477.0658874512
43891464.8084242493 207124.8660888672
42830868.0722669214 183897.8328340062
42275700.4910523891 170321.7818728617
42413148.7361055091 174808.7818400196
42563422.4216258079 178440.3815311790
42233341.2861076817 169879.4302434921
42892027.0255876109 186482.3572775653
44309910.8443304226 214797.1466064453
42357835.8726647422 172868.4111126582
42042797.1838348806 157576.3930499703
42033683.6722126305 157564.4721081406
43115322.4074853957 190857.1336641312
44281793.3272584751 212778.9101562500
43645699.1381862760 202235.6157426834
42474931.8015354350 177384.3157162964
42043869.7647793666 161118.5128740631
42213418.2413742319 169202.7086191177
42160736.7348522246 166083.0488885641
44861828.1646885201 221838.9931640625
44825734.0506074056 221550.1103515625
43423800.7319413126 198599.5568389893
43221150.3372281417 194004.9119434357
43303275.1577855349 195838.8950347900
43298305.4974406809 195009.1403961182
43228833.6578537151 194019.0233030319
42175456.1134396195 166212.4773426056
42201675.8954847455 166344.7642078400
42040530.8221593350 157564.8620059639
42779006.7913881093 183050.6362397679
43402893.1306784898 197381.6858329773
42301205.4942155555 172831.5142984390
42487828.2082931548 177396.1769629649
42520717.8263182938 177403.8233042359
42685772.5692188293 181679.4229933551
44118938.9966266677 211857.9303588867
43064935.6008181050 190465.2704293728
42265540.0943419859 170279.8807612589
42926412.8739665747 187094.2357301712
43139227.0534228161 191109.0992482901
43298216.4976709262 194790.7547302246
42666799.7789999470 181518.4879981211
42479033.8536977991 177396.1764244437
42471916.1192973703 174928.6567997336
42390258.7150955647 173610.0935701132
42755023.2228243053 182852.7369077214
42386992.0617832839 173479.0308525562
42814339.8575170934 183554.5932309636
42123315.8770264611 164719.2211998440
42394116.6528841779 174444.0923694968
43680307.1877523288 203293.4899749756
43298747.9637406096 195076.3166708946
42226556.6903856024 169487.7825349569
43470948.4935712367 198879.4414367676
44011880.1384354606 209222.6624755859
44351292.1638002396 215064.3636474609
43658569.4542141631 203268.9788822658
44077209.7371143699 209763.6054420471
43295438.2463762835 194722.9834671021
42077372.1330805793 161802.5567030273
42106754.9294279069 164719.1790933609
44252114.9371862635 212643.1171875000
44568024.5297769010 218484.8183593750
43900639.6147275791 207217.6426734924
43085600.4768826291 190514.6904420853
43977736.4176412895 208867.4997558594
43216776.7673749551 193969.3655468002
43262107.1625310034 194595.0911426544
43273670.0965891480 194713.0736694336
43759465.7989484072 205143.3270263672
44199261.8301233277 212358.3588867188
44494984.0162592307 215908.9819335938
43140979.8272658363 191358.8479442596
42244819.8318716511 170266.3970875144
43269193.3056508973 194605.6870403290
43950326.1005203128 208208.5644226074
44158750.5265463665 212139.2736816406
42031004.0021286607 157377.9209960848
44003123.0820608363 209061.1398315430
43384050.4226667881 196764.7175750732
43770582.8949577957 205447.0450439453
42084528.9318572953 161803.7396612167
43479584.4163507372 199163.8191829324
42659817.4473053887 180857.2997773886
42992320.2280128822 187399.6011394262
42150508.6906029060 165701.7349615097
43569807.8282520771 202026.5903320312
44668043.1581772640 219008.9576416016
43919754.1390180141 207608.3163070679
43953121.1056429967 208777.0670776367
44858437.9027782902 221554.9204101562
44610439.7632431313 218773.7011718750
42376429.6206001714 173361.3991091736
43687815.0525394455 204325.9975585938
44094207.2586315498 210751.6907882690
43845331.4781173319 206698.3134498596
42360915.2456156313 173361.3737335801
42233221.6547043100 169552.4193291068
44304606.2833571956 212920.0035400391
44502178.3104542419 216121.3730468750
43919274.9076799452 207594.6604614258
43633972.0432766005 202212.7312311940
43098498.4434519857 190581.3110158220
43483001.4910767972 199259.3497467041
42992337.6758129224 188475.8687393665
44553578.6554577947 216434.2203369141
42129007.5632072091 165093.4860022217
