119003905.3171442449 520165.8674621582
119080976.4503596276 521731.8596496582
119088354.0109730065 521769.3747863770
119126740.3574832082 521860.7824401855
118967186.0222352147 517290.9209594727
118646043.6457142681 506249.1484985352
118968879.8562809378 518565.8976440430
119025832.1320857704 521413.8235168457
119131582.8803127110 522534.3718566895
119156743.4841784835 524420.7130432129
118850242.5332942754 512672.8105773926
119205394.2598055750 525209.6307373047
118900210.9691387713 513516.7353820801
119182223.8809770942 524875.8171997070
118571549.6139959097 498770.7128906250
118744325.4110280424 509905.8876342773
118915880.8838391155 514882.8672180176
118468281.2601400763 490645.2804718018
118542489.6140913665 497454.9297943115
118454249.7700119168 489657.1628265381
118493712.1445206702 492947.8351593018
118281797.6241652369 486703.9532318115
118420166.2062549591 487533.4945373535
118236845.2872290611 479803.9433441162
118212380.5265200138 475266.1194915771
118447702.7606300116 488463.9533538818
118186672.2152445614 472211.2400817871
122806299.0787786096 680234.6254882812
123169592.7166957408 693067.6857910156
122755509.4407184124 676716.8535156250
122879138.1777352840 684798.8778076172
122996102.6764849275 687029.3649902344
122542245.7647808343 670894.5383300781
122616947.3850083798 671083.6286621094
122745778.3531701714 676422.0249023438
122219219.5799116939 655004.8288574219
122274908.7840551436 657607.5937500000
122360500.6796695441 658824.4237060547
122426303.3470678777 661031.9541015625
123154870.6303987354 691535.9841308594
122504527.9644012600 664025.3337402344
122728461.9030102789 674609.2219238281
122732706.4991121441 674979.9094238281
122836575.6695507616 681360.6489257812
122642906.9481450170 672666.3566894531
117606162.8145635426 440646.7049560547
124081094.5792990923 718798.2912597656
124381234.1933555305 727547.8527832031
124261267.5940323472 724670.4978027344
125017474.4036931992 740681.1198730469
124934660.9358265400 740570.0993652344
124577448.2287848592 732850.7604980469
125091403.6190570593 740934.0561523438
125185490.2467874885 742015.2097167969
125122512.9242827594 741148.7585449219
125332204.0157190859 746731.9189453125
124885174.3401024342 740480.4724121094
125184423.3231751919 741379.9431152344
124849368.4431975186 734914.2902832031
124302396.6163215041 727224.9748535156
124512668.8365768194 728702.2385253906
125140577.1796119362 741213.2260742188
125775032.5525475889 748582.6884765625
125919600.6184716970 748630.7695312500
125315090.6010025889 742729.3950195312
123986456.3536073864 711911.4667968750
124225754.4665818810 720581.4016113281
124063154.3699470162 716736.1408691406
124610296.7334548533 734172.7351074219
124557336.6201278418 729567.6340332031
124124616.9199642837 720573.2707519531
124249656.4011496902 721390.2346191406
124429055.6771452427 728701.1027832031
124060522.1291483939 714875.4289550781
126499568.4359479398 752980.9931640625
123565547.1579208523 705972.1398925781
123987934.2768518031 714234.1608886719
123595844.5900742561 708809.5795898438
123980739.6031170487 711852.4094238281
123851653.5057847053 711610.6923828125
123626593.0639480948 711403.0708007812
123517753.8146390319 704429.7607421875
126469205.7643324137 752508.8837890625
126699677.7048173547 755476.7968750000
126547380.6461659372 755301.2294921875
126387272.2331942618 752342.2353515625
126187664.9807038903 751110.6699218750
126267336.6313365400 751946.6435546875
125954957.7640343308 750184.4970703125
125715948.4801309705 747837.4443359375
122514445.1177477241 666320.4205322266
122538019.0484700203 666868.9813232422
122470054.3411976099 663263.3072509766
122978656.2100602835 684951.2030029297
123475490.9784545004 700142.0590820312
123178516.3882342428 693621.5019531250
123263957.0866548419 695525.1328125000
123162377.3446472287 691749.7570800781
123211680.6901766956 694567.5791015625
123497032.7985590547 702063.0278320312
123545057.1260179281 704495.8583984375
123055748.3744562417 689102.2612304688
123387711.9313822985 699351.4716796875
123399413.0390076041 699619.2296142578
123292976.1792346239 699236.5312500000
123077292.8821207583 690799.2211914062
117412009.6302774996 423512.0076293945
116243543.5052034855 328318.7149444818
118196637.7002577037 474346.2266006470
118200334.5071483552 475032.2679061890
118150146.2950094640 467411.4100341797
118131134.9437627792 463931.9008541107
118140622.1990270466 466621.8011093140
120328948.8833984733 584060.0907897949
120882847.6335647851 607559.7607421875
120645257.5290396065 597788.9015808105
119919661.5475620329 559091.5686950684
119924583.3146700859 559322.2754821777
119834535.7870239317 557601.9787597656
116940782.8259237260 391360.5357666016
116886410.6177216619 388896.8725128174
116613604.2394878864 371885.1241912842
116636356.7699689567 373165.9342989922
116609909.5011120737 368510.1282596588
117026050.7631607950 400010.2464294434
116988326.4921893626 398821.1791305542
116767995.3375272006 386250.3740081787
116877081.6908963919 388775.0740737915
116915176.9088865519 388898.7039566040
116970461.2359137237 392253.9520034790
116728039.9704441130 378338.3228473663
116745969.1775072664 380618.8295288086
116731910.8072666228 380269.0048904419
116816883.4626115412 387283.6600112915
116473337.4774901420 355005.8425598145
116644293.7217402309 374821.9864273071
116569580.7957860678 368490.8022174835
116706954.5251183510 377989.0986175537
116436337.0950592458 349400.0896568298
116525910.7677850276 365788.3216857910
119331375.4258874208 532567.2315673828
119505625.5881249309 543352.1849670410
119276915.2552609444 532447.5738525391
119331650.1579408646 538261.1812744141
119415175.2915417552 540322.1481018066
119252061.7220024318 532178.3527832031
119483508.7531537563 541340.2554931641
119566955.5680514574 547307.1539916992
119612465.7992737889 547588.6856689453
119613327.6265619099 552154.4191589355
119708606.5693697184 552519.1223754883
119797274.3820250779 553227.9190368652
119351725.6469019800 539778.6168212891
121554544.5352138132 631767.0097961426
120905133.7032297701 608284.6186828613
121261592.9584395587 623106.9997863770
120946302.3252623081 612115.2812805176
121196876.8229889721 619731.1363830566
121204818.3322324753 621314.2954406738
121705038.3778204620 645001.3409423828
121675489.4421181530 639172.0537109375
121431751.6849976182 629880.0120849609
122072852.1810371131 651146.6900634766
121969106.8125140518 646090.5560302734
121463415.8117768466 629904.3052978516
121604704.8743087798 638269.2821044922
121428404.2215309888 628071.3760986328
121303755.3576154709 626196.8126220703
121169549.9371264428 618187.7183837891
121365208.0664124489 626691.5518798828
121537646.1644402444 630920.8610229492
121558608.2911943346 635400.2559814453
121330017.5908218026 626625.0284423828
121117509.1612222344 617210.7124328613
120932791.8772790432 611564.3015441895
121154769.9602770656 617936.5364990234
120795737.2128422260 605926.0813293457
120517635.1232055426 594000.1838073730
120651613.1271692812 598556.4906921387
120705206.7302744836 600830.9270324707
120564664.6288175732 594684.4599304199
120370297.8605466932 587823.1161804199
120064143.2548758090 570656.7400817871
119902425.3958319277 558995.0364685059
119940500.0959751755 561319.4333190918
120201152.3471956402 575650.2526550293
119991972.3708884269 566049.5818786621
120054527.4608947784 567432.3465270996
119969269.7781696469 563165.5332946777
120260155.8195782453 578360.8669128418
120280112.3120226860 583371.1585998535
120232599.3308425993 576868.3323669434
120439307.2186935246 591858.7636413574
120128485.8279102296 571825.5433044434
120314787.9532935321 583628.8002624512
120572474.8495973945 595740.7297363281
121002424.0617581010 613278.6738281250
121038843.4329265207 614751.7490234375
120279376.6392012239 583066.2513122559
120606180.3826876283 596558.9979248047
120859829.6711681038 606812.4370117188
117646696.0777650028 441052.2857666016
117691655.1329973191 442621.4860229492
117713033.5150844604 453893.0978088379
117697790.2349257618 443317.1138916016
117707848.5627895296 443990.2738342285
117469883.0082393438 431223.3509521484
117685535.8011189848 442289.8916320801
117360278.9992345423 422951.8041992188
117520830.6901879758 440016.6878662109
117303123.4827941656 419202.2021942139
117456629.0154715925 428507.9859924316
117330687.3660656512 421940.6518554688
117205409.9846012890 409286.4403686523
117499926.5288000405 431404.7144012451
117247289.3217668831 412616.7835998535
117418924.3968431205 425612.4367370605
117320084.1319268048 421781.2149810791
119808854.2672782838 554494.8893432617
119560443.2906898856 544487.6797485352
119228993.1276485026 529786.8431396484
117209714.9447360486 412142.1311035156
118068577.3138929307 459200.0875320435
117982790.1854823828 459124.1906356812
117072111.1913423538 402095.8113517761
117071405.1802430153 400048.8779258728
117184467.4541644901 409245.5529108047
117427275.2798765153 427274.2543640137
117181253.7182853371 405142.1447753906
117258900.9090555012 413803.9487304688
117276094.2026309073 415236.0781860352
116382053.5794731528 343876.9612302780
116365991.6866887361 340639.3964917660
116511444.8159399480 358488.9185047150
118072450.0883919597 462065.6828689575
117265819.5846927315 414845.6939086914
117090357.0814952552 403138.4699096680
117116143.8177269250 404272.6942749023
116295655.2938157618 336339.6699337959
116145510.3764109015 313999.0054700375
116286766.4307644963 332210.2151453495
116241582.6767150611 328093.5781297684
116180966.2728712410 325758.0007092953
116378838.2819340080 341807.9106884003
118123063.5379742533 462212.1187438965
117941768.0085858852 455860.7752227783
116113131.3220835626 301776.5297257900
116101086.5065229386 301001.2195146084
116080814.4743327051 299791.4780900478
116140782.3206708282 302538.8982489109
116439205.7743535638 351022.7537803650
116352675.6169165969 340425.4422569275
116416320.6791331619 348366.3321371078
116402793.2267857343 345840.5922498703
116136996.2871252894 302128.4240915775
116399929.1104490012 344676.1031954288
