129504730.3981806338 1117303.9298706055
130131444.2761122137 1196327.3714599609
130037687.4281253368 1187204.7232360840
138332636.3223701715 1547643.0737304688
129233726.2065577060 1066862.9988708496
130501009.5905007273 1229935.1794738770
140307713.6417612731 1593403.1809082031
129132452.4785318077 1041033.2801208496
129467091.6969436854 1112435.2098999023
129491033.3563092947 1114379.1710815430
136431236.9526044428 1509516.5395507812
138081840.8898325861 1538713.5512695312
131842399.2027576566 1320298.2049560547
140624134.4524950385 1596488.7246093750
129254415.8176692575 1073564.2355346680
129251866.4969098866 1073084.8028259277
140840814.5918662846 1603934.7949218750
132355120.5541012138 1349479.1309204102
129389054.9090433717 1098736.9968566895
129838581.5498126298 1165409.5007934570
133184290.6957616210 1392696.9274291992
132286938.2225762457 1347739.9283447266
132513101.3029753268 1361509.6953125000
132893752.9724461883 1375443.8381347656
134490614.9777208269 1451246.7371826172
129894277.3727248758 1170884.1891784668
133173512.0793869942 1391501.1656494141
131698790.1565364003 1310594.6656494141
134570636.7921414077 1456402.7469482422
130626331.1647784412 1238468.9187011719
130196249.3244346976 1203179.2985229492
155684765.6629186273 1736744.0478515625
129217250.3428070545 1061882.1316223145
133412154.0835158229 1403695.6016845703
131183895.2865290642 1278067.1875610352
133061994.6544983387 1387367.6336669922
130538891.5085238963 1232818.2877807617
129177662.8939262331 1055109.5227966309
140987642.9010592401 1604617.2270507812
154959225.0740516782 1732728.3144531250
132451232.1010776758 1356642.7016601562
134751849.8865825534 1464518.0911865234
151813842.7931793332 1695565.3793945312
140948202.4892823696 1604411.1601562500
155619590.2049362659 1736451.3935546875
140267668.4166364968 1581802.3652343750
129587949.3562217206 1129319.5490112305
129362488.1327880174 1096746.0317993164
132662665.0992505699 1366943.9389648438
132989050.8605125099 1385943.2072753906
130327627.6256458163 1215209.8547668457
130654940.9473852813 1239822.3690490723
132609640.1102792323 1364431.1923828125
129242287.3884900510 1068601.3523864746
131022552.6924979538 1266757.3868408203
141357691.3529488146 1619838.5219726562
133360184.4256974012 1401795.0117187500
129877642.1176605225 1169461.8796997070
133337101.3532766104 1399347.4901123047
141619982.5839695930 1621068.1171875000
136601327.1496205926 1514121.1376953125
134624277.2924169600 1458264.7847900391
154391281.8491523266 1724316.9414062500
129503714.4919258803 1116124.2420043945
136231037.3488622010 1504154.4794921875
136453251.7158348262 1509569.0488281250
139442055.4831820726 1568041.8852539062
136139644.2245892286 1501181.2460937500
141129072.2599104047 1611202.4394531250
135317483.0097057521 1478845.4849853516
141167403.5262239575 1613452.0400390625
129679469.7560470551 1142482.0337829590
134016396.5585623085 1430739.4830322266
129918311.5432377756 1173004.7976989746
131306857.8854587674 1283625.1650390625
132017216.7143998891 1332098.5574951172
137538887.3826588988 1538189.5727539062
134070495.2783064842 1432012.4549560547
140020557.0954589248 1577261.6074218750
130729213.1076844335 1247012.3693237305
137444665.8737517297 1530835.5930175781
129279290.4464479983 1076250.2146301270
133073685.3634235263 1387904.8337402344
141044495.5761140883 1610769.8593750000
155196276.7550080121 1735484.6601562500
133813776.8512864560 1421085.7257080078
132258156.3198911697 1344563.5254516602
133102031.3898532540 1389377.6038818359
131154305.1120290905 1275473.9197387695
133899735.0208898783 1426167.7709960938
138483754.7989112139 1551294.4345703125
132348801.1586946100 1349126.1856079102
133349870.6768655032 1400981.2246093750
133257705.8500213176 1396019.9396972656
135931250.6005963981 1493722.1995849609
129442890.7476611435 1110112.6185913086
138133061.7855143547 1538896.0209960938
139608571.8171687722 1569790.9858398438
142986499.7377530634 1628839.3071289062
133313992.1914234161 1398538.2456054688
129190483.3090559542 1057485.0561218262
131938374.0298984498 1328945.1168212891
138221279.0084822178 1542810.6271972656
130567144.5011521131 1234576.0869140625
131695961.8068728298 1310154.8841552734
131390562.1284095347 1289314.5109863281
136315139.8538993001 1507001.8242187500
139823140.6507946551 1572143.2106933594
141682683.7792128921 1622255.1376953125
141269617.8019567132 1617227.9794921875
152506455.1566663682 1705366.6064453125
140059110.4315793812 1577277.2609863281
138576726.0852788687 1552724.5280761719
138718467.7565482259 1558486.7834472656
130794572.8468305767 1250726.2427368164
143984200.4172173142 1634285.9863281250
129966013.3288912475 1181096.3014526367
129961039.5516856611 1181093.0885620117
138647160.9419316947 1556562.1206054688
134813109.1678157151 1465092.3826904297
132566160.9858153462 1362373.0288085938
129525547.9136634469 1117885.6808471680
150447255.4668427706 1683398.0566406250
133224456.3506483436 1393365.1676025391
134661831.0974725187 1461279.7659912109
129606615.4259040207 1130593.5099792480
151994876.7499763370 1697712.4770507812
141227655.9839805067 1613815.9785156250
141180093.5919149220 1613466.1435546875
148585392.3137868643 1657904.8720703125
130817326.2209319323 1252166.7075805664
133452190.8188707232 1405916.4782714844
132035703.5276367366 1332920.7237548828
132016643.0318064690 1330325.8919677734
138297116.6033084691 1545378.5920410156
133486729.3196419924 1406921.5085449219
129786199.7496944815 1157237.5072937012
132758935.7576426268 1372973.9223632812
141727551.7375975549 1624222.1997070312
138428608.5797637403 1549721.4655761719
133680194.1540626884 1416235.5413818359
131614436.7843645513 1306495.1775512695
132755832.2553501278 1372939.7045898438
132174786.5537497550 1339080.4161376953
135139222.2072993219 1471554.5552978516
139553425.5980212688 1568270.8503417969
134881011.2029258311 1467817.8089599609
136728546.6811042726 1520716.5947265625
133133655.4300418645 1389888.6485595703
153672147.7124295235 1715808.8115234375
136483775.6803584695 1512197.7792968750
135073508.9326872528 1468771.6636962891
135183906.5676785111 1472680.8637695312
134611042.2394939959 1456973.5286865234
132959481.6353314668 1383489.1185302734
135216620.5934796333 1474308.0450439453
132475202.7567651421 1357165.2744140625
134463940.7605813742 1451145.2679443359
130808197.4161924273 1252097.1669311523
145181491.3034785986 1642740.4731445312
145436057.3886042237 1651622.8637695312
134399279.6306595504 1444346.6738281250
134091473.0430222154 1433248.6788330078
130989523.0556025803 1265460.9507446289
136124599.9865576923 1498519.2597656250
149179759.0796225369 1661698.9785156250
134169206.4414447844 1435390.6748046875
146822791.8636200726 1654135.3784179688
130853059.7842535973 1255693.6881408691
130849280.9835339636 1254599.8184814453
134202554.0790968090 1437100.4302978516
129539946.0270866901 1124979.4435424805
129882219.4358047098 1169903.7497253418
130671734.1448434591 1242125.8420715332
131044172.5322080702 1267643.3826293945
130428201.3445800096 1222837.5327148438
130821281.3735504150 1253087.1579589844
132262987.4155840874 1346200.9774780273
132215589.8421718329 1341600.8066406250
154044991.0048402250 1723780.3076171875
154633252.5528501272 1727586.6669921875
132673608.7276309729 1367494.7770996094
130416820.8104271740 1222069.7246093750
131584505.4060601890 1305905.9324340820
143689193.4023508728 1629894.0898437500
129384139.7613111734 1098333.8547668457
136844459.7219842970 1521039.0026855469
132435233.6280557066 1353985.5982666016
130236008.4630653858 1207431.5818176270
135804297.6009710431 1492927.6794433594
135112547.9901598692 1471475.3150634766
155618049.9466927648 1735609.7724609375
129161484.1379459053 1046569.9987182617
134257907.6788697243 1441213.2781982422
134106062.0937568098 1435379.3270263672
134316096.1812514067 1443108.0559082031
129908960.9110769331 1171141.7388610840
132381963.4967158288 1352132.9996337891
136503039.3966601193 1512803.5256347656
132226339.0408516824 1343423.0963134766
129913303.8843583018 1172400.4423522949
134046127.2178195715 1431369.0831298828
131361631.1479659826 1288404.1626586914
131572874.1447622329 1304209.6105346680
131673136.9744514078 1310154.8110351562
129931683.0335166454 1176245.0283813477
139386909.2640345693 1566521.7497558594
137076808.2951907814 1528146.2504882812
133885753.2704623044 1424425.4815673828
130246560.2526120543 1207958.8262634277
131509421.3125075251 1301471.6538696289
153532981.0221000612 1713312.4335937500
129453126.9767962843 1110449.1063232422
131562480.9953475595 1303627.6812133789
153110194.0254363120 1710393.7968750000
140222334.7594290674 1577325.0004882812
130013199.9180957675 1184731.9897155762
141566882.8586097062 1621031.2182617188
131089916.2950062752 1271396.4147033691
136819261.5782459080 1520818.5659179688
136854918.2945577204 1525204.8879394531
136650140.8755727112 1518631.7863769531
130642321.0099763870 1239433.7231445312
130152629.0206555277 1197012.0440368652
129804391.3218596131 1157991.0238952637
136621508.3129549921 1516233.1813964844
129996401.0479181111 1182798.6972351074
129126568.1986696124 1038761.3052673340
135259649.4690724611 1477303.5758056641
131718125.8049956411 1312948.0850219727
135633299.8960812986 1490064.4174804688
135607606.2148847282 1489534.9592285156
131748221.0680040717 1314589.0895996094
131699638.9917587340 1312125.9187622070
131471996.0652184188 1296122.5728759766
131392415.5778037012 1291762.1810302734
135152004.7563385069 1472390.4329833984
129667246.4604222775 1141409.0191040039
129327272.5038819462 1089070.5181274414
137063447.7414982617 1525560.0766601562
142125766.3741804957 1626974.3305664062
130724005.6490514278 1246111.6106567383
129809638.2207674831 1158911.6093444824
135502094.8353926241 1486621.7075195312
129240144.5368990153 1066974.6858825684
152900001.3125841022 1709054.5600585938
129171778.6140640676 1052837.5479431152
129902596.9353155643 1170969.3464050293
129145272.8936614990 1043408.8134460449
135047518.6329885721 1468463.0364990234
140013941.3090955019 1572739.6579589844
130269684.1361783743 1209237.1833801270
135256658.5517641604 1475524.2795410156
135410460.1548150778 1482599.7252197266
154620229.4926897287 1727264.6464843750
129643807.9893492758 1139734.9170532227
152322350.8841560483 1701559.8906250000
153843564.4291973114 1720924.9082031250
133800316.7764582187 1419058.0449218750
129559573.1250534356 1126539.6100463867
135787193.1038865149 1492371.1462402344
154392981.1350723207 1726241.0263671875
130032772.2803931236 1186535.5572204590
129141205.5634408742 1042439.9456176758
153305732.6644826531 1712514.8789062500
131216406.9214216918 1279973.8346252441
130535513.6812101603 1231338.5513610840
130018656.0287352204 1184934.8698425293
130747355.6766221821 1249892.4029541016
131855263.4476228803 1321183.6189575195
129353746.7689900249 1090989.1157836914
129830186.7767527997 1163498.8179321289
129991427.2707125247 1182795.4843444824
130807718.9842705578 1250995.8995056152
129761426.3466423601 1154062.3338012695
138599557.2575780153 1553582.7141113281
131558803.8104616553 1301656.6466064453
130159816.5723817647 1198482.6993103027
149334887.6227443218 1682069.9394531250
144380094.2577069402 1639356.2890625000
130484216.3930425644 1227631.7064514160
147003715.0709238350 1654761.4140625000
129595234.8917512000 1129942.4366149902
136712826.1008791029 1519672.8654785156
131313518.9377660900 1284710.7521362305
151713314.7599579096 1690278.3359375000
150958601.3153612316 1689166.7119140625
144574506.8387169540 1642592.0751953125
148153476.8935202062 1655870.4951171875
132198360.9183869213 1340195.4841308594
154856973.8311489522 1730143.6953125000
129337451.0871050209 1089934.9003295898
148816017.4763444364 1660932.8193359375
152304179.5910717249 1700576.8007812500
131464706.4180962443 1295788.8740844727
152599225.2006038129 1706081.4140625000
131561907.3127541542 1301690.8643798828
148500896.3269817233 1656512.0878906250
131067813.4529751837 1271090.4783630371
129384047.2501638979 1097885.9004516602
