115667009.2727942467 1204.5505628586
98196517.1716650724 452.3326708248
107548891.9276232421 974.9626989728
115833334.8046407998 1205.9345054626
107074558.4649287164 933.7800100129
98230587.5932893157 460.0725312300
113059440.1965761781 1162.4639872313
98181651.7758101523 434.9661367556
98438619.4678244889 473.5809734499
115918567.5962727964 1210.2015419006
111869369.1295770705 1120.6632016301
108003914.1486716866 997.4229218047
110166389.4864688218 1050.1684709514
107425605.0176362991 951.6293700021
116335759.6908076108 1212.0161647797
107516201.7874191999 973.8978153747
111396317.3324651122 1081.9291274445
107385933.7705872655 951.4393484872
98122339.4394190758 403.5366935720
98118783.7527726591 401.6237731508
98128042.8016578555 415.5394972567
98146745.9401624054 432.5140036904
111779545.9484058619 1109.4946673512
115432179.9599539638 1204.1071577072
113474841.1599547863 1178.6100780964
114623810.8857293129 1199.3190336227
114454517.1571715921 1199.0853586197
106709420.6998979598 883.7768148994
110757187.9726634026 1069.2053795606
112993434.6853021383 1152.5549211502
98150301.6268088222 434.4269241115
107340254.7701230347 934.1327441018
105497232.3124437928 867.3203820251
105210141.5085402876 852.9354997184
114425772.9562915266 1197.2855100632
106669916.2432936728 882.6539157984
113664430.1366686821 1191.8990955353
114652152.8330805898 1200.8168563843
98246169.6596209407 462.3664506118
110832593.4472395182 1070.9988567131
98182867.4190199226 439.0313656966
111696986.8434448987 1095.3891281057
114728132.3705401421 1202.4440813065
98100533.1837028116 397.8076124123
98838043.5704591274 489.3243709383
98117546.1275679469 401.3816405003
98139105.7885722667 423.2054066753
98135550.1019258499 421.2924862542
98104088.8703492284 399.7205328335
98090575.0490315855 358.5388741706
98087019.3623851687 356.6259537494
112994808.6568125039 1161.9994153976
98086958.4848887324 344.3694503066
98115813.9823939800 399.7275274316
109646856.1312075853 1011.1649465687
98100472.3062063754 385.5537476820
106664482.2922959179 868.2326477660
98096829.9317061305 378.0535501832
111593195.2017539144 1091.0302023888
112335287.6410859525 1125.6278241575
112601836.3635995835 1133.3383491039
106870338.9395140558 906.1766159148
110072207.2584045827 1039.9637393653
110868742.8866372705 1079.0549915731
112576178.6738539487 1129.6286780834
112138975.7482757717 1124.5439901352
109264242.6341334432 1002.3201436987
109752352.3338394910 1025.4758900246
110230488.3033893704 1064.0775091946
110393957.7456005365 1067.3923247159
109488303.7345585674 1011.0429394217
112754716.3121550828 1139.8901913166
106749259.4358562827 902.1518937098
106844681.2497684211 902.4669448943
98126029.7443005890 409.1859133733
98093274.2450597137 376.1406297621
99396038.3927877843 493.3828062666
99387983.2178038955 492.0352603737
99385183.0625709295 490.6813432807
99315500.7151980847 490.1008032095
99464076.5564265549 502.6341364169
99428198.9682314545 502.1219998769
99397859.2795884311 501.7452046446
99433736.8677835166 502.2573411847
99583535.9518761337 541.7294317755
99569589.0228543580 538.4760608459
99529269.3939098865 529.0180584466
99539473.2572780401 538.0041380924
99488599.7461931258 519.0429668212
99869762.0188322812 586.1077480743
99710875.2734952271 573.4266825011
100280421.2907033414 638.6503175817
100201211.5503904969 627.8176381690
99741655.2894371450 578.5420598718
99625240.8823164105 547.8037601550
99587787.9287406802 546.9661139091
99638340.9359366745 565.0150687972
99878348.6518530101 604.4610424469
99664799.1421501338 570.3141924033
99974891.2158243805 616.7079818351
100139040.5813355595 625.1672233137
99915801.6054288000 605.2986886928
100083269.0051071942 616.9930136519
100799766.2969953418 645.1768104620
101324101.8086794317 661.4291157797
101735579.3532784432 709.6155405929
101717219.2633800656 698.6361363074
101826651.0453725904 720.0189557960
101615726.6875834018 694.3446131465
102065390.4302298874 735.1325999191
101825743.7787896693 712.7978612748
101969213.5614511520 726.5154908015
101810032.7395408452 710.6631380883
102684526.0469227731 738.5339704752
102589837.1402053386 737.7063331269
102614414.4427109957 738.4120665789
102788828.0484310836 750.0212510489
103013309.8851723522 750.2239162587
102567575.5533525199 737.3623608015
102690703.5703583062 743.1352712661
102687949.4937451780 741.0241838358
102700930.5618690848 744.6236711405
103048382.2778574824 759.7443734072
103223790.3646196127 762.7422027439
103448012.9529926479 793.7332913727
103771819.4120622277 800.0024542660
103257282.2257288843 775.5243193954
103699555.0277572721 798.5271046758
105096617.4464612156 815.7640550137
