117166958.2924093604 1258904.3681640625
116799721.7604543269 1196563.4833984375
141819640.8010948002 1617805.4033203125
117355197.9332839996 1282900.4692382812
122045339.2006520778 1516698.6552734375
122188959.3391327411 1522092.8310546875
120118538.8338150680 1462890.8251953125
142040054.3907819092 1618351.9277343750
138816351.6752571464 1605871.2158203125
121902943.6347478628 1516474.4335937500
117977657.2264313400 1336612.1567382812
141732592.7795180082 1614575.3974609375
121656888.9560969025 1508604.0312500000
121285131.1436171979 1506147.4160156250
117021571.0664021969 1240399.7348632812
119717052.7923036218 1443732.7768554688
116861216.4727393240 1210836.7353515625
139342507.9932652116 1608916.4433593750
118159432.9128124416 1351010.7753906250
121350225.7591123283 1507889.4775390625
116921953.4757926017 1223813.7109375000
116724800.6130537540 1178260.0947265625
124129704.6368127614 1552007.2382812500
117163817.3357475847 1258699.0917968750
117848993.9259458333 1327822.8901367188
118064746.9160815924 1345713.7270507812
117385423.9616235048 1288168.1679687500
117504868.9441064298 1296890.9936523438
143779135.3666648567 1625496.8701171875
117906622.2274789214 1334127.6230468750
122231009.6302269250 1526679.6123046875
118371537.0451492369 1366542.7929687500
118989064.0517059714 1405902.7993164062
117906228.6164090335 1332373.2700195312
117461562.5422793329 1295342.0429687500
116672969.7863154411 1162187.4370117188
143000698.2594159842 1623949.2656250000
117542157.9629597366 1302647.5151367188
116678134.4002670646 1163296.5639648438
116719635.9991021305 1177137.6455078125
126032608.1795238703 1558049.7597656250
116694642.4555859864 1168512.8237304688
116716218.1438904405 1174551.1933593750
117795801.8677647263 1323718.1533203125
124029848.0299779773 1547684.9248046875
121756592.5779917985 1514686.5839843750
121008758.5079821795 1495846.7109375000
118118726.3598156720 1349787.5146484375
120862407.4512260407 1494075.9628906250
117478954.2202151716 1296816.7221679688
117331444.5178894103 1280736.1547851562
117439615.8070655912 1292807.5864257812
120906672.4553775340 1494126.2500000000
117402815.6395592988 1289296.1088867188
121659600.3477552235 1509689.1992187500
116741308.6683726758 1182271.6914062500
121902943.6347478628 1516457.3320312500
116694642.4555859864 1168389.7280273438
117518403.4582594335 1298510.8432617188
134024561.0530877262 1578179.6474609375
116680489.7586361468 1165022.9321289062
143852570.9428208172 1625509.4208984375
129778509.3601752818 1567307.8222656250
117372848.8405320793 1286044.4770507812
137018633.4359354973 1592330.0371093750
136549809.5026421249 1590528.0146484375
118371930.6562190950 1367609.9667968750
121038804.3016242981 1498309.5332031250
117618296.5436155796 1310248.5278320312
117906622.2274789214 1334266.9238281250
131504369.4070285857 1576739.0322265625
117248380.9602276981 1270054.4101562500
138735690.3484489620 1603918.5908203125
143318448.4950307012 1625367.6748046875
123099655.4241873920 1532165.0185546875
116771872.4396753758 1190823.5292968750
120800331.6039966941 1493196.6601562500
120800331.6039966643 1493181.5859375000
116754612.5787173957 1186882.8242187500
117046545.9463854581 1241376.8779296875
117866990.4696877003 1330771.1386718750
120772482.2832177132 1488761.9941406250
117866990.4696876556 1330062.4472656250
137081424.6691033244 1596502.4726562500
120641349.4598772675 1486024.3388671875
143688301.2094786763 1625396.6640625000
117283826.8116140962 1274471.9672851562
116906653.1281167865 1220008.2851562500
118234116.7695638537 1356847.3085937500
116741308.6683726758 1182253.6171875000
137702332.7280591726 1603633.2626953125
117211580.7927213758 1266291.9824218750
116993721.7456232011 1234213.9985351562
136538145.0871876776 1590353.2626953125
117886847.9808625132 1331393.5234375000
120144035.4654838890 1463669.3154296875
117021571.0664022565 1240428.1059570312
116732320.5853744596 1179910.1064453125
117368244.6853956878 1284184.0112304688
118039555.8901963234 1343695.0000000000
142375550.2227481306 1623430.4902343750
117602534.5213738382 1307909.3139648438
117765553.0940945745 1321231.4018554688
118251660.0225330889 1359074.7587890625
117086694.5050109178 1247390.2573242188
119086051.2700172961 1410654.3681640625
117542157.9629596919 1302620.9741210938
121130870.6356135160 1501890.8750000000
116716218.1438904256 1174439.2851562500
117713354.8810880184 1318609.3178710938
117602534.5213738382 1308048.6147460938
117729116.9033297598 1320666.7280273438
117578958.1304659843 1306155.7846679688
117589774.5799293220 1307070.6479492188
117617902.9325456470 1308065.6181640625
130310184.2404752374 1570810.0488281250
118197680.5787990093 1356434.8925781250
117511095.5930422097 1297064.5786132812
118197680.5787990093 1356449.2246093750
118371537.0451491922 1366411.5039062500
118292296.4013618082 1362197.9492187500
117578958.1304659843 1306016.4838867188
117618296.5436155200 1309807.1186523438
134406958.1939822435 1579668.4355468750
141206341.7376695275 1613780.0693359375
117478954.2202151120 1296506.6567382812
117478560.6091452539 1295395.8955078125
117331444.5178894252 1280867.4985351562
124739647.4608581811 1555334.4560546875
119066401.8649224788 1410603.3227539062
117134312.2112862170 1253650.3051757812
117526395.9407180250 1300783.2133789062
129556286.6474251300 1566737.5498046875
117563196.1082243025 1304258.0834960938
117526395.9407180250 1300922.5141601562
117563196.1082243025 1304118.7827148438
131073550.9661161900 1571366.5048828125
117310203.4432885200 1277552.9248046875
117368244.6853957027 1284315.3549804688
117248380.9602276534 1269625.7744140625
117259198.4989966750 1272422.4033203125
134765832.7369024456 1581021.4365234375
119086051.2700173110 1410795.9677734375
119205928.2926334143 1417991.3046875000
117171432.2340959162 1260417.8784179688
127448933.2471544445 1558135.7724609375
116861216.4727393240 1210948.6572265625
116861216.4727393240 1210867.6044921875
117146264.1678428799 1254745.2597656250
120144035.4654838890 1463654.4013671875
118251660.0225330889 1359089.0908203125
116685654.3725877702 1166032.8940429688
118039555.8901963234 1343555.6992187500
116878803.8073378056 1214008.7587890625
119274494.8215286583 1418291.7949218750
123277667.7590254992 1534065.5351562500
119329242.3402004689 1423551.4672851562
119597175.7696875334 1436425.0737304688
127953312.5674604475 1562324.1103515625
119205928.2926334143 1417976.7812500000
116771872.4396753311 1190668.3818359375
120056028.2016939521 1460233.0361328125
123102833.7856494933 1533759.5869140625
116894104.1550136060 1217647.9267578125
133494368.1299155056 1578063.4121093750
119274494.8215286583 1418277.2714843750
117086694.5050109029 1247252.9545898438
117295998.6665029675 1276022.9687500000
116960834.0633489192 1227402.8071289062
124010126.6776436269 1545886.0488281250
116965005.8635005057 1230605.3837890625
118239849.9542683661 1358882.3925781250
116946153.7758717984 1225301.4726562500
117100899.2817964554 1248918.1972656250
116993721.7456232160 1234327.0336914062
124010126.6776436269 1545892.7539062500
129156404.9031250477 1565162.6806640625
131999575.2705378085 1577096.4638671875
117116199.6294722557 1252573.9365234375
116894104.1550136060 1217678.7958984375
116904766.3419653475 1219493.6967773438
116876917.0211863667 1213474.5668945312
130080852.1589655131 1569649.4765625000
117148516.9880717993 1255209.0263671875
116988683.3841279149 1233588.5434570312
117101994.8526867032 1251022.7749023438
116961454.1235476285 1228830.1806640625
122898583.6758077592 1530268.5410156250
117061846.2940612584 1245032.6210937500
117046545.9463854730 1241514.1806640625
117208736.5067289323 1264333.9594726562
117046351.8515187204 1240878.9033203125
116960834.0633489788 1227602.6967773438
128367434.0183469355 1562698.0341796875
117154086.5006486177 1258546.5727539062
117271512.5973263681 1272741.2456054688
123444663.0194322020 1538867.4716796875
118025115.1582903713 1342343.3955078125
118025115.1582903266 1341774.2841796875
119292806.1494356096 1423124.8041992188
140305926.9996575415 1609396.3427734375
123800240.2305897921 1542156.7148437500
118025115.1582903266 1341649.0361328125
118738636.6718173325 1391486.1567382812
140819028.2797154486 1613232.4912109375
118771949.7627786547 1394426.3862304688
129220409.3725003749 1566271.2626953125
128515266.5003651232 1564022.4667968750
127904804.3445497602 1560343.0869140625
119737015.6732406020 1444765.4599609375
128012191.9460208565 1562614.5703125000
119643825.1868633628 1442868.6196289062
119738218.5523447692 1445872.6772460938
118932687.5014815778 1404035.1821289062
120727374.5474565774 1487872.2402343750
118457776.5070844293 1373159.8935546875
118457776.5070844144 1373145.5615234375
118832750.8383250237 1398168.2055664062
118917847.3906051964 1402569.4467773438
120979940.2997131050 1494986.7617187500
124421969.3668454140 1553216.9013671875
119862154.6451601833 1452790.9028320312
123513957.6747622639 1541762.6201171875
123333748.8909743279 1538624.0380859375
124523638.6767232120 1554671.8017578125
140625400.8313150704 1609768.6337890625
120015874.8399761319 1459243.6191406250
120979940.2997131050 1494979.9960937500
121020528.4463226497 1497225.6152343750
121020528.4463226497 1497218.8496093750
123976635.8138036728 1542255.2089843750
120563608.4324731231 1484399.6445312500
120444883.0371673405 1477312.3144531250
120471542.0984839350 1481412.8369140625
120149860.6392920762 1466697.7031250000
116774906.8765527457 1191459.9638671875
116740560.6100640595 1181050.6250000000
116834496.2288801074 1204252.0312500000
116834496.2288801074 1204219.3769531250
119292806.1494356245 1423139.2866210938
116711053.5299388021 1173442.0947265625
120301976.5886798650 1471579.9394531250
120219162.3016581237 1469539.2099609375
120056462.9865856767 1461981.5341796875
116834496.2288800478 1204004.2812500000
120311228.6356473267 1472531.2880859375
120366651.9895874411 1475386.6518554688
120179777.0341527164 1467898.0444335938
117189340.7128659189 1261283.7309570312
116834496.2288801074 1204213.8681640625
116789059.5735026300 1195053.7949218750
116816908.8942816257 1201073.0029296875
119416128.5828305930 1430596.7231445312
116816908.8942815810 1200998.8046875000
120271843.3681419343 1470850.3979492188
120060180.1575386822 1462381.9628906250
120311228.6356472969 1472515.6591796875
120060180.1575386822 1462397.0429687500
119756535.0369451493 1446468.7670898438
119941350.6727982014 1456860.2148437500
119897480.8424662352 1454824.2871093750
119711681.4382339418 1443176.1972656250
119711681.4382339418 1443161.2832031250
119897480.8424662352 1454839.2011718750
119130106.8343631774 1415584.4262695312
136439978.0976313651 1584656.9003906250
119760252.2078981251 1446854.2739257812
119162567.8669964075 1417622.1459960938
118421340.3163195848 1372872.7255859375
119289088.9784826338 1422723.9936523438
119458295.0866665691 1431304.4921875000
119384872.4834248126 1426068.2231445312
119597552.8928256929 1439311.5200195312
119238809.8527368307 1418263.7817382812
119477675.8702095747 1431974.3989257812
118112233.6828729063 1346881.0141601562
119289088.9784826338 1422709.6616210938
118541217.3389356881 1380055.5585937500
118421340.3163195848 1372733.1455078125
119477675.8702096045 1431989.1079101562
118421340.3163195848 1372747.4775390625
119245487.6895364374 1418267.1293945312
118541217.3389357030 1380069.8906250000
119009639.8041507304 1407725.1386718750
118592261.2833361030 1382974.1259765625
118472384.2607199848 1375666.0449218750
118592261.2833361030 1382988.4580078125
118694801.0635830462 1388204.6567382812
118314822.1846649796 1363340.5634765625
119035028.4381727129 1408747.7768554688
118729643.2481636852 1389382.9433593750
119035028.4381726980 1408733.2592773438
118692260.1670390368 1387071.2885742188
118891826.7853947729 1401763.1313476562
118891826.7853947580 1401748.7993164062
118692260.1670390218 1387056.9565429688
118395895.2119175941 1368141.6455078125
134935835.0869025886 1582445.8662109375
136155228.1300198734 1584332.5019531250
135103484.6317671835 1582533.6269531250
