88196469.7548517436 528268.5361092091
88743171.8232495487 618661.6476092339
88416336.2720385492 577088.9084682465
88815794.7897008061 626506.1937259436
88140632.6276637912 511000.2589101791
88924860.5258771479 635768.0538530350
89480439.9163852036 674311.8984527588
88326321.6652253717 563394.5710690022
88233237.8922139108 540045.7593204975
89007061.0537552238 643018.2034525871
88033742.2362906039 465225.8870868236
88035788.7407988906 470551.3514272720
88635702.3188024312 606416.3639788628
89242443.9991725832 658740.7702522278
88044903.4589264393 473171.3391131908
89251058.8832041919 659061.7476425171
89016666.0226870626 643864.6729808953
88058735.2845606953 481448.4455424100
88058986.3321793079 481608.8579120189
88367424.9116100520 570363.1235592365
90312679.5267061144 711608.9633178711
89540821.9417136610 675269.0180358887
90366541.2249306142 713103.5824584961
105636921.0650904775 853188.4086914062
105571038.7467704862 852418.8159179688
88454083.8681406081 582588.2529506683
88019015.4261447340 442359.5927973390
88155045.1807961762 518050.5304386616
88505922.3597369790 588672.4994083941
88719748.9612056017 615240.6960452795
88609528.1022257805 603747.4664920568
88587140.1106815785 599143.2008943558
88793406.7981566191 621901.9281282425
88545537.7354268730 592941.4649767876
88731748.1472976059 617681.8616595268
93282752.1306681037 782470.6364746094
90585138.5583433211 721910.9915161133
104571017.6697447151 844877.1074218750
88479472.8116725832 586114.9833354354
89199647.4258558154 656562.7801786661
88494674.2496453524 588176.3158792146
88362043.5324462503 569451.4858639240
88581201.8681310266 595609.3018273704
88053939.9534610212 479333.3450804204
94139558.8969123513 797308.7839355469
88738306.5196029693 617800.8103079796
88335407.6537049264 566217.3889400959
88056444.2490062267 479345.3787718266
88069343.6003748477 484886.0792301148
88042361.3757533431 470907.8599729985
89625707.8837241232 678610.7947845459
103134455.2467105687 832708.7014160156
88474790.5471449196 582635.9144430161
91801606.4243247807 759663.6817016602
90741048.5501634479 727484.3262939453
103714961.8328664452 834184.8645019531
88447455.5537674427 581969.2487162948
92794380.0408929437 778472.3853759766
88387124.8553335965 573594.4699916840
88318058.3018352687 562589.3486568928
89043128.6845372766 644459.3345561028
88490238.1763627827 587220.8220795989
88834419.0282967240 629927.1452898979
90749292.3080338240 727504.1929321289
88376562.5691930950 570520.3518276215
89653884.9588184655 682477.0136871338
88223141.5525524169 535241.5332024097
88591883.0944004506 600067.7350873947
91773627.8164892346 759362.3781738281
88697891.7263321877 614564.5911226273
88722589.2252015173 615410.1469378471
88050710.1830594093 476972.7562124282
89002866.4349784255 638920.9282488823
88048205.8875142187 476960.7225210220
88047825.1095434874 473663.4058856517
88598441.4667057544 600129.3649873734
91566311.1011636853 753311.4378051758
88870238.1123855561 630469.3833105862
90557151.9474828988 720273.4041748047
91546148.5062465817 749700.4440917969
88045320.8139982969 473651.3721942455
102328065.9476849586 827113.5727539062
102860924.2606061101 830672.0600585938
105693410.3720161915 854515.0878906250
88657686.8312031329 607097.6929648221
88062216.1025809348 483969.4467800111
101918087.3674355298 820627.7917480469
88275590.5435781926 551434.0791008472
88118277.0434340090 506273.3072273731
88422066.6102354974 578442.5183315277
89004119.1669390053 639558.4491942823
97946004.2006508261 807893.6179199219
99149096.4687048495 818537.1777343750
98543841.4358694702 817074.6677246094
105639605.7506860942 854086.5390625000
88145937.7190079391 511752.6571264267
88097413.5409869254 497496.1757172197
88288657.1252639294 554522.6567375660
88289253.4742219001 554902.1406242847
88779239.4540316463 620102.7787127495
88282006.1477515101 553490.5122063160
89352858.7639335692 666759.2465972900
88235076.5542230010 541503.7688057423
94228817.9752034545 802377.8500976562
103264393.7799170911 833675.3271484375
93753703.3217595518 790116.5859375000
91665331.0871775448 755402.9146118164
89642522.8876909614 682037.3156127930
93482684.2283726782 786464.4215087891
88103864.4903016239 499219.2051000595
88798135.5164147764 622374.4934344292
89466918.3156460822 672106.4493560791
94155674.6789481789 798268.9199218750
88344545.3112879992 566374.6172084808
88979729.8875788450 638117.3180907667
88209403.6321761757 531675.8581974506
91013542.0901972055 734619.6697387695
90927281.7009752989 733664.9243774414
105106030.4461399913 851450.0100097656
88126818.5199772418 506977.0545681864
88648081.8622712493 606555.4549441338
91031659.2441305220 736041.4324340820
88160350.2721403241 518806.7592537403
88255465.4521117210 546084.9968254566
90492760.1676199436 715399.4219970703
88442719.7891879529 578774.2632045746
90332729.9263454527 711877.8508911133
89345604.3002735227 665491.0767364502
90173409.2042529881 707806.7787780762
88025466.0871707052 460589.7853872329
91103692.1682251990 737483.5308227539
88199697.6947802901 530652.4484856129
94293245.7284727693 803101.4641113281
104108948.6099329889 835505.7246093750
91300355.8922971636 747795.3652954102
90887085.5447861552 730376.1956176758
88084745.2912708670 494443.6025418192
88975583.8873571455 636312.0211254265
88079011.2253240645 492069.8642711192
88231165.2455949932 539445.2036564350
88875285.2825268060 631368.2763934135
89645619.7565577179 682359.1799468994
88355107.5974285007 569448.7353725433
89678021.2934429049 684166.1308441162
103838036.2789162993 834361.5952148438
89275764.4428587258 661488.3850631714
90617630.9623548836 723941.7058715820
91178233.3740099818 745728.7793579102
105717383.3373204768 856034.4765625000
89692232.5904580802 685214.0940246582
89240513.6800858974 658006.6009794474
89790029.8511558920 687963.0144348145
90099914.6421453655 703701.2615966797
88067850.0026882291 484124.4122447520
91451504.1436943710 749195.7402343750
89052733.6534691453 645305.8040844109
88230310.0826546699 539021.6423771381
88443939.2976045609 580483.1858004376
90502762.8962311298 718147.5864257812
88093337.6098999679 496493.6877760887
88547254.2194598615 592949.2209005486
88278094.8391233981 551448.5385735035
104356773.3865228444 835755.0183105469
90964023.3379553854 733785.3037719727
88476340.8344898075 583186.2397197529
90383264.1086449772 714422.5173950195
88123932.9368033111 506543.1261003017
88678666.8258756548 607688.0441898108
88349377.2592315376 568095.1255092621
88308953.4179454893 558133.4767456055
90589644.3514944762 722435.8904418945
88244903.1659712046 543010.8786613941
90500786.0236060321 715708.9661254883
88774712.6543708295 618953.5418704748
88082906.6292618364 493604.8128414303
89312647.6288733035 663800.6767120361
88071745.4066259414 485659.3608150631
88523362.5702161342 591524.0235719085
90939817.9334060401 733776.0234375000
89220285.0803391635 657316.2190362215
91125301.2817213535 741440.4753417969
89851334.6979071647 692407.8799438477
89625712.1296402216 679017.7804718018
92356746.7821975052 766560.4404296875
89801421.2934434861 688413.1454162598
88089368.4935195893 495349.0700577646
88102009.7913217098 497620.2923374474
88912420.6006830186 632372.7038958669
88095819.4428342879 497388.0202584267
103969772.1474609524 835020.4836425781
88117149.2066631466 505112.5901802927
88491974.3678210527 587427.0048030615
88435775.9469473809 578618.4017382571
88542837.8536025137 592185.5836181641
89422230.3849882483 669687.4787445068
89746171.9758297354 686493.2933502197
88137892.6715406030 509921.4722847939
90257673.8407461494 709662.9865417480
88576591.8688975275 593126.7983010896
89403345.5953103453 669041.0369186401
89428287.1519141793 670638.8645038605
90377667.6956613809 713894.7907104492
89791641.9021674097 688391.2926330566
90809446.9286108911 728960.5777587891
90345266.1587761641 711988.9499511719
88329677.3155079484 564863.7790768147
89877715.9387734234 692878.5459289551
89078051.7888143808 648322.4360772371
88284630.2719731778 553611.7243721485
89139316.7617879510 652290.6423015594
88171987.3093664944 521782.9536609650
89179527.8968482018 655235.8665428162
93731043.6503518224 788111.6376953125
89998841.6613720655 699606.0569152832
90498600.9648063779 715415.3764038086
89613770.5002294928 678303.3164081573
90086527.7489896268 703249.1102600098
88187753.0050064921 525073.7654285431
90083198.9578828067 701817.5026550293
89339337.1631944627 664553.7975006104
92520866.8271348327 774109.5070800781
89805439.2373039424 688797.6178283691
89297995.4898001701 662359.5456085205
89261112.3037855625 660047.2539596558
88478543.7685139030 583643.4446973801
88783483.3773416281 620933.3623309135
90432513.4165939540 714915.8695068359
88197118.4095024765 530583.9824650288
90275806.4861604869 710600.4392089844
88212884.1051424593 533874.7942326069
94092161.5527948588 797195.9106445312
90023765.0651776046 699954.4376220703
88906599.4295194894 632344.6218417287
89753426.4394897670 687574.7389221191
89979517.9637637883 698839.8478088379
92773016.7375149280 778397.5733642578
93838060.5871727467 792770.6804199219
90128800.5046648085 707027.0560302734
88685937.2937094569 609656.6444978714
89634680.2843286097 679366.5483551025
88242323.8806934357 542868.5771915913
88921251.5685926974 633785.7529452443
94403111.1172667742 803303.9907226562
88217192.7805574685 534067.5483875275
88131441.7222259045 507882.5220841318
94165398.8011679053 799183.4030761719
88411584.7557068616 576536.0994825363
88114604.6723760068 499872.6026505381
88275515.5538456440 551306.2371037006
89162543.7853023559 653811.1934089661
88295811.8465272188 554917.0571117401
93881320.7972677052 794245.1914062500
89544614.6292736083 677204.1745910645
92721373.6418432891 777223.8586425781
94583364.8866893053 803706.8041992188
93554171.5959923118 787404.5581054688
93894257.1798992157 794264.5488281250
90061449.7833024859 700147.7152404785
89067466.3592904210 646051.9614068270
92462779.9070893228 769225.5581054688
89901044.4006742686 695584.6583557129
89122332.6502420753 650818.8200478554
89092703.9278875440 649763.5671807528
93835664.8021035343 790226.9003906250
89967483.8126278371 697672.2502441406
88919818.2760960609 632612.6730036736
89440228.7813249230 671353.3285675049
89943572.2166680247 697377.4256134033
88210259.9809207469 532379.6380608082
88148699.3102018982 512074.6995667070
88270387.1340787262 551217.3854973316
88272891.4296239167 551231.8449699879
88239699.7564717233 542794.1850578785
89397547.8788159490 667194.6291319132
88225287.2033393383 535726.8531217575
89445271.2634600550 672061.4351654053
104415371.0514985472 836193.0236816406
88214568.6563357413 534003.8965177536
88191973.3650873452 525796.6900358200
88181254.8180837482 524073.7334318161
88169617.7808575928 521086.8410027027
92335383.4788195193 766071.2924804688
88153971.9802305996 513282.5788321495
88154872.4468997270 514233.1459708214
88165536.3600517958 520084.6190003008
88150560.9212566465 512639.2457914352
88577570.3379289806 593498.8990478516
92370805.7979271263 766711.9731445312
92413070.4382943958 768811.6818847656
88176254.9070553929 521807.5756043047
92375645.3112773597 768108.4768066406
88139153.9888677597 510405.0655733943
92209878.6093873531 765400.5373535156
92704137.0127185136 775883.2637939453
88164635.8933826536 519134.3907288164
88187329.0586188138 524421.1743497849
91964226.1225882471 765001.1604003906
91881923.7588050365 761357.2697753906
91852051.3629422933 760140.7784423828
92475523.3539584726 770125.5817871094
