114269719.0209237039 18529.2330201454
114364653.4452650547 18889.0759746879
114444256.3580313027 19047.1400626488
114345444.2980036438 18888.1718209572
114527982.8992335796 19359.4597736783
114646913.1701636016 19616.3972342797
114496312.2446007431 19325.3942778893
114372098.1965179145 18954.3857302852
114488071.2182292640 19086.1590941735
117861814.1627341211 24463.3229217529
117732412.8504046500 24438.0977325439
114190863.5918913484 18225.7317426801
113832779.0959700644 17401.7053893209
113636513.1810567677 16837.7233183980
113623026.5970610827 16752.7290667892
113671717.5433106869 17125.3327806592
114115393.0754372030 18094.6569073796
117204088.6440346539 23991.5862960815
117526583.6649038494 24256.5953369141
117591381.8800951540 24288.1098327637
114767189.9065276384 19814.7623966523
114926726.7686542571 20113.4111469574
114686301.8154313266 19812.7059543915
114753300.2701589465 19812.9102012888
114794216.2119218409 19998.7107833214
114494263.3856822848 19219.9839975424
114767852.1785282493 19895.3007644005
114591211.9936692119 19551.8097370453
114591426.8060128093 19609.5679157563
113905987.9449580908 17717.6052410193
114053064.6642215401 17894.5909339972
114177568.4994267076 18097.7652399130
113775399.3722387999 17344.2706087418
119141398.4949618876 24622.8055877686
118416090.2172974944 24600.2907867432
114843156.0637367964 20010.4676311798
114874210.4760317206 20018.1301191933
115814729.1096173525 21779.9443063736
114946829.2877728939 20138.6722171903
114180736.4730829298 18141.3111608624
113998740.8871108443 17728.0758264661
114039514.0431792140 17871.1956823468
114979539.1158604920 20145.4673336148
116948924.5811896920 23666.8775711060
116962621.9018531740 23675.8970108032
117321328.6384921968 24060.2623138428
115282344.1755576730 21096.4903856516
115510129.7431679070 21442.0922172070
115442630.4329720736 21396.7219148874
115602831.7580482066 21480.0076113939
115424699.4185383916 21241.6236751080
113874604.7147973776 17517.5436628461
113851931.9547395259 17490.7539365888
115902440.0580503047 22035.0636086762
116286133.9114605188 22515.3298745453
116074551.1777639687 22333.7817254364
115982590.8655743897 22310.5489983857
115860464.8336879313 21985.0097985566
115108496.7138800025 20551.0125931501
115057097.1768341660 20525.2116860151
115421967.7022802830 21235.3622244596
115412323.4785787463 21183.3377752304
115150306.5005054772 20802.6002129316
115034682.0485751927 20484.5955493450
118235905.4642281532 24568.1437835693
114678522.0134610832 19674.1554129906
115123150.7037473023 20595.1831687689
114997139.1797951460 20232.1159957647
114998540.2771979272 20261.1261581182
117169401.7216231823 23873.1670036316
116286302.1897343695 22769.3348584175
117988654.5145741701 24519.4754180908
117892323.0865374804 24481.3690643311
117390228.9469266236 24181.6639862061
117521009.6666228473 24216.4312591553
114990828.8723858595 20185.5193831325
116111321.7087427974 22440.6871838570
115640187.6862848401 21614.3699254990
115663009.7360363007 21674.9078235178
115753279.4152933359 21693.4634614289
116242908.1452112496 22442.6009645462
114026382.0793996602 17735.3071511388
118174393.6786852777 24527.3706512451
115949010.5709493458 22044.4081025422
116887390.8219663352 23531.9258041382
117078944.5406250060 23819.0901775360
115823824.4672217667 21791.8326034546
115970106.5946984291 22060.2925186157
115361901.3817276657 21182.3012758493
114103124.8498782068 17904.4067929387
115261805.5986704826 20882.5956865549
115196720.8700143099 20879.6767395735
117562551.8797145486 24274.5628051758
117621023.3496471047 24403.0840911865
116801146.5137695074 23482.8144054413
117124070.1960397661 23822.0366287231
117385758.9897518754 24095.5725479126
117047710.8730534017 23720.4786682129
114989082.8138225973 20168.6341117211
117139806.4346155822 23845.6367492676
116877164.5588447452 23527.2271499634
117018936.7786348164 23710.4500045776
116395710.8093661666 22800.8021259308
116558661.1397989690 22955.9354515076
116932631.5383843184 23596.5148010254
116584732.6890128255 23059.0379161835
116582612.3728312850 23015.4034862518
116573678.3031078577 22964.4429321289
116110535.1140238941 22382.9680352509
115881085.0038327873 22010.2928233445
116773663.5711833537 23374.4670181274
116695761.5071442425 23329.8239364624
116602838.8098681867 23169.9553794861
117486846.9077546895 24182.1866302490
116840314.5726656914 23516.9852218628
116838028.3473416865 23498.5629653931
116563033.9596580267 22960.7910079956
116468574.9712385833 22954.5748004913
116629005.9990299046 23259.9546966553
118230247.1724185646 24530.2986907959
117955443.2646552026 24492.1923370361
117759181.2854281962 24461.0000762939
