104794285.3999131620 60850.6488342285
102500268.8336415440 60643.8995056152
95702577.5869374722 58626.1849670410
90034844.2945319712 43003.0309281945
95162515.6745617092 57939.6903991699
96009202.2276509404 58794.8900451660
89796509.2262518108 41371.7329893410
94648131.5267350823 57282.0600891113
93669629.4153598100 55495.4497375488
96326977.0581021607 58904.8772888184
95660035.6416081637 58617.4034118652
90633438.1467156112 45506.7182633281
101845378.9037011713 60572.5325012207
94544040.7809276730 57050.5338439941
89954201.5211940557 42239.8678244352
97392928.5226401389 59310.9358825684
92228888.1911731660 51590.7221369743
97076770.4704532474 59268.5610656738
90131649.2180356234 43203.2429989576
99951862.4402763993 60157.8471984863
95640873.0294462591 58578.4645080566
89880782.3407197744 42233.6467190087
94353699.4506681114 56685.2196044922
91116188.4570689946 47556.6498056650
89322891.4861154407 36772.8782854400
96102709.8571439832 58796.5121154785
90148876.6113415807 43246.5035664439
90183303.2848523557 43601.4554993510
89447080.3438996226 38146.4664187934
90653905.2631124258 45747.8169843554
89831991.9925715178 41494.5205259621
96150218.4182305336 58797.2134094238
98975908.3457815498 59907.9147644043
89587354.1451432258 38966.1658886578
89857049.0300101042 41881.6634397805
90460722.1385291517 44969.6693097949
90875070.0825709850 46646.3456541300
90134245.1365045607 43229.1642005444
93206901.8057180792 54352.7347297668
89513242.8859760463 38505.2893285118
91764306.1130383313 50035.8640270233
89518928.0442361385 38506.7061909996
89993971.3352609426 42443.5561369658
91775755.3254570961 50108.4850916862
89423557.2488482893 37373.9584149458
93190594.0863291025 54330.4687995911
96409334.4978574365 58965.2171936035
90294257.3655120581 44052.6539551616
104048003.7020948827 60850.5342102051
90434531.1667557061 44835.4948922992
89442528.1805597395 37755.4546632133
90411181.9151210934 44589.3702332377
103533413.0364486426 60739.4728698730
93457397.3843405843 54828.2769012451
90449574.9683716148 44840.0104100108
89712821.1959776580 40064.7073732987
90901977.6442555189 46784.6887327433
90856319.9762778282 46421.9969812632
99381102.6282156557 60030.7748107910
91486038.1330427378 48902.6724826694
90566499.5179806054 45376.7266880870
99370631.9373979568 60017.5492248535
98793074.1655627489 59888.6707458496
97316845.0004262328 59306.0937805176
94145573.2107627094 56471.8157653809
93490262.8684506714 55106.3628692627
93741182.7895692438 55678.2610321045
93780298.1257841289 55712.9448394775
98670459.0292945951 59871.1634216309
90426009.1156047583 44620.3575150371
93421473.0933260918 54779.2069244385
92622827.1241844296 52812.0980920792
89755164.5399592817 40991.0226049721
90688144.6094168574 45924.0148035288
100179150.3593036830 60250.7394104004
91615205.8246192038 49472.1123449206
95990039.6154890209 58792.0002746582
90936324.7937474251 46932.8079435229
97397209.2133124173 59326.7024841309
89381631.5806985646 37370.3816610910
90075012.9511273652 43105.6158293486
89438634.8380063921 37430.5403160416
91294618.7387367487 48172.9867116809
94605499.5890984684 57246.9975280762
90542329.7466551661 45095.1859956980
97668254.6187245399 59504.9258728027
90652885.6999413818 45535.0292003155
93719221.9234842658 55588.9161224365
90554865.9790859222 45121.9799076319
90387058.6807224602 44428.6061639190
90332211.3019800186 44427.9401710033
91271582.4775194526 48128.9998208880
91041620.1552452147 47327.3879587054
90947938.8317176700 46947.1133211851
90682603.5478987694 45872.3666406870
90191937.5007364005 43642.3321074247
90725023.1527681202 46113.1742122173
99462294.9882350862 60086.4801940918
93464218.2053256631 54986.2598571777
91187025.9972094297 47795.7346051931
91504952.2486906797 49166.3682443500
99021107.0998075455 59959.4078063965
99383027.0316648930 60033.0653381348
91300621.9539498985 48266.8152896762
91119880.1174463481 47637.7092462778
89968446.9396773279 42329.9324877858
89662680.0481309295 39330.5169796012
90762352.8526975811 46227.9595038891
91078384.9429438710 47401.0256387591
91305296.2965392470 48273.5664392710
90205621.2707798928 43651.7312047482
89652587.9739396274 39312.8335675858
90525630.6806158274 45084.3680530787
101202367.4466449469 60463.8556213379
90010322.7158986628 42655.2809355855
91709039.2584991753 49962.1903376579
90896897.4312558770 46768.6512180567
91196939.3898401558 47998.5305953026
89703998.6588580757 39487.5553789698
98982325.0093647838 59914.3523864746
91757425.5573862344 49983.4061522484
90643379.5045569837 45520.5163151622
92143331.8755142242 51507.2911720276
93637775.3540888280 55327.6509399414
90313911.6045048833 44145.4425084107
90257170.5846967697 43824.1434228420
92042370.3077118248 51035.9646720886
94280451.6033395380 56596.8636169434
89459977.6952308416 38270.7379369158
91859998.7507949769 50516.3861713409
90794799.0013040602 46304.3550077081
91939001.5807733834 50763.8021998405
91539109.2990915477 49279.2733386159
94456252.5337529033 57035.5296936035
94434291.6676679403 56946.1847839355
90622079.0514539629 45442.3514403105
99033193.7090344727 59963.0935974121
91929581.3702900261 50647.3889392018
89686621.0309895724 39357.3143778406
99700877.5552797914 60122.2129821777
92184447.0061803758 51553.7964668274
99619321.8680089861 60121.3097229004
92159639.5949031711 51513.4936256409
91924575.1944661140 50605.3429007530
90976233.2170170695 46980.8785815164
90272145.5228728801 44009.7170752287
91657601.6601891965 49694.6015970111
94971354.0958845168 57885.7716369629
91427639.3379149586 48892.9897348285
90271164.7419525683 43984.7447106354
89483150.5076007098 38365.7077733837
99123733.5269490480 60001.9216003418
98682545.6385215074 59874.8492126465
93260715.9525015354 54440.0263519287
96155999.0281305760 58810.7755432129
94498794.4790822119 57044.2546081543
90458478.6384560913 44907.3962609284
93143507.6093444675 54280.2543640137
91567169.3083163053 49307.3921740651
90177898.0516896546 43585.2641390562
90985890.4997898936 47151.3433186412
92900480.6732998490 53560.1443748474
89827939.1490627527 41448.7792365067
92181294.7255242765 51535.8927955627
91417869.9237638712 48795.0486423373
100126531.8809094727 60182.3431701660
91638507.9378936589 49552.1501199603
90253769.9422409683 43803.9877707362
90147312.1244944185 43235.7243172638
91225265.9070282578 48063.1467928886
91361992.8361676484 48449.4312245250
89599710.1608020067 39182.6467529498
95024912.6275271177 57904.5469055176
98377418.0858810693 59761.5983581543
90856763.8687038273 46498.1612812877
91902970.0068403035 50562.2512324452
90805256.2481944263 46374.3055779450
90113416.7876344770 43151.9156672470
97408398.4997388721 59361.0697326660
89649505.3362611234 39190.0887638293
92123608.0209700912 51349.5760841370
100761179.5582174063 60336.7832336426
91376362.5709883422 48519.4589192271
90131871.7216292769 43222.7909581177
94953190.5022033602 57682.9876403809
91327725.5800784230 48413.7114281654
91833901.6295337230 50325.1173229218
90874285.0545936674 46499.2712151520
100870839.4930992573 60352.2892761230
92960858.3129490465 53741.0778350830
91850209.3489226997 50347.3832530975
103089061.8611680120 60646.1166687012
101071786.9746603817 60457.2804260254
93134469.7080299854 54244.8460235596
91660185.2011546344 49753.8855876923
101716991.9361248910 60534.6371154785
101359394.3264188468 60498.6851501465
93508150.3174866736 55154.7581024170
91890147.5234289020 50555.4974498749
96660664.6443676800 59109.4919738770
90934648.6029019952 46905.7073324919
98231144.9786265641 59728.4533386230
93107553.1331246346 54197.7183837891
101475781.0617966056 60514.6426696777
96911846.0961232483 59214.2892761230
97533402.3231276572 59427.4786071777
96803735.8499710858 59157.6766052246
97830780.6631672233 59546.4916687012
96857294.3816136718 59176.4518737793
92537851.7229356617 52650.8657875061
93958751.8701075613 55900.4501342773
92661256.8954273164 52880.7403869629
93099445.4127079844 54173.4790191650
96454569.2639282942 58969.6986389160
100608299.0571149290 60305.0539855957
91798845.9459343851 50112.7676582336
93082409.7458058596 53921.6049499512
95311660.3057669997 58242.3995666504
91563726.1621105522 49281.3542461395
97777222.1315246373 59527.7164001465
99586160.6553229392 60091.6370544434
91702110.8693043590 49847.8579845428
94584159.7560880780 57066.7333679199
97411075.7968150228 59415.0262145996
90799475.4142473638 46339.9255326390
97539635.1017264873 59471.6643981934
96744757.9694318324 59142.9222717285
96508088.4183681905 59029.6714172363
100667375.7931822687 60330.0248107910
92836303.2432167083 53497.0273742676
92669364.6158439368 52904.9797515869
92385516.1923557371 52178.4799041748
92435896.6684476286 52338.4029541016
92393623.9127723724 52202.7192687988
93121743.0601918846 54208.4777679443
95861480.3105775416 58699.2563171387
95629068.4157286137 58412.0204772949
92357713.3768896013 52045.4679985046
92696281.1907492578 52952.1073913574
98507755.2219742686 59809.4823913574
100079260.8704881668 60158.4608459473
95580956.2172396928 58402.9300231934
92809868.2332502753 53408.9261322021
97233967.5371178091 59303.3581237793
97979009.1250548959 59674.4543151855
92499315.8085282445 52569.4577331543
97556537.1180214882 59472.5650329590
94803533.8524447829 57561.0529479980
92078111.8004848510 51170.1660082936
92804282.5494285971 53319.1262664795
92325599.3801491708 51998.2259979248
100090527.0598367602 60161.6722106934
94426928.7767504454 56897.2965393066
92077409.6739033461 51166.9901049733
101027371.3215903491 60401.3918151855
92267433.8216714263 51760.4877703786
94575609.1229281127 57055.5771484375
92294985.5137874186 51822.9271929860
97906305.6886992007 59616.1031188965
98427857.7900129110 59762.4989929199
92346937.2343960255 52030.9808197021
92546824.9634726644 52756.1601409912
92748199.2738213539 53233.3885650635
95311222.3898035437 58233.4931945801
92097675.1954030991 51202.8215258718
100309953.1181157678 60254.2531433105
92584470.5371084660 52811.1808929443
92516211.0971108824 52580.8613360524
94699001.0708037764 57323.2419128418
95531829.6709348559 58354.2850036621
93610888.9932948202 55232.1266326904
92775056.5115997791 53271.7182159424
95439101.5030114800 58282.9179992676
95284365.1520250887 58195.1635437012
94776676.6146663427 57522.7232971191
94123505.5401044786 56390.4101562500
100588935.8374715894 60284.5321960449
95188820.3322015852 57992.4687194824
97889403.6724041998 59615.2024841309
100968294.5855230093 60376.4209899902
97028589.8840522766 59235.6596374512
93241145.5787621737 54404.6940879822
93271759.4451239258 54518.4468994141
93072129.2356084287 53904.7059478760
94868094.7635223866 57674.3038024902
93627629.7825386077 55266.2655487061
96717279.4696609825 59122.4087829590
96907452.7311601639 59209.4035949707
93600772.5447601378 55227.9358978271
98185135.7886998802 59675.8669128418
93384474.3672191054 54733.9885253906
94848780.1542902440 57567.3321838379
94599673.8201257288 57149.0085144043
93357617.1294406503 54695.6588745117
94079638.2765112817 56222.2839355469
93939426.0458885878 55892.4500122070
96230760.0289846957 58901.6717834473
94072459.5288855582 56213.7146606445
93567041.2038260102 55202.9568023682
94001182.7098463178 56032.2255249023
