102587113.1300376803 320046.8185527811
102928817.0095872730 325834.0493384600
102958130.6439491063 326551.6689673662
102567984.2819567919 319003.7706061602
101785482.1552016139 305114.0729799867
101670279.2351322472 301818.5599956512
102095915.7707381845 310671.8926764727
102015264.8188161105 309862.6776286364
102191254.3807568401 313266.5129702687
102142227.1585994512 312229.6081436167
101490831.2868844271 301702.4266253710
102358761.8885449469 315333.8860484362
102545821.8511994779 317873.2729037404
101921785.2182750255 309653.0270889292
102376281.9556483179 315645.7081664205
102436691.4921437502 317845.2085269094
102382671.9441467077 315908.1051116437
96844687.7252417058 187279.6517353058
96847008.3687824756 187678.8617498875
96689756.9691124707 186377.7945575714
97242932.1394708753 198897.9089840055
97356141.3273817599 200290.8861568570
102113096.2190739810 311352.8189975850
105125041.9956474304 363267.1859885901
99507596.1398207694 256188.6673512459
99907879.8076029271 267192.9931387901
99590787.7636448890 257870.3385026976
99527939.8463393301 256712.3362014890
106260870.3879067302 381492.3100051880
98780377.3711968362 236791.3905310240
109014852.3665164560 420040.5283203125
108186745.5230487883 412591.1174316406
107672966.3996937424 404557.3292236328
98253663.9167341739 227855.6003037728
104595035.2984763682 355509.6352073401
103906119.0673884451 343417.0754747391
103949857.1628969908 343682.1069755554
108692675.7674594373 417458.6105957031
107553885.8850209564 402172.3127899170
105440076.1378562897 368550.8347468488
97289431.7953498513 200056.2990839183
97582172.2701327354 205794.8515062332
97595535.4833818823 206162.2890741527
97235064.3477023691 198515.4383578300
97505395.3422695547 204619.3479728922
97843852.4288864881 213351.1984387487
99701644.9508317709 262301.7409639359
101912830.6204083711 306517.3112297785
101672522.7256563604 303155.8287551403
101813684.9143613428 306396.9712105524
101449999.8451227695 298866.3641555309
103251988.0854471922 332724.9334392711
107576059.0804417878 403278.8772583008
101250257.0795474648 293759.6911792755
104330426.3894862235 349462.0793731511
107251887.5172136873 398935.9935913086
105679312.7746315897 372136.4586791992
105783111.9539859891 373626.4524230957
105890485.9448608905 374854.4062805176
106419501.5706788450 385331.6919250488
106393100.0308070779 383775.9758605957
106116516.4760324955 379465.5825500488
106130586.2519604266 381456.5146789551
106855801.6497521549 392460.5056457520
106276228.3013054430 383330.0636291504
106505563.8931254447 388585.3283996582
106471479.8942494690 386598.6779174805
99839699.0933568925 265627.7903370857
99408300.4337497205 254443.5450920984
99690488.9922263175 262181.9995656013
100719625.3474376202 282543.1866353896
97602138.8335347325 209764.4825879186
109324343.6373229027 423623.8222656250
108815928.7370535135 419902.5122070312
108527808.0735876262 415415.0953369141
108725718.8043049574 417889.4636230469
94924775.5270434618 120545.3390431181
103506280.1565717757 336390.3463796079
103314697.7960837036 332882.7404299676
102925231.5716427714 325159.4049998224
96275266.1706001461 175138.2099919319
96851781.5392910242 190303.3221392632
98946562.9310285449 244476.9432374872
98797542.3767812699 242447.2611085810
105681077.1916625500 372849.4874334335
105718603.1651092172 373401.0808696747
97813120.0761979669 213192.8149891349
97793925.8928831965 212283.6901584193
97948645.7522920221 219823.1078067347
97897287.2592008263 217595.6182818376
98188191.3849381655 225126.1098020598
97853808.1125112325 217358.1543116532
98207221.0121017694 226953.3471723236
98427411.3308413774 229603.8127155304
98445864.7635348737 231565.6201124191
98330218.4516093433 229566.0015697479
98337569.7434842736 229586.2419862747
98026178.1625222862 221836.6494922638
99273738.8741125762 250344.0433081873
98628815.1644520611 236766.7556344904
98780980.1893904507 236863.3995897211
98149444.7158110142 225123.5892612375
100811081.6330747604 283892.1059631255
100479304.2916049808 279321.6387838271
109523751.6827404499 426794.2094726562
109276806.3005322963 423072.8994140625
109285064.6527160257 423325.8696289062
105223763.7921090871 364265.9592585675
108285923.8684953898 413678.8762207031
100426454.0244289935 277036.8141179513
100406625.2497773916 276180.8757385161
100597079.8290033937 281415.2854064849
100332962.3375798762 274706.8086866286
99902617.7942182720 265918.5600952056
96239788.5592547655 175132.0859491527
106789416.9249414653 391655.1458129883
106948947.0875279158 393523.5403442383
106719176.5932745785 390570.6195678711
107027314.1813824326 396598.1799926758
99068510.1009918451 246737.2451910973
99146859.9401609004 247116.5540442467
99158440.4268656224 247138.8607611656
95177080.9094688743 136060.4243196435
100963820.8680756837 287401.9144821167
100980598.9085932076 288315.7603658583
100811575.7731238604 287079.1895650771
100428002.6210184544 278827.0795453932
101078482.8874221891 289784.6638636589
110038189.0364640504 430079.5507812500
95349127.4657965153 146033.3137821741
95133492.5892025679 129538.6279459000
95618101.8871604055 153376.8843955994
95640722.0796878636 153894.0077018738
95810689.7292902321 161018.6687781811
95796774.7295425534 161017.4611320496
95632600.8981556594 153739.5233389325
95352871.4586566389 148533.2765976377
95200372.0357835293 138745.1284042783
95169147.7671825588 135959.1263294220
95100462.6434419453 129077.0561223626
95024004.2995455116 123776.3429875970
94953157.3102083504 121643.6708989739
100593043.8444207162 281369.8338420682
100108872.0447909683 271069.5287641432
100620909.8584059179 281420.7474573996
100345995.0521064103 275395.1428283599
100536972.0973879993 281332.2110841565
100257567.1190385818 273847.2338622954
99855047.1699457169 265900.1838439849
100223094.5627677143 273684.3027144816
100134732.2082088590 273657.7346252349
100031865.5985947400 267251.4842471328
100047839.1131133735 267254.6086477187
103501570.4859851003 335998.2210537504
102946548.8039247692 325930.9730384648
103094460.3659499735 329512.2457876205
103539719.1617069691 337135.8696246571
105022908.5832356811 361117.8774077892
96431588.2613536119 177593.6572776735
107665725.2283928394 403692.8829345703
105478066.0163353682 368622.0756731480
104917667.2640835941 360688.2174156085
105013891.5435048938 360778.2944422215
101595140.2435996085 301798.2239785194
97008905.9038808644 193372.9412788298
106891854.4260959774 393265.4570922852
103393848.2930435687 335659.5246934891
103172428.9053674340 331551.9009141922
102313150.6265031993 314620.8355255723
106407637.7722188383 384136.5603637695
97772395.8742423803 210845.5384325981
104827262.2531868368 357200.3925009957
104276519.4665169865 348785.2191373110
104229789.1913763434 348536.4117462530
103732358.7978620678 340657.2107343674
96372602.4277057648 176310.5531490445
104432619.5268592238 352892.9818525314
102736201.1633951068 322406.7875566483
102314791.7593020052 314654.5427826733
103819818.4017271698 341704.5285919011
109138522.8451960087 421363.5808105469
104871611.3750109226 358248.8083031178
104587579.7801614702 353937.0482933521
103628629.4497306794 339472.2158761024
103981919.2915410101 344956.1438546181
107484683.5134045482 401649.5821533203
104879293.1967402548 358268.1287889928
104351059.2031045556 352737.9989061803
107594747.0495558381 403358.8311767578
105267568.1386332363 365343.1265182495
107422153.6069739610 400089.4425048828
105422438.3032406718 368041.1334762573
101087392.7753147185 290031.2518094924
97265786.5623228848 199214.4088785350
97716728.8891604841 209926.7725172341
104719871.9041620046 355883.9823913574
99399503.2211937904 252008.9035583138
99676266.5795983821 259727.7095656991
99398524.2749936581 251976.7004375458
99290425.7317515761 251970.1587844491
96108553.1519503146 167214.1159542203
96129283.2952572703 168077.3404361354
96382694.2745989710 176842.3645580411
96033830.1821869761 167197.3473003507
96192162.8744393140 171832.9276618958
96201991.4749148488 171852.1333961487
95662892.1818300784 155302.9995002747
95951368.0120722502 164075.3768806458
95959649.2150499076 164312.7157478333
105058355.8247680813 362141.6097134352
105297060.5537878126 365403.5777888410
105968308.0084011406 376954.2064509504
104595948.1407238394 355827.4368618727
105514415.4765018672 370057.0138239972
103356737.4633581489 333664.6299783845
105587448.9030109644 370868.0676570050
108477447.3685726672 414210.4975585938
107561600.4975723326 402538.5071411133
108053065.8997452259 410380.8189697266
107191374.0568406582 397710.2491455078
98575459.8685608655 235298.7546579279
98863208.7841786891 242494.6242868342
97462156.8173029572 203296.8146115389
107475420.7097726613 401009.6461181641
109027065.9840498567 421212.4580078125
109419618.6138859987 425228.9345703125
108586159.7643916309 415477.9743652344
99672108.9266721755 258737.4194045663
99443511.7830282450 255952.0192580819
99599452.2268350124 258225.6420608163
106051051.3422171921 378885.0088481903
106003993.8294783384 377766.8084087372
105126619.2366465479 363970.8750300519
102595847.7458566874 320819.3324672291
102821548.5775155723 325133.5380028794
95272594.0331922174 145502.3595695496
95297732.7741235346 145528.8439846039
97123383.4167087078 195090.2793085277
97170876.5739252120 198404.7382929027
105828019.8499951810 374067.2716364972
104846139.6342071891 357370.1558151245
98500385.4221035540 234774.8846513666
101169137.9988181293 291255.0725206282
101320501.3132898211 298636.8083324432
101138488.2565950751 291254.5665391829
108401782.7236253470 414173.2692871094
105252096.8860159665 365042.7903132550
105330477.9560335726 366410.5188288800
100297518.6693796217 273982.6075738814
100983474.8926636577 289497.2031549361
95042960.4866315573 128969.9326959997
94930171.4132419825 121212.1806806326
95135977.4325708002 131492.0866565704
95235376.8321471810 145458.1255990453
99519804.7082739025 256281.9187942147
99827576.9904577434 263836.9205227494
99730078.2699217349 263709.5700393319
99527249.5159961432 256368.8790822029
107304669.5875938386 399090.6278076172
108003461.6843483299 407812.8450927734
107398569.6119112968 399695.1392517090
105611510.4057160169 371987.8162212372
104010918.5166320354 345135.4310712814
103125469.6474600285 329622.2406483889
103000872.3423711360 328570.9804202020
102627130.3729828745 320821.7779931137
102553801.2651174515 318035.3041547835
108645100.6448255628 417097.6588134766
108009540.1737400293 408898.3428955078
107820828.0711923838 407095.4776611328
109009814.7876262367 419959.0434570312
109277061.2769608796 423258.8823242188
109762382.6099747866 428594.5629882812
103889993.0788871497 342038.3593127206
100644373.1170869023 281740.1583551314
100782834.4414176345 283497.0157579329
101227443.9353350401 293597.4742540267
101047242.5669403523 289497.7091363814
101187151.9471521378 293337.6503518965
107743735.2404348552 405108.2218017578
107395983.1990644187 399212.4173583984
107178597.6360419095 397293.9725341797
98933746.4838492125 242550.2254487909
96591063.9302222878 182947.7116510570
96564971.8427313864 182889.6367304027
96870892.7413481027 190647.1875116527
97459227.8824787438 203271.9562060535
97152085.2968818992 195402.7814013660
96983766.0797283947 191425.0879696012
96938361.8932590783 191140.3582027555
96633875.1074825376 183667.5371883512
96469743.7716027498 178767.9187596440
96259138.9826998264 175132.4851711392
96351397.6976697892 175629.4091518521
96150916.1828623563 169202.7512027370
95911718.8836374432 161338.0544723021
95508915.9905557632 153259.9103507996
95646392.5614988059 154121.3933895230
95992908.9745225906 164322.3591098785
95754194.0240867138 157048.8945350647
