66022758.8775198013 1008734.4316406250
65935997.9287716001 1007662.6494140625
66017992.9347698241 1008366.3417968750
65991127.3677011579 1008362.7597656250
65952535.9148111790 1008252.0214843750
65976460.9841311127 1008300.8476562500
65528573.5442193896 997498.3046875000
65569043.7822704315 1000169.0693359375
63493970.5032452866 862894.5749511719
63481935.7959523275 854053.6035156250
63658135.9252121300 868614.7644042969
63620506.6524339989 866916.2197265625
65691222.8516515791 1004192.4892578125
65747158.3928825706 1004718.7773437500
65812620.4127757251 1005493.8701171875
65703111.3746578097 1004202.7705078125
65634183.8259678930 1004153.9443359375
65209957.2867931873 984591.4501953125
65424724.9803084582 997012.5205078125
65216335.3590766639 988274.4628906250
65201393.6733525991 984010.2578125000
63865026.7234142646 894852.2932128906
63667734.7974196598 874229.0878906250
63725558.8394712582 877236.2358398438
63746510.2125865817 881221.0830078125
63752385.6819678247 882112.5869140625
64199410.0982587710 926450.4401855469
64261367.0102424696 928103.7927246094
64160823.8103034794 921988.4775390625
64056028.3379775286 916015.5300292969
64086251.7252661958 921077.5554199219
64111391.4496036693 921590.8581542969
63980253.7718655318 908729.9494628906
63995105.0934915543 915098.4841308594
63929158.8268063664 906111.4245605469
63876472.7802466154 905605.5622558594
63781278.8377776593 891669.1828613281
63876396.7200978547 898398.3601074219
63948164.7191697955 906766.6340332031
63764545.9326697364 882343.1328125000
63681949.6901732981 874956.7578125000
63861300.0035673454 892343.0434570312
63830915.8279881030 891964.0834960938
64672657.9207021445 962414.4785156250
64974798.6498168856 973970.0747070312
64188662.6135868058 924989.3549804688
64328768.6999199912 938407.8588867188
64410074.1936667711 945804.0561523438
64310832.2991037294 938287.8540039062
64253542.2419519201 927416.1147460938
64613619.0999331325 955615.8750000000
64590130.0831010789 955236.9150390625
64509871.4613611773 949005.4658203125
64533780.3516316786 949737.8466796875
64523682.8638812825 949007.6142578125
64358977.5205994770 940822.6308593750
64376052.6903069392 942245.1503906250
64663155.3451660946 958212.7001953125
66218129.7101675943 1015499.8261718750
66254963.8640817031 1017540.4335937500
66163631.7307548299 1015300.1376953125
66231212.7025446370 1015524.1455078125
65395023.1249618232 992301.3085937500
65915617.9506643713 1007408.1474609375
66124159.6532189772 1014475.9912109375
66030448.2764741108 1013984.7382812500
66116465.8260946199 1014033.5644531250
65875952.3168441057 1006971.3466796875
65814190.2106253058 1006843.3144531250
65884343.1573691219 1006989.8593750000
65538156.1579829752 999112.6347656250
66597875.8889771029 1019964.7578125000
66561202.0497773811 1019428.4707031250
66782386.8084447756 1021684.7207031250
64369482.8403503820 941807.3017578125
64861562.7939492092 967228.3906250000
64813038.6208546981 966816.2031250000
64893173.5668201968 968898.4121093750
64811661.3612545952 966557.2480468750
65074426.8721728325 982358.9687500000
65118315.6176577061 982813.0634765625
66482013.6800783202 1017562.1796875000
66558576.7016609833 1017863.1474609375
64973831.1782509387 970698.6054687500
64915827.4087640792 969809.5566406250
66653270.7606603578 1020271.6386718750
65242462.2776787281 991589.9145507812
64634216.5952311456 956706.9824218750
66732958.5335658267 1020393.1689453125
65188963.7223522216 983842.2421875000
65045215.6893132180 977101.5117187500
64648222.7950502709 957541.5576171875
66581238.2908810452 1019502.6591796875
64995052.4210837781 974108.2763671875
64955089.5355472565 970070.6601562500
65436322.0080811232 997348.7226562500
65145090.6219112575 983798.3447265625
65039755.5605456978 975673.1142578125
