108542574.4456790388 2807.6954810114
107838954.2627232373 1921.3184520900
112495803.5162565708 5236.4495091513
110966938.9896884710 4539.2277391077
107726308.9267272502 1693.4380744373
110068584.2136278003 4024.4001844494
112404748.6171935499 5198.7666232148
108589116.7394650280 2897.8174953961
113148222.7971235514 5498.3414720297
113203406.6684228033 5508.5872071981
113506310.2078954577 5601.1840738058
107829378.2412739247 1735.4988919795
109666734.8397298306 3786.0877990145
112782391.7185257971 5371.8599359691
112511573.6615696251 5248.8673152626
108970750.6740965694 3225.6688365021
109972909.5776482373 3990.7536553107
110070961.5452558398 4027.3226060588
110289274.6072695702 4151.3301661033
113486428.2978686988 5596.0291113853
112220122.8186804205 5150.7611088380
107877301.2559177130 1921.8450432364
109534628.7703219801 3675.0548724458
109089029.0459751338 3316.9539135972
111913881.8613067120 5018.8987010531
112385608.7963249236 5197.0454063118
109206404.0400579125 3391.1046250130
109167059.4619317055 3369.9874565005
109216013.9387941062 3457.6080849434
108345084.8079386801 2576.6272471350
108276560.0193941146 2488.1817158774
115225034.9070179313 6117.9140129089
115551748.4927535206 6132.8053817749
115512378.2371829748 6121.2283611298
111337344.8037811071 4731.2345784903
111559650.5866720527 4834.5907961987
108713949.5245715082 2996.4661138571
110769248.3007117808 4420.5356773725
114689756.7881516516 5958.8208084106
115168350.2825046778 6085.9258918762
114862891.2599347085 6016.7128152847
108070696.9253382385 2212.1061438990
113570645.7720625997 5646.0240413249
114190751.6050965637 5810.3645324707
110230982.7401644588 4104.0476365694
109554855.1380625367 3698.1193390507
112707815.3307231963 5357.1416494548
113066201.8998819590 5466.4203701019
116658367.3302121609 6234.7892684937
108216062.8780791312 2385.5403607205
108232799.5370590538 2469.0728905515
109593660.9061405361 3716.2458146233
115033728.0947834551 6056.4103326797
112409036.8028278500 5224.7990125853
108652858.7040978968 2902.5142784619
110859741.5463478416 4493.9784581185
111054179.6017780155 4597.8763710977
108770206.0162713230 3089.5498231063
108834468.8315374106 3094.7120259414
114701589.5465914458 5976.7547254562
112142608.1336082071 5115.3388685423
108895066.8549474776 3129.2133719921
107614794.4309956431 1284.0870667991
107600471.9845582098 1269.3504778353
113629590.7031521201 5649.4168148041
111697193.5736113787 4910.2308999735
110124134.9388336092 4073.7362799381
111294210.7325809747 4715.8245370984
111432083.0871374458 4815.7571533918
111404579.8170278817 4770.0172800720
109609279.3543170840 3760.2799610812
108117058.5912492573 2278.2662178201
114510892.7182895690 5929.4776320457
113416592.9527762681 5575.9416978955
112088095.6188433915 5088.4624208026
110146382.3849435151 4091.7602705683
113235470.0744997263 5534.3498431444
110934846.6936021149 4505.4422412515
112515809.5767665356 5271.4392586453
109200237.2023793012 3387.9786522686
110239027.9080284238 4139.5735633373
108222416.7318859845 2450.7951417833
108835901.8859207779 3103.9208155191
114083633.5804836899 5795.2191591263
113380368.4200048447 5570.2672365308
113449840.8385199904 5576.1039724350
115830299.3430129439 6171.2938747406
107770975.8687430024 1709.5367556916
108330225.3560148031 2512.9721971452
108461085.6285358220 2715.5980920715
113551703.8957475573 5623.4264302254
113997199.4309082478 5775.2885484695
114903837.2465777397 6034.5780601501
107675300.1578884423 1475.2936547263
110563057.1487407386 4305.9014994726
112307510.1096427143 5169.2916608779
113067224.1255136579 5492.4529680610
114175660.5493294150 5806.9825868607
117998299.7329566479 6236.7390403748
113466893.1078852117 5588.7215704918
107715967.6166401207 1609.0212518083
114399797.4638472497 5889.5195422173
110482129.9784679413 4268.8143449434
109959684.7585762292 3979.2010791856
108135959.4442737550 2359.6127465085
108183801.1899664551 2368.9930676238
112873667.6914040297 5399.8561014533
112936352.8383965343 5402.7022646666
112531657.7293494791 5278.6190703390
110538394.7656553388 4274.0641038418
110723111.5732434392 4391.9860530496
110630586.8685048223 4372.7204480776
113811292.1927910596 5708.1793909073
107832322.5083871186 1810.8839860782
113721934.7454298139 5688.9518165588
110724456.6737551987 4419.9872019710
115591968.6460066140 6169.9032974243
115937038.5642530024 6209.6008148193
115854913.6919172257 6171.9382324219
109884163.7322827727 3925.2813656349
109857023.2130514681 3915.3544956669
111643124.6437795758 4872.7295759916
108280409.3781547695 2497.3259154442
108118903.6533650160 2330.0789450628
112976568.3242872655 5419.5960738361
112980224.0346089900 5421.7921526358
109950274.8084693402 3966.8740166565
108491713.6736245453 2775.5403833902
108684236.5387986600 2933.9734697855
109909954.2012832016 3949.9998686879
113803473.1344955713 5700.1058197021
111017028.3132090420 4582.4585988642
113926592.8735836297 5756.6573324203
113209381.3520053029 5511.5284148455
108567870.6351766288 2885.0005274332
112937418.7156720757 5416.7475920916
110129013.5132658184 4073.7369265283
114068079.3382213414 5791.6437768936
113821178.8351870626 5712.7750082016
110089333.6321298033 4059.4770922388
108620683.9030927420 2899.7920357831
108738763.7028464973 3009.2521798260
113896494.9916396141 5751.9462594986
113854567.9431504607 5721.3467988968
110600809.6775899231 4311.0755333295
108471965.6738942116 2721.0665773654
112671623.4328584820 5324.9021104276
112342033.9672462493 5195.5159926414
112153711.8997504115 5129.2299970823
116464942.7916626781 6232.0969238281
116436226.7357883602 6231.3295478821
116182531.9821749181 6215.8880996704
116200907.3611682355 6226.1338348389
111209327.1401576698 4683.7860405565
111357796.9683969915 4766.3274622136
110658510.3234449476 4382.7251392007
117563781.7608503550 6236.5724487305
113645076.4363412112 5664.2866992950
107828178.7218286842 1721.9125805916
110354776.5991860032 4198.9249834751
107639826.5843989998 1471.1603550609
108431006.1803890020 2708.8911184573
109750782.4111433923 3849.2163161952
110312536.0025549382 4169.7593311460
108509124.3200074732 2793.0541344189
108385919.1348361075 2695.7924461865
112697941.2903022468 5330.9793648422
110628419.3445528597 4343.0276218057
112129182.2188558429 5099.5767957726
107625792.9763813466 1361.3761585708
110173705.7372334898 4097.5478718299
109797896.2904877961 3888.9264957923
110187520.8591727763 4097.9165699501
110193338.2086314559 4100.2113544960
110022976.4251837432 4003.3792974968
116070626.1593348235 6214.1979179382
108955058.2863057852 3211.2747354878
110442608.2529450953 4248.2345986962
111838156.6943405420 4985.0607320044
111919743.3673403710 5019.4034856993
112031139.4812310040 5075.9085458952
111936853.0437145531 5024.3622888762
108047192.6879194677 2165.2063188404
111154733.8813348562 4661.1502141953
109645655.5766697079 3763.8147258088
113787861.1418789029 5699.0505828857
110086852.9766706228 4030.1792764384
107778097.4697587490 1720.4699359568
115859289.6298527271 6194.2968597412
108075125.9613316357 2221.5448035598
108001090.1958406121 2112.0846633740
109772016.2060509473 3869.7401051242
107966172.8961077482 2112.0846595168
108050654.3209281713 2171.0196618885
108196833.2357088029 2371.0901383126
108083091.4426369369 2244.4499183816
108064901.7675917149 2180.7152081651
115114321.7075488418 6083.8909568787
108212418.8239841461 2373.1843338532
109363674.5487383008 3548.3913645465
113473902.8032380044 5594.4176630974
111808243.0906983167 4985.0260624886
117360114.4400408119 6235.4117279053
109373255.4788875580 3576.5471985603
109024055.8198858649 3242.7415555492
111281474.4084300250 4705.4614843726
109399845.4473895729 3588.6591950078
109457187.1113839000 3650.8198170383
108675061.7262970060 2922.9283133629
107679166.5090360790 1586.5920470631
107678149.9468441904 1504.4172604376
107698469.9592480808 1600.4176578814
108669929.8316808045 2911.0804149594
108091189.9475218654 2272.8616772813
108005202.4500422180 2160.8842582179
111291846.7447359115 4714.5422151722
110601620.1338363290 4334.2092670940
109805868.8955632448 3892.3972766418
111949110.0738064349 5024.9306005674
107905040.1572878808 1934.7319048538
107912030.0638587624 1938.8220165845
108946871.2743634582 3187.2687646272
113235026.1176439375 5518.2546381950
114446152.7904007882 5896.9264888763
115518837.5439727306 6131.3855743408
108288048.6261857897 2509.2423056248
108949770.2410662174 3192.5447866824
108214292.6135894656 2383.4667816425
108881114.7931407094 3123.0709176064
108330239.8460420072 2517.9864836815
111429190.9903978258 4781.1138882637
107925509.1682033986 2031.2289277334
107958514.3638579994 2052.0901419593
110793833.2541433126 4420.9088955354
113035523.8283758461 5458.4502175627
112916454.9589224607 5400.9910310088
114060210.1565287113 5781.3241958618
107690038.3000677079 1600.3526432806
116124869.2408724427 6214.4288978577
108545528.0272780061 2813.4681693199
110355733.2994494289 4199.6166520723
111147458.7175260931 4638.2050240040
111110708.7689957768 4619.1998503804
111576563.0193466991 4868.9431828260
111755667.3660016507 4934.4356606575
111741015.1854164153 4932.3250645399
114142193.8422971517 5806.9248843193
114307410.5465690941 5867.6985645294
113994983.7998556197 5766.4860720634
114584172.4925732762 5954.9224529266
112015163.3088130504 5036.9442328215
114277465.6049434990 5850.1265039444
114268788.2127589583 5849.8220248222
112989768.5015563816 5424.9736124738
112595490.4765889943 5291.7123103617
114263150.4606087357 5825.4479713440
113340797.2215071768 5556.8199481964
109411523.8224376887 3595.2822020352
109268918.1865445673 3485.8220579922
111730606.2218861729 4915.4299234599
109446129.0130081773 3597.1162009537
112993154.9499491304 5447.3603089629
109390568.5567156821 3588.6118417103
109499407.9340116084 3674.9906106312
109705305.9970210493 3824.1609342713
111049558.8716616333 4588.7781940103
109568907.7053162456 3714.7007902283
109260323.9631471634 3480.5755188763
111512797.9826766998 4819.3586767912
108468458.8287801892 2716.5522738506
112642234.6044201255 5303.1110461354
109212018.3637293577 3449.8163046762
109069882.6339595169 3272.5492330878
110989521.7404730171 4541.0720036030
109112323.6168282479 3365.0218056827
109090412.9321659803 3348.1479409004
108990833.5058975220 3231.6418244839
109044997.8792873472 3245.9382326866
109258200.5585708469 3471.7203145290
109053030.3314540386 3250.6964773203
111647472.7409301549 4902.6591776609
108864012.3029782176 3109.9832246304
110817503.3933074325 4448.7584597215
108380619.5059085488 2610.4895353615
108300402.2948495448 2512.1357890251
108349446.0861971080 2606.7463370445
108684667.4746909738 2980.1964025702
110626473.2847369462 4336.4433598064
110432190.6271610260 4231.2568014584
110613993.1956338882 4336.4411168703
110439196.6682460010 4235.1270196869
110392697.4313891530 4231.1982160219
110965539.1039315313 4523.2569776978
110311571.8561483175 4163.0967399189
108267345.8196314275 2470.5799777170
108176951.3552102745 2361.5566737314
107915893.2933524698 2028.8969457000
