109463178.8347747028 1489291.1074218750
110713775.4065872580 1635086.7675781250
111173673.0854523480 1668870.8125000000
115004614.1752562076 1793545.5117187500
109668923.0237517208 1520653.3984375000
113411235.4054412693 1757231.8222656250
113676223.2531852871 1765035.0449218750
109456194.1259683222 1488353.9667968750
111447751.1324507892 1686399.5429687500
111186858.8005331755 1669229.3535156250
115781856.1081662029 1802555.1777343750
110043444.8047308028 1567923.8281250000
113692262.7818983942 1766416.7441406250
109232299.3816359341 1456367.2802734375
108637954.1063552648 1345482.9746093750
114801248.5042044222 1786683.7304687500
109593849.0540654063 1513203.2304687500
111774398.4071297348 1703044.6894531250
112476456.6892361343 1729747.4179687500
108894382.1502836347 1402130.6162109375
109237169.5578634888 1461571.5683593750
110007553.8174228519 1565702.0546875000
110348201.0054499805 1598963.4394531250
109473102.6508703530 1490396.4296875000
108679021.2176538110 1348768.2207031250
112762277.0717719644 1738506.9003906250
110342456.1425294876 1597677.3066406250
109620712.7786498368 1514445.8496093750
109152761.5498735011 1443831.4218750000
114387870.2478608340 1779651.1875000000
111797160.7168115824 1703590.5292968750
109963872.0998278260 1561539.7519531250
110050429.5135371983 1568989.9199218750
109504466.0017681718 1497995.8291015625
109507785.4771932364 1501312.7998046875
113007598.0396874547 1746331.7226562500
110755898.2172965109 1641139.2128906250
112477110.6422534734 1729948.1445312500
110255898.7288201153 1590227.1386718750
112107665.6774675101 1715128.0253906250
115509225.8038851172 1799687.9707031250
110937221.8283031136 1651606.1660156250
108678720.0590149313 1346756.6679687500
108505532.1337600946 1304822.9609375000
111872391.5915401578 1703703.0878906250
108536701.7095684409 1320260.5537109375
111308724.1813715845 1679148.9941406250
109550533.9193049073 1505445.9970703125
110060353.3296328187 1569966.2910156250
110082474.4880506396 1572889.0771484375
110106102.3350985795 1576070.7988281250
110945091.9968774766 1653871.8750000000
112893440.7337372154 1742128.9902343750
109569332.6850801557 1507623.4970703125
109683315.0630403757 1525028.4453125000
112922128.2017261237 1744446.4980468750
109956887.3910214752 1560473.6601562500
111212794.9175154567 1674524.8984375000
109980780.6247298568 1563582.2148437500
111126237.5038060546 1667074.7304687500
112716142.6526953280 1737031.2949218750
109130852.2187332809 1439072.8632812500
110192659.7488079369 1583520.9667968750
110707742.4115514010 1634751.3203125000
114038106.3512333483 1772386.8789062500
110496980.4925913066 1612859.3007812500
110937548.4368731976 1653115.0781250000
111406092.5192921460 1680666.5585937500
110850422.6599953324 1645763.3085937500
111951587.9502167404 1710294.1308593750
111290583.2073197514 1678059.6328125000
111107442.5767369568 1665784.6425781250
112914846.1576252878 1743361.7441406250
111108096.5297542512 1665985.3691406250
110865699.9303124249 1650856.6796875000
111193999.9904463291 1673234.8105468750
111884269.7304028273 1703821.4101562500
110755244.2642792463 1640938.4863281250
109716960.0522762537 1531264.1865234375
109303365.3215960115 1466600.2705078125
111958949.0052495003 1711153.2558593750
112769559.1158728004 1739591.6542968750
114297439.7220291644 1778070.2265625000
108853470.2947772741 1387498.2753906250
111194653.9434636086 1673435.5371093750
108579403.5823158026 1321311.9218750000
111731792.4430898130 1697070.0175781250
114315793.4080736935 1778158.9960937500
110209431.0090203285 1584297.3876953125
112491329.8503171206 1731055.3769531250
108929311.7928561270 1402311.2734375000
113116356.5960810781 1748441.3945312500
112928378.7931393683 1744740.4824218750
108863301.1329056770 1394948.4433593750
113337075.9346973151 1754951.0117187500
109254851.4679369777 1463355.0195312500
108793042.4370934218 1370764.7587890625
109632648.6366389245 1519800.0507812500
113143265.2891955823 1752184.1835937500
112187340.3467689753 1715788.5292968750
114457491.9497971386 1780378.2539062500
111722381.0054602623 1696572.3457031250
111499357.0350169390 1688775.1250000000
110442108.7958756834 1610006.7675781250
113043190.2212000489 1747521.0605468750
109208783.5504002720 1455904.8515625000
109318202.8024092913 1470101.2246093750
108848080.9378640801 1387020.5937500000
111608243.4278138578 1694210.7871093750
115463075.9846328944 1799358.9707031250
115618824.3915722072 1801613.1757812500
109728839.0257621557 1532288.6347656250
111694643.8388387114 1695136.5468750000
109502421.3567004204 1496118.2480468750
113264384.9190910757 1753278.3750000000
115463946.6887694895 1799635.0625000000
113417312.8191089779 1757235.8671875000
108584484.5678358376 1327612.0058593750
108841896.3546680808 1380495.2832031250
115190029.0402605683 1795151.6523437500
112572359.1218473762 1732647.5136718750
110666773.1900919378 1631667.4140625000
114640126.3498708606 1785770.8183593750
113546668.4923377931 1762146.1191406250
111170489.6037483364 1667940.7128906250
113318722.2486527711 1754862.2421875000
111082329.6802011877 1663680.4296875000
112579720.1768801212 1733193.3535156250
112286064.8785903752 1721004.4492187500
115237838.9210624397 1797137.1972656250
115304130.0638439655 1798589.5527343750
114981116.6401314735 1792093.1562500000
109702865.8886148185 1525109.3574218750
114911281.5093274713 1789391.1113281250
114216721.2799296826 1775334.2128906250
112294079.1377844959 1721406.5253906250
109411290.2875028998 1485682.7060546875
112233032.8765058368 1719053.5898437500
112365260.6507632881 1725860.8554687500
112634057.5064418465 1734777.2207031250
109892168.9669330865 1548780.4384765625
111264626.1808212847 1675390.8808593750
111746800.2609295696 1700326.3769531250
111265280.1338385791 1675591.6074218750
112465867.7014824599 1726934.5214843750
112790328.4694136679 1741175.5214843750
113300730.2640540153 1753409.8867187500
108780973.6771187335 1369481.6875000000
111347475.1831137985 1680253.2871093750
111687802.3018971682 1694890.3242187500
114599820.8375109732 1782598.5214843750
111547086.1423088908 1692577.7363281250
115817929.8839372993 1803834.9492187500
112056406.8233271092 1712324.8320312500
109186312.7946678847 1449383.2597656250
109427078.8457130045 1487434.0810546875
110669340.8035871536 1633689.0449218750
112190811.5261535347 1716726.8671875000
108630722.8326648176 1337951.1503906250
108826107.7964579910 1378743.9082031250
108970002.6157157123 1409050.3916015625
110998803.9302799702 1657674.4863281250
112329685.7176955342 1724657.0761718750
109192994.9921901822 1454153.4765625000
110364155.5774895549 1605962.4472656250
110668686.8505698889 1633488.3183593750
118264745.3995172828 1810894.8242187500
116566368.8794485480 1807095.5136718750
109760133.0837473720 1532802.6220703125
109384911.2588688880 1478724.2958984375
110816317.2527144849 1645600.2226562500
116195699.6262056977 1806322.0781250000
112742045.7750992179 1737575.1679687500
109834405.7141059190 1544842.0693359375
109942741.8144503236 1557545.4970703125
109317479.5458808541 1466752.6699218750
109065211.9435306340 1432974.4707031250
110024506.0006425977 1566912.4785156250
113095393.3110076040 1747695.3125000000
109301070.4982221276 1464901.6367187500
111774359.7156065404 1702538.2031250000
110535215.2438147068 1620515.1777343750
110048527.6752335578 1568864.5800781250
109081000.5017407089 1434725.8457031250
116918255.2881262153 1809209.4726562500
110047873.7222162783 1568663.8535156250
109762224.9995555878 1535046.2412109375
110577265.8826399148 1624012.3085937500
109771261.7465436310 1539893.9648437500
109091297.7945888340 1436483.0136718750
110550349.8490075320 1622065.8261718750
109386011.7344144881 1482742.8056640625
109903262.8974971771 1552486.9472656250
109800916.9255777150 1543285.4042968750
111477763.1603038460 1688077.1875000000
108765185.1189086139 1367730.3125000000
109056163.7421354651 1430158.3339843750
109122067.6130392104 1438011.0917968750
109351444.7349166870 1471880.1582031250
110065324.4299183786 1571086.3535156250
109017678.8006806672 1421607.5576171875
111514582.2562175244 1689492.5625000000
110551003.8020247966 1622266.5527343750
110413178.2837817520 1608749.0019531250
110528230.5350083560 1619449.0859375000
111577460.2443556041 1693788.9765625000
108710381.1139542311 1356289.2978515625
108961930.6832139194 1407222.2246093750
111499962.3597453237 1688782.8515625000
108973687.6308528036 1409276.6601562500
111513928.3032002151 1689291.8359375000
109476582.1431755871 1493457.1259765625
115547685.4857857525 1801171.0449218750
108621840.0901654959 1335833.9746093750
110739180.8043093234 1639495.1992187500
109181268.5255514681 1447790.1621093750
108749590.0054379404 1362915.3417968750
108617223.3777817637 1329069.6552734375
110275271.7591679990 1593589.6542968750
109492370.7013856918 1495208.5009765625
108816001.8549787551 1377848.9130859375
110538499.9941504896 1621237.5859375000
113426558.1180116683 1758529.7226562500
108782241.2940397859 1370365.5097656250
110499735.6974911094 1616199.1699218750
108958794.6808984429 1404459.9521484375
110624403.4548425823 1628487.0273437500
115206564.8039525449 1796582.5859375000
110625057.4078598469 1628687.7539062500
110258175.8113738298 1591363.8359375000
110352874.8071465045 1599761.2636718750
110266971.3464544266 1592511.8222656250
111268621.2440568358 1677332.1503906250
114331382.2267958969 1778181.0351562500
109014310.2453515977 1419807.4951171875
110969218.7074391693 1655138.6933593750
115945043.9114924967 1805386.0742187500
114340060.7004762590 1779016.8945312500
110353528.7601637989 1599961.9902343750
109136650.2963657230 1442176.0136718750
109052516.0673972815 1427257.6630859375
108796677.9842122942 1373690.7646484375
108978523.3506411761 1412883.8603515625
110168401.5904528797 1583025.2656250000
108689076.3942466974 1351391.9433593750
109562792.2828367800 1506152.9003906250
110264095.3522200137 1592413.9160156250
114847039.1925406009 1788450.3144531250
109041614.5658411086 1423848.6152343750
116098811.9887216538 1805487.3906250000
109003408.7437954247 1416398.4472656250
108798954.9846247584 1376494.3476562500
108720227.3419524431 1356901.9951171875
108730249.0954431742 1359557.9013671875
117672818.4701735079 1810079.8242187500
110732882.0885002613 1636123.8398437500
114289547.8491295874 1775918.7890625000
109039196.6476833969 1422091.4472656250
109177717.4076642394 1445461.2597656250
115943245.5074121356 1804687.5292968750
115182033.5464502871 1794345.3730468750
109868509.2953053862 1547055.5527343750
110567167.9205028415 1623092.5449218750
115180812.6936182380 1794256.1601562500
113829950.7179244161 1768374.5351562500
114460314.2822532654 1781041.7460937500
113969593.2536581159 1770127.2441406250
108690051.5059520453 1352107.7333984375
110732228.1354829520 1635923.1132812500
114521507.9273301661 1782053.9687500000
113786124.4082132727 1767246.8144531250
110135505.3846957237 1580803.4921875000
110219068.0168542564 1588253.6601562500
109942257.6690301597 1556693.9804687500
113951601.2690593153 1768674.8886718750
110283768.1011392325 1594733.5957031250
114157473.8114991039 1773823.8144531250
110158446.3907705098 1582245.0117187500
113829296.7649071217 1768173.8085937500
114248933.0127293766 1775359.6250000000
111941828.8569420278 1704948.6523437500
113960279.7427397072 1769510.7480468750
117847654.5694318861 1810520.2695312500
116533758.7619014233 1806609.7109375000
114823853.7737172246 1787018.0859375000
116821976.6052927077 1808568.5136718750
114966449.0751440674 1791051.2675781250
114012417.0428429991 1771169.7773437500
114834205.9142753929 1788188.4453125000
116189190.4184556901 1805709.5781250000
114488796.5451817662 1781676.8789062500
114956388.1755585521 1790411.2363281250
114678346.4260288179 1786281.2031250000
117492448.1020697653 1809759.6113281250
114856894.5571721345 1788941.1875000000
113484321.0776647180 1759191.0625000000
113534440.7621163875 1759282.1972656250
115768278.1026508361 1802128.9804687500
116604890.3341532797 1808125.7910156250
117336852.8502743840 1809446.0527343750
