72624326.0627038479 173045.3612422943
72959300.0246499181 199351.2574397922
74015976.9846587628 241627.5042477673
75582379.7126849741 285140.3399181366
72622467.6923850775 172799.2530879974
72729203.4310291409 185885.4298996441
73180602.5698642135 211087.3884212375
72828769.3045933843 190727.6937539577
73412346.9143786579 221132.1907265782
73043866.1137184948 206196.7038509250
74059589.2469541132 244235.6156544685
72874019.3454938829 195627.1567932963
74102690.0639509112 245559.9756398201
77450767.8879610002 311322.7837219238
72976787.2321980894 202346.7465370893
76494691.7179047167 295793.1701660156
76182093.1874161214 294040.8858642578
77071222.3167751133 305263.2759704590
72718871.6049179286 182127.2720088959
75001121.4016916305 270908.1628170013
72751353.1367171556 187479.0334453583
72746309.6246017665 187453.6253795624
72761669.4118605405 188527.6917400360
72907844.0654193759 196842.4213241935
72691385.6863937229 181163.8334941864
72781314.2791889608 188991.0781533718
72867374.4544655681 195518.0613388419
72852014.6672067940 194443.9949783683
72728582.7953281850 182347.1941390038
74967761.6694698185 270238.9689693451
72515069.8893150389 134426.1950439923
72833238.8819513619 191176.4117107391
72688851.6977501214 181017.9037322998
72645221.1790827811 174369.7212276459
72766712.9239759445 188775.4545135498
72745817.8075969964 187451.0945281982
72753395.3083560020 187766.3882293701
72714828.2574308366 181360.0908264518
74178410.8951029181 247782.9677103683
74880618.8632057011 267561.9196888804
75202038.2928318381 273547.2990665436
73344954.7957003713 217960.4283396602
72793272.8330014199 189187.7101287842
72906631.7768533975 196596.3131698966
74635824.8074631244 260352.2659525871
85905914.0267663002 349819.5454101562
75184783.6853608936 272811.4824161530
79876785.0600846559 312807.2267150879
74188219.1471726447 247864.8196002990
73207582.0565498173 212629.8946468234
72644354.1704543978 174336.9501628876
72715505.3384078741 182094.5009441376
72813570.6557442844 190512.0701141357
72524801.2962002009 141681.1280765533
72720548.8505232632 182342.2637176514
72598164.2390508652 171748.9401741028
74567299.4740197062 259635.2669119835
72673491.9104913473 179721.4826641083
72595225.9911638051 170646.0300278179
74247069.5274265260 249089.4451913834
72625278.0305556506 173300.9717941284
73526982.0586971045 225578.2982524037
72696429.1985091269 181333.1974334717
83217717.9389155805 335394.9404296875
72530122.1689788848 148875.5928649902
74097391.7889353484 245525.4623999596
74156494.1064601392 246929.7229987984
73067500.2279627025 206862.7000667453
85630684.8024710417 349550.1894531250
72649397.6825697869 174584.7129364014
72842723.5542836487 191588.6673259735
74714797.3474754095 263001.8129878044
74403030.0397942066 253434.2274374962
73385662.0915257484 219803.4712260365
72538585.5059696883 156385.3808727264
72525921.2338180989 142241.7989868633
72518181.1524793357 135430.2094211578
75371044.3774182796 279013.3980922699
76704211.5996600240 300938.4278335571
72715485.8571633250 181485.0229866616
85824993.7769146860 349779.5131835938
72811893.4101389199 190297.0784053802
72678893.6222499311 179943.8373718262
77165528.7141457349 306463.3282165527
72613119.7670661807 172088.3808578961
77485334.8168981969 311663.7304382324
76927962.1155444533 303136.5767517090
72564027.1533416361 164142.9316539764
72528251.9398970753 148660.6011562347
73236645.7822213322 213953.0185438991
77318020.8124467134 309060.6060485840
77673257.4465932399 312528.5014343262
73239728.3922114968 214448.5322611928
77115006.8069372028 306311.5059509277
72638132.5094564855 173510.6465759277
73341168.5928466916 217111.7956374288
75532304.2017606050 282214.4892117381
73993794.9431466758 241431.6288044006
73136836.1793205291 208893.2592899203
74312058.8431341350 251993.1664357185
73219430.5694686323 213124.1722758412
82657182.2435508519 335164.2897338867
76071129.0895326287 292381.6587829590
77201594.5671836883 308069.6910095215
73917786.0889353007 240100.5873820782
72602395.4398330450 171996.7029476166
72688447.4385066628 180750.4445952885
72955073.4879170060 198688.1323792338
72957751.8378705531 199105.1492854953
73463999.3923779875 222761.8966336250
72903752.7777565122 196500.5136105418
72948092.6986753047 198579.0369247794
72968448.7987688184 199763.5130550265
76603752.1883679479 295852.1430053711
72513980.2173185498 128796.4155430309
74048855.6816768199 243105.1254698038
73260255.7238871902 214703.7468420267
75341134.9032099098 278752.0096530914
72519270.8244758397 141059.9889221191
75870855.6198093295 286950.8224620819
74963356.5171789080 269558.0304445624
72553768.2450789064 157007.5405673981
75839856.1756157726 286597.9506359100
72568258.3541238308 164390.6944274902
74161964.1695777625 247609.2685784698
75579267.4208377600 283567.1785068512
72521631.7961762249 141335.5004577637
74369391.8579784185 253283.1226929724
72536024.6204739809 149923.4407348633
72585300.2835717499 164633.6250534058
72554658.0032801032 157680.9915161133
74861594.0520142913 266455.2082325816
74916144.5124208182 268858.5201591253
72573032.1512469500 164605.6861362457
72643030.9250791073 174002.4287471771
75268930.3258654922 278303.9949398041
72534154.3913921565 149093.0512390137
72594359.7539867312 170630.0895080566
72667704.4967061281 175078.2589569092
73858354.8425118476 237950.3801359534
73023092.3941795379 204460.0882503390
72557999.4458610862 157746.9595432281
75888955.2644659132 289404.3658580780
73905514.3592791557 239334.5288560390
73345230.3247325271 218014.8568461537
72559089.1178575903 164114.9927368164
73439544.1124249250 222220.6264479756
74308540.6498489827 250800.0008521080
74087402.5956648737 245279.3542456627
74443281.5620999336 255470.3302018642
74625835.6141926646 260106.1577982903
76778615.3467230797 300961.4032592773
74222912.4992342591 248866.9015188217
74126299.6940249652 246735.3077650070
73730444.4187821299 232185.7926684320
73494082.4992838204 223544.9864333272
72640613.8013983369 174001.8461055756
74080601.4266369045 244364.0693593025
74218735.3139687032 248098.8325784206
75934019.4033259600 290750.7210216522
73416795.9621645659 221381.8985063434
73474696.3532762676 223420.2604031563
80274090.2556524724 314969.4211730957
75784932.7556349188 286250.1887950897
72916992.8395382762 197254.6769394279
73695423.1251078397 231482.6761001945
72512861.3908265084 126671.5816499703
73675944.7018198967 230781.9752804637
74584071.9759277254 259711.2120161057
75904507.5218801945 289958.5418834686
75069602.6106147617 271858.0113468170
73911512.8886363506 239688.3317668438
73836713.3489623815 237167.0080451965
73984607.1830023676 240230.8095278740
72824835.8165545911 190517.0005354881
74756306.3201267421 264440.4587812424
74361760.7550152838 253278.6296014758
76465152.8653739095 294775.4783325195
75665628.0640046149 285647.0283946991
73433270.9121259600 221808.3708327413
73802675.3549303263 235374.3210474253
73584510.3153871298 227315.0239699483
80231181.1303006709 313316.0829772949
75531855.5629315674 280225.8736111522
73879445.8714882135 238869.1104059219
73423069.1624635607 221794.1541215777
73118605.1388184726 208029.8848708272
74608229.0041199923 259957.9285516711
74642432.8918574303 260985.9328841269
74357250.5121120811 253188.1192831993
73815130.6093475372 235565.0972486734
73680054.8318573684 231111.5596246719
73764319.6250344962 233752.0703150034
73392642.2986486256 220881.7230570912
75012887.8306511939 270910.5012683868
75952157.0033715963 291277.6884288788
75258905.6112895310 276929.0979976654
73826265.7203304023 236618.9365259409
76009303.4225137085 291411.3690929413
72928180.4215407968 198026.8974544406
73856149.5573559552 237627.4358940125
73791012.8719467968 235080.6417402625
73804751.3918277025 235540.6846948862
74660176.8610116392 261006.9864072800
74690506.2378362417 261876.9679942131
75308712.2466880828 278612.3666152954
72542816.7067518383 156633.1436462402
73185615.3077614605 211200.7470030785
73842986.5492613763 237579.2636604309
74663656.5736223459 261060.7092523575
72988036.7155059129 202492.9301845431
74038591.8649408072 243024.1884046793
73436232.1705581099 221895.2143861651
73372344.4759057611 219557.3630717397
85311793.9880037606 347854.3833007812
73986709.9699168205 241115.9370784760
73902677.6544129848 239088.2223968506
74473028.9745322466 256464.4549212456
72811623.6951466352 190264.3073406219
73791433.7762077302 235294.5765405893
73569070.8123802543 227314.9138529897
73596406.4086218327 227644.7091833353
74950649.9064610898 269043.7182826996
72953343.7685435414 198632.0263563991
73030072.6013024449 205538.3400813937
73027169.2113569528 204872.3438655734
74878958.1211040467 267343.5625000000
75068121.1527903825 271749.2975826263
74771710.6828075349 264442.7972326279
72926354.5957580358 198018.1955337524
75179031.0961515456 272731.0744724274
72810022.2396121174 190238.1528468132
72857172.2018109709 194960.8825359344
72535306.8048298061 149250.2678459287
74946835.0978287756 268882.9631569050
84860255.7655314803 347099.1250000000
72908222.1138789505 196948.9177929759
85334494.3489959985 348167.5444335938
72923420.7627280802 197780.7893001437
73815587.4397237152 235847.6400208473
75299801.1936605126 278415.4199733734
72934453.6218397468 198439.1530696750
73101716.5702445060 207959.2933114171
74697996.0712963492 262932.1589570045
73204739.8367420435 212493.8575404286
73125052.6044876575 208177.6112782359
73135749.5653859228 208835.9750477672
74825654.8200496435 265520.5522823334
76611278.0278691202 297023.3767547607
72538502.5218025297 155694.4502689354
73272284.2746292353 215532.5931100845
73067385.4951020628 206634.9333260655
85495124.0533961356 348238.1918945312
73614833.3199190795 227864.0709787607
73753527.3497027159 232689.1924495697
72568213.5514277369 164332.5152969360
72919254.9729906172 197607.2815625072
73026675.2890013754 204708.2577250600
73161690.6637847126 210115.4500659108
72892140.8218173683 196064.7753369212
72912981.7726916373 197195.0259472728
74549468.8760607094 257613.9214353561
74417979.8215805590 254026.4664012790
72536313.4926591665 155661.6792041771
72587395.4901487529 164889.3520907871
75202570.3390909433 276259.9041500092
83457175.2125848830 336557.4470214844
73635712.1149539202 228942.3228098154
72948925.1400678009 198581.7739186287
84328281.7871555984 345346.6923828125
75041953.9401087612 271121.2137546539
74351283.4910173416 252538.7203855515
74523687.1819827110 256735.1721234322
82112658.1161335260 331492.4262695312
73334986.5248854607 216899.6555147171
73679439.1433217525 231012.8435182571
73657437.1645020992 229787.1996393204
73651163.9642030895 229374.9440240860
73379152.7404716313 219585.4121058583
74280691.8789227009 249137.5954027176
73311792.8371308595 216599.9900347590
73329262.4443381578 216787.5887012482
74433301.1074296981 254576.2441441678
73615110.3379720151 228203.0219751596
74518088.6061340570 256712.9307870865
76609942.1665315032 295995.0209012032
74356945.1307258308 252619.6574506760
73327232.3401377499 216625.7469431758
74996900.5720116049 270459.5933380127
73516507.4259177446 224545.1394824982
83618194.1203007102 343619.1303710938
81501663.5644721836 326502.4687500000
81182402.3008830696 324502.1053466797
80803721.0408301353 319215.8608856201
81077983.1942704767 324318.7197265625
82348530.0400917381 333921.2375488281
82537853.0309507102 334902.1291503906
81816119.5863353014 329344.5222167969
82159706.1357526481 333038.1193847656
80972622.4318146110 319625.8780517578
