136649094.1198415160 284607.0184326172
136453711.4298299849 282806.6870117188
136315432.2432965338 282244.6807861328
136696920.6754226089 285664.6405029297
136279478.5665647388 281724.7823486328
136540906.7329123020 283685.9520263672
131253754.3534102589 210106.4448795915
131229252.2202336937 209139.1273441911
131155880.0297490507 207809.0182133317
131074934.5422703475 206062.8867511153
140990466.0437133312 311554.4663085938
141083725.5339522660 312685.6584472656
138350257.2721405029 296938.1722412109
138335103.5308685601 296375.4639892578
138534004.2685241103 298302.3410644531
132653160.3328644037 237216.2573869824
132650636.3063616753 237066.0764482617
132662160.6888661087 238996.0138567090
132562734.6570576429 236080.7316301465
132579177.0577020496 236340.1210134625
130586386.8857824355 192622.4856932759
130612430.7355166823 194915.7034628317
130449817.2668576688 189590.7129800916
130368029.3115837723 183793.2265535593
130528110.2574592382 191470.5604003072
130547747.9803818613 191643.5659496188
130667557.7882332057 195512.8403304219
130027254.6200000793 158784.0833036541
129884819.3988599926 154743.0680372357
133480670.1544649899 249404.8008411527
133396044.7730966508 249252.6843860745
133263530.3044393957 247137.6023530588
133268144.3442476988 247171.9650544748
133499729.8808290958 251068.7590015531
133512789.9208782613 251259.7938831449
133109030.6088318527 244835.0741565824
133496014.9176697433 249797.7473743558
131780944.2943747938 221340.2853881717
131817240.4826809168 223041.3874999881
131862177.2149035335 223787.2341338992
133686299.4094956517 253669.2405140251
133817363.9913986921 254099.7033436149
136517416.4229143262 283612.0338821411
136971197.5169158280 287683.6986083984
136797487.0065257847 285954.9024810791
136508061.9214493334 283592.5648345947
136876653.1681355834 287018.3516998291
136615310.5765864253 283917.5881500244
131755316.3532982916 220950.7871254683
131740189.4798857123 220770.9407441020
138456683.3309485614 297959.0324707031
129980876.8393664211 157756.5829031109
130080029.4985294193 160435.2783662915
130024588.9566220790 157803.7588636517
130149458.0802330226 163536.0419160961
130060229.4360926002 159428.3555891901
133497703.4788110852 249831.1565006375
133573865.7161543816 251557.7567203641
133271214.2606275082 248001.4032047391
133662001.1859456599 253352.0928104520
133364351.8232671916 248791.3541324735
133659320.2019731402 253322.4099114775
133485426.9539504647 249745.7797306180
133261651.9130563140 247137.4828479886
133373005.2401619554 249195.4190738797
133171764.8883885741 246761.2266529202
131544353.4766054600 216766.0716713667
131707305.2756807208 219840.4384643435
137257148.4231496453 289176.9069213867
137193797.7194877863 288615.0719604492
137321142.0817390680 289271.2373046875
137389842.9791343808 289648.8687744141
142108493.1449230015 315991.3823242188
132091598.1033865064 227260.7951793075
136925798.8988397121 287105.9117431641
132552975.7005986124 235024.7326815128
132177668.3785401136 229301.0926951766
132381906.1658976227 232783.1535472274
131964982.3203036636 225910.2593534589
132057722.3550718278 226233.3024047017
132070706.2599024624 226810.4485014081
131930075.5355248600 224490.5554350019
132127711.8335975856 229105.7736186385
132203819.3883808702 229366.4810941815
133057997.0599539429 243304.7359207273
136242540.2859053910 281555.6075592041
135966096.5993888080 279405.4660797119
136342408.6981173456 282379.3986968994
136621558.4374141991 284358.0871734619
131427155.8096051067 214560.9933022261
131510399.5697379857 215002.4486168623
131586371.8176354319 218698.7444008589
131384873.1869926900 212130.2641762495
131522094.5970985740 215906.8872383833
131282503.0328972489 210255.7586525679
131699591.9316937178 218755.3063842654
139250361.8503565192 303179.8366699219
131245375.5626073927 209603.3560883584
135493182.3548808098 275246.4688415527
135786818.2220638394 278375.1656951904
135565710.9048000872 275996.1904144287
135401973.5825985074 274160.8987884521
135705629.8812614679 277677.4246673584
135412208.6335374415 274195.9588165283
135104741.4105599523 270028.8003540039
135327016.4181434512 271946.4199066162
135616719.1564296782 276516.0888519287
132246022.6535063237 230623.8900737166
132211201.8426164836 229931.0690898299
135342447.9396869838 273971.3051605225
135262150.6835494339 271804.1529388428
131293091.4098025411 210985.5088139176
131097361.0543851703 206074.7978764176
131409154.1028649360 212984.4288273454
131346392.4627964646 211799.3918705583
132512625.9931488484 234357.5833236575
132207702.0037124008 229866.3345927596
132411542.0982731134 233967.9084452987
132463161.7408756465 234177.0253123641
132294883.9037313908 231532.1283854842
132777932.2029918283 239758.7343338132
133122904.6974910349 245290.8412966728
133014259.4281863719 243279.0525711179
132594370.3611161858 236397.9122207761
135876319.8952607810 278941.0304718018
137631320.0291914344 292596.8666381836
141855628.6075970829 314922.0085449219
141060993.6628694832 311925.2097167969
141194928.5329081118 313440.8188476562
141861643.2276212871 314934.8464355469
141570156.6325290799 313957.1870117188
136654549.2290234268 284993.4664459229
136465795.7477446496 283119.8568115234
133990928.2502056658 254344.4523252077
134106644.2591334283 256105.9101217389
134582355.9798610210 263219.2175090313
134216836.1784353554 260984.5225484967
134043572.3480621874 255470.9787252545
135564797.0172048509 275437.6654205322
135441385.4500370920 274206.4712066650
135083816.8652347028 269339.1207427979
130429812.2006792128 184727.8630055189
131104062.7050216049 207367.9330235124
130995125.8115010113 205038.2318516374
130869953.2547947019 201364.5788577050
130898001.4043063074 202064.7086794823
130711055.8802830726 199609.9414692521
130942448.6390435547 202359.6505528092
137469626.1786368191 290373.3995361328
137534145.8578552902 291160.8696289062
130413735.2134561390 184585.6307345033
134043162.3675239682 255164.6737325788
134353356.0973387361 261785.5824850202
134108950.1422770917 256759.9460104108
134439102.4362974763 262556.1634197235
134180988.6562821865 258692.2024191022
134144192.9393662214 258365.6227682233
134858014.7216020226 268169.4233551025
137412359.8235800862 290238.7979125977
137332928.8175748289 289545.7114257812
138082901.5734769404 294680.6434326172
137731439.7284698188 293465.3742675781
137815656.1301845312 294230.8612060547
130952759.6717994064 204713.9040377587
131059236.4759005755 205432.4239352196
130934209.4972083420 202159.9618990868
131098958.8045194298 206215.6715551019
134168578.8142469674 258394.8657884598
133076458.1164806038 244434.3121021390
133132362.5755381286 245329.2742908597
133064581.5429236889 244373.8399646878
133231725.0567733943 247117.8998888135
132775232.8777211607 239532.8694751859
133115206.5619012713 244842.3405445218
135062952.3980748653 268563.7536697388
135120930.2959200442 270890.6720046997
140173592.8207640946 306699.8332519531
140219797.5712134540 307555.4736328125
140270343.8333643675 308010.7042236328
135699921.8918064833 276643.4738922119
130101713.4307391495 161889.1796896099
130121788.0403510481 162577.4366781353
138365817.4037390649 297094.1527099609
138302797.5325408280 295951.2388916016
138153927.7386563718 295821.3895263672
138384614.7440091968 297439.4866943359
136174689.0001126528 280938.1274566650
139973538.1062626243 306312.1474609375
140229919.3614757359 307878.0463867188
139244365.3949286044 302272.6243286133
139762246.7030405998 305717.1560058594
139157942.0010016859 301785.7175292969
139054952.3841139674 301689.0487060547
139298536.6012709141 303185.3515625000
139366099.4631035924 303819.1054687500
130808037.1287399977 200182.2416384667
134696961.3068821132 263580.7775409818
132526727.4516410381 234878.9565025568
138690965.1514154077 299508.6344604492
138765051.0509427488 299744.9201049805
138409200.5994291902 297720.0348510742
138595649.9351018667 299024.3023071289
134791091.0305257142 265463.2537568636
132404323.0690806955 232992.3378369212
132122439.8072360009 228331.0599498153
132318723.6061586887 232178.4547802806
132155192.3413759321 229276.5177134871
132258938.7883264571 231003.5851573348
130249605.1433039755 167779.8986338640
136076377.8414677680 280463.3819732666
134066749.4878327847 256073.7616821356
135083793.6590729654 269015.2783355713
134828811.4934181869 266002.8577194214
135210619.0862783492 271661.6875152588
132113734.1444540769 227644.1824240088
132226812.3803242594 230279.2457255721
133982333.4722744823 254282.9127233624
130862723.5973153710 200523.1357060075
130865099.6066771299 201269.4154606462
134780686.3360425532 265010.1633409090
132403876.4068034142 232824.0294169784
130586297.9431081861 192020.3674131036
130438930.8984759599 186045.5662224889
136946796.3330080807 287227.0703735352
137055506.8135109246 288113.2423095703
140810851.8340134323 311495.3984375000
138928969.4412931502 300920.9838867188
138775559.9903704226 300772.3750610352
140669850.9023380876 311161.2580566406
140656634.8934789598 310660.7731933594
140626563.5689322948 310101.2666015625
140421230.7185870707 309333.8896484375
138104265.1471063495 295286.0075073242
132573732.9406169653 236335.7493303418
132857107.4864349812 241163.8510330319
132875131.6236634552 242634.3913162351
132824923.0251604617 240710.3852127194
131519243.3331820816 215449.8903969526
138289802.4209351838 295913.5974731445
132958955.2246046066 242987.3475025296
130606429.9447046071 194511.5627077669
132017143.2642953247 226163.8832548261
137574016.1168347001 292205.9759521484
140281402.3203570843 308253.1369628906
131198823.4390668124 208735.0624027848
140557134.3892296255 309366.2941894531
141748088.7945473194 314097.3737792969
131770346.4629722983 221171.1420649886
134016131.4329181910 254742.1441534162
140181612.2058343589 306821.5104980469
134737510.8951073289 263662.4444751740
139373738.5186135471 303856.2009277344
139015767.8475727439 300998.2474365234
