142479361.4263904095 163.6284766600
142215823.9803613424 159.0010506876
143755723.1042523086 182.1079750806
144014429.4524538219 184.7490531355
142664477.2561186552 167.3628839359
144220999.1247858405 186.9613455683
144388829.3557888269 189.1464408785
141670000.6801398396 148.7116993176
143457632.5481784642 178.5180461556
143980368.4561129808 183.8033802658
141442900.0636629164 142.7823767293
140512211.8589161634 111.6833527666
141012437.1715480387 131.6864688095
140942249.6610939801 131.3304311458
147366513.2048838139 200.0251191109
140965935.6433618963 131.4304647718
142743180.7423754632 168.1303304241
141078495.6924863458 134.1617873009
147818408.9620059431 200.8328245729
144278459.0121868253 187.5576315671
143992896.8392005265 184.2475189120
143685734.8337637484 181.1143636853
140789983.5679298341 123.8129427044
140938774.7056254745 131.2551961041
144526551.1768197715 190.2732246369
143980368.4561129510 183.7933514267
141243085.2469673753 139.0559456082
145304682.7051534057 195.4369825572
144920902.3768396378 193.3803430051
143844052.1297603548 183.5296445936
143685734.8337637484 181.0862720162
143844052.1297603846 183.5297480673
140687317.2064975500 120.1189637506
144922531.6792555451 194.6096128672
146892407.1953415573 199.0932101458
141402448.4347527325 142.3193464184
143572790.9583333731 179.9300793037
145304682.7051533759 195.3763426989
141078495.6924863756 134.1683988865
141030862.2836184502 133.7739694620
144491001.3108503520 189.6300257593
141385493.1148850620 141.9062971952
142553633.5438199043 164.7168795166
142834090.3899782598 169.7544602559
142881827.8258476555 170.3256199688
144300170.9079500139 187.7848991901
144399795.7713210285 189.1909608096
145702683.1917829216 196.8008678406
142481252.7573408186 164.1188053486
144922531.6792555451 194.6450313777
145702683.1917829514 196.8668075055
140512211.8589161634 111.6499925237
141016968.8074934483 133.1722904945
145192241.6902363300 194.7875727862
144922531.6792555749 194.6724135131
140620005.6817782521 117.0941702747
142981452.6892186999 171.7815275223
145304682.7051534057 195.4659401625
141262531.6799346209 139.4494273546
143615949.8441750705 180.8148583025
144278459.0121868253 187.5029755384
141305602.8278098404 139.8454422014
142481252.7573407888 163.9711219666
141113965.1498139799 136.1472315694
144922531.6792555451 194.6085750312
142580877.6207118034 165.3891350327
142481252.7573408186 164.0492221711
142764102.1194896996 168.7327571914
141083379.5623912215 134.2064651597
141451801.0668603182 144.0736108620
141320114.3954069614 140.2898947405
143086746.5133803785 173.3917768225
142981452.6892186999 171.7561316520
141083379.5623912811 134.3892255101
143344688.6727480590 177.3302927837
141381161.1131210625 140.7541217166
141405793.0073187053 142.4912190321
142559812.9252223670 164.9430855617
142975832.1563691199 171.1632610261
140620005.6817782521 117.0942050391
142922419.4154863060 171.1516053185
144800900.1307796538 193.0151856691
141156878.8770731986 136.2712663094
141104899.6736764312 134.9738272684
141379374.7961871922 140.5495212276
142559812.9252223372 164.9242144928
143040145.1218443513 172.7083607942
144208470.7416982651 186.5071780831
141165504.1297106445 137.2182549792
142743180.7423755229 168.1364985511
141484648.0582328439 144.2672962951
142881827.8258476853 170.3378885121
143615949.8441750705 180.8159214109
143457632.5481784046 178.3817544132
142881827.8258476853 170.3617272705
142881827.8258476853 170.3763652176
144922531.6792555451 194.6258904189
143615949.8441750705 180.8170727342
142881827.8258476853 170.3618083329
142881827.8258476853 170.3373124928
146786840.7553159297 198.8099484891
142559812.9252223670 164.9284802780
143139769.9852153063 174.1925226182
145304682.7051533759 195.3663264960
143615949.8441750407 180.7551861852
140635075.1352450848 117.8953654277
140635075.1352451146 117.9323029029
142881827.8258476853 170.4037201733
143344688.6727480292 177.1805792674
144922531.6792555451 194.5910300463
143615949.8441750407 180.7832778543
143065825.1362662017 172.8117568716
142147657.5952417254 157.7514115844
143500937.9433359206 179.0271518379
143139769.9852153659 174.3107202977
142807407.5146471560 169.4373096034
143229676.7719088793 175.4657938406
143527620.8186669946 179.4263115674
149602377.0092723370 201.2086304277
143788215.7485557199 182.4122577757
141495606.7305271029 144.3182870645
143139769.9852153659 174.2641359300
144569870.8641152084 190.4539660662
143871984.7795877755 183.5398038477
143139769.9852153361 174.1925610036
141450321.5656023622 143.5658145505
140745101.4250224233 122.4664847199
143516324.9808041155 179.3685578257
144310951.6564902961 187.8072582334
147035000.2893165052 199.6542625874
143516324.9808040261 179.3491245657
144569870.8641152084 190.4496509284
143729040.2289212346 181.7409784943
144569870.8641152382 190.4661218375
145516746.6021330655 196.0606037825
147199100.7758452594 199.7343319505
142643555.8790044188 166.6733251915
140512211.8589161634 111.6708946806
142643555.8790044487 166.6852766380
143527620.8186669946 179.3941484243
144569870.8641152382 190.5130187720
140667519.8502729833 119.3560498624
140471926.8977968097 109.2478367957
141704637.0434073508 148.8939874875
145516746.6021330655 196.0220309943
142975832.1563691497 171.2974716127
141213277.5346783698 137.3777123917
140791328.9843816757 125.4396733998
143527620.8186669946 179.4690359384
140720304.5260044038 120.3330358078
145304682.7051533759 195.3371733874
149474006.3042017817 201.1964307874
140769717.9427722692 123.5056606142
145659339.6961080432 196.7720377892
140826865.9522634745 126.8954350448
140826865.9522634745 126.8598250843
142215823.9803613424 158.9067115553
140761483.3305986524 122.7113509501
151121859.5328225493 201.9213734716
140635075.1352451444 117.9343369710
149629736.9639208913 201.2946613878
144090923.4383470714 185.4211801440
144613659.3462815881 190.7873646170
144669495.7274862528 191.9190803915
151372537.7794594765 202.0122293085
140595954.8126981854 114.1103658658
140595954.8126982152 114.1176192742
144047134.9561806917 185.0255645961
144800900.1307796538 192.9169772416
148119552.2058351934 200.9350401014
142743180.7423754334 168.1073561714
149854085.5017961860 201.4085446447
143436711.1710642278 177.8416967541
148560253.1281647086 201.0112117380
144800900.1307795942 192.8180309087
142253127.0382564664 159.4361194644
144047134.9561806917 185.0743808001
150651313.0544730127 201.7824104875
150133777.1017532945 201.6315456480
150133777.1017532647 201.5278483480
140702722.6443463564 120.1219786727
151636100.2250997424 202.0275169462
140608759.1640207171 116.8274919656
142643555.8790044487 166.7240694866
147390338.5964571238 200.1171644777
140745533.9364814460 122.6308936593
150133777.1017532945 201.6187897772
144698931.7403854728 191.9515081793
140729948.9553846717 120.8214419598
144329304.6909499764 187.8085362166
140512211.8589161634 111.6601338964
140743401.9715478420 122.3453968533
150068273.8188219666 201.5018409342
140581586.8884967566 113.9680696484
148938388.1025034785 201.1656447500
149955609.7865946591 201.4876307100
144399493.5414218009 189.1599182039
149665796.4670276046 201.3670793623
140866693.0457178354 128.2697903977
143337086.3076932132 176.4633684605
140548260.0301830471 113.9670617990
141433265.8471240997 142.6103095610
147294630.4833441377 200.0008789152
149985476.6365778148 201.4909530729
141433265.8471240103 142.5811851818
140899931.5133750141 129.0210495803
146216631.9928567111 197.6601276845
143337086.3076931834 176.3748999089
148883181.7502640188 201.1591955274
141946702.1725561023 153.9113148090
144569870.8641152680 190.5633351058
145659339.6961080432 196.7220120877
148883181.7502639890 201.0775002092
144599306.8770144582 190.6184760779
141939520.2588600516 153.7424963351
142599351.1232088804 165.8737012637
144709920.7482886612 192.0431102663
142599351.1232088804 165.7841548217
148883181.7502639592 201.0301414579
147791262.8822669089 200.7870231718
149224668.9925218225 201.1708406061
140768155.3336732686 123.5005739295
140608759.1640206873 116.7255434659
142599351.1232088804 165.7910885108
141873290.4523038864 152.6706997287
140737130.8690807521 120.9996529587
147497885.0543418527 200.5072947592
141541268.3872501552 145.2489570486
146881853.7248984575 198.8434660882
142266377.3927277327 160.0284799521
142361189.6038644612 161.6570343373
146881853.7248984575 198.8765335530
142254450.2181635499 159.5357426589
142294283.9653050601 160.8060280269
142239133.3158357739 159.4154750293
141873290.4523038864 152.6642209422
142361189.6038644910 161.7223982213
141916403.1024670899 153.2501502776
141631723.3503191173 147.7644401621
142361189.6038644314 161.6185931561
142312526.6394462585 160.8425363486
147497885.0543418229 200.4328831285
147257060.2065546215 199.8772870153
142007878.4603476524 155.0741992164
146377650.0907529593 197.8597698659
146975504.7132760584 199.2452963442
145680692.8348651826 196.7945993394
147503053.0427632034 200.6155720800
142516270.6651122570 164.2199742091
143136296.4937636554 173.5970080420
145506044.7658296824 195.9640087336
145570172.7315093577 196.2337350100
141662073.8998139501 148.2613602685
145398042.3528774381 195.5556940287
145398042.3528774381 195.6252676696
142107389.6008863151 156.9088156023
142319867.8934567869 161.1642146593
141979017.0371683836 154.7082257736
141766543.8872628510 150.3625071752
141733035.2853139937 150.0875207031
141740217.1990099549 150.2704586828
141835020.9132371843 151.8518377388
141845677.7824017107 152.1254043722
141877031.4092451930 152.9194927680
141733035.2853139341 150.0631047332
141979017.0371684134 154.7395406234
141721108.1107498109 149.4792567337
142137970.8234690428 157.3105225127
142043409.7073128521 155.6671208355
141565271.1590025425 146.1081380148
142063229.2724377811 156.1153368514
142066242.1195543110 156.1939328473
142165214.9003610015 158.0122308295
141588047.0982526839 146.9345664282
141781815.0944232941 151.0340728270
141603776.2248359025 147.1509257364
141451801.0668603480 144.1081236202
146154104.8933289051 197.6128702611
141468305.9036433101 144.1791294415
145570172.7315093279 196.1975142211
146154104.8933289051 197.5497158021
141575928.0281671286 146.4143963654
141654540.3486219347 148.2437635262
141507637.4480650425 145.1308132012
146557482.0985360444 198.2654188126
146780041.4023022354 198.6221507043
146152243.7100209594 197.4951012582
141551386.3617400229 145.7693181832
141519973.2182685733 145.2484513123
141551386.3617399931 145.7453480560
145408406.4837313890 195.6559814662
145570172.7315093875 196.2372326106
146644855.6497389972 198.2746530026
146388233.8602811098 197.9081576318
146669766.6611429751 198.4827793092
146049929.5912263095 197.0918741673
146049929.5912263691 197.1506050080
146049929.5912263691 197.1106000394
146049929.5912263691 197.2456958741
146049929.5912263393 197.1087933034
