50900372.1730924249 150647.5435796756
52471846.2654472962 189783.3458874899
51299609.3803121597 164519.0947744846
75088954.6984734684 239624.4562988281
50703767.9693230838 136509.8943160102
52604957.3711353838 192845.4717818576
50596790.0669588447 122544.7469575107
50736880.9163269177 139865.1336312890
51094175.1921605989 158373.8901003677
74706026.6129827052 239554.6669921875
50599440.9095610008 122545.2076311111
50851557.4819878042 147931.3717833835
51243430.8932249770 164004.9392975348
52511617.1030691192 190933.5997830707
50644060.9198141471 132125.2909822464
51170869.4131256267 160574.3149885017
54502526.0259374157 207511.3266515732
51214079.2162240073 163039.4147778529
52292383.9585417807 188933.0081236440
50639856.5610280931 132038.5163123310
50799893.8814835027 144150.1112151146
51185888.7401234284 162345.6853242892
51308187.7032121047 164963.1860088188
53031122.7455044910 197093.0405645370
51635092.8676265851 175023.6639858562
52602350.7771013081 192699.2359877902
51011648.0869850516 155158.3308321017
51639997.1908893511 175443.3584780175
51400896.8102879822 168305.1126270294
51976267.9332338199 182881.4112297374
50882895.9979469627 150162.5218924064
51857046.2748877779 179431.0122866112
50632146.5006820038 131313.3839728534
53052576.8404891267 198593.4585677463
51021285.3326309770 155168.9347781021
51316819.9108851999 166590.2952693778
79112461.6480848044 242360.4135742188
50660322.8246647343 132583.8552109106
54774433.5339474082 208916.4949560165
80313207.9659609497 242529.9177246094
50850702.4444393441 147727.6157568771
51270356.4388528317 164227.2207510471
50608569.0454999208 126050.5016400516
50744966.1208988801 140453.2924123332
50964538.6611999869 153837.8203027475
50621413.4645346552 127436.8281373978
51476023.2665829062 171440.4336733300
51006041.1885369346 154648.9295480776
52169446.7847224697 184738.5425444025
51146044.9837208539 159931.0076457340
52022795.9268912524 183319.8848823983
71839792.5586696565 236219.0620727539
51796924.3099048212 178929.3270107585
80136663.7187718004 242477.3527832031
51753285.8657390699 176832.8445259410
79624904.2018866092 242420.6962890625
51639997.1908893511 175457.1114077050
52909726.4623752832 195179.3894759494
51544150.6639609858 171876.4772238731
51500265.7738056853 171549.0592910129
50626813.1779555008 130259.0472865403
51646949.1168186516 175575.1379119235
51500265.7738056853 171562.8122207004
52517562.9156298563 191164.1924106479
51890867.7960800752 180420.3150237876
50868506.8914013952 149847.0382803458
51550037.7879920602 172676.6317934472
51946638.6268509775 180778.6573852378
51408919.0900929794 168307.0475094914
51406937.2229762971 168306.4768848419
53045644.4524635300 197629.7595586777
51373282.5719217137 167889.5531818050
51497338.1719942316 171461.2464174706
51685305.0834434703 176182.7579189617
50801297.1520304754 145639.7172523815
54270244.5399199203 204792.0217199326
52112384.3052408621 184733.3066479418
51748778.9888793081 176353.4821179587
50704983.7724101618 136584.3696152074
50746813.2432861105 140459.2733693644
51368470.4214456379 167808.7762280482
50668323.6599208266 134548.5678232908
51376210.1737331748 167991.1189850348
50728631.3143929690 139476.1999276280
51385847.4193790928 168014.9924622852
51411846.6919044331 168408.6133127213
51794673.5252609551 178895.4214836437
52191495.1908554584 185481.3550678492
50836313.3378937691 147412.1321448165
51517713.2165980563 171805.7929955501
50670838.0323338285 134688.4113960266
51340499.2263448611 167440.8132439929
52821583.9216286540 194764.4032698947
50586267.9082429782 118575.1735846698
52821583.9216286466 194748.0763655979
53465438.0105205253 200871.3710088730
52479904.2571386620 190498.7982791144
52183637.0793764070 184952.0923774838
50707118.0066983998 138641.0004524666
52399036.7149298936 189631.4816895354
50592709.5622017011 122386.5191657245
50798121.6088091210 143972.5351933111
51809771.1670106649 179352.3836712319
50712696.5913463905 138661.1153708774
51340499.2263448685 167454.5661736804
50683970.3666475415 135475.6855233312
52174877.2408359051 184850.6950869560
50595236.5507749468 122458.4329611957
50588899.8773679882 119016.6838169396
50738865.8564336449 140009.5477015674
50816872.7329060584 146937.3842751871
51273395.0498549342 164307.4270801544
52272056.1612776518 188120.9885510880
54270244.5399199203 204793.0036535263
61076483.5422238559 213061.0638647079
51101081.2058149874 158419.3021076995
50615697.4210529923 127349.1420078576
50769782.2157951444 142987.3872048746
54315690.3203154281 204854.8272171021
52588050.2948891297 192273.2472821552
50585090.2821972668 118443.1757886112
52272056.1612776443 188118.6299085099
50615455.8844103217 126761.0033795536
50785504.7749379352 143834.6276030540
50583740.9196697325 118409.7816568170
50589903.2280484512 121834.2452180088
50777557.3880854622 143384.5751247406
50804448.0562027395 146611.6268454868
50833030.2928734720 147205.9635122794
52956484.6190357879 195190.8573684692
51234548.9202237576 163468.6962140876
52235133.5636253953 186763.1466831047
51974432.3446594030 182136.0011593181
51237758.5316836685 163902.8028696555
50757357.5390918255 142661.6297751743
50608597.7196540758 126371.0298252404
50804014.1199644655 146600.1832419712
50609854.3892659396 126372.6431064904
51133577.4547155425 159826.9278393764
51796924.3099048212 178915.5740810710
50825694.2318899855 147045.1772013980
50704488.0626786426 136580.1369176432
50751778.9544438273 142641.5148567635
50811305.1253444180 146729.6935893375
50774870.5845644549 143259.3011376339
50937203.6625226364 151582.7951232273
50690401.1134607866 136126.2103827596
51497338.1719942316 171447.4934877831
50899390.3127345592 150291.1925822574
51645416.6029680744 175466.9150973636
51791622.8576947898 178468.3085540611
51436808.3310456201 169912.0308906625
54270244.5399199203 204794.2988195419
50645740.1657153517 132125.6959784627
51471647.1191448048 171344.7336238700
50699722.7261751965 136509.2762990519
52798306.9016842023 193391.6322165805
52640409.5018725544 193051.3081313449
53043813.6560364068 197492.4269933701
51210661.6063514501 162701.1175137538
51337668.9429854676 167360.6069148857
50586255.8653828278 118473.2429796014
52009949.0697854087 182883.0752922374
52812722.3625034988 193806.2358657199
51234928.2483242750 163809.7264233607
51124948.9802840427 159546.5373750705
50694144.1415271983 136489.1613806412
50706760.9753983840 136607.3858878687
52990042.6565223709 196389.5045424777
52819753.1252015382 194610.7438002902
50686196.7546747252 136039.4357128441
52535557.8909071237 192134.4490131814
52819753.1252015382 194623.9747573215
52511617.1030691192 190919.8468533832
50604503.6894830391 125799.1350781620
52009949.0697854161 182896.8282219249
51123560.8809690997 159462.0241528529
50593712.8232191801 122407.7532463372
51874016.1083749458 180212.7750348526
50784451.0102058724 143803.0690811276
51785618.1018335074 178337.5350240547
51632569.7458622307 175016.9232021648
50724888.2863265499 139414.4631360173
52087040.8682555258 184132.6401624161
50732835.6731790230 139864.5156143308
50868072.9551631212 149835.5946768302
50927566.4168767184 151572.1911772269
51224911.6745778397 163457.6928540248
50680227.3385811225 135413.9487317204
51624711.6343831792 174502.5906881172
51207734.0045399964 162677.6574421156
50846985.4631807655 147510.0035208243
51263972.8621409014 164101.6004467982
50599992.5975380242 122686.9844456017
51224911.6745778322 163444.8227368373
51337668.9429854825 167374.3598445732
50832596.3566351905 147194.5199087638
50595224.5079148039 122408.6647059619
50679248.4925939962 135119.8676739037
50625256.9292315692 129870.8059260547
50602516.8489427343 122694.8875103295
50785070.8386996612 143823.1839995384
50610773.1635021493 126373.5545661151
51168149.5436391830 160295.2640752274
54270244.5399199203 204778.0231847763
50777123.4518471882 143373.1315212250
52284174.6452018917 188123.7944592911
51164928.2637721747 160210.7693921107
52088844.9897910357 184407.8933667618
50800691.1642517075 144427.5257318020
51072746.5239503905 157938.6856305826
50889753.0670886412 150280.5886362571
54270244.5399199203 204804.4597082138
50629475.9287077934 130350.2024495304
51064020.7496630400 156678.5557028431
50971395.7303416580 153955.8870465982
51789066.1984257624 178401.2415670234
50738130.0998867005 139866.7375624087
50952890.1930937916 152260.0327828902
50964058.0553692430 152774.8545309681
51108689.4061712548 158786.8263874281
54319690.5584470853 205126.6454696655
50631213.0725881606 131118.9482733905
50626398.6849681213 130065.2416255176
50612378.6406706497 126624.0096683800
78683954.8035794348 241551.4243164062
54266104.6922291890 204759.5072851181
51065408.8489779755 156757.6531149525
50738414.2578270212 139884.6305327415
50634531.8529704884 131333.6027381122
53257668.9063465297 198975.9310522079
50614763.9929591417 126644.2284336388
50863173.5686749071 148379.3949917335
50868026.2855706587 148784.2141501087
50724697.4104719535 138687.6688860655
50617209.1057486013 127350.0534674823
50792361.8440796137 143952.6943469048
50784414.4572271407 143502.6418685913
78782274.2916023284 242149.3649902344
51022438.4042510390 155570.2858651656
50875363.9605430737 149965.1050241965
50625156.4926010817 127799.7791352794
51082998.4032334536 158093.9510370263
54390170.5168272257 206296.6435155869
52223137.1715255007 186067.3408547718
51006581.5105817690 154658.4366410750
50601504.2822336406 122687.8959052265
54061048.3234597221 204360.3748998642
50670002.9058220387 134548.9728195071
51030045.5651503876 155935.1895516891
50933469.4080559760 151579.8970099765
50938501.0865482241 151944.5491708297
50995244.1604667455 154645.6382676143
50982330.4000131637 154111.2940945842
50945563.8601517454 151945.4564038295
50977843.1088167429 154111.1524530419
60028501.1919688880 212815.5684118271
54630970.1484388858 208626.6097021103
51034532.8563468084 155936.0967846889
51135883.6499555409 159918.8953686732
54266104.6922291890 204741.8681249619
51155914.6309454367 159962.3864587325
77847135.2694189548 241188.5986328125
54266104.6922291890 204757.4220800400
54444568.1099172682 206927.2360076904
50603489.4078545049 123363.0180670917
53876290.3719093502 201999.9020605087
50649483.1937817708 132488.6469763443
76791249.5594917685 241092.3623046875
69608574.4376835078 230732.8385620117
50950619.5704724714 151949.7137216109
77972712.8768183142 241199.8747558594
50655061.7784297615 132508.7618947551
77307634.6748030037 241123.6345214844
78436351.3641571105 241252.8051757812
76617631.5812093168 241041.4838867188
66969002.2805032507 227223.4314880371
76359201.0308467001 240343.8835449219
76244268.8236171454 240258.3059082031
76343405.1532263458 240282.1450195312
76028102.6660170257 240152.8522949219
50641535.8069292977 132038.9213085473
67516251.8754797131 228793.7662048340
64675831.7029771134 219356.3291625977
64250844.1634906083 217693.7020874023
50662668.9393291250 132667.0097890422
67561990.8017882407 228810.8643493652
67294888.3460244238 228744.5378112793
75607523.0327765048 240019.2792968750
62106484.5431938693 216540.0004882812
66194582.4925729185 223991.2164306641
64426578.9385182112 218946.4331207275
65128012.0551506206 221321.4515757561
69933598.4957529306 233582.1835937500
63143373.6323040947 217010.4482116699
74928866.0952795595 239582.3125000000
74547280.7410305738 238116.0778808594
72675747.4639041722 237300.3276367188
70967733.3154202104 235788.0554199219
73188414.8039683849 237307.3571777344
