80489953.4041254818 700846.7175292969
81712631.4479875416 747565.1850585938
78438735.9707950056 588864.9455423355
77290426.3445962220 511594.5930458393
80455204.5283921808 698678.1508789062
80474404.0129462779 700756.7233886719
81697082.0568083376 747475.1909179688
81680778.2757383585 746791.9799804688
81094589.3443121314 724389.0275878906
77305975.7357754111 511721.0481239643
82616588.4804901630 763743.5488281250
80272548.7399757355 690063.0078125000
80033146.0629134178 677318.7575683594
77274641.4574526399 510454.8911540508
77020305.5037268847 488887.3117647171
81270815.5494313538 730928.6726074219
76792040.6658963114 469671.2330453433
83962600.7193999141 767559.0195312500
77290190.8486318290 510581.3462321758
81953973.8189976364 754857.5278320312
77712878.2487588376 542343.2583191395
83724241.1716226488 767084.4531250000
76630093.8041844964 448075.4389370903
78392385.3585575074 587611.8289527893
77705895.5311831087 540219.1193603277
76390680.3688623905 407626.1123470366
77550437.6737333983 533193.3148592114
81079039.9531329274 724299.0334472656
77334643.6251708120 512683.1246869564
77752416.0510806292 547390.0384537068
76467494.8183925599 427570.9850641787
76584306.2055956572 446927.4184137881
76856033.1811491102 469858.3721742230
83875038.0728934258 767133.5185546875
78636137.7076947987 600024.9160575867
77736866.6599014103 547263.5833755818
77844488.1142598987 553345.9488708973
77369595.5774743408 515856.8551242140
82149639.5689608157 756635.1391601562
77036252.5940899551 491292.7566020277
83254266.8692780584 765772.1064453125
81860866.1029101461 750220.0322265625
78611785.4502210915 599903.7879514694
76505391.6812902987 432628.5329801813
76688885.2252507061 458693.9635798037
80897411.2779831439 717354.0668945312
82409045.8300071359 762911.0556640625
77619975.3629243672 536268.8011337605
77218949.9411675483 503379.2743202534
77123773.3462465703 497119.1028342247
76559805.7922833562 439346.4785334170
77214111.7303681523 503282.9143397808
82316915.0475768149 762292.0776367188
79151453.1861352175 626403.5861053467
78182137.1986986399 575166.1661942005
78010941.5137518793 565522.3186035156
79588248.3434411287 652570.4857788086
77448573.0767443329 523007.5950868726
77184922.8026896119 500938.2173039913
77114898.3369776011 497077.1894671917
78572735.5710915178 595366.7024021149
78598686.6662221849 595877.6251983643
78324404.5772245228 582629.6163895130
77967420.4403849989 563200.9094645977
78330779.1473688781 583629.5493666530
78411003.6796714962 588343.4111473560
78086380.8828054965 570537.9045817852
79155836.3843483627 629084.8436889648
78158322.4097643644 574852.1955798864
78971420.1051631570 619298.3984832764
78355290.7273766100 583728.7424612045
78524376.1984830350 592386.0264425278
82877493.9432712793 765422.1210937500
78999286.2641798109 619812.4565887451
76534728.1707502156 435723.4090775898
77828938.7230806798 553219.4937927723
76473847.3823630959 430798.0505844405
78325099.2921336293 582704.6524665356
78701057.7456781566 602288.9713783264
78115233.6576370746 572232.2554984093
82462189.1662518829 762963.4277343750
77789882.2523065507 548518.0916763630
76985137.8125537485 485453.5341535807
79558901.8322203755 650942.3553771973
77203400.5499883443 503252.8192421284
77828196.0218170285 552035.6119773388
77951871.0492057949 563074.4543864727
82634258.9025308043 764228.5292968750
79374424.4944393039 641121.1535034180
78294684.7775094509 581531.4576729089
77665707.1812079102 540011.8749778271
78285018.9406648278 578618.8992106915
78221071.7441234738 577695.5211753845
78104200.3106109798 570829.0295549035
78478826.6891144365 590024.8348312378
77908342.6510171890 560009.8417155743
81503272.5688835531 741063.0737304688
81514245.3114071935 741161.6875000000
79689516.2755183578 657861.3942871094
77815897.5200793892 550776.9807536602
77649771.7525015324 539370.5942790508
78070831.4916263074 570411.4495036602
83189513.9411641806 765711.9248046875
77824513.8548396379 551668.0679118633
82051673.0249090195 755639.5625000000
76420547.4163674712 410146.5669424328
78187702.9251388162 575907.2182343006
82530464.5292970091 763653.5546875000
78581932.2166753709 595414.1257476807
77674341.8937273324 540169.4064548016
80209617.5673529357 685408.6660156250
77359523.1208670139 515505.5229355183
77881846.5834937990 558113.9758708477
81665228.8845591694 746701.9858398438
78563594.6220805496 595363.5670928955
80279368.7431108654 690487.0717773438
77715850.9527763575 545859.0265719891
78525001.5547692776 593038.8626556396
76466088.7890611887 422781.5368442535
77596430.4338578433 536160.1056129932
76868361.5203629136 473167.6860090494
77548918.0710012168 528173.9662392139
80005331.2567921132 675358.7252197266
79832291.0622312576 664564.4085693359
82301365.6563976109 762202.0834960938
77555017.0292483270 533986.1021822095
81210507.6582521349 730928.1237792969
81473565.9737348706 739702.1872558594
77663887.5226874202 539692.0688809156
79970672.6910631210 674671.7878417969
78818225.6987019032 611575.8809051514
77388630.3103967756 516228.2419655323
78503143.7314843535 592089.5769891739
81147302.9394868165 729281.5747070312
77490826.1716235429 527903.6153658032
81042847.7207128704 723591.1286621094
77334723.7505337596 514973.6210878491
77946703.8554053158 560556.4889099598
82281789.9925667793 759892.8559570312
78774677.6521044523 606636.2743930817
79984528.6627787948 674984.2458496094
76431198.1020770669 416018.3283481598
76969447.6588699073 484756.5552717447
79766425.1703498960 663880.7216796875
79534874.2791383713 650138.8767089844
77066027.4622929245 493637.9191766977
79890975.8345438242 669837.7182617188
79717536.7475083172 661601.1425781250
77271055.3863390088 508621.4305180311
77087564.5926282108 496135.8286540508
81413925.5156946033 738265.6677246094
77270152.5846556574 507426.4392783642
80330994.4810531288 693611.4372558594
79497420.7685454786 646897.9571533203
79946336.7338307202 672247.5651855469
77224976.9143953174 507250.7218081951
77420744.1848926991 521190.7285017967
83641758.8778491914 766786.6708984375
83700763.8405760527 766826.3701171875
81735946.9055383056 748154.5581054688
77322473.2896610647 512125.1780467494
81490226.9500497431 739756.3352050781
81468575.8827691674 739078.4953613281
79972098.9476577491 674913.5009765625
78902984.5174511373 614947.5097045898
77322473.2896610796 512125.1780467495
77461689.4006853849 526144.4442441103
76677875.8360199332 448330.4111519400
79526981.0894964635 648619.8536071777
76433425.5748997480 422600.8311557770
81766009.6297190487 749129.0532226562
79065782.4912624806 624718.0182342529
77140987.8592318892 499729.8460049629
81623128.9067982733 742249.8500976562
80910775.3890022486 719489.1357421875
80021413.7308239937 676604.8752441406
82261528.8282258362 757680.2500000000
79516637.7346485108 648194.4611206055
79324934.5117424279 637886.4816131592
77811560.1861922443 549731.0529485047
77410299.0278749764 518910.0438504219
81489979.5988925844 739718.2399902344
80608838.9892077744 705813.0571289062
76924794.5246611983 481269.9864717722
77085367.9017671049 493681.8227627259
81642006.7869320959 742306.2216796875
77636980.7975305021 538590.2206082344
79199528.7789732665 631540.9552459717
76965627.0430053025 483502.0469709635
79534275.4975730777 649871.7872924805
80113752.9639956206 681096.5356445312
80688174.1533055007 710492.5051269531
79690886.6763375401 659178.9310607910
78488014.2775283307 591636.7462539673
78270764.5989170223 578384.4084356576
76735066.7643846571 459788.0580276505
81274481.5221049786 731710.5144042969
78376194.6500597447 584299.7511367798
79117558.9151544422 626246.0204238892
78941985.3009943366 616144.0747489929
80320805.6748427004 692470.4362792969
82299101.8677908033 760515.1674804688
83014705.5933880508 765520.6440429688
80781545.2680305094 713231.8132324219
82081307.7691766620 756516.7983398438
80996813.5649513006 722443.3391113281
83838795.7705450207 767091.8862304688
81759689.4174271226 748192.6533203125
78790757.3492397964 607907.4990653992
80315531.7019040436 690514.9752197266
79920502.9704286158 670808.4331665039
79756659.3082163930 662171.5722656250
80672555.4838992953 708974.8071289062
81200473.2963732481 729976.4020996094
80772308.6052064002 712433.9270019531
81115924.9685587734 725332.0510253906
76896797.1046366692 476903.0498202443
81041293.1925866157 722744.9782714844
82186386.7157292813 757325.8344726562
82873394.0766225606 764322.5073242188
79021367.8609532416 620663.0427894592
81170077.1857323349 729298.8645019531
81332888.4267711937 732809.8374023438
79645025.9712732881 655190.5646667480
79097023.1503881663 625706.7002868652
81354057.2939143330 734398.7968750000
79847718.9140058011 664930.0515136719
81030614.7022464722 722639.4069824219
78884384.9947827160 613060.2013549805
78868173.4544919729 612940.5252113342
77393072.3275007606 518652.7958405912
80517177.1079927087 702255.9294433594
81025697.2306692898 722552.5485839844
77441864.5447760522 521285.8706267327
79643180.9986591190 654620.4747314453
78773993.1054564118 606079.5194396973
82732454.5887703598 764287.8359375000
80734480.7752536833 711563.0202636719
79251379.7036997527 633486.0544128418
79934683.1973030716 672224.4206542969
81555799.2696744353 741735.7919921875
80952041.5838427693 721245.4431152344
79959080.1522085518 674399.4428710938
82619767.0225958377 763773.7778320312
81295182.6359782666 732024.9526367188
79042508.4899129570 622820.5360565186
79211542.1716009825 633016.9906158447
78668310.3679783791 600497.5304603577
78806043.6666090041 609798.9990844727
79857469.8302659690 668938.1376953125
79854053.0579628050 666747.5853576660
80052767.1578313410 678520.3819580078
80461097.7814955562 698823.2497558594
80873210.1499834061 714832.3508300781
78592093.3406196237 595710.1824531555
80228637.4625558257 687982.5595703125
80874902.0099667758 716515.2753906250
81858662.8110334277 749165.0312500000
80774426.0621114075 712512.6408691406
80799817.1421799809 714142.2619628906
81060173.7517032325 724083.0200195312
80255162.9167116135 689973.0136718750
80324942.1074010432 693259.2966308594
80181284.8807777017 685280.2106933594
80830363.7124603093 714459.0732421875
83482311.5233661085 766269.0791015625
79457640.9993479550 645176.2684326172
79303786.3668888807 637460.2366638184
83322657.1028751284 766093.5229492188
79337073.7571028173 638656.8277130127
79650377.4099773765 657057.7246093750
80462954.9821310192 700262.8706054688
80589289.9177767038 704332.5576171875
80227473.6328077465 686534.6528320312
79414904.0049014241 643231.4373779297
80105993.7850882709 680645.5644531250
78947092.2698275596 617789.1438455582
78729864.9813739806 604786.5414009094
79604813.6067482382 653532.8443603516
80366795.4062820673 696077.2167968750
78742186.3663111925 605486.4180345535
80215992.4968115240 686245.5947265625
80157388.7704393566 683489.6219482422
80553677.2083929181 703414.2119140625
78525773.9124746621 593475.9344835281
78544651.7926084846 593532.3060655594
80123139.6341751963 681587.4569091797
80601660.1895515621 704672.9028320312
79252953.6908904463 633686.6195144653
79039357.2584604770 621484.9592666626
80624490.6608878523 706904.3662109375
80432067.7927308530 697335.9077148438
79456583.4034893364 644273.8006744385
79264002.9892354012 634058.3489456177
79343108.8424911946 638815.3956909180
79905904.6268819869 670375.0861816406
83405133.1227705032 766187.3481445312
82165332.2115132660 756811.7763671875
81948637.6586669534 750457.6899414062
81933511.8085345626 750335.2778320312
