91538403.5830361396 524608.6004638672
91286738.0021114945 510874.5928955078
89955097.8957508504 347147.3769361973
90019333.6735148728 363074.1415369511
89968068.4985783398 349212.7812494040
90088251.3283437937 375499.4042799473
90142071.7755225450 386732.0480364561
90244029.1732287258 402187.0386843085
90358431.4922746271 418247.4534035921
91367474.1102943271 516377.6402587891
89880518.2961313576 325937.1596510410
90121995.7305859029 382181.4149684049
90341973.8608289063 416093.6542758942
90749188.2744287848 462132.1602134705
91021500.3324837089 483668.7129631042
93833742.6651600003 601241.1491699219
89787637.0822778791 292272.1520655751
89953998.0922354907 347004.9781630039
90325677.6972490102 415233.0798130035
90638813.2939072102 452115.7888755798
89815163.3835292757 305029.4069667459
90007051.0523855090 359364.9752027988
90061634.7697975934 372199.5418837070
90174884.7275722027 392479.9933375455
90196497.4126103222 396274.8575796485
90655409.6544710100 453241.7266197205
91405421.0859487951 518622.4605712891
91485549.6595758051 521474.1910400391
92026313.5165708959 547995.1198730469
90127281.8770726621 383478.4497154951
90248640.5671052337 402932.7060427070
90304209.5777278543 411414.2351259589
90314543.4326432496 412231.5103623867
90586015.9120060652 447382.3983097076
90633193.6481147110 449928.5501651764
91370888.1249488741 517604.2821044922
90066997.2184417248 374033.6428053379
90231200.8127170950 400862.5986208320
90188706.7276198566 392984.8791384101
90562238.3324979097 443016.5614795685
90888638.6814918816 472296.3391685486
92493452.7697952092 569832.9257812500
91608407.8166028857 528377.8898925781
89811230.1123559773 304496.6653895974
90091641.7201558203 377171.8151940107
90279669.3301455677 408493.6732057929
90428896.4754305780 429615.6966897249
90553146.5194013417 441919.8011417389
90460389.2551041096 432297.6485940218
90947571.7591335922 481118.6442375183
91555613.6702719033 527100.7427978516
89776545.9050089866 273130.1378017068
89901124.7731260359 333969.7224319370
90056811.4428943843 372085.0570642948
90027279.9816955030 366250.7360670567
90160857.2556935102 389968.2230581641
90274117.5714975744 407572.1614431739
90469051.6884718984 432676.8936290741
90435956.1514827758 430669.2713146210
91189669.7232258916 501626.2064208984
91152176.9844976962 496182.5928344727
89784288.3815840930 278978.7127015979
90114554.6005161554 381792.8507053852
90698358.6509628147 456919.4776554108
90897327.4540764540 476103.2318840027
91306143.1045670658 512096.2440185547
91390707.8305878043 518215.4215087891
89919669.8618629426 337012.6125771999
90385342.5878250897 420779.0181008577
91450505.5666060150 520238.4785156250
89864495.5068623573 319570.4858229160
90051711.9754907936 370773.0308973789
90299839.1840173006 410732.7965993881
91260129.1667115539 509084.3729248047
90098467.6072325110 377487.2465174198
91722935.2459393293 535415.9364013672
90353849.8081515580 418097.0661965609
90614263.8200334013 447676.5701427460
90802359.6275721788 466118.9677238464
91041474.1056688577 485962.6382560730
91001948.1088335216 483188.1828002930
91230738.3079564571 507240.9796142578
89832831.8357671350 306278.9215286167
89907888.9340822101 334500.2611672878
90671908.8308963329 454123.4111900330
90810331.8326968253 469123.0877037048
91484437.9295225888 520675.8641357422
90695450.1709908545 455886.1914634705
91334708.1364327520 515760.8887939453
91240337.4627650678 507752.1397705078
93650252.8627012074 592665.2219238281
90065956.8284885287 373175.0388014317
90026681.6501129866 363942.4665358067
90426969.7694094479 427858.8049660921
90368843.4113996625 419897.3335305452
90218017.1252129674 397521.3925661445
90766876.6574006528 464107.6753501892
90107917.4439230263 380564.7077467442
90099666.9273918569 379409.7013075352
90054451.6160717607 371669.1909010410
90077874.0536461473 374627.6121799946
90195000.3910830021 394769.7907766700
90238477.4145807624 401265.5269216895
90492341.2747780383 437445.1827737093
90001719.4374736100 358692.3939182758
95289043.8620856553 621646.3249511719
91985530.3101592064 545818.9865722656
89825369.1135057211 305302.5499415994
90227727.1402059197 399831.6510366797
90555357.0816083699 442281.9127541780
92001312.1345022619 546863.8181152344
90102637.3753585517 380340.2773268223
90585098.5390753001 447067.3353214264
90824348.6033306718 469938.5272789001
89804528.3756199330 301055.9782716425
89938713.7337773740 343793.5956399441
90008330.6777196825 360005.0413649082
90149167.3649621755 387599.8698023893
90159816.8657403588 389109.6190542579
90064026.7704750448 373103.0667860508
90855004.7524221987 471238.6850891113
92722764.0644909590 574456.4975585938
98396384.5237506330 640744.5673828125
90015570.4616610855 362966.9696180820
90704778.2235011011 459586.0083580017
89946814.9385096729 346474.6271803379
89804315.8839378953 301009.6662599237
90125119.4286189526 382470.5597975254
90216892.9035034478 397110.8126577735
91102930.0266504884 493585.2066955566
91127607.0761839449 495611.3489990234
93727724.4173783064 598840.3063964844
90036252.6960914582 367961.8525221348
90072671.6373367459 374064.3408253193
90443890.0786787421 431415.9640237093
89909506.5654772222 334953.8727247715
90044528.8217649758 370242.6799147129
90418211.9804297984 426241.6152688265
90734443.4124099910 460211.8984947205
89888094.0033476651 327027.1166822910
90493258.6477088183 437760.2457619905
90618497.1087712497 449780.6182804108
89848615.7922237068 316354.7435501011
90043435.8498172611 368492.2035048008
90501921.0810766220 438139.4907970428
91172546.1885636151 500296.4595947266
90090430.8341613412 376408.5085279942
90737450.3260082603 461114.3386802673
91089874.6416519731 488628.2381591797
90034463.1354213357 366781.0870497227
90096096.4940645397 377202.6918442249
90501003.7081458569 437824.4278087616
91084656.3559182882 487332.7675781250
92349504.2056921124 566238.9077148438
90575063.3785211891 445233.3622837067
89896560.1272876710 332297.0980055332
89989802.2123160064 357239.8205397129
89996985.3660418242 357770.1715223789
90015176.4376962334 362436.6186354160
90703860.8505703062 459270.9453697205
92411779.7226524800 567406.0292968750
89896007.9960397780 332247.8167922886
90417294.6074990034 425926.5522805452
90618012.3449435830 448288.9864444733
90801625.8228629678 464722.6054039001
90941497.1975846291 477715.4441490173
90756557.3291292042 462482.8471031189
92777406.7279997319 575873.2617187500
89940784.6613103002 344413.9120924473
90006757.7753590941 359300.5051100254
92031991.4197227508 549220.0758056641
89917555.1255348176 336082.0365579128
91875302.2288176715 542114.3238525391
90543701.2023916990 441573.4127864838
89873025.3775967956 325912.9973342807
89826784.2809435874 306064.6224563511
89983008.2867677957 354785.1907026768
89850790.5367945433 317253.0993850620
90254619.6227875799 404711.7745718360
90409028.9710951596 422243.5178184509
90452552.5120465159 431795.2090587616
89865183.1963445693 322954.4823196323
89940021.0129614472 344019.9973433018
90422527.1999606192 426684.2742043734
89862604.1490263641 319487.5949537754
89911343.0958265364 335230.4941236973
91160447.3143461049 499232.2305908203
89855008.8812674284 319215.3888137729
89870333.2319201678 324889.1965615749
91650504.7880015224 529344.5560302734
91454802.6510097831 520459.2347412109
89834938.6486704648 311657.1784561069
93079800.0986810625 585330.2631835938
91935706.2070678174 544383.1081542969
89806067.4471829683 302693.1767471225
89864700.8898503780 319743.7151319981
90078914.4435993433 375486.2161839008
90535358.6890486479 439237.8492374420
90483498.7491971701 434937.4678078890
89807958.8050189614 302776.0676162632
89963770.5015527755 348535.3117506504
90536647.3429759741 441038.1165714264
91840657.2074486315 541881.5878906250
89838203.3526930958 314073.3714797886
89975488.9778754413 353707.2465651035
90409867.0253469646 425507.5644493103
89932501.7040690929 342942.0532057285
91495930.4649120569 521678.1611328125
92051469.2559649944 554822.5605468750
89919626.0530677140 336702.3530104160
90361415.8292476535 419478.3456993103
89793082.6524942368 293555.3953700662
89917142.1434802562 335772.7935469151
90404292.5441958904 421648.7398193479
90130658.1134737283 384340.4932835102
92230615.7726650685 558984.0847167969
90139244.5706553608 386173.3588160612
89833947.0989420861 308422.0535476597
92270256.8652959019 562284.7163085938
89785091.5208568424 281567.0547938943
89795124.5658315420 294005.2460780740
90218979.4658707231 398405.1400503516
91668563.9716369510 530508.8759765625
89791191.2946582437 293472.5045009255
89852527.8646623194 317935.1005079746
91764659.1571474820 537502.7956542969
91835908.2815214545 538126.0832519531
89839625.5000833571 315648.5734536648
91913780.9188942313 543304.5246582031
91700019.5982670635 533229.0025634766
91097917.8721508086 490425.7125244141
89886317.3437850773 326479.4590742588
90347460.4302581996 417079.4877719879
89959587.8753059059 347927.2005589008
89850355.1791464537 316929.6014845371
89840826.4076346755 316133.6126296909
91954457.8129938841 545771.9113769531
89786537.0285068154 288712.0695976408
89836311.9948570877 313990.4806106479
89918862.4047189057 336308.4382612705
92871208.2022270262 577252.4775390625
89927145.3619600683 337780.2971479893
90530352.8322780430 439044.8785668612
94085221.4472980499 610084.3774414062
91680926.1443147063 531287.1228027344
92959517.2210493833 581512.7900390625
93746133.1607180834 599658.4343261719
89925838.0827759951 337553.8954446316
93915123.7955276966 607129.0629882812
89783002.6594102830 273659.4906886220
89974997.9695556313 349748.6275608540
92022591.4517732114 547474.2692871094
92886205.0696320087 577287.4125976562
97603506.7497424483 637694.0180664062
94065677.6634168774 609512.9477539062
92131770.2047615498 558016.6735839844
92492342.4903382063 569203.9252929688
91074685.5838862211 486510.0410766602
89894061.8648511916 329122.1435525417
89931156.1411874890 338061.2118055820
89916773.7079705149 335556.4481179714
89938477.9150887281 343657.4082620144
93000846.9433421791 582433.5922851562
92518895.6624166071 573963.4526367188
93093893.9981573373 589207.5893554688
93660555.4745767266 593395.3771972656
92887899.1714823097 581397.1977539062
92495225.4111313224 570240.2006835938
93693781.0959210247 595358.4313964844
93290025.6409613043 592001.8256835938
