111680949.8901641369 147349.2710547000
111695033.2600960582 148174.7791113406
111592078.1873486042 144187.5964908004
111613087.3208664805 144191.8419165164
117573877.6918753386 245006.8265991211
117387683.5932730585 243451.9018554688
113225521.8119914085 183833.5116113424
113177496.4632874876 183406.9055218101
111127387.3768196255 131467.2097931165
111282403.7462122589 135406.7241874598
112263820.6489712149 159758.2035251707
112102730.1966574937 156553.4344109893
112216102.8018793464 159723.0310644656
112372240.7229357511 163142.5068335086
112244668.1905876100 159744.3010382205
111442011.5548571050 141186.4677645713
111640062.2203242630 145567.4922883064
111496128.1780480891 141398.9683148414
114770490.9167278856 208899.9381933212
114449361.3939421624 204886.8139257431
114840230.5641077608 210229.3942480087
112382759.3394285142 163684.7409287095
112286261.6596070826 160268.8029826733
114741201.3150231093 208502.1844365597
114691255.1459252983 208233.9833593369
114958873.7564953119 211727.0397222042
114925348.5775545835 210992.0602300167
110787935.9550892264 122233.7725412399
115076403.9211932570 213913.5456797481
114894968.8370032459 210951.8981206417
115803540.7835914046 223548.6297492981
116845765.5011998862 238068.6136322021
115859193.0329597145 225775.6586837769
114339006.6360836774 202694.2744377851
114232584.9339093864 200837.7181241512
114432713.2781970054 204136.6310281754
114235556.9629471153 200962.4683510810
114203009.4918516725 200649.2189681530
114107133.6467425525 200306.7039270401
114380473.2092716992 204044.3714951277
114157238.1671317965 200455.4391258955
114238781.2321478575 201309.9576692581
113965531.7250393927 196715.0175104141
114258180.0223200321 201374.2844629288
112716760.7250694036 170876.7810889930
113807953.0108158588 193913.7695310116
116926771.0822600722 238469.0323333740
113931023.5770746768 196159.3095655441
114072579.7014594674 199921.4068536758
114000944.2950784862 196940.4730768204
110920845.0314101279 126236.2231784612
111123823.1032276303 131281.5359253436
111161253.4903671294 133894.3623732477
117346712.8016674072 243076.6963500977
114272760.4924241155 201892.7021352425
118354013.0121677965 250323.3262939453
118455787.9240560979 250680.1776123047
118263815.4980142862 250053.9898681641
118044844.7670546621 248906.5731201172
117450580.6988551766 244207.9871826172
117487176.1560918540 244625.1368408203
113909594.6534777731 196118.7763605118
113714311.5066722184 191977.3160104752
111502221.1096441895 142019.5452589622
111184361.0499697030 134573.4286345174
111341517.8661125898 138301.1978609195
111635176.2580492496 145483.0322156698
111832829.6785828769 149518.9723375589
110580990.1373789310 111941.6391695518
110478535.6607219875 105028.4236677172
110382696.3154668361 100946.0641933460
110415360.6288564503 104648.8593589593
113315333.4333782196 185275.1115294695
113540583.2279991955 189166.2881614268
113336562.2632829100 186572.1823963523
111045458.9371356666 130318.4053836614
110838582.1500779539 122780.8104253560
112001409.7542800158 152054.4842614681
112340423.4922641516 162885.6260616183
116915059.7771432400 238193.2703704834
116770736.0577066392 236435.4023284912
111361884.0657305866 138755.4588913290
117932016.7346672267 247362.1693115234
117796682.1256553382 247277.0821533203
117933457.3927904218 247455.6642456055
118258421.2524074465 249530.1844482422
118676830.2572985440 250686.7752685547
112054674.8251631558 155109.5864574313
112210956.3173377216 159226.5048457980
112201895.8240182400 158819.3151310682
110373714.0474213660 100480.9758647144
112018647.7210287899 152228.9182397872
111543755.7712085545 144052.4680761844
112016690.2364983559 152119.8151538372
111830742.1676257104 148641.8552794009
111756104.0646079034 148536.4308816940
111934484.1518319547 151993.3162207156
117244329.8887020200 241896.3169555664
117220651.8881355673 241608.2979736328
113705882.0577899963 191208.9859158136
112378727.4207537770 163603.1876272112
112535250.6778610498 167728.3366216421
112512520.2496403754 166866.0821648911
112416638.9714222699 163874.8076942116
117579462.5564493090 245615.0726013184
117375253.0768918842 243274.2745361328
118072079.7273953110 249513.1275634766
117688456.3845742792 246241.0575561523
113434100.5956823230 187385.6635143161
111882387.1618132591 151341.7211654782
113743387.1447450966 192002.2781076431
113744592.9846165031 192501.9633246660
116110001.6295626014 229441.5624847412
115925243.0145761520 226606.7591285706
113415125.6313970983 187356.9273082614
113270999.8957084119 184749.1239305139
111145410.6234234124 131810.3546464188
115097641.8514428735 214350.4892966747
115218374.0008598417 215091.3657493591
115465637.2774645239 218832.0413475037
115383934.7087003887 217802.0284690857
115565420.9212907404 219648.1040420532
114825158.4588709325 209956.9548940659
113044003.2647158504 179755.0332334042
117297987.0911502689 242130.8722534180
115958035.7222648412 227188.1830291748
116288972.3096492141 233435.4071044922
113377885.8156473339 187049.8815915585
113677765.5069974661 191040.4353024960
116152092.7259806246 230735.9543304443
116087051.3836082965 229309.0314788818
116022798.6270321459 227265.3422698975
116101862.3506229073 229328.2182464600
116576455.7347698957 234715.8013916016
116243788.9791318625 231469.6103363037
112747888.6285839677 171599.8069828749
113627681.6475690752 190702.4247886240
114633944.4077390581 207005.6450693086
118772598.3774232566 251501.7760009766
114864319.3351696581 210629.4710373878
114851353.9604428858 210405.3036382198
111460670.8151266873 141320.1908318549
112195897.2512181699 158719.1825659499
112385926.1176625937 163708.2781989723
113454719.9541483968 187919.4537568092
113567269.1958575398 189648.3899426460
113602957.3796531707 190587.0380636454
113325021.1180221587 186450.0821334124
113868306.0306062996 196055.8579416275
110340451.1036627591 100389.7469225902
110403106.2590993941 104560.9846340198
110247043.0474820882 95621.7272385405
112337331.8842611909 161675.0474571586
118891012.9921581447 252137.6412353516
118964417.5984027684 252455.8062744141
113141116.9460940212 182150.3304206133
111305913.8201430589 137063.4722628146
112988428.8060190380 178671.0686181784
117082355.7511987835 240703.4353027344
117004046.2351786941 239533.8877563477
110315552.8933028132 96806.4688294310
110979337.5183563977 126327.6015064716
112726329.4258118272 171450.8903446794
112716929.0028399527 171310.0040531754
112321736.9910341501 160716.3659889102
112145741.6799362600 156594.0549537539
115306297.1483937651 217652.9245929718
112178629.3197350204 158346.0262929797
112162964.6967335343 158101.7920095325
117776786.0654959828 247106.3067626953
118022911.6041589528 248240.5202636719
115848360.8776323348 223826.2942657471
110989175.9513560683 127688.0436112625
112200980.2826958597 158764.1066829562
112178722.4321044385 158492.3942024112
116966350.4031470865 239305.6380920410
116972015.3789353818 239447.4275207520
113683555.4588433802 191178.5430308953
118039052.9037148207 248285.6779785156
112618426.7936789095 168530.4502912760
112756275.7835026234 171949.9260603189
112798705.7925076187 172701.8973737955
112670986.1265901476 170023.9485155344
112860408.5016072392 175716.6786040068
113006640.9991000891 179376.7795431018
111224403.0497293919 134816.3699136605
113062568.2924284041 180148.2056956291
112833842.4124062359 175429.7021012902
113018180.8077811301 179420.0382444263
113038076.4498140216 179694.6772027612
114885561.4481488019 210739.7298838496
115001714.2827169150 213050.5048542023
114968259.2541132718 212009.7423915863
111928489.1165187955 151375.3828776926
116631649.1797857136 236234.5138244629
115247977.1279365569 215771.7056646347
116111610.8709653765 230608.6125335693
113025437.4472787380 179552.0131364465
113111270.3993427306 181616.0424401164
115592046.2075848132 221191.5473480225
112979260.8434583098 178191.0280568600
113133918.2491852194 182045.2398488522
115135307.1111898124 214934.6610374451
112994309.5437641740 178730.3961388469
112994930.5127470195 179139.5121419430
112940636.0682934970 178045.4436299801
110734081.9354673475 119508.1350699142
115496548.5517258644 219084.6096496582
114957611.3186535388 211359.3429737091
114960347.3327081352 211985.3194799423
111838211.6867282093 150312.5786433220
112018922.6237117648 154897.6508352160
111284843.5280037075 136368.3266752511
111012669.2239204347 130140.8851886541
111855868.9908552468 150822.4040281177
115276302.6325771660 216190.8690490723
111405178.8050251901 139034.8628219385
111416288.3517692387 139109.1683793515
116071739.8544987887 227947.1656341553
116502528.0900151879 234598.0282440186
117612912.2409367114 245897.8305664062
115663235.3320918083 221866.6255950928
118251637.8371028751 249519.7252197266
114588999.0801527351 206007.4128966257
114785187.1537930816 209017.7848562002
118743348.1094374061 251477.5982666016
117327469.1855243146 242176.2528076172
119477251.1463875473 253425.2010498047
110500517.9399826229 110222.9983649850
110669331.3325226754 115901.9196678460
110449489.0624652207 104864.4676293195
117188899.8637012392 241495.7945556641
115693293.8488749564 222436.3732147217
114543491.5211655051 205407.0957791135
117365963.6522304565 243194.6845703125
110485783.5675141662 108521.2651323140
110587880.0771941245 112425.9735572161
112921183.3530349433 175797.0227447748
117209482.8758148998 241508.6053466797
115719077.8779035956 222611.6122894287
111114972.5494453907 131240.2378988881
112702839.1411015987 170478.3322874308
111404446.1049608439 138842.9293448776
115757919.3958975971 222662.5706024170
115542698.5643377453 219341.0735321045
114598886.5234886557 206098.2354914472
111325255.1398660690 137499.8015445024
118697020.1029866636 250808.0001220703
110602155.4066918343 112643.5761674703
117435760.2279822081 244087.8142089844
112793411.2945781946 172652.7613264322
110617521.3953438848 113914.7073021960
110904217.6824008524 123605.8103184700
110954286.5607199967 126310.4723137766
110724196.9253477156 119447.4246586608
111256147.6608289480 135110.4753974695
110635313.5929849148 114345.3094001412
112459639.1309156269 165343.3334803581
114590594.8713743538 206047.3800226972
110658990.2100852579 115859.3670956860
110712287.7213089615 116117.2839706689
111066630.7794487625 130427.1019648463
110545692.6864835620 111057.9772437774
114713195.0506757945 208436.5052999258
112497175.7472417057 165956.1148769855
110821200.7187000513 122267.7671055794
115576307.7295749635 219674.3611640930
110886317.4426648617 123385.0482548522
114049403.5398839861 197078.6444706917
115246304.3854738176 215331.3825979233
118719753.8913528919 250821.3887939453
114810732.1059478968 209741.1241146848
111113278.1372980773 130505.1081503145
112502803.6209206134 166061.2054487467
110841875.7478678823 122845.6250064336
110645500.5354163945 115053.4763345383
114659558.2438963503 207429.4562384412
114835161.2719346881 210003.9023307942
110548543.8681163639 111340.0775755341
115384434.4165830463 218617.2088737488
110480885.5320016742 107793.4868317358
110722540.3250402212 116923.8094414026
111432458.1868075430 139411.6037543863
116770955.1209188551 236449.6664886475
117173764.9102441818 240802.7973022461
116801518.3244838268 236947.1001434326
118773309.1114037335 251559.8958740234
119344571.8590997159 253232.0445556641
115515657.5511221290 219236.4578094482
115769285.1105385572 222911.6012573242
119928687.7561538815 253440.7171630859
