90388813.0619703829 74392.7775199115
89944603.2236027420 62181.0766974948
90435673.3333157301 74761.4653546624
89787001.8632043004 54299.5868988633
90611540.0078990608 77121.3460701406
91077840.8237303942 85714.4548707008
90620000.2771936655 77150.5272785281
90965384.7229410708 85064.9391296506
89801615.0311607271 55756.7142043263
90085499.3353313357 66564.1384609155
90004874.4846877456 63782.4250553809
89948731.6158145070 62189.3992511295
90258576.2283958048 71710.7675044946
89854032.7336617410 58123.4427211545
89850176.3920911402 58123.1155597232
90385863.0391986519 74323.1708049774
90162622.4116455913 68646.0094681494
90505858.0302529931 76449.4203412347
90816046.0908458233 83018.2501285970
90455805.6456656605 74871.9733884148
90624289.8723233193 77177.7462261617
89892577.2854333073 60048.1862384342
90190749.1578424722 69132.3984554224
89625995.6711172760 34379.6391413845
97148614.7603336722 104495.9660644531
90895434.0209076256 84641.4824055135
97239346.6874329448 104601.9191284180
90400658.9817442596 74416.2784955315
90721658.9832345694 80811.4616001546
90235631.5032860190 70602.0739727020
90605775.3259563446 77113.0235165060
89895029.4010714144 60156.2574054264
90292406.1260755360 72290.0289592743
89930721.0887400508 61736.1412250064
95104720.6433311105 101401.2398986816
91381550.2434635907 89963.6688842773
90740756.9216893762 81074.7371815145
89882973.5533336699 59703.3265407346
90797531.5444788635 82953.5274189413
90083162.5586231500 66549.9916923456
90093508.3265241086 66690.7376277857
89672211.1292695105 44565.9953168072
100251262.2056811899 107977.8291015625
90363553.3522652686 74281.2238967232
90215407.0776181519 70269.2417450659
89903138.2121674418 60223.4169818424
89800121.7178933322 55478.5231490284
90580534.8223592639 77005.4925182760
91233432.9469470382 88049.5452651978
95310533.4534111321 102907.6662902832
89829948.0316145271 57444.6691908985
89804067.1467988193 55864.7853713185
89660741.6907682568 42610.8509753384
89657397.1517263502 42552.1030734330
89765488.4198292345 53484.5946831703
89982554.8062744737 62828.8948600702
89752294.9319574237 52267.3341627568
91049817.6477163285 85702.1375361383
90783696.7715532780 81584.5180514753
89662827.1132604033 42808.6372346990
89879117.2117630988 59702.9993793033
90107882.0949148685 66930.2044551782
90091713.3653160185 66612.8676224463
89626540.1011895388 36412.7809870876
90153316.8277396113 68618.1594417505
90409760.1494699717 74422.7542696111
89628686.4791586399 36413.4314143099
90110221.2603828907 66948.9193208031
90070001.2750925124 66245.8021552972
89635353.0458315760 38784.3307459988
89633305.3007806689 38445.9228327908
90232022.5690786690 70543.2301204614
89638513.4654689580 40412.0688746609
89782519.6931205988 54183.1931782365
90684520.4653705508 79137.9679516256
89758302.3405083865 53387.5971627235
90763268.2904638201 81396.5620310009
96874149.4936313629 104436.3534851074
95313042.1328009218 103089.1948852539
95077363.7965624034 101284.1185150146
89906269.6333377957 60223.7441432737
90176405.6053374112 69030.5058772974
89990717.0378513038 63769.2830707096
89899646.3089011461 60156.5845668577
91441995.9027309865 91534.5024871826
89644667.4630383551 40817.4725917019
89648064.0455499291 40845.3866260685
89646890.5834262371 40835.7122469060
90939185.3783282936 84899.4393448685
90732946.5631894618 80943.9826115072
89675660.8637997657 44814.1846554913
90478143.0853331983 76354.5076546483
90057122.4918241799 65075.7480495386
89867791.9459090680 58360.5584132932
91374584.1396861225 89958.1412353516
90174863.3066987395 68868.3569161706
90644597.0081269890 78974.6251858175
90056554.8953697830 65060.5421302728
90789492.0085689873 82673.0632694662
90326560.6514283419 72772.5385608785
89784971.8087586761 54291.2643452287
89666900.8734527379 44496.5922212712
90277009.4982087910 72231.1851070337
89769528.3064117581 53684.3735580258
90748268.5174963176 81148.4510487020
90380308.4529006481 74289.5464503579
89671925.8989357501 44506.2666004337
90015740.9805747718 64516.8498466425
89738276.8674802184 50615.1813276596
90312846.6673491448 72709.6626307778
89911012.1538727432 60492.7816780768
90288187.2879114747 72248.0820510201
89678814.1191756874 46039.7241723351
89942514.2810476422 62072.6654976569
89774717.0606451780 53855.5405359715
89913445.9178156257 60559.9412544928
90080934.6544736177 66541.6691387109
90211479.9089900702 70206.3658149652
90148940.6042578518 68510.0882747583
89906361.1656969786 60384.7105110846
90057927.6038434654 65134.1783016138
90205715.2270473838 70198.0432613306
89663031.8485582471 43988.3426714279
89828173.8046969175 56406.3718005680
90036435.8696506917 64961.7853191309
90214218.9226917475 70223.2627589516
91490569.2647157907 91778.2352294922
89680425.4952256829 46212.9830477983
90603748.5431313962 77047.5564793050
89913439.6014945656 60501.4442645572
90051542.3327374458 65052.2195766382
91479708.1134340912 91651.6238708496
89717247.0746007413 49886.2543650120
89688939.7612453401 46558.1699069291
89791386.1576135904 54402.3458888792
89749842.8163193464 52159.2629957646
89889382.8777551055 59783.7990951352
89696782.0978342891 48045.2715931274
89720696.8091309965 50134.4437036961
89812239.6595377028 56090.3008754514
89821550.4802602977 56339.2122241519
89791782.3442396820 55420.7390084267
89819098.3646221757 56231.1410571598
89629677.3123203963 36751.1889002956
90938978.5691544861 84714.2246215940
90305949.7149681449 72312.8047606759
90120215.9637785256 67011.8241088204
90205044.3842910677 69742.3483684473
90592051.3325572610 77013.8150719106
89841739.2480699569 57742.3346957974
91444580.7481648028 91646.0962219238
89772687.0061995238 53847.2179823369
89943636.5946240127 62073.0055305026
90070643.0596054941 66310.0382392816
90346978.0706749856 73760.8062941842
91499678.7167968601 92030.5771636963
89676590.9987878054 46021.4845171310
89967515.4312723875 62426.1749104224
90683272.2062008977 79103.3696959279
90233634.6070494652 70560.1270644478
90418833.9252733439 74423.8453598134
90881478.0595093071 84361.0182560384
90604801.1969815195 77070.2152279317
90536296.1977925450 76450.9110059850
89661754.4166864008 42790.3975794949
89659377.3787301481 42560.4478960149
89746393.0817890912 51911.0736570805
89754324.9864030927 52275.6567163914
90018366.1109781414 64622.0832527094
91681825.1232254952 93600.5458298922
93397855.6212069839 99468.9998168945
89915873.3654374331 60568.6038409732
90226968.7871160656 70279.6629149728
89838120.5443533957 57670.1846950315
89837648.2409135848 57669.0503387265
89789102.5582804382 54306.3975398801
89809787.5438995957 55982.2297084592
89696252.8486241847 47853.1125193089
89913843.3109918237 60560.2812873386
90070924.3153336942 66476.9464290552
89734972.2996462137 50578.4900665879
89750697.5996539146 52266.4450531602
90430408.2856891006 74457.5002295673
91629998.7870514989 93555.1849670410
89928623.2298617363 60625.0039969943
89630987.5631008893 38378.9270289578
91422691.3892271966 91508.9292136431
90023380.2755987793 64797.3139961176
89980004.7529719621 62743.2930152826
89738412.7970947772 51822.3986902684
90075705.1277435273 66485.8185088448
89729678.4491168112 50245.3004114553
91185609.1912461817 85914.6564837694
91310967.0285644829 89820.9742270708
90062848.2362683117 66119.2029884271
96794400.8187704980 103596.6213073730
90072954.3697793335 66485.2689826898
89649024.2313553393 40905.4569667019
90858728.6310273856 84036.6008881032
90783718.6496082395 82182.9855926931
91246776.6278689504 89478.9927849770
89868229.7357523292 58527.1394416355
91190002.0050794631 87791.0377984047
89695322.7136361450 46565.3056615293
90717545.9655142576 80530.6286285818
91171505.5775644779 85892.1554894447
91034086.4049486518 85229.7787714005
90573943.2642459422 76943.7913330495
94929234.4691176564 99798.9101486206
89861144.9836336821 58351.9086982273
91387391.9393649697 91166.9477715492
89809022.3290827274 55885.1470031552
89788630.2548406124 54305.2631835751
89784912.9206492454 54191.5157318711
89660951.2897563428 42781.0428097881
89781584.1541495025 54137.6315841489
89730236.5846749544 50374.4705505967
89744795.7494855672 51910.1845474839
99763966.2050827742 107602.6679687500
90103894.9794366062 66821.3206810467
90015714.8861352205 64244.8314216547
90631174.7066661566 78631.7463196218
89915475.9722613096 60568.2638081275
89732688.7003130615 50482.5417175889
89771089.6738960147 53846.3288727403
100036960.1992468536 107732.8315429688
89716443.9476706535 49877.0427017808
90192751.3394974619 69685.9482124262
90028455.5849563926 64905.3851631097
89971767.1892568767 62601.4056538306
89723148.9247690886 50242.5148706883
89705681.1257615983 48333.9107507169
89908788.6133187860 60393.3730975650
89779132.0385114104 54029.5604171567
89748245.4840158224 52158.3738861680
89651118.6028352976 42445.2107203640
89843769.3025156260 57750.6572494321
89699298.1733708084 48246.1248935014
89979663.5500793904 62601.7456866764
90004928.7972297370 64114.1298969947
89863175.0380793214 58360.2312518619
89643700.0946563333 40661.1053736843
89709130.8602918535 48582.1000894010
89828466.7160739750 56502.3201495670
100028675.1747375578 107613.1223144531
89665828.1768787354 44478.3525660671
89710060.9952798784 49789.2568445653
89817888.4176999182 56170.7734298520
89685490.0267151296 46309.9805682451
89722345.7978390157 50233.3032074571
89821381.9639553279 56327.0894061588
89847724.2764530480 58015.0443927310
89686019.2759252191 46502.1396420635
89809315.2404597700 55981.0953521542
89654515.1853468716 42473.1247547306
89675444.3572156280 44585.2449191362
89856799.7165277898 58190.2751361392
89634552.5920948535 38627.9635279812
89790913.8541737646 54401.2115325741
89635090.7755972296 38659.8778041042
89684686.8997850418 46300.7689050138
89719893.6822009236 50125.2320404649
90169858.3644569814 68685.3190181665
89698495.0464407355 48236.9132302701
90245898.8355031013 70685.5977895558
89697585.2247643769 48054.6263628341
92668860.4404602051 94524.0647583008
90127289.6295800805 68173.2239692621
89874759.2601000816 58536.8405393921
89709511.7865222692 49780.0451813340
98482061.2629212439 104655.5961914062
89660669.1829162836 42570.1222751774
89870259.7901979834 58535.4619952701
90126242.9484161437 67989.6706722192
89707417.9116854072 48390.4584522583
90708680.4192999899 79211.0724818707
98665327.5262933969 106339.5794677734
98979549.6328446865 107207.4366455078
89639958.4222778678 40430.3085298650
98781977.4672097266 107174.6359863281
96009165.3178336769 103464.1686096191
96112666.3018915206 103596.1161193848
89643001.3058883250 40443.7905473821
99228758.3955246806 107212.5000000000
98591553.4844605327 105865.6418762207
99285853.5364161283 107480.5180664062
89704736.3207715303 48303.9090341032
89664626.4551022500 44179.8412020952
89637576.1662194878 38802.5704012029
89653223.3811607659 42463.4503755681
90255299.9476942271 71025.3619856536
90251853.4625838548 70915.0244449675
90338277.6111062914 73002.2927260101
89662330.6344583482 42792.4392420165
