112215782.4728710353 157384.6294459403
112521969.8493129760 165629.2515162528
112372385.8579063863 162242.8003175259
112541828.6196396500 165683.1574704051
112343896.7772025317 161506.9404810965
112576000.1071399301 166164.6733329743
112385344.1976609975 162465.3288558722
112589979.9436254352 166860.7720680237
112298206.8835767061 159816.0005166531
112243058.9031856507 158567.8305158615
112410574.8266100138 162680.9341714382
112440975.1492818743 162684.9360546572
112237386.3757078797 158558.6231362820
112282500.8548841327 158880.6306800842
112156466.3109513074 155121.3738822937
112090785.7285683006 155006.4424476624
112162876.8370523602 155487.4370324612
112280488.5942021161 158771.2084465027
112286145.7351200134 159110.7033195496
112127136.8776936680 155011.7665443420
112618901.2324203998 167912.5657290220
112644058.4889864177 167966.6772871017
112473198.2360469848 164158.7547510862
112468422.2857666165 163716.3937928677
111980365.6843846142 150682.0123069286
111815909.1365528405 146203.6323528290
112213146.2768872082 156194.3947548270
111981421.0430240482 150799.9004207253
112022982.5253746659 150941.5214848071
111850591.3026938736 147241.1015067697
112318205.7180550843 159932.8640908003
112032770.3852550834 151843.4289533943
111902710.5125875622 148195.0749509782
112186640.3569496423 155717.4625080824
112214253.3722882718 156284.5100883842
112074476.2521139234 151931.3758850694
112040937.3605762571 151930.8248714805
112196736.9145711511 156152.2390800118
112023514.4733046442 151363.4125419259
111978049.9079724401 150320.1296939850
111898942.9493126422 147436.5908321738
111664176.4896128774 142555.2783504128
111829321.7594559193 146677.5893855691
111740942.8811145127 142664.7056375146
111259662.4257592857 129973.5641555076
111515316.4677549303 137087.6292265542
112090160.0310178399 153050.1588208675
111501441.5397915691 136943.1787982136
111657537.6413194090 140617.0637517124
111658047.0673324615 140713.4089014083
111484255.4451357424 136192.6987760663
111465610.9882827699 136058.7897771895
111320817.2140981257 131963.5951661617
111497852.9952273220 136933.0587468296
111490072.3702175468 136575.8983290792
111327406.4658156931 132453.5872939229
111599993.2884649932 139102.6939913481
111587122.0695582032 138707.2151107639
111977978.1168472767 149948.1939360350
111662175.4682407677 141564.0055160373
111410650.5151508301 134168.8408497423
111597131.6550651342 138767.1913095564
111289342.6377968937 130512.8577440828
111958701.9701444209 149813.8525025845
111773047.7779114842 143671.8250455856
111443246.5254002959 134644.3761588186
111768297.4469828010 143162.1861324664
111451754.3517212719 135404.0660805404
111621817.2073250562 139525.6979013532
111522382.0427235216 138259.6731558889
111370962.4268415868 133591.3931366913
111562737.7670063972 138320.2825366110
111006338.1006174237 121442.0883903945
110970365.1060974747 118633.9661836401
111045770.0761510432 122160.9661519825
111114539.4020047486 124459.3586586602
111059447.0300906897 124380.1729590036
110987166.6608816385 120257.8619238473
111346895.6618700027 132608.1577736475
111199344.5822265744 128336.4130929112
111212207.6489709318 129115.7410474569
111204065.7529369593 128490.9835726358
111253460.2846294940 129173.4302648306
111362581.4248075187 132915.5437727123
111368973.2996651232 133290.6044658422
111380601.3346150815 134137.3621207327
111275906.4833364189 129982.7772786915
111032732.3713497818 121738.1552083790
110899008.3854855597 118038.6551168263
111181724.8166102469 126287.5534160435
111146936.6490756869 125860.4662435353
111177421.1041544974 125896.7160724849
111195118.8997134566 126316.7343239486
110828457.3900121897 114326.7666241378
113221649.8660921305 183946.0623682502
113035370.5451566875 179700.0919251442
113200413.7384436578 183929.5022778511
113087050.5144672990 180403.4767141342
113684782.5442982167 194155.3871890760
113669918.9484586269 194142.1271793104
113862401.5701482147 198695.9889501787
114070403.1576618999 203214.4234340191
113839690.6193755120 198351.7367160730
113891068.4829662591 199167.6855934076
113883319.1958433539 199162.3614967279
111804088.7921289355 146086.7512975335
114891279.3251682073 220359.9052658081
114869058.5932835937 220279.7111740112
115384297.6375286430 229307.8481516838
115186769.4461839050 226718.1776232719
115258218.0989462286 227505.8856430054
115430762.7332045585 230157.3108057976
114995988.5970610976 222660.6034007072
115186638.9317581654 226075.2334094048
114988894.6936674565 222636.1002268791
114805563.0093405098 218626.5469599366
114811750.5821497738 219062.2123484612
114610855.4602878541 214515.9841685295
114630286.3423350602 215052.6590815187
114432799.5021904707 211140.8159862161
114460544.6761964560 211980.8188242912
114917271.3330528736 220720.5209398270
114766689.7926282734 216990.2320299149
114710379.2711345404 216743.7198228836
114605139.0298013836 214515.3552246094
114558079.1973870397 214486.0839843750
114418634.9548496306 209755.9467539787
114341480.9640321732 208645.3192334771
114357515.4484018683 208991.0016065240
114984068.5012129098 221508.0359039307
114816255.8651962578 219880.0211944580
114868736.9102224857 219892.9267120361
114351868.6768217534 208853.0963983536
114461893.1405533701 212259.8579378128
114639207.7261519581 216093.4355598092
114467619.5150721818 212380.1908059716
114127072.1354160458 204139.2756353021
114181464.8010779470 204951.0692086816
114092962.1689434797 204020.3683724999
113146417.8643956780 181133.3847463895
112805496.1893912107 172868.9798806775
113151282.1421412230 181256.3198296800
112781706.1785447598 172531.8092813445
112813166.7524171174 173329.8804880530
112849461.2574660629 173792.4570838362
110693327.8683511764 108622.6715587750
110734621.6568688005 110464.8082713932
110497495.5647112280 100900.4566619247
110674111.4816339165 108471.6002013534
110565806.8453107327 105614.8097960800
110659420.8214855343 106353.8462759743
110778295.1068891734 110799.2143079489
110605573.8791198879 106342.4972362369
110803015.3767250776 111220.3655438274
110496586.1953637600 99042.0969511718
110546543.3226619661 102918.5478789061
110381323.0518544018 95344.3824321479
110463450.4934785068 98796.2368437499
110454369.9827857018 98462.1687164456
110481374.8110159039 98921.1901458651
110713139.0654502213 109902.7942749709
110812501.2548606992 113919.3768501654
115308181.4388339669 228958.3460075855
112465512.4387212694 163332.5752885342
112458799.5259626061 162762.8541791439
113059118.0084154755 180190.9804477692
112730216.1589770019 171946.3583774567
112879578.2646222711 176068.6694126129
113627037.9607771188 192461.9104317192
113654979.0136871934 192582.8984688285
113629539.9342469722 192560.6575020317
113448897.4215174913 188498.5348439217
115288830.2327399850 228765.1437981129
115486797.6174013764 231720.8185417652
113051862.2813657671 179748.0384718277
114019037.3664792925 201691.3926851749
114280003.0420960188 208002.9247754577
114448254.9518765062 211418.3027146820
114257731.3873289078 207032.0306633476
114233779.8883792609 206892.6854485038
114249148.9593949467 207017.3050774101
114085169.4224517196 203893.6279409889
112663093.7189413607 168686.2408139706
112512855.1632516831 164572.6182324886
112687570.1042979658 168853.3638839722
113361598.5593323857 187711.6425904371
113552999.2952637076 191762.4171160981
113544699.6764793843 191621.2760028169
113330748.7504432350 187009.3266453482
113592417.8417618573 192286.8310976028
114149187.7278006077 204735.0226930145
113952156.7142062038 200692.9057496551
113892381.1813237369 199770.6885255340
113766710.1346574873 196570.5947144988
113747279.2526102811 196112.1303556922
113607133.6054733843 192324.0308699608
113420146.8942908049 188165.4651684761
113580738.4276312888 192151.1265077591
113553665.3539325744 191899.1782689095
113392967.7518879324 188028.1870923042
112688814.3215053082 170375.9742006978
112721215.6957671195 171222.3036764680
112872793.0563243628 175504.4923360070
113440518.6972579509 188240.7434628606
113252138.8731959164 184364.3404159546
112545661.2686110139 165926.6211247295
113856697.8983850479 198494.3572204523
113497804.5183558166 188750.0611192919
113705983.0043544769 194964.2988944650
113996671.9442878515 201666.6378739290
114191254.8386917412 205274.7259774618
113817842.0620731413 198024.0513122492
113661005.3722487092 194014.4980453067
113523519.7205270678 190842.0986079499
113168552.4654405713 181740.5953293853
113499163.9276695549 190255.3936008029
113329540.9780075848 186164.4889988638
113176360.3898390234 182543.9643434025
113360687.8173410892 187506.3002070710
113051908.9309896380 179818.1122360229
113021059.1221004874 179117.0079635978
112611892.8889235407 167177.9855627222
115116494.3279735297 224323.0832970142
115071847.5421711355 224321.0051720142
110296753.1463391185 93514.8166656643
110349525.8034764528 93760.6767730862
110446314.7982163429 98006.4924774319
110424640.1873406470 97671.9652077705
110399482.9307746291 97637.1277008206
110502343.8839838207 101816.5145912319
110536773.1800197363 102061.7400513887
114780068.4904991239 217954.4951126575
116789505.3277293295 249385.2011718750
116840002.5517604500 249535.2282714844
116991541.1088228077 250112.8745117188
117424481.2513241321 250117.9235839844
116969220.1993843019 250039.9605712891
116895749.8065063655 250036.7033691406
116756128.8075446337 249251.4134521484
116554777.6871911138 248078.0087890625
116653951.1428536028 249249.3361816406
116569203.1114643663 249025.3808593750
116237425.8836283684 243234.4791259766
116353609.7882917672 245961.8388671875
116096046.0552724451 242065.1034545898
116047559.2402843237 242063.0253295898
115056022.4306580573 223847.6597130299
114959669.3565134555 221007.2392876148
114944640.0470823199 220976.8183891773
114952147.9786740392 221005.1611626148
115144772.8415456265 224990.6350700855
114758423.1298142523 216899.9369156361
115068955.9738620967 224136.3428184986
115044281.0936518013 223099.6591236591
115751676.9631587267 235721.0719146729
115282812.7770958245 227970.0762786865
115412370.8404720128 230040.1423187256
115464541.1387834996 230776.6371994019
115209448.8670144379 226766.3885948658
116293019.7775329798 244008.9480133057
116434964.9847728461 247491.7099609375
115827155.1166340709 237871.6026153564
116309245.5716229528 245541.3540039062
116017231.0389033407 241783.5029907227
116174468.3597951829 242632.5977172852
116208119.5697025359 242756.5203247070
116168588.0953397751 242532.5650024414
115760912.5765899271 235986.4649620056
115756208.6437747031 235788.4486045837
115978841.6739155948 240013.2512207031
115975352.0653101802 239195.6018066406
115952311.9289577305 239154.3234863281
116137620.1149122566 242248.5543823242
115883575.4489055276 238643.1608848572
115647159.2221860141 234046.0740470886
115660085.4263242483 235062.7715568542
115567648.0015130639 233346.6104431152
115571975.9676503837 233434.5376586914
115588783.1090824902 233934.7144470215
115442314.3038778305 230665.4449462891
114233617.0840750784 206441.0051470501
114228523.7460957915 206031.1881933212
114042177.6138521433 202199.1620367570
114432202.8987731189 210346.6269749999
114624803.8842145205 214533.7263160348
114289307.2728972137 208007.6877208352
114114664.2066102475 204133.6494451165
113781566.6691605449 196700.8502325220
113918579.7504345775 199898.0704607172
113923568.0400495976 199996.7253698511
113707339.1786949486 195668.6601080103
117891582.1620530933 250119.6634521484
116307524.2418698967 244256.2463531494
116528095.9424302280 247869.7209472656
116479233.4758737683 247667.9277343750
115566691.9878487885 231881.8535423279
115724862.1635492146 235191.1085205078
115735798.6403704584 235522.4815673828
