103766313.2145023644 1703429.3730468750
102279667.6829193532 1621568.8918457031
113716969.1296768636 1976774.4619140625
102053864.7508656383 1597166.0476074219
110242237.9396700710 1915463.6582031250
102420564.1690330207 1627057.4753417969
102149970.4295731336 1615066.7668457031
108338126.8953608274 1866577.8027343750
102419510.1877719462 1625441.3547363281
123001750.0322408378 2036209.2978515625
111748124.1778300405 1947440.0058593750
107240543.7991520166 1841901.7285156250
105713935.5353429765 1790169.0644531250
101670942.4496251345 1563627.5231933594
102160218.2950515002 1617040.4890136719
107458506.8916709572 1845703.2675781250
108282466.6396964341 1865854.6777343750
105659439.0914712548 1786872.8618164062
107044036.4820673466 1835569.3740234375
113042254.3488536030 1967373.6660156250
103268553.0838866234 1681567.7460937500
108724270.8867266029 1879950.5810546875
110045854.2428424358 1911517.9257812500
113136551.0612070560 1968404.9150390625
118220356.5992052406 2022689.1240234375
102006520.5674195886 1596803.3991699219
101840558.2970469892 1590723.0183105469
113683135.9775452316 1976178.6650390625
112606347.9358012974 1960422.5117187500
123103821.8767409325 2036840.3603515625
103428636.6661571860 1693670.7636718750
109332322.6826591343 1893638.9218750000
103138855.8305404037 1675065.6210937500
106766918.1864569485 1824843.9130859375
106766631.9527459890 1824687.5361328125
105431586.5919611007 1775689.5595703125
112834668.2545657456 1966012.1484375000
102103622.2696341872 1599821.7858886719
102159164.3137904406 1615481.4230957031
103510465.5612424165 1695066.0996093750
103215834.1670534611 1680020.0449218750
103194883.1334842145 1676231.3029785156
115364613.3177179098 1996708.7558593750
108236504.3508830667 1865286.1347656250
105891964.5080189556 1794091.4916992188
102355882.3715513945 1622742.1320800781
105310603.5032443702 1773922.9375000000
102322694.7192682922 1622579.3449707031
108359101.4145276099 1870882.2500000000
115202207.2635820359 1994904.5781250000
118219228.3523883820 2022681.1103515625
114205607.7287476957 1980974.9550781250
109482691.4953285903 1898458.5537109375
118785872.2746303678 2024647.9726562500
103068043.5784952939 1673453.5312500000
105440281.2509727627 1777271.0834960938
106677682.4515835643 1822867.2763671875
103933185.9734257907 1713788.6269531250
104063169.4604829848 1720447.1289062500
103197740.8318414986 1679955.6562500000
118757113.0870976001 2023635.8212890625
118372411.9517550021 2023460.8330078125
108233857.4515018612 1865173.8876953125
106686876.3358008564 1823281.9326171875
101972687.4152879417 1596207.6022949219
113935554.3885344118 1977588.2382812500
102446123.9547269195 1627659.5793457031
116085296.3272207528 2001946.8125000000
116839110.7540926784 2013093.9355468750
106764273.8698252589 1823933.6015625000
102288861.5671366453 1621983.5480957031
105395753.0085615218 1775289.4091796875
101776791.1447309554 1577820.9362792969
107474620.0862956345 1846510.7021484375
108864439.7113821805 1881487.1230468750
102130236.0365891755 1601847.5383300781
111056732.3373118341 1932786.8642578125
111700105.5996186137 1946668.1728515625
106300912.8542086482 1808730.4052734375
103378642.9806991816 1688263.9360351562
106196030.6949715316 1805738.9990234375
106433735.0174817145 1810393.4931640625
103318666.5452584475 1683062.8405761719
102782892.7990656644 1651815.8068847656
118914156.9234415740 2026283.3095703125
118909147.3665046692 2025294.3720703125
103374278.9236107916 1687708.0083007812
104887441.4593168050 1757894.5000000000
105682294.3092412204 1790121.1562500000
111815866.6086635143 1949314.4892578125
111777669.3994434774 1948162.7646484375
103326363.2028712183 1683380.1584472656
106961871.7621596903 1831751.1210937500
118110418.0401218683 2021317.6210937500
118144626.0425703377 2021425.3583984375
111271474.8049949855 1939091.6044921875
109569265.2631468177 1899039.6884765625
118866765.8300042450 2024716.9287109375
102751573.3868245780 1646933.5139160156
118875959.7142215669 2025131.5849609375
105046151.6373322606 1766237.2880859375
111233277.5957749188 1937939.8798828125
117316062.9531894028 2014714.5546875000
111800515.2816891521 1948420.7763671875
106151677.1314274669 1805264.6401367188
117343120.3340637386 2015851.7441406250
117359166.1635473967 2015991.6484375000
118151424.1010152698 2022081.6767578125
106241517.4450596273 1808488.6840820312
105590794.2651150525 1784770.7558593750
108923574.0805624276 1885470.0781250000
105483400.6124965847 1780878.4765625000
105925319.0120922029 1797057.8525390625
105958506.6643753052 1797220.6396484375
105245129.1250109971 1773376.9599609375
105992928.0702550411 1799576.3818359375
103753283.2744750977 1703101.1166992188
103651997.7854384035 1701464.2485351562
109571450.2104782015 1899076.8466796875
105125733.7116640657 1767509.2470703125
114512003.1387936175 1986617.4091796875
113425793.8908885568 1972476.9306640625
111612274.4620416909 1943364.1464843750
118292013.0306796730 2023014.8662109375
111178632.3443923295 1935618.5068359375
111251570.4117838889 1938464.9160156250
109648377.0374429673 1901864.5556640625
102129949.8028782010 1601691.1613769531
118697542.0322959721 2023560.5878906250
117680862.7629615963 2019245.7392578125
117989461.5449056327 2020355.6669921875
111458679.8898087293 1942024.4277343750
105156246.3800662458 1771070.9765625000
115117359.5509104580 1992391.8525390625
112378094.7376408279 1958802.1630859375
106122070.1644545794 1801996.6245117188
105026549.1267200112 1764568.8515625000
112003071.6934772730 1952229.7988281250
106905825.0729688406 1830140.9023437500
112534323.3512663096 1959888.5966796875
109244458.2619807273 1891520.5292968750
104660226.3199524283 1739909.8271484375
119210951.7490830421 2027525.5312500000
103825993.6196066737 1709283.9360351562
112770289.5212748796 1962031.0527343750
106718560.4267900288 1823778.3554687500
107930003.0545058995 1859393.5947265625
103604973.9368461072 1696572.7065429688
107571963.1729623079 1848849.9316406250
107619547.4757733792 1853196.6601562500
117155126.4686923921 2013607.0058593750
102652909.3120084703 1645157.3049316406
103734671.1901922971 1703074.8315429688
108126763.1338694394 1864790.7744140625
102782606.5653546751 1651659.4299316406
104963717.9791792333 1760564.5449218750
111926418.9226509631 1950350.3613281250
111244732.3423930556 1937985.0986328125
112344907.0853576958 1958639.3759765625
119432172.5695918798 2027837.5478515625
107509452.7330394387 1848282.7177734375
112071516.4973468930 1952519.4619140625
110335091.4558102340 1918662.9140625000
112430665.3804692775 1959058.6298828125
112986278.8610223234 1966345.2578125000
110328434.4984046519 1918342.6455078125
109994443.9930102229 1910829.2558593750
104334694.5495742708 1726934.7836914062
110608482.0438210666 1924922.6162109375
108093575.4815863371 1864627.9873046875
102372367.3640326262 1623648.1320800781
107797279.5846042335 1854105.5263671875
111076389.8862687647 1933744.5703125000
104413936.0011479408 1737595.8417968750
112463853.0327523798 1959221.4169921875
110746996.7792882025 1926467.8984375000
109578734.1561909020 1899896.6054687500
109062817.9056971073 1888921.1406250000
105193269.2226316482 1771252.3525390625
109399928.0529382378 1898068.4101562500
104341508.5159838796 1731869.7504882812
109433115.7052213550 1898231.1972656250
109256548.8591991067 1892826.1250000000
110778449.2180104256 1927420.7070312500
112157892.0135257840 1953297.3642578125
111131260.4160878509 1934760.5361328125
107627725.5393414199 1853838.2558593750
109758579.6112476289 1903299.1914062500
112124704.3612426817 1953134.5771484375
106845058.9943886250 1828397.4765625000
109817465.2099095285 1903577.6923828125
103955690.8729528785 1715786.0610351562
103811493.3370251954 1708790.3110351562
117606692.3230510056 2016618.7636718750
105605023.1766214669 1785370.6274414062
106796016.5639458299 1825450.5361328125
104758806.2601858824 1747585.3720703125
107148499.7337097079 1837939.6347656250
107161829.4671929181 1838051.6523437500
107115312.0814266056 1837776.8476562500
107413223.2276024520 1844118.2382812500
109947162.4632557333 1910079.8173828125
110234990.8178170472 1915244.9414062500
110411762.3385767788 1920514.3857421875
107598361.5474065840 1849117.2890625000
103895278.0957779884 1710693.3413085938
104349121.1400352865 1732964.8813476562
104530254.0623465776 1739757.3383789062
110485240.4404027015 1922013.9980468750
110477725.2849036306 1920798.5654296875
110710914.9063999802 1925237.7441406250
104278966.8764820546 1726827.8164062500
118953593.7060578763 2026292.4482421875
108867628.8579750955 1885230.2705078125
109923777.2087547183 1909245.0234375000
108415056.6275964230 1871314.1513671875
106463003.9431962073 1811866.8857421875
123040979.6166129708 2036427.7841796875
108783577.8143456727 1880419.0224609375
108611563.9446810931 1877582.7382812500
106380599.7187899947 1810180.2705078125
109824092.1419496238 1904074.8662109375
117133202.1572090536 2013573.8583984375
119004109.3136446774 2027218.4541015625
109190670.9038364887 1891460.3691406250
124078779.5859004557 2038749.1142578125
106599757.5592885017 1819039.0957031250
110560725.9280973077 1923059.3945312500
109810242.5515428036 1903518.2714843750
108718764.1861979365 1879382.1123046875
119449490.3200630993 2028287.8388671875
121958576.9811991006 2034873.4970703125
102089273.4373499751 1599020.5109863281
103032331.6424386799 1665854.1662597656
104033088.4069772661 1716456.2124023438
104260052.0275126100 1725160.1650390625
116303171.0229419321 2008582.4794921875
116540073.7609586716 2011624.2246093750
116753409.2331543714 2012040.6621093750
104206747.5381522477 1724573.9355468750
124493134.3373887837 2038925.3857421875
122034651.7392042577 2034977.3427734375
119386605.9375503361 2027690.2080078125
113262382.0010724217 1969350.8505859375
102913102.2598491758 1661648.8718261719
123423026.8773998916 2037953.1552734375
122722992.6698395014 2036024.7685546875
122340680.7287032604 2035941.6591796875
124645907.5201478601 2039037.3095703125
116219360.9862091541 2007734.1738281250
114308314.2221604884 1983782.8535156250
114445774.2189848572 1984875.4062500000
114392124.2588931918 1984314.0175781250
113780842.8179441392 1977341.3076171875
115513843.7493487746 1997930.8281250000
115596173.2647195607 1999520.6835937500
116172188.4413120449 2006799.3984375000
115566443.5090711266 1999074.2246093750
123254735.2788872868 2036883.7705078125
114241117.1927297711 1983173.9316406250
121269410.7686170340 2033284.5849609375
122922947.7170099020 2036165.6923828125
116440446.3775594831 2009138.5771484375
102998411.2152179331 1665139.1813964844
121269675.2825334221 2033297.8525390625
115523008.6517986208 1998071.5605468750
116207454.7056685835 2006992.9716796875
114221762.8073369414 1982334.0781250000
114722772.2627212405 1989237.5351562500
113331540.5722857416 1970136.5927734375
121418139.0169600248 2033795.3408203125
124028068.0673319101 2038424.7158203125
121870392.2311090529 2034864.7255859375
123757275.0743531734 2038365.2216796875
114744569.5006291419 1989658.3320312500
115503877.9065366685 1996839.9365234375
114778402.6527608633 1990254.1289062500
102869622.0795509368 1657327.5263671875
102878766.6152430773 1658473.2832031250
114971587.8783467412 1991809.2285156250
102581554.5040919334 1641024.1513671875
102763751.4758890122 1650103.1081542969
102454803.4239358455 1630350.3732910156
102546784.6809937805 1638208.1613769531
119709332.5959241837 2028916.4404296875
120378890.0733147562 2031299.7177734375
120453498.5158418119 2032866.5498046875
119946909.1292354017 2030369.5849609375
119928297.0449526608 2030343.2998046875
120384496.9726428837 2031913.6201171875
120223517.8517823070 2031208.1748046875
104688910.9967514575 1746026.4619140625
104883303.7004848719 1753328.1162109375
104809414.3658803701 1752113.9306640625
104777760.9141817987 1750708.4433593750
104670337.3557277769 1740531.6298828125
104682137.5862104744 1744385.0673828125
121127850.1170275360 2033083.6728515625
121556488.7996516675 2033819.9091796875
121634062.5434733331 2033913.3505859375
