80535161.0391819328 1176980.4628906250
79154687.9970340282 1110003.3701171875
80138815.1669141203 1164021.9404296875
82352526.4018713236 1220942.5722656250
81116896.1061425507 1193119.1552734375
83485856.9671204686 1231616.4472656250
81494121.2576334327 1204328.8037109375
79843597.7776587456 1150167.9189453125
78246546.5978447050 1053370.3867187500
81533758.2759618908 1204339.5751953125
77441866.0107139647 977520.4472656250
78677998.5375330001 1081469.5546875000
78758769.2550506145 1087779.2119140625
78523977.0755591691 1073427.8349609375
77726761.3247943521 1016598.8115234375
78906004.1137346774 1096077.3930664062
80596110.4580544680 1178740.7578125000
80528959.5013068169 1176427.3105468750
80405712.8980356604 1173565.0527343750
79251272.7332640141 1116808.0205078125
78485667.1244616657 1067878.3193359375
78126547.8083404303 1044017.0097656250
79230705.4247853160 1115400.2480468750
78997304.3171188980 1100925.8964843750
79816729.5308526009 1146889.1396484375
80305442.3171751201 1172757.7734375000
77543807.2506163567 998564.7983398438
82245316.1617988348 1219169.5664062500
78456418.7008680254 1066657.0302734375
80021669.1553265154 1158016.2216796875
78976737.0086401850 1099500.0874023438
78694068.2193279266 1081635.9267578125
77875843.1129492521 1027286.9179687500
79452334.3196611106 1126710.8535156250
80746241.7304219157 1186000.2646484375
82622033.7555708885 1223256.1035156250
81765628.4689262956 1209921.9218750000
82875185.9365490377 1228989.8164062500
82189491.8141391724 1217481.6113281250
78168129.0579916835 1047537.0898437500
80098580.7342954129 1160833.1513671875
80247487.6240325421 1166818.8232421875
79279931.4605533630 1119329.1455078125
82503737.1913245320 1222750.3007812500
78133164.8890547454 1045905.9218750000
79756883.1844183803 1145144.9765625000
78709024.7133645415 1084104.5615234375
80886042.6841152608 1187359.5351562500
79431197.7210437655 1125709.5839843750
78232824.6335499138 1050928.9248046875
80846651.2224816084 1187186.7812500000
80443813.1491813958 1174408.7675781250
82201300.5291336626 1217501.0117187500
79373893.3012314737 1124043.1464843750
78864444.3935760260 1092575.0390625000
79482453.0483286679 1128453.9248046875
78407802.9899919927 1062605.4296875000
82546886.2809500694 1222990.1796875000
77653749.0152457058 1009763.9687500000
79300498.7690320462 1120735.7587890625
79638521.4238477498 1137924.3037109375
81003360.5138368309 1192787.7373046875
80036715.9495695978 1158318.8330078125
79714893.8739000708 1141800.9775390625
77750020.6146307588 1018818.4228515625
79206207.0779029280 1113283.8437500000
78814995.9576725811 1089150.2827148438
81141233.3909856826 1193884.2900390625
78233289.4412241280 1052014.5351562500
77972403.9295383096 1033130.1259765625
79423363.8389279544 1124374.7900390625
80171696.5645798743 1165405.7021484375
79672766.3248789907 1140644.2197265625
81656678.1672898680 1204618.0078125000
80635305.7163930982 1179721.8037109375
78209137.8722938895 1049303.4882812500
80919396.2687206715 1188247.2988281250
78620073.0844740123 1078185.4326171875
78485094.7840210646 1067482.9707031250
79047892.7565355450 1103095.3007812500
77718909.3984781504 1014241.4140625000
79250601.8922096342 1115995.8818359375
79463016.5728678107 1127595.2812500000
78725056.7255517393 1084987.8369140625
82712913.6463040709 1226887.6328125000
77605660.0942245424 1005787.2109375000
80297682.9908586591 1166955.7060546875
79348686.4578570724 1120933.1074218750
78186003.9774315655 1047624.7119140625
79946745.1836663187 1155841.4316406250
82622787.2173989266 1225114.6269531250
78748991.1640158743 1085652.2246093750
78810515.5728441030 1088135.7304687500
79031633.7185797393 1102711.4252929688
78296281.2774084955 1057440.4013671875
77535062.6368244290 979891.4501953125
81148359.1648111492 1198180.7412109375
78955585.2009781003 1099345.8437500000
79618692.7267604023 1136091.4062500000
78833750.7723822743 1091178.0083007812
77917545.3434286863 1031093.3974609375
78197155.8211068362 1049010.2734375000
78138857.7259567678 1046327.6142578125
78668220.4464982748 1079342.5673828125
77859154.6252846867 1024675.9228515625
79487993.7747486830 1131117.5810546875
77811147.5373910069 1023895.0830078125
77902200.3038718253 1030595.0517578125
79756573.8702959865 1144284.4042968750
79360201.8399332315 1123082.7509765625
81394621.8900958300 1201751.4677734375
79136220.9315893501 1108087.8623046875
78895766.6751901656 1095615.0014648438
81339936.6911017597 1200195.8740234375
79518516.1613006145 1132616.0468750000
79161657.1614751816 1110581.0380859375
78072754.6731779426 1039170.5087890625
80715865.6440178603 1180895.8994140625
77695240.3068712056 1010033.5502929688
81707155.4558779001 1208845.6992187500
83178371.4733472019 1230884.6875000000
79051559.0512903929 1103261.6953125000
78506823.7802203894 1069731.2294921875
81332720.1909047365 1199224.5576171875
80674435.4527176023 1180339.1093750000
81682397.5422185957 1205964.2783203125
78888648.3987409920 1095165.1616210938
82148145.3943941593 1216729.0732421875
79070878.5748715848 1105189.0800781250
82016520.9859443903 1214874.5732421875
79158819.0916131586 1110112.8115234375
78983793.4233696908 1100149.1069335938
78352950.8583483249 1057846.0766601562
79631581.4700067639 1136482.8955078125
79129102.6551401466 1107640.3447265625
82052397.2624583393 1215144.0800781250
82464548.6009635478 1222718.3535156250
81826438.6076737046 1210182.7119140625
80395186.8544060290 1173048.8632812500
80075846.2925358564 1158586.0546875000
79923149.4851337075 1152352.7675781250
78295018.4934125692 1054784.9843750000
78822680.3848901689 1090645.5932617188
77876307.9206234366 1028372.5283203125
81294143.5310787410 1199090.5517578125
78821430.9159075916 1089198.8496093750
79612120.8107085228 1133493.7675781250
79798701.4193171114 1145467.8095703125
78227392.6556338817 1050334.4375000000
78311487.8051816970 1057679.6386718750
80934206.0471364558 1188944.2119140625
78007385.4233669490 1035679.5283203125
81862595.0296743810 1211063.4482421875
80596132.9541816115 1179572.1787109375
78612160.6686753333 1076409.9726562500
78652467.1272327155 1079003.9028320312
82437222.6668146998 1221384.7285156250
80727757.3626313955 1181665.4326171875
78024747.5852842480 1038389.6689453125
79897129.2984955311 1150859.6660156250
80975252.3517087102 1189772.2900390625
77919564.8411614448 1031411.3359375000
77859619.4329588860 1025309.6806640625
79443564.4224851876 1125949.0166015625
78389928.0705520958 1062179.5849609375
82799897.5209420174 1227098.2539062500
79075158.7814587206 1105193.5673828125
79068040.5050095618 1104720.8535156250
80089273.8622629493 1159248.5302734375
79623526.8799994886 1136114.1396484375
81974823.2446429729 1213166.7968750000
78140777.8555432707 1046575.0712890625
78604406.8278903514 1076349.7988281250
78188837.4110693485 1048684.3935546875
80106017.8039920777 1161917.0380859375
77763058.6163698286 1019918.3251953125
81460110.5860480815 1201881.0117187500
82332924.1925137639 1220804.3593750000
79557859.2361807525 1132743.5732421875
79843068.0124907792 1147880.8349609375
78089907.9685167074 1042867.1142578125
79184070.9249373376 1111365.1562500000
78675168.7955422103 1080577.8115234375
80580049.4240808636 1177839.8447265625
81867847.7325197905 1211383.2861328125
78677534.9734299183 1080602.7060546875
79181704.7470495850 1111339.7578125000
78603060.0632658303 1074865.1220703125
82252564.7088581175 1219213.4511718750
81691641.0997745246 1207067.8125000000
78363907.1151871532 1061555.7890625000
81758541.3381864280 1209517.3701171875
81686780.1335795075 1206456.8105468750
78853158.2844760865 1091617.9155273438
79262475.4645671993 1117523.4228515625
78362316.7543469071 1059088.1562500000
79188823.0234987289 1111811.2187500000
82320974.7005514950 1220348.2207031250
78111692.1714129895 1043472.0551757812
79997458.0568949133 1157172.9335937500
81934282.7874653935 1212660.2285156250
78522221.4365545660 1071770.1240234375
78075458.1544803977 1041025.5830078125
78738434.6683560163 1085344.8857421875
78602945.0173860192 1073798.5390625000
78505698.2270542979 1067897.3544921875
78132927.2547172010 1044734.1718750000
81753229.1045088321 1209165.5371093750
78060473.9263712019 1038543.0791015625
82010605.3541465551 1213508.4814453125
78947672.7851794213 1098545.0258789062
78073219.4808521420 1039804.2666015625
77939286.2575373054 1032615.8974609375
81908388.1896973550 1211889.1025390625
78441450.7190369219 1065305.4052734375
79914576.0483587682 1151558.4619140625
82086334.8297469318 1215862.7421875000
82510985.7383837998 1222794.1855468750
78829798.6613393426 1091093.1108398438
78671484.3399719894 1080429.5620117188
78507288.5878945887 1070364.9873046875
77921217.5166110992 1032080.4853515625
82061449.1265669763 1215465.9960937500
81969847.3659970909 1212856.3193359375
78783477.0331019908 1087812.5185546875
81975159.5996746868 1213222.6347656250
79022138.6516167969 1101096.0083007812
79084190.5126436204 1106673.1137695312
81814676.1687528044 1210024.3535156250
81920011.8573091328 1212328.4648437500
81847224.6854207367 1210235.9462890625
82015640.5260200948 1213669.5986328125
