91157446.0156578720 4917.8746696189
91237270.2001520842 4997.2844386771
91837829.3785077184 5422.0025386810
90166289.9171247184 3829.5100547709
90076961.7738012671 3647.2557009608
90198238.0552374423 3854.2648039497
91880291.4499976337 5441.5637426376
91570614.3971388489 5250.4682584703
90407203.8967841119 4148.8564566523
89934657.1857027709 3235.6630117334
92282076.7521406412 5694.1217060089
91575008.5442118198 5268.6096645594
91229616.0629982948 4990.1753011420
91435779.6994778812 5158.0380044654
92298323.1923235506 5694.7614326477
91114180.5605619997 4881.4538712427
91719799.1282220930 5361.6850576401
90019540.0315664113 3537.7955569178
90096659.8256638348 3693.8501254469
89969055.1536444128 3413.1523288377
89994475.3079428822 3440.5209976287
92196752.8083051741 5633.1562976837
91725017.5474249572 5365.9524574280
91440998.1186807454 5162.2600627616
91348148.3349146694 5088.7717796043
91580226.9634146988 5272.8317228556
90328351.3480924219 4041.0956735760
91554720.3953754753 5222.8532176688
91624613.5514480770 5290.4116353989
91516416.6087470949 5210.9080247879
90894301.8957886696 4679.9178039804
90976953.1847062260 4762.2902915971
90048752.6775420755 3635.3704108149
89889952.0146404803 3117.8788000084
91325721.6188106686 5069.0795999244
92303215.2361281961 5698.5351619720
91378689.5738160163 5111.2255693674
91291319.5207186639 5023.4347091913
90588715.8663382977 4378.8884093165
92266353.6012727916 5682.5096073151
90013681.3913980573 3526.7724727541
90557481.5573699176 4320.7640599127
90264383.9461613446 3948.5428667217
90116723.3826858252 3735.5263766199
90865422.6830064058 4664.7832292823
91884733.6651722491 5446.5753631592
91404449.3417258561 5116.5642000437
90529157.9257075489 4292.2703101039
91901773.5644176602 5457.0909309387
91481560.9042823315 5192.7625375986
91476263.4077133089 5190.0392614603
91361162.7007408738 5093.6756086871
91463858.2383095324 5178.4037395716
91487377.1796486378 5199.3434396982
91908928.8340469301 5464.1308784485
91374247.3586414158 5106.2139488459
89870188.5322518647 3013.7045823075
91579134.7381796241 5271.5762296915
91012693.8837899268 4788.1931614801
90969585.4109411836 4747.0068802146
90598916.5137750506 4388.1925875545
90097082.5791939646 3718.6190394312
90150075.1910514683 3811.1718462855
90456883.6587580740 4184.6531161666
90262638.7846160531 3929.9361685663
90161004.7960693687 3823.8454951197
91434687.4742427766 5156.7904840186
90386093.9926144481 4074.7529908754
90105379.4535042197 3727.9232176691
91345076.5945746601 5084.6006932929
91608174.1672781259 5283.1408147812
91864210.9205679893 5431.5478868484
91606027.4884152263 5283.0978155136
91324629.3935755789 5067.8320794776
91452390.1402155757 5171.1492820457
91648844.4477851391 5298.8170166016
92014464.6267004907 5537.2528495789
89972159.2917163074 3415.2895913571
92143911.5643895119 5621.8765277863
91758902.5284523368 5387.7300796509
90341366.4284881353 4051.9109460451
91802466.4062239230 5397.4055938721
91827398.4004333019 5421.7104358673
91342332.0595483631 5082.1908775046
91105015.0669016838 4877.7494849563
90168868.4558058083 3837.2679804713
91032165.8471377939 4798.6746315882
91265220.4969919026 5005.9925399497
91544990.5893174857 5213.7566757202
91513222.5197466165 5203.2327404022
91439905.8934456557 5161.0045695975
91663935.8332297504 5302.9881095886
91152090.6759847105 4912.8630490974
91723925.3221898824 5364.6969642639
91068252.0090817660 4831.9188789634
91023039.1256332695 4795.5649899840
90172521.1466800123 3837.3833617121
89946236.8231895566 3326.4009778053
90843373.9406850636 4619.9133990142
91866357.5994308740 5431.5908861160
89925185.8743131012 3233.0790601224
91848265.9653205723 5422.2997731566
90872011.5770439059 4669.7948498038
91235018.5139074624 4995.6422887519
90957180.2415374070 4736.9730200080
91190222.5035509914 4945.5223998427
91207925.1695237905 4959.8811978698
91779973.4467313737 5396.7351093292
91718706.9029870033 5360.4375371933
90020624.0312857777 3539.4481333643
91641460.2601078302 5295.2779026031
91675731.6414304674 5315.1981410980
91129302.0860362798 4900.7394290641
89980453.9988701642 3440.5209962279
91113335.6567095816 4878.3442296386
91755693.3917607516 5375.2208995819
90351567.0759248883 4061.2151242830
90348868.1874124259 4056.3036497980
90400239.9923648238 4112.8713740259
89935748.8278078735 3322.7367845029
92020974.4230505973 5539.7626895905
89910444.2198207378 3213.4606135041
91861373.9591333568 5423.0668954849
90125020.2569960803 3744.8305548579
89864947.5638032258 3008.4186559655
91179051.5128124803 4936.5044955611
90921552.4488611966 4702.3042802215
91130535.6404006034 4905.7510495856
91017683.7859601229 4790.5533694625
89916236.2207250446 3224.1658059577
90145074.1723833978 3746.9845310599
91100611.6238828748 4873.3326091170
91192369.1824138761 4945.5653991103
90996128.7503760159 4783.4413699508
91135389.4078286886 4909.6176648811
90249968.7513047457 3924.4986056238
91048520.9269763827 4822.9718099311
91000982.5178040862 4787.3079852462
91213741.4448900819 4966.4620999694
90478043.9438319802 4240.3860303499
91188178.2343170047 4939.6141371652
91090160.6712787896 4861.9437842295
90774440.8765097857 4572.6998113898
91744670.5269719213 5371.7221571207
90293090.1402146369 3968.6623174287
91094351.6193756610 4867.8950461745
92795543.1643549055 5768.6398315430
90914114.0369517952 4700.6621302962
91542854.8877737075 5211.3714967966
91419470.9148405790 5123.1929498911
91081033.9497742653 4858.8341426253
91257091.3794874549 5002.6393642947
89875849.1754501015 3091.6672845818
91122071.7382272929 4900.5567613319
89899822.8476589918 3187.0651250333
90991937.8022791445 4777.4901080057
90909923.0888549238 4694.7108683512
91313458.4028370678 5058.8141751960
90417080.9679329097 4151.2385880053
90361716.0292588472 4067.9899593890
90977035.4467134625 4762.3476566581
91221700.8443060666 4986.5813852027
91265192.8661408275 5002.7404275611
91215440.8397988528 4981.1438222602
89953511.5999522805 3331.0608521849
90315142.0057594180 4029.9767531306
91329014.3899469823 5073.1299739555
91035203.2573749870 4813.9109063819
91338828.2988857329 5075.3868766502
91557303.6152304113 5233.1657043174
91280748.8532507271 5017.0562263206
90372362.8103299886 4073.0956057459
90008672.1340821385 3518.4490400405
90078045.7735206485 3648.9082774073
90147012.5099274963 3750.6603342928
92696517.8620596826 5766.0865783691
90284291.1996093392 3955.1244508363
89892738.0955403447 3163.2133722752
92255123.2181185186 5668.4708433151
90295937.2514882535 4013.1847971827
91171823.7645692527 4922.1533666328
90234297.6951704174 3924.0014609247
90515758.5591708422 4264.2517147698
90267780.0483570695 3951.7549802400
90460148.1882879585 4220.2665796429
91044357.1109678149 4815.3387914374
92268500.2801356316 5682.5526065826
90463761.8847844005 4223.4786931612
91568429.0142596513 5236.5703163669
93184393.5496138781 5778.2942276001
90393223.3074113727 4090.1588047445
89908806.4288899899 3213.2766404599
90396741.9120881706 4104.8635950722
91433409.3729994595 5134.4877134040
89946254.0729095340 3327.8428577334
93177575.3315712065 5776.3707656860
90565128.0437418073 4326.0695782006
90222261.8286112547 3907.0941237360
90575527.0137552768 4376.5873079933
91962738.1878060699 5524.5140619278
92114678.0849875957 5611.3566064835
92107755.4704917073 5585.0660486221
92152727.0315900594 5627.6893100739
92256576.2657919228 5671.8479185104
90540871.4812560827 4310.8895557529
90091721.8041444272 3654.7380568422
90197488.9229397625 3843.2131411470
90148211.8933287561 3794.2645090967
90498839.6782370657 4252.2665118128
90876865.3444719613 4673.6614650992
90216648.2782342732 3860.5846347788
90861309.3573620617 4659.3456663398
90763059.0436196178 4556.6018441054
90466898.1162917614 4224.8611545542
90644040.5384419560 4450.8873777390
90633839.8910052031 4441.5831995010
90036092.5168694854 3579.4060949236
92848584.9881199002 5773.8441772461
90305328.7778649628 4019.0145766176
90767357.9648140967 4562.3121064040
92041680.0244631171 5549.0668678284
92032216.5090592951 5547.8000907898
90093514.2591043264 3688.8662389666
90484981.6930422187 4241.7684917429
92220452.3118509501 5641.5176811218
92117749.8253275752 5615.1568374634
92110827.2108317167 5588.8662796021
90898719.9688156396 4693.8268507021
92025992.2667966038 5542.7220859528
92104636.3686104268 5585.0053739548
90733192.6186273992 4537.5332326889
90353685.4818452597 4062.5975856760
90818725.9348956943 4605.8994073868
91822330.2001884878 5407.8998845220
92280984.5269055665 5692.8662128448
92046019.4551768750 5552.4562702179
92827480.8603522182 5772.6909637451
90754873.7180441916 4553.0079281661
91837886.1872984022 5422.0137217641
89967395.0413754135 3404.9970672876
90852891.2810824066 4630.6782811019
90716694.8561510295 4505.0767974854
90212278.4923625588 3855.8327027895
90849819.5407424122 4625.6666605803
90678205.8846286684 4475.6662514540
90332465.6735873818 4044.3077870943
90668005.2371919006 4466.3620732161
92272132.2529018521 5685.7213306427
91979383.6409959346 5529.3237209320
91890829.5933615267 5452.9201450348
90944233.7839684188 4732.3884453086
90961376.8401271701 4738.6581692008
92079651.1006227881 5569.5776219368
92409089.4151165485 5755.5356140137
90729967.2439277917 4515.5259809494
90675414.0448249429 4466.5865185591
91080679.6601566225 4839.5367196184
91941537.3351413012 5500.3365149498
91709958.3974062502 5321.0245195437
92326914.7396740019 5706.8965454102
92401087.6402174532 5753.5594863892
92191699.3478511870 5632.6775016785
90783356.2091381848 4583.5887744920
91868881.8311877996 5441.3397617340
90788711.5488113314 4588.6003950136
90506620.0285996497 4264.1622284800
90550456.5386246741 4313.4810941821
92340614.4908495098 5706.9605407715
90973597.5927018374 4752.9166028993
90801195.7955812365 4597.9045732515
91700665.9009573311 5318.2107912112
92259648.0061319470 5679.3855781555
90423899.4816256464 4154.7020844370
90938839.3432960361 4706.3412276680
92185475.1055884957 5628.9852085114
90744643.4663310796 4542.2860453459
90657774.9854787886 4455.6401903960
90851957.0119719803 4627.4489224288
90860532.8394196779 4652.1095804480
90779019.6982405335 4574.3419613150
90773664.3585673869 4569.3303407935
90439991.1200463474 4183.1048974730
92069061.9015272260 5556.0719642639
92197959.3523584008 5639.2988147736
90599871.9232061058 4393.4946451820
89974136.2962378263 3418.1885576099
92381074.3495177180 5708.2429656982
90540199.1455166191 4298.2159069186
92258827.9520365745 5673.4900684357
92383119.6439018697 5709.2115707397
92525198.8857555538 5762.2817077637
92629007.7844198495 5764.3513412476
92140845.3184039593 5618.5485687256
90518046.3649604470 4284.0345011391
92447924.9883959740 5758.3100204468
92795741.6866165102 5772.0174789429
90388397.4119118601 4081.3325586952
92488178.4552036524 5760.9585189819
92473659.5781439245 5759.6231155396
92061970.8925970644 5552.5202655792
