134836957.9415732622 1187.7312767478
135032690.2520695031 1199.3888895484
134952191.9234718382 1194.3192271739
134810725.5798000693 1181.7130688848
134876328.3517028987 1190.9009477468
132472262.4067216963 923.4116891539
132404868.8023233563 901.2086626553
132451690.6129364818 922.1816886511
132402572.5458326489 900.1904288993
132333209.6527623385 885.9421497846
132367920.1876566261 889.8580872083
132412949.2676979750 905.3161148399
132390492.7369762808 899.9432336354
132284607.3825463504 871.5219619153
138325667.2104515731 1461.2798589468
138394963.4952936769 1467.3524612188
138333104.7636275589 1466.0328668356
138497794.1564603746 1490.3536878824
134039164.6939542145 1138.7558282167
134204980.1231730431 1140.2210293524
134010774.6807972193 1138.6843493767
134174863.6671139151 1139.1917746365
133914284.4424587339 1115.6950500198
134004506.1501745135 1135.9788127132
136216031.5251939893 1352.1526268125
136166937.1220591664 1348.8371589780
136223275.4178724885 1355.0660541654
136323376.9160700142 1371.5257744789
136086210.9768414497 1341.3834593697
136121516.9974086285 1346.6787188649
136261601.5740193725 1369.1216050386
132871699.4724850357 964.8077439108
132707547.8610305488 961.6479766034
132730323.3903662562 962.3858637384
132732247.6494967192 964.7129168773
133875141.9455655962 1115.1766032167
133922027.5883352607 1132.2061498351
133744872.6143810302 1110.0598925538
133974051.0630794913 1133.2559899874
133891645.6375441700 1115.4397607036
133724475.7221135348 1089.5198039003
133836586.1893913448 1113.0457600541
135903812.2593475282 1317.4333494306
135923476.4773806036 1318.0392666459
135752545.7948895693 1295.9759545922
135749382.9868880808 1289.8369615674
135871315.5919284821 1311.3326273561
135641671.2872810066 1276.7157798409
135705204.4692558944 1286.7313144803
138584374.4673633873 1491.0354446173
138823528.6833996177 1500.3714601994
138888729.4796338081 1502.5935263634
138754565.2024244070 1497.8891385794
132264995.5226941258 846.3681584471
132271319.6764999777 862.0514511345
133573167.2311113179 1070.0693993722
133525506.3085806817 1069.4001806085
133425683.4404734224 1062.7092973148
133456042.4880327731 1062.7305413638
133645258.5320404917 1070.4594050725
133523020.2870552987 1067.8628999148
133379331.5908819735 1050.7948470865
133470236.9003710598 1063.5779872690
136040329.8369016051 1325.9310561419
136074246.6716384888 1330.7965048552
136066385.9312887788 1326.8358609080
136061510.7954896986 1326.0754119456
134774357.9491280317 1178.8488008948
135057722.8198567629 1206.8292438956
143632268.5792634487 1659.1491165161
142886253.4879853129 1653.8687686920
143010399.8830159903 1658.2386360168
143494178.1084062755 1658.9854793549
136347006.4285375476 1372.5080518723
135697312.4490336478 1277.6841318011
132541666.0168358535 932.4149468803
132481184.3954877257 928.3770758176
132443754.4179424793 913.5409784578
132383333.5418107361 899.8834244275
135873282.0977168679 1311.8903278112
135818251.0694534183 1309.2708630562
133040237.5864528269 999.8283321741
132990456.0303926468 977.5877833250
133012809.4168229550 984.1776605430
132560652.8303711563 934.7369162106
132512031.1955808103 929.7732454204
132565123.9744594097 938.2943344974
132524969.3483802676 930.1473018868
132587793.4368340373 953.4472742971
132545304.8563051522 933.3283732620
132425645.7818893343 909.6289998555
132694429.3529393524 955.2427348532
135143477.3846559525 1206.8704324365
135242345.3091172278 1215.9130850434
133016696.4165830910 995.0816112082
132922733.3742636591 973.1554085533
132971445.7999467552 976.3026273134
135423459.7237029970 1238.9245180488
135256999.0127845407 1238.0201963186
135197268.9185723066 1211.8368980289
135219086.4556393921 1215.1771924198
135162632.0202076137 1211.1017066836
133684873.1933285743 1087.6271462841
133736293.1783175915 1093.5628938479
135940621.2971132100 1321.0360796452
136564472.5120925605 1393.2180373073
136413688.3554168940 1381.1131989360
136742723.6628419161 1416.2219216228
136966894.6269221008 1419.6569664478
136602750.6228522062 1395.1129328609
136729168.7319535613 1415.6530215144
134234321.3400635719 1145.7953447849
134404059.7712160051 1145.9508605488
138158734.8413575292 1443.5764713287
137957871.6670386791 1426.9995945692
138089430.9269869924 1437.6305166483
141352562.4515113831 1578.0197725296
141389009.8671737611 1595.6454195976
141520984.1701746285 1606.2229247093
141477697.5654917359 1598.0492663383
141353645.3314319253 1579.0423393250
141284299.8011402488 1576.3147587776
139977069.5510476232 1503.3819639683
134532336.5809737444 1163.6715849872
134737573.1983413100 1166.0218562345
133212059.3755223453 1027.0505538736
133326150.5115264207 1042.8967786585
133266407.9680015594 1037.7800679957
132129729.8475900739 806.7697823501
132103392.2527525425 795.3908457613
132219768.8938360214 831.7568407810
132200922.1433102190 825.9508535719
132067260.4100268781 785.1473878443
132264808.1078194529 845.8773416122
132252873.9219122082 844.5542189488
132177792.4800427109 825.0859756886
137921212.4725676775 1421.0185943842
138188367.9336507320 1457.5917013884
138118705.8185296655 1441.1850606203
137983268.6049014032 1432.1438621283
136533417.6030325890 1381.7460362315
131798757.1859440506 703.7487381851
131691267.3657133579 610.1383692950
131683214.0778728426 591.4406604461
131744888.9550900012 611.7758990920
142056832.9145609736 1642.2214927673
142086142.9140141606 1643.2912635803
142099055.5584904552 1644.6437311172
142070803.9696557820 1642.5789279938
141727244.6141068041 1635.6406898499
142111824.0316651464 1644.8066406250
141716960.6919904947 1635.5329589844
141732701.5373894572 1640.4367733002
142249361.1819693446 1651.0142784119
141677409.7326182723 1632.4392509460
132175383.5507774204 822.0014235983
133066782.0468477607 1005.3602393423
133170134.2838779241 1020.1657622610
133257125.0758478791 1028.0912557398
133107732.8484263718 1015.0490515982
131927713.5644407570 716.0839359191
135626297.2326094210 1273.5113251805
135483441.9804832339 1251.5040422082
135471975.5730315447 1240.2295315862
135541551.9254049063 1268.1190872192
132223915.6834928691 843.9866993884
132222121.0188982040 838.7631075429
132956705.3769562542 974.2535981904
141555037.3151978552 1623.6227931976
141650374.5950052440 1626.6913051605
141537376.0087930560 1609.4443197250
135219806.2103478014 1215.5526859164
135191921.5193226039 1211.2140449286
131790047.2733245939 690.7945846534
131772910.6980587095 672.2563473537
131879440.5230627805 707.2216146468
132045114.6289503723 774.7318478411
132903133.8992189914 964.9985245797
140022729.2740474343 1508.2898414135
140256962.9177151918 1518.3194968700
140385801.5424966514 1522.6887919903
140534399.3844459057 1525.5402233601
140222718.2028974593 1517.7764308453
140197256.7477608323 1517.5873115063
131690888.5462730378 605.0014623975
131676686.0122344941 587.2799683839
131979369.2581984997 736.8738568808
132029572.9131556451 772.4763847931
132013877.5016887635 754.4334942183
131987959.1837034076 737.1816748219
131966503.1259165853 721.1053535367
131778200.1917917579 673.7274531676
131757139.3940857053 670.2380406452
132005329.3595102429 747.7706145948
131781008.9469568133 674.6174353911
131748850.0578493625 611.8721388312
131756766.3475790620 629.2696776571
131743950.4818377346 611.5002933380
