127111917.8524385244 89147.4386291504
122530117.1547588706 81921.2986037014
122620060.3848130405 82173.4289556993
119806914.0117874742 76537.1426613331
117961203.7012921125 71995.5414765105
125738025.9873402864 87199.4931221008
128479841.3260767013 90617.1573486328
123962037.4395098537 84187.0628782986
120265740.0647544861 77431.0168197155
120275454.3600528389 77450.1423690319
126998114.8077342510 88950.3149108887
127599064.7763032317 89788.2701416016
122737821.0068101138 82313.6440016506
129105934.1509929150 90952.4027404785
131653336.3752619624 91891.4012451172
122660655.9505380243 82218.0971032856
118708367.5794880837 74036.7649197578
118947574.5413736403 74373.6123075485
118692651.4333231896 73815.4061014652
120365193.8918534815 77558.2873885632
124013379.9253992140 84414.6540648220
120473377.8786522448 77790.6179166734
119087844.4276115745 74812.1626968384
123384458.3284183294 83158.7082413696
117548056.3944921941 70455.6580306366
127461023.0051105320 89554.0447387695
118474606.7402309626 73213.2238771915
128782548.2551584691 90779.3828430176
116674402.9309215844 66170.9966879943
119453701.9026965648 75559.1468145102
118389046.8633219302 73206.6480374336
120779514.5865036547 78438.1983723640
116946194.5460068882 67772.8304414451
122647379.2636902630 82196.6932415962
119402359.4168072343 75331.5556279868
127970983.7403759211 90061.0490112305
119864564.9803386033 76608.4574846923
119147942.8221119493 74958.5417482853
118889288.9879417270 74353.1167299747
118160098.3711013198 72525.2968415916
121836124.5033713430 80702.4351360640
127748920.5711790174 89798.1394042969
119416228.9421271682 75332.2940260619
118820272.3434555978 74090.0052354410
119378059.7897367924 75330.0483595580
123536159.9254524708 83618.9080033191
127333981.0216353983 89410.3482360840
118418843.0967149734 73207.7866482735
122041508.6412339360 81167.7761344612
125214654.6886095852 86237.3622528538
130824007.2776478976 91869.3198242188
129820714.6586150974 91532.4121704102
119802034.8198355883 76254.5698972940
117062496.5054781586 68561.1835712054
125940267.3493854702 87499.9178466797
123649518.5052036941 83729.1450514682
123247724.3741110563 83031.3549005268
121036065.7309730500 79136.1362724304
124182016.5810569376 84552.1333739040
118860517.0003126860 74241.3008287027
119075805.1220459193 74729.9735667706
127821127.9455001205 90051.1797485352
116738603.1203631163 66886.6445609191
118846495.5872689933 74187.5439508855
119072300.7091521323 74729.4432933331
121953566.9671881944 80848.8803519905
118829317.6790355891 74160.5656473637
124523722.9931005239 85232.8089769287
128257778.1568798274 90354.2477416992
118624933.9719423801 73462.7656419352
119192161.1904935986 75064.6536916494
128809221.1804364771 90791.9984741211
127070511.3102929890 89025.0349502563
125798449.2277630419 87229.0428328514
128307059.8108866513 90443.7544250488
118863989.4479614794 74269.5216336250
126037984.6725449115 87627.3212890625
121418318.2300402373 79954.4765892029
128991809.6173500270 90919.8588867188
122581459.6406482160 82148.8897902248
130205509.4375918806 91709.5365600586
120705315.3073783964 78352.7936482430
118262629.2645253390 72681.1336843513
124784950.5727513731 85810.4105214961
124353658.6069904268 85059.2009178875
124893763.6296588778 85921.3870839961
118273061.6870663017 72746.6849336326
124992591.5194127113 85974.4526459202
128969905.9756473005 90838.7466735840
128171699.9127779901 90234.3986358643
125671464.5081079751 87057.3703247532
130143865.3692291081 91682.6824951172
115998067.2321614474 61360.0940065912
116702419.7043167800 66873.2817069151
116473146.6540031284 64656.5149241022
123588299.6631996483 83630.5831249729
128757599.0365533233 90700.1019287109
116181190.0434681326 62189.6654177241
124606930.5939425379 85379.7899348019
117321116.9308942854 69597.6729628518
122312368.1512884945 81562.7553297756
120212828.4647532254 77300.7576718405
129560846.8954465985 91446.1896362305
121134157.7041126490 79136.5320472717
124496515.0214099437 85222.8574187038
121693949.5861964673 80529.5803031623
124764132.3248123676 85735.3641936062
130074078.5950233340 91627.1016235352
127249544.5088237524 89232.6179580688
118221650.1260674596 72576.1370205879
123268748.1580521166 83091.9269828796
117924287.4303791523 71770.4514436424
117649095.4449359775 71144.2051362693
124526714.8683292717 85314.0832487820
121748503.0052710474 80577.1500663459
120964091.6793704927 79034.8565483093
126596525.8629737794 88374.1623611450
125448872.7420184314 86734.2012953758
123037740.8632539511 82863.1693922756
127184285.8539102376 89212.3747158051
123874471.6994148344 84185.0566194458
125310952.8508422375 86562.4687439427
115857033.1624407917 60745.0127687983
124890881.7409296483 85877.5994299427
117128486.6738185585 68748.2418929413
131455407.4251565188 91886.4004516602
117357289.8015964627 70020.5798788526
121346344.1784377098 79853.1968650818
129890230.9408539683 91597.1686401367
117890895.7531429231 71487.3315878370
122959793.5076054186 82635.2061049221
122175474.1626198590 81447.2875715969
124751215.9127081186 85610.1537741199
125112944.9101265520 86140.5090368763
124304651.6991323978 85051.1736418484
129158696.8715421706 90977.6278076172
128169313.6428399086 90093.5081176758
126847095.1825341582 88707.5350494385
116379434.5143334121 63815.8245554499
129262304.4544010162 91304.8518676758
125015227.5869670510 86013.1055944934
126093210.0071260929 87699.9718553051
118559673.7823502570 73452.8496670723
118303519.8174053580 72805.5767793357
115951985.1477019787 60747.5954173643
126710419.7403933555 88476.2498760223
129706000.9543199241 91467.3295288086
117274252.9959770441 69510.4516134718
127406349.0231071115 89475.2843227386
124222030.7544523329 84823.2524507446
125627927.6068086326 86965.1634235382
122079849.7862230837 81192.0550567871
119660720.0838750452 75911.3795392215
116488380.3636709452 64961.1474252501
126929977.7446784526 88858.4586944580
116578744.0471126288 65427.7869206526
122131192.2721123844 81419.6462433105
126764494.4128030241 88575.3371734619
127305735.9560353607 89277.9034805298
125533016.0200391114 86825.3783508763
117425508.3665687591 70059.6189261590
126442830.8208137304 88217.6271820068
126492820.9547638595 88285.5323944092
124699456.6110803932 85457.9771154895
116552923.5029306263 65427.4719182112
122428001.8740737289 81629.1667996645
122537413.7346604317 81968.0626984127
126482989.0608874261 88239.1425018311
125515193.8103476465 86776.6835876927
116878222.2253111303 67517.7708121398
126194571.6727067381 87970.2498016357
121379291.3515776098 79866.0920066833
120540196.7847807705 78011.9775681496
123007244.8520997167 82691.7553412281
124276228.1417239606 84839.7577111004
130714484.0527664423 91812.7572631836
121303276.3220193386 79729.5953636169
121293562.0267210007 79710.4698143005
116766793.1729988158 67126.7731009581
127087170.6490716338 89035.6276226044
116881726.6382049024 67518.3010855773
116349318.4863584787 63806.9479685358
125293130.6411507726 86513.7739807591
117360794.2144902349 70021.1101522901
121875038.3071675301 80772.8002621895
125666769.1058516949 87055.8672410473
125217245.0441524386 86256.5084778294
126767390.1567152888 88645.3145732880
121792461.0599180609 80677.9086570740
118627588.0253680050 73502.0756590366
121770145.8933370262 80637.9522733688
122479344.3599630743 81856.7579861879
121699665.5355525017 80545.4738904834
124600256.3175826073 85332.0492477305
122031267.1510467827 81056.3085823059
121605760.7403608412 80190.1494636536
122565999.7286387831 81971.4386603637
116042409.3816498071 62086.8879417040
121657103.2262501568 80417.7406501770
120760169.1834410429 78385.4566852748
126659439.1789766550 88417.5755596161
120787322.6363217235 78491.8944172859
126989453.3259121478 88908.2241802216
126544443.4887723923 88297.5811595917
116668649.6927353591 66091.6827693739
125065031.1382343620 86108.4287048802
125642751.4548384249 87031.4293074608
130709293.5733527541 91804.2371826172
123795185.1466877311 84173.9530427952
123732163.7898076326 83914.1223332165
125547416.0438769311 86829.8312849998
124620559.1686102003 85448.9469955936
122082609.6369361281 81283.8997688293
123304488.0967188179 83111.1114141785
121436356.2326143980 79963.9488334656
118541580.7999820709 73272.7690794468
121744954.1487637013 80560.8824493652
120783818.2234278917 78491.3641438484
121185560.2334127724 79294.5427875519
123417514.1355212778 83408.8764321087
121236530.9819282144 79443.2344627380
123137076.3044030666 82903.1505708694
117522373.8241149187 70427.7329845428
116672154.1056291312 66092.2130428114
116413072.1173444092 64200.4587808409
116655053.3098102212 66077.2237849989
131656981.9854048043 91900.6644897461
126865107.4798747897 88772.7180156708
117272805.9224341214 69461.7252778709
116602350.2487140745 66069.4433284559
117749407.1836972982 71248.2831554413
117639221.3361060768 71099.0449424543
117686529.0475201458 71144.7354097068
117642725.7489998341 71099.5752158918
120910574.0693117529 78809.7209813439
117877866.5841474384 71441.0534639060
117830801.6743672192 71251.5884060860
117026956.0966207683 67995.4406294525
124204135.1440548897 84570.3142869873
116912253.4262685180 67737.9070030310
117455991.2750439644 70323.6549653709
117926614.0037048161 71858.8273892403
118134020.5490923226 72088.3263516426
117025019.5181623101 67854.9169421949
116187989.7466795892 62754.6084309676
118136642.9561395198 72123.5432705879
123982071.9748580158 84307.4046800537
116266267.9489484727 63420.3013101378
117139964.6915642172 69410.9105982938
118028690.2378509939 72021.3148770332
117954604.3572403491 71918.1027097404
116977966.7122106999 67826.2483630934
116495445.7657717317 65223.7896066465
117267493.5284164697 69449.0199118116
121631928.1099612415 80308.4912071228
122920685.2183639854 82451.0784853000
120211697.8784784973 77240.1120590931
123491953.2071433365 83455.7446229858
119705086.2237064391 75991.6892677760
116447076.1535754800 64326.2718317825
116182754.5018736720 62707.2428095657
118816474.2529342622 74080.3553738594
120135692.9396228045 77225.9015243053
116199817.4336155057 62979.1375677902
121237526.1735161394 79444.1004676819
116414138.2489849180 64215.1299860794
118244661.8043424934 72657.2555661201
119740896.6072693467 76087.3982894421
116308542.3858841658 63508.6001702407
116976759.2153464705 67804.0565288067
122954735.9226292223 82542.2931647701
116084336.0362338126 62184.0243475754
128969873.7602169812 90794.1200714111
116318747.7163147926 63636.1594593171
119339575.2804218829 75243.6947848797
122390213.4853181392 81623.9224197632
116230900.2633411735 63087.0578284189
116391793.5505551994 64127.2915904839
120044122.8270374835 76847.6330375746
117444207.1492701918 70294.3695609570
121023587.9216886163 79092.8860282898
117603546.3058971018 70888.9384682495
123225781.5557736009 82984.4944739742
119067995.5578079224 74477.2597094029
121144408.6034000963 79266.7388007343
119319357.4513083994 75158.5992467403
120840545.1166761220 78556.6857242659
120771612.5163732767 78422.7581841713
116461137.8530515879 64533.7057516892
116528789.2167935520 65270.3460257370
120072741.1846772581 76885.6052119499
120036588.2825927138 76790.5464484533
120310525.8697299808 77454.4478440285
119588976.7118380815 75895.8008666113
120392477.7122737765 77665.7010507798
120589210.1197502911 78055.6634330750
119636515.2268598378 75896.4705529213
120376550.6874178797 77567.8466233229
120908248.0993538499 78729.7096866397
120640552.6056395918 78283.2546195984
