66265631.6827431917 826542.6538085938
65200186.3673766777 749249.7915039062
65384152.2377792150 771337.8096923828
65239022.8685975745 750573.7595214844
66115779.1079538837 817402.5874023438
65543530.7663632557 782190.6578369141
65552679.5101080388 782529.3570556641
66441231.9834406003 834940.9096679688
65091465.5850222185 741819.7396240234
67776445.2584086210 859805.8505859375
65715170.1501503661 794001.8240966797
65715665.8410385698 794258.4584350586
65655713.4294343963 789069.4393310547
65339317.8370188251 756968.4721679688
65570351.8174801171 785561.4804687500
65567612.8665750027 785247.8041992188
65869751.4671032354 803284.8995361328
65540791.8154581487 781876.9815673828
66273348.5031948313 826778.7622070312
65555418.4610131457 782674.7266845703
68979988.8646975011 861606.5673828125
66181369.1363091916 822863.3161621094
65980735.0003795549 810956.2593994141
67134905.5689076334 853878.9726562500
67037212.1822639704 852482.3154296875
65643226.1950828135 788951.1414794922
65356991.5697682574 761713.8137207031
65694910.0167369917 793799.2577514648
68133404.1208046824 860729.7890625000
65816642.8992306888 800926.4010009766
65198285.7057921141 749165.3079833984
65365178.6829686910 761900.9260253906
65247209.9817980304 750713.6569824219
65555774.6652659699 784880.3916015625
65407861.1774377823 773920.7067871094
66388600.7010836303 833495.3315429688
65743266.9803936630 795985.2528076172
65751454.0935941041 796178.4276123047
65751511.6604634374 796178.9935302734
65723852.9542389885 794451.6332397461
65743324.5472630113 795985.8187255859
69388034.7258463353 861731.6948242188
68174820.1379499137 860743.6953125000
66044981.2764647678 814904.2183837891
66655948.9007297754 844757.1035156250
65677171.9382500052 792907.0488281250
66257316.8533034101 825637.8557128906
65755154.6750435308 796637.6282958984
65310214.1857528463 755242.2628173828
67713879.6492437273 859597.0302734375
66091560.3448620141 816126.3542480469
65738467.6193230003 795431.9945068359
65833076.9261984527 802817.0023193359
66030264.6637890115 813601.4085693359
66197095.7158429995 823965.9289550781
65492747.6932470575 781390.8764648438
66736968.6307868510 847359.5390625000
65347504.9502192661 757161.6469726562
66222844.1926422343 823979.2592773438
67312425.1051476002 856355.6660156250
66546578.7987167835 840139.8798828125
65405122.2265326753 773775.3371582031
66536800.0525513068 840078.6318359375
67151575.5584412515 854616.4150390625
67271009.0880023688 856341.7597656250
65666885.7047066838 790833.0504150391
66231031.3058426827 824119.1567382812
65917645.3150858656 808110.0953369141
65611983.1326134205 788157.1206054688
65877938.5803036764 803424.7969970703
65903178.8558087125 804813.3533935547
66117849.7079239413 817560.2340087891
66323080.1218756437 829325.2124023438
65623870.8272633031 788809.4960937500
66396787.8142840788 833636.2221679688
65968896.7990705147 810586.5738525391
66088870.8230187520 815359.8092041016
66026530.5699823648 812095.1564941406
67029025.0690635294 852434.8994140625
65735728.6684179008 795118.3182373047
67511454.5754274726 858468.0722656250
66924359.7624465972 849816.5283203125
66158224.7936411723 822401.5620117188
66554765.9119172245 840280.3095703125
66909884.8959837928 849414.5732421875
66449419.0966410339 835078.3471679688
67675641.1973387450 859321.1044921875
66481868.4975684881 836733.9389648438
65786361.4673056304 800281.9631347656
66141778.1766536385 820528.7050781250
66070009.9078626931 815177.8737792969
65815465.1185716167 800396.5367431641
66605143.5057200640 840979.3959960938
66892780.6748710573 848971.9482421875
65867012.5161981285 802971.2232666016
65905807.1137768254 807734.7154541016
65763341.7882439718 796830.8031005859
66528612.9393508732 839937.7412109375
67745571.7415836602 859737.5400390625
67362254.3600161672 856935.4863281250
66377982.6939689070 831978.2016601562
66336566.6768236682 831964.2954101562
66142193.1437497437 821289.9991455078
65925832.4282862991 808303.2701416016
67083449.2905921191 852496.2216796875
66273476.9915299714 829118.1313476562
67561057.7057731450 858542.6953125000
66281664.1047304124 829311.3061523438
66649587.6748765633 842362.7075195312
67200077.2352598310 855029.7714843750
66328379.5636232197 831823.4047851562
65841264.0393988863 802957.8929443359
65676901.7703698501 791149.2717285156
66763121.6033531949 847702.1074218750
67634225.1801934987 859307.1982421875
68633035.5944107324 860908.0263671875
65660608.7255152166 790502.6052246094
67946414.1993949860 860389.3457031250
65072770.8568150252 707961.4221801758
65972547.8871791065 810815.3687744141
66942325.6218125075 850053.5234375000
66967178.6363062710 850614.4814453125
64997098.0205295458 704295.8986206055
65785946.5002095252 799520.6690673828
66693584.1797900945 845066.4111328125
67143092.6821080893 853939.6894531250
66809358.7116813511 847716.0136718750
67904998.1822497547 860375.4394531250
67389982.6171100587 857258.9482421875
66460536.6161850542 836642.7670898438
65901485.1768593043 804629.8197021484
66126036.8211243749 817700.6636962891
65488952.9189609215 774684.7935791016
66728338.9816242829 845080.3173828125
66745155.7439872921 847500.4296875000
67197812.6667694002 854630.3212890625
66434222.9468429759 834340.1206054688
66596956.3925196081 840838.5053710938
66020938.8968589902 811660.9097900391
67386616.5950925499 857198.2314453125
66759755.5813356787 847561.6777343750
66527418.9689565152 838314.6938476562
67456227.1335234046 857572.0888671875
66891320.4398205355 848831.5185546875
67214796.1260624677 855532.9921875000
67226851.3021849245 855665.6455078125
67252602.6965835094 855964.8798828125
66640301.8613360077 842011.2973632812
68834395.8176961839 861592.6611328125
67409990.0251952410 857558.1826171875
66516107.6652198136 837390.7998046875
67519641.6886279136 858528.7890625000
68791385.5279034227 860919.9042968750
68832039.4774102867 861053.7441406250
