119315152.0491399616 290799.4089321196
119058122.2545334846 286084.6271204054
119123915.6785792112 289997.5693124831
119353691.4867903590 291104.9053069651
119239536.2205411196 290773.2600549757
119407716.7476486713 297442.4338907301
119741557.9706770480 297491.3169473708
119976724.6261020899 300265.5119089186
120215715.5002656877 303196.3666299880
120210241.3482838273 302068.7487100661
120151450.2770625055 301578.5780557692
120260279.3472915888 304190.1251715124
119998514.1943603158 300675.6752493382
119910994.0249840319 300216.4095987380
119731300.3681499809 297459.5600844398
119843590.6499372274 297905.5971740782
119827967.6261544079 297513.3487896025
120056914.5237662047 300779.2629741728
120084218.4474637955 301127.7415508330
119841967.3897052556 297577.8675884306
132946314.4553148597 404083.3439941406
133255485.6626961380 404853.3891601562
132501190.7646960318 401007.5938796997
132532984.5477771908 402012.1437988281
124574945.9845041931 351223.7421784401
124369879.8017539382 348809.5205445290
124784771.6941017210 352457.3316559792
124291077.4266378433 348656.9855866432
124481956.0896359384 349716.2949936390
124856688.2548132390 352561.1134750843
124545133.4533584267 350181.2504093647
124715979.1691316515 351733.8805649281
124392935.5450603068 348870.5664582253
124177233.8884071410 346261.6426804066
131456695.8207067847 395770.5615844727
131884626.5307629108 398903.6443481445
121186404.8658378273 313135.3761077379
122485745.8787952662 330973.4426008463
122449358.4961202741 330738.7128645182
122711896.2599724978 333416.3984113932
122914082.1290923655 334552.3580824137
122681528.4973558187 332024.8500105143
122596138.7486036122 331712.5929914713
122445658.0466044545 330736.7990461588
123219518.5722428262 337284.8879743814
122895987.8330214322 334536.7600752115
122861883.9835846424 334464.9676862955
122773580.1519088447 334172.1730781794
123364793.8879825771 338139.7211500406
122495271.9336544573 331453.9214216471
122925254.0880247951 335559.5808454752
123028839.2121065408 335979.6288801432
122824287.0333065987 334411.3865095377
122304360.4140407741 329609.7130490318
122643009.8260708302 331713.0015636459
122709969.9821298122 332051.1102195975
121795972.7497964203 323140.2850947678
122063457.1897217631 326640.3728252426
122277612.0402665734 329103.8007427230
121874424.8808993995 325690.7448299900
122085089.8301058114 327395.7522808090
121860798.4650722742 325482.5210186020
122339997.6665194035 329911.3576427475
122092600.9225251675 328961.9668804184
121971545.7177380025 326482.1785503402
121379054.6656302810 319649.0368275642
121570278.2265891433 322547.1834331527
121558991.6621458232 322226.9672355652
121722539.7895806730 322991.3012161255
121483055.6521169543 319821.3126068115
121367772.1200253963 317828.3682327271
121321800.8316392004 317626.1948781013
121530751.9400250614 320273.7117385864
121298745.3600146621 315245.5819401114
121307515.3654793948 316363.5474586487
121103485.3181376606 312861.6621818542
121838175.5042881817 323706.9622230530
121860610.5259446055 324941.1083450317
121527132.1888776720 319829.8776931763
121936606.4663726240 326021.2110862732
121819199.3920418173 323678.8053665161
127197742.5056505352 369863.9778676033
129360907.0465356559 385106.0433244705
129341658.6579041779 384931.5214738846
129432345.2381366789 385149.1323747635
126482845.1075414568 364460.1884310246
126420181.1477589011 364121.1806674004
126218791.2612987757 363690.8991427422
126047534.6685406268 362230.5788061619
126375497.3497480750 363926.3370990455
125994285.2515050322 361867.3908114433
126763209.4026122838 367009.1561238429
126717810.7011926323 366563.3701761829
126211864.2911199778 362578.7249905727
125666405.4397229403 358510.9307216201
125896393.2261835337 360676.6320454738
129303015.4759887010 384362.0828342438
129462992.0597403646 386599.8017368317
127239468.5891269594 370530.7603383064
127147399.4670289904 369475.8307728767
127679331.0359425247 373426.1828274727
129161996.8130100369 383730.1564397812
128577924.2578612119 379580.6839184761
128123537.9191136360 377168.0518786088
129206921.0199076533 384003.5034861565
129090698.7729254365 383362.9033098221
127454125.1722923964 372129.6703991890
127444632.7342037857 372005.0319714546
127590383.8667194545 373338.7403187752
127577153.3628930449 372780.2759747505
128043551.4570947587 376320.2428174019
128093340.0307604820 377061.8717236519
128643506.8443351984 380699.2378125191
128148453.2753022611 378109.5868509808
128599894.4900314212 380617.2617383003
128485981.7534488738 379460.6901026696
128692213.0193445981 381137.7792859077
128852332.7199610025 382429.5315618515
128960079.9694429487 382700.9511203766
128678921.5470764339 380892.6870312691
128728265.5130053908 381642.8520398140
128753533.5357516557 382170.3246655464
128198746.0366490334 378111.3291821480
128245510.4027763009 378308.6296887398
128303862.2097852975 379397.4007763863
127692939.8022826612 374503.5939526558
127919504.7560940385 376091.6579174995
127562116.0420811325 372743.3240551949
127491477.3363580257 372266.1510530373
127093976.5834287256 368915.5900841018
127399555.4003020078 371430.3238487503
127802408.0629795045 375033.4335522652
127017064.0509783924 368096.7341257781
127249984.4766717702 371063.7256922964
126980305.2198386937 367287.6294703726
127129391.9428835064 369379.4959254507
127319984.6189079434 371077.8814540152
126640446.4700546563 366027.9036708120
126960675.4296200424 367238.1001429800
126978259.0143367201 367281.2568812612
126496329.1021677405 364787.0945088527
126655711.7367939204 366243.9139857534
126263013.5081420392 363810.1452901027
126464766.4561076909 364399.2134102451
126498653.0054108202 365082.6894795558
123277572.1410779506 338128.5424759388
123405006.7924128026 338801.6771194935
125308714.2177675962 355433.8128665481
125757664.4187383652 359189.9032407105
123378185.1796635389 338664.8219406605
123078774.2959843576 336058.3492844105
123154004.7400717139 336891.3139603138
123690434.0603570044 342004.6404373646
122979280.3461690098 335692.3641769886
123530220.7891675681 340530.8014481068
123569952.4471696317 341397.4041397572
123435561.5687747300 340315.4774734974
123545121.4639152735 341185.6795256995
123773768.6666637063 342620.0433456898
124259940.6573925912 347513.9966537952
123994207.1666247994 345353.7111625671
123894252.9526508152 344632.8062546253
123800823.6480067372 344319.0398056507
124131182.9111993909 345839.4347259998
123782192.2221875191 342665.9885513783
124142310.2332971692 346060.0113937855
124200201.0450296849 346425.3544418812
124219099.8974599689 347391.4349777699
123602450.0700705200 341435.2830917835
123994726.3036147207 345418.9024880230
124288036.5825411528 347851.7074692249
123925936.9213344753 345251.3353989124
124745651.1236487329 351745.0057480335
124990396.8166549206 353637.5686752796
124901673.8296141028 352697.5944321156
124993930.7655175030 353947.0142319202
124496255.1057104468 349754.1724350452
124950710.6422692835 353079.6745102406
125003817.4821916521 354706.1747856140
125428947.3355550170 357944.0416963100
125341440.7798212022 356803.2313041687
125421112.6519126445 357118.3427543640
125001993.8106837273 354272.7974205017
125235264.9281819761 355293.2057833672
125001974.9676805437 354272.3008422852
125311246.6960596442 356673.9970512390
124642023.1178039014 351672.8932914734
125532529.8179212064 358380.9540824890
125093521.3189692497 355235.0236625671
125719140.2323407084 358687.9490875006
125763503.9864882976 359545.5216789246
125817086.2553917468 359912.8414726257
125381036.1528673619 356933.2811393738
125895348.0537084192 360347.9954338074
125953357.4218118936 361548.4769320488
125840076.9270028919 360023.3893696925
126563494.3471214026 365180.6740986964
126992541.1024633795 367793.3731343410
127018090.2286856771 368524.2349222767
126186652.0319095701 362373.6917988918
130514286.2905095816 388749.9776458740
131722884.1415140033 397359.9248046875
132441307.6248582006 400978.0590209961
132183708.3698740751 400727.4017333984
132506216.3647590727 401136.0097045898
132507500.4745169282 401595.3556518555
133471054.8264197409 405501.3408813477
134093821.2970899940 408016.3697509766
133740520.6958766580 406641.5437622070
133499415.0472604930 406012.5454711914
133360118.5790205151 405293.8468017578
133915615.8632390052 407795.1574707031
133325419.0266730636 404864.2946777344
132914498.8301508874 403179.8566894531
133363559.3560053110 405496.4438476562
133547435.1059850305 406469.2719726562
132563194.2462074459 402382.3558349609
132627410.9877410978 402496.0056152344
133158034.8646088541 404652.5305175781
131068310.9633069932 393161.1161346436
131238734.6249775589 393666.9303588867
131866949.4090991020 398506.9822387695
131789698.5039946884 397728.6541137695
131004649.2785795480 392943.5131225586
132068318.4369617105 399207.8883056641
131425391.9506664872 395317.8101196289
131663609.8920743465 397234.7161254883
130885567.4474095851 390795.8294219971
130991017.0514559895 392509.1642456055
131224117.7832653672 393484.0835571289
131317423.9115344435 394114.9920043945
131481868.9370094538 395843.5703735352
131354759.3872957677 394950.8916625977
131777195.9818258137 397380.3418579102
131558195.5000933707 396260.5200805664
133000473.2805234343 404441.5686035156
132741925.1795909256 403155.9031982422
132450478.2195429206 400993.2849121094
134521641.8745195568 409395.1408691406
134266239.8059740961 409255.8793945312
134692901.9866227508 409500.5583496094
135071884.5235255659 411319.8354492188
134708421.6731723249 410039.4333496094
134196385.3543431014 408522.0505371094
134124555.7466770709 408154.8342285156
132353909.9676529765 400954.9120483398
134129826.0749121308 408241.8896484375
133770640.9091751873 407164.8553466797
134245081.5322122276 408666.9580078125
133749894.5659691691 407135.9755859375
134084483.2431163937 407937.6130371094
130800949.1994315982 390197.4835357666
130838206.4723361731 390627.0056762695
130808546.4165598601 390360.5533905029
130397996.2500154376 388539.9411468506
130951353.0108638406 391174.8009490967
120481577.6635627002 304942.8227537125
120446581.4298063815 304869.0205359304
120580949.5935404599 306349.8918177411
120564753.0808149129 306170.7622074336
120618790.7863322347 307308.2612368390
120504005.6454949230 306069.9335523099
120879647.2000667751 310224.1023089811
120910316.0102440715 310894.2091328278
119866547.2734336853 299087.7286938652
120444025.7805362791 304860.9741483182
120739660.8192610890 308828.3117788285
120716512.8043596596 308629.1289257854
119375130.9077632427 293575.0939172804
120159624.6936464310 301941.6479753554
119884398.5647546947 299249.5450125868
120548760.2993176430 306077.4706609696
120722647.5094595999 308633.8599355668
120349587.2878399938 304670.5878484771
120799955.0045116097 309105.2851064652
121007282.7498279363 311359.3336065263
120946357.4703754634 310991.0897062272
120587277.8844992667 307200.9795644730
120801761.8192356378 309393.8323160782
120662186.5540932715 307385.3421558142
121011253.4816056937 311828.1221660376
121241262.6178760082 314659.5685587525
121068908.7950987220 312455.5494731665
121014620.1829776019 312102.6439047679
121288048.8467260450 315130.7936137915
121206264.0605901182 313220.9628859018
121241712.5640117675 314852.0677837133
130388637.0469154418 386634.2634429932
130601473.7250508666 389073.3704681396
130704799.5441432893 389815.9051361084
130930357.9153572321 390927.9786834717
130714607.4774541259 390157.7486419678
130549259.6273560524 388865.0101165771
