141020329.2667908072 9243.1325931549
140752207.1476067901 9167.8678607941
140594276.9599219263 9126.3474979401
138159628.6463389695 7700.4471666543
139012464.0188647211 8293.4472811501
139085564.6889797151 8337.7916033547
138003738.7333561480 7619.6582281319
140960974.4553980827 9205.0212230682
140834823.9740177095 9204.9119167328
140748386.4796550870 9150.5444812775
140681856.8001259863 9143.7576389313
139141282.2394567430 8384.6703560632
138929059.4021602571 8249.4834893029
139084288.0034137964 8317.9570725244
139568091.5140651762 8615.7272883654
138159731.1703035831 7704.6120016305
138227522.6124710739 7756.3262750832
141775550.2747958302 9454.4057273865
138870638.3523647487 8210.4845980136
138800379.2127642632 8154.5349755911
140646570.5178210139 9141.0084781647
136353700.5137933493 5579.9523344407
136398347.7738365531 5676.0749723241
145754550.8081855178 9565.0534019470
137772078.8039912879 7366.2282181313
136658299.8161648810 6082.3641879708
141175229.7572804689 9321.2852153778
139592132.5013459325 8637.2857737562
139722286.1062778533 8694.7529024438
139789780.9542316794 8731.8407476544
137245921.8284073770 6835.9014894664
140206428.4548482895 8969.8804645538
140346117.2438296080 9035.5250988007
140429084.1384780109 9053.1990642548
145719786.1032323837 9564.0306968689
138225570.9398996234 7755.9321549058
138741909.4165138006 8129.1298454730
138668481.6693629026 8065.8503961181
138746915.6969037950 8143.3775080172
140467446.8375560343 9068.9767665863
140360322.9145962000 9046.7379479408
137890911.9095829129 7468.3878805068
137636065.8677071929 7255.9363885410
138096500.7124031186 7667.4884894184
138245046.9745720327 7766.1852191864
137623337.9703427553 7235.5395326205
139297474.0445957184 8447.8952310752
137857694.7511138022 7437.6352435973
141618775.1603264213 9454.1756935120
138155910.5320573151 7700.0914098946
138185510.8433296680 7742.0924484460
138170585.8289834559 7734.2350876061
137974258.3642505705 7568.2658064095
143072731.3422453403 9543.6959571838
143532256.3331688344 9559.8119239807
143550622.0242010355 9562.2963600159
138690190.9346073866 8106.3767832248
138466437.6150605083 7942.1359652011
138466066.4134109318 7934.1502274005
138301101.0355212092 7827.0107565216
138334113.8948689103 7837.6249857686
138532104.6235652864 7963.1156283162
142438139.0868515670 9517.2022819519
142688258.9529606700 9539.3074684143
142476025.3520152867 9521.9781608582
136438529.4385534823 5799.9282494045
136517767.0609180033 5910.4887924939
137771851.9518252611 7351.8824646203
137790476.4987844527 7392.0766110895
136367444.2078765631 5597.9488946721
137859848.9194962382 7445.3133611111
138516571.7764349580 7943.6269140534
137528410.8297095597 7173.7042559819
138822233.6668608487 8154.8604029715
138953390.1932786107 8263.1061593592
138928402.4574202299 8246.2341271937
145762565.9532285035 9569.7213096619
138048794.1481291056 7656.5009443490
137965992.9313696325 7554.5921043335
137861209.6104731858 7449.4576399056
137822597.2182562649 7437.5811426139
138977002.5793980658 8275.2102120202
137289595.7550865114 6937.5105499471
139058915.6330779493 8310.2702867091
140259482.9092720747 8976.2847008705
142075183.2856180668 9500.6232032776
141225870.0033240616 9335.6405563354
138841410.9629814625 8182.9463309936
141516572.0620192885 9434.9998970032
141165160.5275036693 9306.4057044983
141452374.3007582128 9427.9181938171
141412218.7181485593 9420.7647666931
137904537.9681482911 7547.0408003060
137944466.4107414186 7550.1980116097
136780269.4673005342 6249.5419124961
136398334.6149825156 5663.5228432342
136322434.1103760004 5566.6148282811
141047138.8117677569 9253.1659517288
141047870.4296408296 9270.5517139435
136458045.9579455554 5801.0286484510
137735662.2584268451 7338.1557243602
141209275.9755429327 9324.8193931580
136658384.5580320954 6084.3631426990
139298995.9815374017 8451.7541526590
140250687.7005876005 8970.9729409218
140287514.7790476084 8982.4444108009
139051753.8224598169 8297.1133653224
140779161.7638015151 9174.3972988129
138104832.8766148388 7669.5340266518
141317031.3181306720 9358.2247810364
141316573.4435420930 9356.0642280579
141340712.7789698839 9402.8458747864
139232170.2058586478 8399.9603494406
138732462.8559006155 8107.8865727151
136822592.9062581360 6320.0698060311
140306532.8518736660 9029.7862267494
139095240.6382581890 8352.8179249782
138905885.9117851853 8223.7870934084
139968333.5554285347 8849.8023591042
139902341.0435770154 8827.9585186243
140119652.7229600549 8937.1981148720
140142612.8678333759 8947.7897439003
136516600.9815731347 5896.7108107420
142591034.9968856275 9527.9129600525
139593699.8734795749 8637.4161371544
137476666.6119128466 7091.2360697872
139315937.2224751711 8478.5164070275
140698054.8531317413 9146.5633506775
140560067.5633523464 9086.2292470932
137522280.8168930411 7164.3223294525
137374080.1861575246 7038.8548748195
136750213.9674196541 6213.0236303210
136492547.1548839211 5883.1864329191
139761770.7381206453 8720.5133405253
139321435.9313676059 8479.4752746370
139177677.3635858297 8386.8871627596
137485880.4352067411 7145.6394807994
137320396.9589540362 6962.7214338481
137394123.7782799304 7069.6212885082
137434419.8983874321 7076.3184611110
137345667.7579080164 6979.3387586772
138410345.1268534660 7900.4378848813
145694399.2988253534 9562.9419517517
138835891.6827049851 8176.4444465331
136770712.3373770118 6216.8022903800
141420131.3730008006 9424.3232307434
136407620.5874071717 5691.5685044080
136404031.1925595701 5678.9127693325
139835628.5170502365 8777.1909972429
136785809.7127840817 6262.2389959693
136708138.0655814707 6143.5545064807
139405995.5859858990 8545.1437312365
139361280.7476876676 8492.6853729486
138919841.0990104079 8243.2636330202
138499384.0558260679 7942.2399302266
138546687.5118790567 7968.9290657781
140537416.4102259576 9077.1767368317
139269635.9056859314 8414.8860936090
139274415.2160427868 8441.7596876547
136423167.5176962018 5783.1106541306
138564031.4509149492 8017.7923372714
139737830.7679210007 8709.4099761248
139440059.1623993516 8579.0016585588
138335454.6347979605 7859.4689217351
141965133.5848419964 9486.2231483459
137249168.1578831673 6844.8561085003
139878071.5699653327 8783.6288591623
140074055.0504368246 8896.1310257912
140068138.2695661783 8883.6154136658
143274750.6898913383 9553.4889106750
140538561.0502807796 9082.0905704498
136881070.0862327218 6422.1599732835
136790123.8231881261 6310.1538189847
141852380.7215013802 9461.3874931335
138547569.6708912253 7981.4802198700
138684845.4766661525 8078.0170059494
138669564.8367497623 8078.0040426545
138551631.9368232191 7997.7908811859
136736070.6242791414 6170.3348795772
136201613.3960428238 5244.1980794072
136720882.9785588682 6155.9291162491
136685220.4522157609 6114.6528959274
136744588.5965572000 6207.8838870525
139190750.9395393729 8392.3766456392
136804083.4927514791 6314.1829740007
141253728.3782027960 9345.8432989120
141146746.6099181175 9300.8478279114
141323988.7610762715 9375.7862892151
136425159.6688710749 5783.1234046742
136601153.1528690159 6034.0969541371
136668808.9420997202 6110.5624530315
136695398.0202385187 6137.1696879864
139985342.5176275373 8875.1202759743
139878131.5337273180 8787.0265889168
136851682.0964552760 6417.3334838350
136900109.4285750985 6429.0487395723
141260957.5284393430 9354.6751251221
141577902.3152369559 9450.6636848450
138793770.1009865403 8153.6460153162
138269366.5415047705 7799.2657614045
139651922.1065097749 8681.4165869951
137590838.6453090012 7218.7252283828
137379251.5429473817 7046.9704954326
145836685.1326019466 9576.3714408875
136850758.0736795962 6347.8829719026
136839632.9818961620 6336.1677161653
140023178.9656736553 8879.1793045998
142019376.7157235742 9493.2572059631
139272423.0648679435 8437.0209584162
137463935.2304737270 7088.6565588117
136778383.1524544358 6226.2586143907
137630320.2290702462 7254.2148907528
137704063.7905876935 7292.0446747081
136585797.4742157757 6027.7095439434
136202959.0825510919 5247.1834171414
143163546.1348257661 9546.3288993835
143232144.8604381979 9549.9457740784
138398278.5401340127 7887.4137950681
137158149.3061140180 6731.7846450359
137117595.2218760252 6666.9468230754
137175472.0181308389 6737.4807166606
141909615.4907409847 9478.9131889343
141852578.5863594413 9468.2912101746
137666513.4002478123 7275.8460891979
137568951.0124516189 7204.1336754100
139881400.9245207906 8791.8796916008
136921407.3307821155 6449.2015372713
136905173.4188080132 6445.6278602083
137649158.3254689872 7273.2704548376
137626728.5382168591 7253.7120521801
137606177.4782870412 7235.4028703198
137549246.3040988445 7183.2579773204
143421253.4629253447 9559.7002220154
136220951.1131580770 5323.5315344930
138379523.9630137682 7887.2323942475
136481225.6721679568 5863.4566504285
139552932.7021327019 8603.1895337775
137875418.0671560168 7466.2194689726
136665605.0537511408 6093.7824463844
136686033.2890143096 6120.4893614054
143204004.0897465646 9546.9243278503
137035569.7176483572 6627.8243743379
137015435.0814607739 6608.4052421369
136961136.4128800035 6533.1909209688
141937125.8825623393 9479.2780036926
137498819.2370476425 7161.1239403026
141130107.9600527287 9294.8782196045
136390454.9956243336 5661.7186543271
140968315.7331399918 9215.8578720093
140986442.6196794212 9223.6545372009
141105782.3790382147 9280.0400466919
136175470.6751892269 5231.6575492024
136159851.5127674341 5137.7232730985
136385651.0977678895 5657.9593423530
136583715.8592258990 6003.0067021847
139619729.5815813541 8640.8901032209
141904763.6630848050 9478.1153221130
141802455.7683141828 9458.9395256042
136166894.0150289834 5157.8653782010
136135099.4672639072 5133.5101035237
136115246.1438566744 4966.6640656590
140989709.0773223341 9242.9739570618
136283463.0564695895 5472.5088393837
136301033.0058675408 5481.0816362053
136313027.4478665292 5561.0513273999
137185649.3124890029 6742.6385001794
141514657.6667186916 9434.1452064514
141837447.2538508773 9461.0351982117
137251270.0599590540 6844.9937292933
136172107.3854790926 5158.1674620229
136125416.3291080892 5064.9456751943
136188615.6416955590 5242.7835270122
136356290.5062420666 5590.2397001754
136300506.1310104728 5473.5319857039
136246786.9022844732 5456.6123368889
136280642.4586471319 5464.3753068596
136346949.4555239379 5572.2086943573
136657612.1474796832 6073.9124313875
136260330.5650590658 5457.1265580803
136982745.5780104101 6596.2261420686
136933569.2653915584 6507.1899615333
137007819.4657894373 6596.2390798137
136185819.0300955474 5237.5633932668
136152592.8426768482 5135.6018382267
136095741.1375663877 4957.5615985121
137255439.7227720618 6855.0019098893
137274474.3646658063 6857.4359358028
137108751.5048553646 6666.3056610596
136148679.7100192308 5135.5993350148
136092272.3239956200 4942.9680216040
137058085.3490308523 6649.4324752290
136174815.5979024768 5158.8791753378
136082104.4813575745 4939.9588872518
136120089.0643388033 5028.9200064268
136124604.6717005074 5049.4190312948
137193232.1037349999 6759.6003303931
137189950.0180330873 6744.8741302893
137124892.2577899098 6728.0020981238
137181787.8376604617 6740.2336502925
137221347.0801665187 6804.8254672810
