52071960.2627831250 147899.8767977674
52050725.4602391794 145710.4029026944
52022095.0103419274 145064.7405023575
52098952.8976108506 149599.0441380460
51873274.0763126314 136877.4604283292
51934053.7266779318 141523.6168194730
52716988.7930731103 174288.1690063477
51750412.6147967428 133045.3617182691
52011807.5341874957 144566.9614850003
51487508.8135584816 118863.7791987378
52263264.7280214876 156739.3499412537
51553391.6496927291 121011.8981237411
51608153.1722258329 125372.3762141187
51690829.5745437741 128628.4718304593
51423839.3257925957 113054.8303660769
52089547.8543169349 149221.9060430545
51642187.6121445596 126705.7330219168
54252795.7074288428 210589.5561523438
52682398.7219598591 172314.5225524902
51890101.4187716544 138063.2276544571
51992193.9838635400 143869.9644146878
52509871.8373128027 166227.0755193084
51626611.0700912327 125372.5969087500
51317606.9153408781 99548.8453403413
53597536.4574937373 200524.6865234375
51201087.4989867732 79437.2162246704
51887108.2530398667 138006.2557287216
51499066.6576551348 118948.3444758374
51450775.8259102479 113082.2030228097
51671827.1280592829 128485.1459568460
52008814.3684557229 144509.9895592649
51781725.4480547011 134463.0631085355
51166324.6176019385 66032.8393344879
51836498.4538300037 135832.9727765042
51418679.1577548012 113037.9296417236
51370497.8669039011 107272.3909550626
51891868.4028447270 140135.4628109932
51830161.6230005547 135627.4508038480
51833505.2880982235 135776.0008507688
52561620.8181794211 168681.7150249481
52334170.6672134474 160277.2789068241
52216406.2441382036 153495.5097789764
51771459.5970540866 133791.5904522855
52140829.3729632273 151229.8096812386
52090879.2926693484 149559.1827462912
53756261.2771377265 205524.5771484375
52314248.4586825147 158563.3755741119
52265140.6642857641 156739.3614574615
51749608.9602738321 132462.4773068428
52491947.0062882304 164174.6968383789
51529567.6854883805 120812.1604526956
51857180.5351935327 136814.0372959077
53841243.1034423932 206948.7182617188
52526248.4675138891 166649.0464324951
53059732.5980019122 184946.5562419891
51424854.6811141819 113060.8665103912
52740590.4597261995 175338.6719288826
51458074.3414383456 115059.3203106839
51766703.5103561208 133158.6895031929
52545032.2344718426 168257.9567852020
51801265.5363733470 134665.1626867056
51730504.8449512571 130517.4499474484
52981825.5076690018 183249.0072937012
52451442.4057120606 162962.8492504302
52333413.0535610616 158914.4325199127
52938287.9872531295 182476.1023864746
52502906.8176264390 166092.7890586853
52143801.1257577762 151568.4743329007
52255000.4666932672 155415.8603391647
52023001.1081254333 145065.2592096347
53253706.8634488881 191745.6492919922
52937164.8346301466 182419.1304607391
51778732.2823229283 134406.0911828000
52178751.2597423941 152875.1254339237
51588245.4023803547 122764.5556488950
51265763.1734153926 91062.3590149879
51989200.8181317449 143812.9924889524
51454341.3350162059 113146.0030318219
51587011.2589617074 122061.2160883863
51981768.7648948058 143325.9607220609
54247503.7221969962 210063.4018554688
51635238.6963333860 125949.8573237378
53362036.2861531228 194273.0750732422
51265764.9979889765 94383.8796086311
51913719.0396249816 141464.5759564359
53213198.2540969402 191518.9975585938
53150083.8274232224 188868.4201202393
52367428.3750225380 160573.6353521366
52750279.1771233529 176211.1285095215
51225192.3763753921 89786.5839198530
51407589.9927209020 109807.3926420559
52369711.8922930807 160899.0204315186
52371566.6164518893 160978.9292259216
51912485.5747303441 140135.6835056245
51357440.0441724360 102124.8702862026
51482761.2417477816 117557.4705773313
51278012.1581690013 97541.0998654366
52455604.1717709899 163163.3931957427
54069955.3546150401 209892.3642578125
51876515.8172172457 137577.6678826530
52936977.2795220762 181961.1545104980
51571496.3874338791 121041.4704524279
52918431.5869114324 180655.2288188934
51565320.8640745059 121018.5335837603
52838935.2971806973 178064.5485534668
52933275.2466481626 181341.3761901855
51338258.0582355037 99780.9121923447
51968492.0454002842 142834.4856244046
51418124.5534000620 113002.2942284066
52835233.2643067688 177444.7702331543
52829246.5797835365 177192.0919728279
53369547.3477551565 194961.4716186523
51945626.6843666658 141829.2253164053
54163270.8588105887 209965.1606445312
51358403.5098099783 102265.4058854794
52672710.0045627132 171442.0659718513
51766148.9060013890 133129.9269953687
51239287.4242646024 89959.5011353493
53813243.0790205076 205689.1015625000
51210496.7839889228 81557.0941514987
52139432.5639106557 150833.0367393494
51804258.7021051124 134722.1346124411
52086411.3383204117 147998.2033892572
53368321.8217978925 194872.9557800293
51181964.1094546542 73566.7201309204
51884790.3668494150 137685.5304156244
52881060.9164846689 178890.8079223633
51775230.1129526123 134018.2421856839
53488187.2016760856 198169.6810302734
51659542.1202466562 126989.4443121850
51772236.9472208247 133961.2702599484
51665717.6436060369 127012.3811808527
51936788.3201196119 141800.8233843744
51955599.3516272455 142052.3943828344
51804794.7285493314 134799.3105364740
51936252.2936753929 141723.6474603415
51714685.0914795548 128942.3471072912
53369573.5190941244 195324.1658630371
52245968.1304698512 155349.8020306546
52077370.4359049872 147954.6660032272
52067112.5737243071 147888.6076947171
51636472.8397520259 126653.1968842465
53688451.2305912673 204367.0610351562
51659006.0938024372 126912.2683881521
51840503.1596904472 136000.8318809271
51843496.3254222348 136057.8038066626
51843523.0167901590 136057.9484542608
51275981.5485165864 97500.4765686989
52175731.4026426673 152820.7111630440
51708509.5681201741 128919.4102386236
51985755.7679931298 143730.7893108130
51272096.2353429422 95481.8125563860
51853762.1764228493 136729.2764629126
53300355.3585952520 192903.1654052734
51233111.9009052143 89805.2540955544
53398397.3409366459 196799.7713623047
51278974.7142483592 97557.4484944344
51699406.3809446841 128737.7068955025
51844658.9892473444 136547.5731197915
52838723.3436741978 178034.7482585907
53141201.2855857089 188355.3859539032
52882118.7132731453 179253.5021667480
52560240.2643457875 168508.3427104950
51341949.0958199650 102104.0180725753
51403672.5659936070 107453.8976964951
52649735.2788052782 170523.6652221680
52213154.0432490483 153439.8950328827
52042165.7030039728 145265.0298211426
52921212.7991367280 180682.4004497528
53159061.7965358049 188900.1341247559
52919759.9405887499 180679.7785034180
52543782.2102105319 167098.4173736572
51322865.4763205275 99766.9841308594
52599375.8015892580 169295.9895248413
54094467.5672826692 209918.0834960938
52042285.2340653241 145271.7149715424
52317241.6244142950 158620.3474998474
52174278.8256356046 152273.2278194427
51294994.4154652655 97764.9449089915
52302869.2316948771 157375.9587819427
53618101.6827626452 202997.1513671875
52300860.0349796936 157365.7120854706
51721753.8528275639 128946.1666512489
52000385.3784577772 143925.2531185150
51721989.3345938921 129139.3984603882
54069277.3055765331 209655.1782226562
52311066.9089291170 158470.9516826719
53953020.6604270637 209622.0859375000
52648612.1261822879 170466.6932964325
52505915.2723082155 166152.8474965096
52767778.9599474370 176726.0763854980
52727380.6198933646 174719.9785498381
52712330.8152868748 174198.7748394012
52327655.4926367104 158840.0819033384
53615129.9299681112 202553.1998291016
52627861.7764157876 169929.2270436287
53139722.2556987628 187759.6890258789
52682186.7684533745 172284.7222576141
53367634.1902103946 194759.1940612793
53036515.8194370270 184599.6058349609
52695337.2764886469 172573.9273376465
53561618.1148129776 199491.7215576172
51605704.0574332997 122829.9483572617
52384732.4134371430 161188.2255115509
52573390.7723810524 168797.5477905273
52493528.4095094427 164719.2892417908
52582113.7667352855 169253.6348266602
52496521.5752412379 164776.2611675262
53668037.3318898082 203911.0317382812
53509166.8929110244 198834.5649414062
52686348.5345122963 172449.2466716766
52702937.1182198748 172937.0229167938
53379050.2829847857 196573.1196289062
52527788.7746976912 166783.3052062988
52704060.2708428949 172993.9948425293
53667605.1570803896 203671.1571044922
53056309.8112796023 184747.9850769043
52579120.6010035053 169196.6629009247
51653931.4948049709 126718.5895926133
52802102.2531842515 176926.6203308105
53281008.3006433919 192676.5136718750
52931816.5794634968 181195.4346160889
53444744.5846425965 197943.0292968750
53519789.7523439378 199327.1971435547
51360408.9232233688 105437.9304131418
53293706.4741552994 192684.4783935547
53060871.0395748764 185003.5281677246
52318592.0194937438 158657.3569734609
52330648.6583684832 158897.0538290739
53625336.8039175346 203223.8031005859
52921424.7526432350 180712.2007446289
52197915.8546209112 153074.8960454315
53876961.7681250647 209421.1831054688
52353335.2620919719 160477.0495183319
53141413.2390921935 188385.1862487793
51217196.0054231882 82475.5470204372
52657630.1516210809 170823.3725928068
51358610.1465293244 103557.7727369964
52713453.9679098427 174255.7467651367
53582904.1790176705 200470.4550781250
52758477.8641628996 176363.3821411133
53325856.5287903175 193350.5194091797
51184248.0949543193 73892.5322227478
52837270.4851262197 178032.1263122559
52468971.7926771566 163257.9395769835
52066430.8803889677 145728.5580437779
53371238.3311485872 195423.0650329590
52663661.9307888001 170987.8970068693
52740385.3859316185 174810.6154174805
52891595.4771638066 180502.4559326172
52989637.4595052004 184399.0618896484
52800979.1005612686 176869.6484050751
52867875.4483944103 178815.5522766113
52402550.0133380890 161852.3192067146
53423898.5111317113 197247.1253662109
53346702.6023012027 194046.4233398438
51253170.1581386551 90496.6675786991
52532690.4817817286 166990.0211199522
52259599.0770556107 155566.7666503489
52862331.8900391906 178586.9949645996
51219390.1550092101 82744.5569900591
52544594.0445627943 167247.5369910002
53194073.4190753177 190823.0936279297
52965917.4307358041 182712.1582336426
52766655.8073244542 176669.1044597626
52535683.6475134939 167046.9930456877
52471964.9584089294 163314.9115027189
52556917.3926890120 168505.7207641602
53562058.1055067927 199774.5511474609
53512554.6311890483 199100.5454101562
51265252.9683523476 90496.7513889391
52233528.2011655048 153632.3324074745
52532675.1928317398 166908.5423549414
52574943.5459945947 168914.6401906013
53096031.4367339239 186926.4876708984
52935312.4674676135 181928.7322692871
52670769.8867926076 171071.0353393555
52667776.7210608274 171014.0634136200
52955550.0221071169 182518.4570846558
52237008.2019457519 153958.4767969847
53059132.7516749725 184847.7043762207
53116877.5102448091 187622.3916015625
52395420.7751485854 161497.5109900236
52974084.9326263368 183150.1081237793
53062104.5044695139 186252.4819335938
52916766.7748569921 180622.8065776825
53160146.4868109077 190149.0878906250
52731495.4101653919 174746.1449565887
52574958.8349445686 168996.1189556122
52856435.0800047591 178579.4964294434
52520633.8429069817 166525.7893352509
53139748.4270377308 188352.7640075684
52734488.5758971721 174803.1168823242
52645573.5127463490 170359.1408081055
52404435.3153968602 162692.7223682404
52389293.6417324245 161443.7686023712
52699898.5047839358 172829.4704284668
52523627.0086387619 166582.7612609863
52577952.0006763488 169053.0908813477
52614024.4694684893 169858.0931091309
