84565159.4193626344 516118.7368164062
83110842.7222139835 409444.9117126465
85209877.1754277945 543963.6098632812
84663253.0899111629 521783.5541992188
84596166.8646876067 520020.8103027344
83429934.4759612530 434738.0403747559
82473537.1413607299 319192.2517147064
82391113.0136110336 284487.6179118156
85288911.7569502294 548198.2392578125
82533874.4667385519 336924.6644401550
82527924.4785825908 334000.9048938751
84708366.4351996481 524407.3625488281
83078949.7580351830 404147.6513977051
83056990.1497367620 401042.4172668457
82571871.0538505465 339998.4340686798
82823566.0280025303 376332.3379974365
87940898.3831246197 627710.9814453125
82687457.2032025903 353462.5492477417
84781269.9829976261 526131.9113769531
87380241.3771774769 617327.9116210938
82491201.5039244741 330941.5674476624
83002362.4099412262 399917.6467590332
83724234.4987920076 463792.9141845703
85035348.7812295854 537290.0363769531
82423898.6076155752 310011.8772465140
84169360.5604628623 494491.9858398438
83484162.8834619224 442406.8962402344
82831414.6441626698 379478.5639152527
84179604.5497178584 495598.6052246094
83170570.8932457864 415233.5124511719
83215428.2785754651 418044.6283149719
82436415.2846199721 310163.1121296883
83158564.3280346990 414949.8219299316
83139692.4596370608 410784.5882415771
84517132.2831651270 515786.1809082031
88807411.4155517966 631536.9189453125
87179191.1314169317 610287.7163085938
84250619.3235143274 500513.0244140625
82409328.8548727632 298778.6873860359
83237879.2849335074 418921.8686370850
85548901.3548582941 558369.8574218750
85712675.7864781022 564793.7031250000
88211897.5254829377 630894.4326171875
82919392.5105959177 384818.8826408386
82803816.9809294045 371463.8659667969
82400490.8985685706 285814.3173604012
82620276.0486082882 350080.3494319916
82732881.8886035681 363453.5080566406
82977091.6089576036 390634.2245483398
82721545.0455936193 362097.4603252411
82437224.4320734590 310385.8587994576
86788523.1639278829 599054.7426757812
82983783.0091644377 391017.7189941406
87527904.2701114416 621013.2915039062
87703673.4155109525 625280.6318359375
82576232.1278703958 344724.9489650726
89093487.1078319252 632395.0986328125
87069548.0346272290 608167.7724609375
87068604.1121033281 606341.3295898438
89077560.5412977189 631618.8886718750
82602105.8713416308 349188.4363594055
82709999.3266011029 359959.1188335419
82661182.2104034275 351871.9059066772
90610745.3772859871 634307.5771484375
82701480.1506297439 358945.5006122589
89961289.3968237936 633419.1884765625
82596458.7537245303 347856.7309589386
82525146.2275173515 333690.4509830475
86955542.1644658446 605167.8881835938
89326349.8530085683 632841.0410156250
83115799.1585875601 409507.8962135315
89586708.3086864650 633213.6445312500
83498151.4135804772 446638.8960266113
82669374.3444266468 352235.0924606323
82829568.6746740639 377363.4421539307
82485713.7220648080 320487.4447689056
89315456.3778082877 632581.3291015625
83284999.5430352986 426824.9629516602
87100146.2110216171 610166.9458007812
83539721.1127848327 449149.1690673828
86718566.4171751738 598978.1987304688
85747513.8266935349 564817.6289062500
83269676.0398633480 425843.7380371094
89325245.2393164933 632599.1884765625
83533673.1225215942 447796.0230712891
83632619.2991203517 458550.9813232422
82936387.3637468517 388479.2650680542
86879617.4220039994 602535.6235351562
83095158.3227993846 406195.7849731445
86644099.2071555108 596103.7675781250
83616058.2434998751 453919.0298614502
85320853.8743108809 549547.3969726562
83811091.2607113719 469830.7369995117
83094875.2166491151 404940.1915664673
85049281.3255584538 537812.5148925781
82970743.7945549339 389281.1398925781
90917674.2051917166 634390.2451171875
88062131.5075520724 628822.1396484375
85654267.4673912525 563867.5522460938
82834253.1398574412 379933.7977027893
83138771.2451291531 410168.6920776367
86440289.2793818265 589678.6420898438
82928795.9024468660 386987.5534934998
82529455.8579206020 336118.8975238800
84269389.1613863707 502234.0622558594
86365022.8203071356 589279.9887695312
82757314.5586163551 367207.4534111023
84954161.9895213693 534337.2770996094
84987824.3216440976 535676.0236816406
85267720.1832314581 546832.3498535156
84980747.9911914319 535027.1237792969
87732160.8663139194 625349.9760742188
85194803.6097656339 543921.9694824219
88009678.5979750007 628179.6640625000
85844897.6277067810 570858.2836914062
84865792.7743440866 530276.8666992188
87620708.0750008225 622776.8325195312
87796477.2204003632 627044.1728515625
85811147.2820239961 569194.6342773438
90254414.9138987064 633975.0263671875
85597723.5441542268 560699.5207519531
87315739.8390575200 616379.1250000000
85518688.9626317471 556464.8913574219
85113374.7540864497 540730.5344238281
86088379.5966699719 577192.6533203125
83249466.0997093916 425296.4538574219
83900905.1034062207 479552.2971191406
86681257.2246248275 598149.4926757812
87640047.5271511674 624083.9345703125
84212833.6364536881 500444.9501953125
87884924.9084619582 627101.7978515625
85529830.7397963703 556673.1494140625
85477983.9947943836 555313.6743164062
86617043.8782445043 595868.7045898438
87501432.1740361303 620550.9238281250
85602952.4196994603 561683.9887695312
83144444.7028041780 414199.1985473633
87572851.0467902869 621866.2773437500
86280698.8566034585 585449.7114257812
86811382.7551355660 602426.2226562500
86569280.2805962414 594752.4350585938
82899998.2583632916 383482.9622192383
86178671.6205317825 581959.4775390625
84022986.7282493114 488728.4552001953
85864331.6701091230 571316.5302734375
87508508.5044887811 620599.6171875000
82754457.9168154448 363593.9663600922
87978281.4154261798 627784.1972656250
88655641.5465355366 631260.3750000000
90338451.9720491469 634147.3007812500
85759647.4265478104 567128.6230468750
85920290.7506380826 573266.2172851562
83409792.9738509953 434027.2409057617
83992161.7173193544 486727.2474975586
85065817.0910211951 538510.2944335938
84820806.9847528189 527930.6052246094
83424662.0461341292 434531.4048767090
84049603.2939833999 490148.2795410156
87752247.0976632386 626261.1499023438
86970145.1006349623 605932.6811523438
84013705.6541852504 486738.9365234375
86559459.8601690978 594386.6601562500
83239597.0241092891 420033.2663421631
86236468.7338663191 584666.6884765625
82405720.3339039683 287264.4375996590
83745720.3024131358 464802.9729614258
84842782.3824717999 528375.9807128906
84790409.3460663855 526923.5266113281
83556421.2462130040 451025.6396484375
82509384.2104884386 332684.3727042675
83384790.7973633707 433486.0251159668
84326134.6016914845 506562.9028320312
83315773.2665647566 428691.7897796631
86688333.5550774336 598198.1860351562
83781118.4638098776 469033.1813964844
84185102.4531603456 495805.7070922852
83372699.3364560008 430912.0503234863
83341325.1986474544 430411.4609527588
84364247.8857114017 508214.3803710938
84465636.7328744680 511715.6503906250
83568544.4567826837 452356.2988891602
84199959.7555695623 498177.2604980469
87612190.9289011210 621917.9868164062
84360076.9693427533 507579.3242187500
87070161.0839599669 608646.0895996094
83327591.5484185219 429385.0701141357
82408555.5169932097 289365.4319620132
84475457.1533016115 513653.4196777344
86482102.1995125115 591687.8876953125
83519724.6286255866 447514.0605163574
86794444.9946131557 599307.7871093750
82988909.9375416636 391521.8949432373
83676669.8408405781 462762.5925292969
83436642.7565830350 437782.2279663086
82726797.4343569130 362485.9894866943
84104348.9819210917 492451.7929687500
83376118.5091347545 433349.5881500244
87464278.3817516416 619816.5942382812
83416463.7475633919 434215.3904266357
83887473.2115134150 477969.4189453125
84114507.9935502261 494086.4824218750
87486253.7794706374 620261.9697265625
84691553.9594662935 522344.5224609375
84347774.7398476154 507454.0942382812
83782875.7545127124 469465.4141845703
84274625.2073234171 504083.9633789062
86343188.2542109936 588523.7612304688
86571202.7318037301 595478.2436523438
86181616.0341602862 582210.9721679688
83750791.5650021434 467440.6983642578
84026089.1873096675 489095.1583251953
86036231.5604026765 577081.7236328125
87347147.5584779382 617096.6518554688
86859858.1737798303 602499.4428710938
83130115.6178714782 409622.7725906372
83179949.7338757068 416255.2132720947
84404724.3200445324 508897.7015380859
82506320.8825495839 331294.6457145214
87204991.0668948889 610449.1518554688
83442316.2142580450 442273.3063659668
83181229.3718608469 417048.3430938721
83495602.5108464956 443129.6769104004
82692000.1604125351 354447.1724205017
84439204.6112489402 511571.8562011719
86113092.0019724518 581269.6308593750
83026009.8673803657 400391.5842399597
83198304.4816935360 417495.7777862549
86341613.7089232802 585502.4355468750
82785178.3670389801 370579.9850082397
83001153.3519370705 392669.9045104980
83625329.8294225186 458511.5845336914
86222139.4634347707 583590.8305664062
82912719.0635240376 384750.1486511230
85963408.6018521637 573883.3574218750
83813033.6336205155 473799.7247924805
86139927.3294757456 581848.1684570312
84077285.0862625986 490798.1085205078
83837188.9647411406 477055.9959716797
87209582.1651767492 612177.4614257812
86013464.7775335163 576350.3510742188
90147912.6091811955 633492.6064453125
86950089.9529901743 604822.0229492188
83588547.6300851703 453364.2471618652
83622091.7095696628 457490.1225585938
82733041.6158532798 363538.3437652588
84073397.3996493667 490231.4233398438
88130918.9071435481 628826.1777343750
89882462.4259287864 633399.2285156250
83807567.7714244127 469585.6342773438
86462633.3633370996 591493.6386718750
82925380.0662229508 386984.4174156189
84920265.5799821615 532350.4995117188
83858544.6255134642 477621.7905273438
86026750.5380314887 576626.7485351562
82998201.2742369026 392440.4353103638
87233216.8899520785 612734.5795898438
85210794.2482309490 544772.0742187500
82866919.6752341986 380896.1317825317
85381136.2477777004 551473.3327636719
87236843.7954254895 612862.1118164062
84255757.0478535593 501866.1229248047
85276634.4912441522 547033.5546875000
83742358.2358493656 463840.7497558594
84251144.5707621574 501173.7470703125
87287106.1094201654 614075.2612304688
87241661.3299527168 613145.6118164062
82894851.5454669893 382195.4763717651
90190771.7663150132 633820.9052734375
84903855.9395288527 531453.9206542969
86506301.7372468710 592561.2148437500
83661343.5360292792 460773.3829345703
82730189.8835645467 362629.4195518494
84885668.9364356548 531106.1311035156
82875534.1453654319 381469.0982418060
84661710.8067796379 520480.7224121094
86481210.0118860602 591497.4414062500
83942657.5959327817 481294.1696777344
85798370.8842485249 567993.1445312500
85259083.6267457157 545170.7275390625
85173659.9106815308 543413.4162597656
85906009.3069757223 572580.7910156250
85969446.1907153428 576033.0844726562
85544012.1082133204 558338.2534179688
82781601.6466624588 367896.6057090759
84580682.9432207793 517631.8559570312
85411034.7817340195 552315.7373046875
85077726.1273514032 538657.3017578125
86396263.7421172112 589291.6894531250
84432543.7142624706 510870.7043457031
87091820.3258165866 608809.2944335938
85590348.5840012878 558583.0415039062
85416608.6169575602 553018.4355468750
85413661.0627634525 552364.5200195312
87206831.9415151477 612058.8374023438
86888087.4284065664 603261.1567382812
86110750.7830914557 580269.4375000000
85444216.0271667987 554038.9921875000
85896631.9067648053 572229.4975585938
87215331.7202175558 612708.9545898438
87251164.8375121653 613177.2412109375
