62875792.6519920751 7.1080001715
64505064.4558500424 9.1203629378
64314735.0131122917 8.9943909921
65010209.2532923073 9.5125803312
66362281.0260359943 9.9354336858
62967524.9655619338 7.2236399722
63130548.6098815352 7.5934407820
63233996.9319998026 7.7665557122
63420913.6467603520 8.0274031395
65578725.5875206739 9.7971008196
64374873.8390335515 9.0439895965
64124533.2623282894 8.8593534595
65126691.4331467971 9.5581896172
64139525.1952610984 8.8715124534
63906694.7464265898 8.6429668473
62987952.7628279552 7.2796085599
63386964.1162859946 8.0022939080
64452682.3194308504 9.0614773460
64494077.2773539647 9.0922737994
63992349.9910025448 8.7349344834
63487650.0297320187 8.1070674047
63566487.2300873548 8.2129776876
63642850.1612532437 8.3672141663
63519864.0249869823 8.1878684561
63631747.6156658232 8.3436336152
63145249.1061616540 7.5969887059
64082374.2907842174 8.8224257784
64349376.4162823930 9.0118787416
64126536.1620334163 8.8617723203
63820825.3362399563 8.5559232788
63849375.5643855557 8.5807948665
64196375.7671819255 8.8958835708
64215987.5877510533 8.9117968933
63415826.2317017764 8.0185293043
63696065.5176370218 8.3984159933
67452478.9204940349 10.0071835071
65220892.8026809245 9.6439485177
63276688.3463836983 7.8543652901
63216131.1553257555 7.7390477514
65324453.6925724968 9.6882535666
64032535.6511547863 8.7460088103
63078036.3246219605 7.5125081075
64643113.4999092892 9.2372100208
64400792.3765026182 9.0537349093
65269553.8801349178 9.6690015271
63574783.4652689621 8.2160078518
63201154.1556351259 7.7054501926
65045860.3244718313 9.5250787562
63571671.1161368936 8.2145566910
64326150.5435258597 8.9972154625
64314335.6228259504 8.9786462315
62820930.6741168573 6.9235077962
64620260.2128845751 9.2169303674
64948890.9916136265 9.4663330717
65149364.2545744553 9.5812341822
65538810.1171828955 9.7940136194
65653979.0454302058 9.8153473139
65629265.1947757229 9.8142748028
65223434.0380547047 9.6595241949
63791546.2489785776 8.5388433387
62810135.1151025742 6.9073078608
62920636.3236553371 7.1808800955
65448562.7441187277 9.7739368975
65389064.7052156106 9.7564491481
65353953.8200237006 9.7307742983
64529913.6405164078 9.1453153013
63756259.8441679254 8.4919861754
63204443.1039725915 7.7293056367
63033419.2255837917 7.4028890034
67594187.2007443011 10.0253959298
67513884.4860465229 10.0110576004
63376643.6964461207 7.9957597696
63347575.6585217491 7.9475668364
66341794.6569262668 9.9281479716
66931343.5248496234 9.9856269658
67445778.2217823267 10.0029308796
66524831.9570446536 9.9586021751
67056178.7126715109 10.0028469265
66658849.9949688539 9.9803818762
65207148.6600917652 9.6425869092
63126810.5536680743 7.5697464777
65896999.4734552279 9.8685249686
65766703.9312381297 9.8471948504
65739140.7893633544 9.8469985276
65141677.0076498464 9.5719334735
65563470.1346179992 9.7963395268
63288526.0269015357 7.8648603639
63250763.5226336420 7.8201330981
65815351.8528403416 9.8489681631
63603964.1208942607 8.2635932646
63475479.2771701664 8.0796111977
63476005.9400133863 8.0808610326
63763249.2221297994 8.5193196883
64967661.3610979542 9.5076409085
66150572.0860066563 9.8994683176
63965146.6117244214 8.7171291157
64892334.3338714764 9.4251318453
65224067.8269672543 9.6671456769
65178901.1814833656 9.6420364454
66233327.2262367532 9.9119668603
66274758.2840774134 9.9266068339
65696771.2178048566 9.8265655339
64879998.1614180431 9.4095561681
64208038.5027483627 8.8960712211
65443690.9496754631 9.7584673315
65442897.8181661889 9.7580235749
63611986.6183313057 8.3198171041
63544828.0481851250 8.2053562056
63814696.5358437076 8.5544332819
63877195.2828943208 8.6046532498
64340851.2504161149 9.0108203102
64336162.1057961136 9.0095679570
64267424.4340145588 8.9714833411
63931027.0712560639 8.6765804343
66165315.3054618835 9.9007056653
63167679.8110093847 7.6675909319
65291611.3447087333 9.6846334264
64454355.7304945886 9.0878389307
62940132.9440914840 7.1979651225
63045123.8011685163 7.4673589380
63024245.1913533583 7.3353208868
64503677.6118274704 9.1022310003
66258277.3253903314 9.9166654199
66190075.0489271879 9.9023270905
63445928.2762345523 8.0681267076
63334844.8851609379 7.9062896104
64647314.5846117437 9.2420395989
64616327.0727896541 9.2156780142
63848668.5235586911 8.5640767039
63537597.6681913361 8.1885281752
63667110.7764356583 8.3761247925
63954177.9449053034 8.6971839921
66064317.2805373371 9.8859862238
66151308.0808345750 9.9000930935
62796781.1295575127 6.8576343500
63259131.2383304164 7.8339226724
64953522.5755164400 9.4895302309
64700164.4494275600 9.2754043270
64907020.2932575420 9.4342172212
66942656.5633921400 9.9871702492
64568852.8274942711 9.1722790230
64518666.9868924990 9.1446285664
63738393.9875331819 8.4309190891
65005373.3911748827 9.5085815912
64951432.2269874066 9.4819087489
66298372.9445759058 9.9275801033
62847718.6193800345 6.9538627393
64799434.5992275625 9.3704004068
63539571.3603554517 8.1955585110
63224580.1455652192 7.7408640651
63642597.6400822699 8.3665912382
64917817.0987570658 9.4644209994
64726471.2630497664 9.3278034258
64965676.3967209682 9.4950925818
64759856.5535607785 9.3529126573
63115571.6101909056 7.5598432233
63176950.4844632149 7.6785766803
62786001.7330209687 6.7441109418
66108658.4050334841 9.8953353018
64066780.4762978479 8.7893161541
64112844.3071579263 8.8416038221
63452008.9171687514 8.0781797027
64055826.8646787927 8.7619900673
64213371.5758212283 8.8981379612
62856252.0222692117 7.0342319508
65679586.5569271669 9.8247922212
63245243.5856237113 7.7672424471
66602142.2121722400 9.9593128711
66819825.6195739806 9.9808682203
66098273.2915628478 9.8928733468
66245193.7698128521 9.9150439948
64355335.3456983417 9.0207525768
64535237.6992639229 9.1547912735
64535449.0170432404 9.1700979549
65130648.2203525305 9.5597164882
63315353.8084086552 7.8905352136
63678303.1168416440 8.3917004697
62747648.6479318962 6.6180313488
63382274.9716659859 8.0010415548
63514896.7120011896 8.1541774556
65592515.5775676817 9.8087215275
63671958.6018158644 8.3846286319
64641023.1513802558 9.2295885388
64837431.1398783401 9.4085149793
64064346.2802499160 8.7696115493
64019988.8621066511 8.7445023178
63991270.5386519581 8.7172527395
65030948.4123149365 9.5149795836
63376627.9731131643 7.9738020385
65061811.0700159892 9.5406544333
65730976.8600277528 9.8394321948
63725270.3686127290 8.4272256128
63589877.2178713381 8.2480175875
66421525.8812147379 9.9485444725
64131771.6224190742 8.8697503762
64245147.8754338622 8.9340486728
62972798.5932806954 7.2522257777
64148690.7892945558 8.8943091439
63509571.6017281264 8.1437816250
63567218.3176589981 8.2133501185
63874339.5875836834 8.5982826160
63027949.8795183152 7.3817189006
65507392.4981986061 9.7929446846
64673594.1751402467 9.2598286498
63010885.6282394305 7.3351627040
63157570.6916504502 7.6140139957
64046390.4705578238 8.7464143901
62922726.6721843705 7.1885015776
65658470.6727567539 9.8245958984
65977526.7113263384 9.8831649423
64832442.8136588410 9.3844469367
64596490.2948089167 9.2121007893
63705343.8923268840 8.4097378633
64129768.7227139473 8.8673315154
62977781.0235866159 7.2670566790
62969286.7373788282 7.2263459085
62915947.1790353358 7.1796277424
64449803.7123508006 9.0549465645
63635367.2600884810 8.3497632078
63753659.0904762968 8.4646632572
63494622.3803350031 8.1244915652
62688588.7576956004 6.5056366755
63140414.0437962338 7.5967510621
63409654.1509085521 8.0076007700
63163618.0495811924 7.6227254812
64318397.4106986150 8.9958809890
64310005.6983093917 8.9739784427
64118079.7675435916 8.8475350098
63435940.2439169213 8.0551861828
63429160.7507678866 8.0463123476
65832846.7589747682 9.8618348241
64810020.0258344859 9.3825348644
62857958.0157561526 7.0453250666
62945547.1415059865 7.2169334551
65948460.8306334689 9.8691193312
65920184.1042301357 9.8688266128
63696805.5340881124 8.4026668451
65793342.5385307893 9.8474964947
65707789.1662714481 9.8295107782
63178696.9277941361 7.6938917642
63093114.3823499158 7.5482847949
62867147.4794120789 7.0954482906
63135724.8991762251 7.5954987089
65165229.7157375216 9.5968098594
65164927.0933091789 9.5964922411
65473962.6886180937 9.7753211185
64367905.6221432835 9.0359295416
63654940.2843888775 8.3742127202
63217905.6530434266 7.7407924589
63152881.5470304489 7.6127616425
63000952.8853070810 7.3172062418
62983658.9526916593 7.2683407296
62928886.2904675752 7.1972783876
62906284.0249176472 7.1395934594
62774122.8555908874 6.6774849466
62763257.7543055192 6.6773359589
62998954.5688668266 7.2809939605
63575716.0752605945 8.2298633724
63371364.7705374956 7.9523678226
