82308648.8023717999 999918.0117187500
82138607.6808471233 995939.0253906250
82180019.6693087220 998288.3769531250
78648100.0219956934 885689.6308593750
78901762.8337138593 898344.0366210938
78915416.1037575901 898816.6318359375
78657512.4086324871 888309.8574218750
78891272.5655295998 898175.6738281250
81894844.2923508137 992181.4736328125
82024705.1768997163 993963.4052734375
81844804.0711746961 992007.4902343750
81952340.3457731158 992641.7656250000
81595682.2334616035 990359.2529296875
81721809.0266204476 991241.9619140625
81624745.4556582421 990926.3427734375
81548811.0769731551 987954.6494140625
81584545.6328591704 990084.7578125000
81064381.8920530677 979371.3496093750
81572558.4667471498 988210.7861328125
81799106.5683398396 991912.1816406250
81222720.3907847852 981346.0634765625
81529690.8472093195 987712.3457031250
81396228.8426001817 986751.6933593750
82463843.7735102624 1000753.2363281250
82525624.2416431010 1000852.6435546875
78727358.4744953364 891773.1645507812
79021222.4478914589 903527.1987304688
78811051.1574107558 895743.4848632812
79683941.1919156611 938327.0834960938
79433802.5956055522 928480.4423828125
79510096.1783536971 930903.1225585938
77843596.9251815379 832203.6479492188
77598982.4776898175 816394.6254882812
77820024.9179499894 831582.7617187500
77767114.9385523200 828815.4345703125
77733871.2106437683 825082.8857421875
77654342.5156662613 823775.0180664062
77692302.3072786778 824184.6044921875
77848684.7953769863 833634.5583496094
77802864.5724401027 830252.8339843750
77900313.1137248874 833771.3125000000
77802727.5004727989 829454.7797851562
77792883.5247793496 829278.4714355469
77762388.4239965230 826332.9709472656
77616711.1243195683 819331.7507324219
77544569.3110306263 814543.6086425781
77593487.5686113089 815354.9997558594
77379363.2746018469 800864.6965332031
77529493.5211049020 813037.0935058594
77463360.4429488182 808668.2114257812
77634970.2914084494 819372.0603027344
77482432.4269933701 810185.5410156250
77651113.3521157354 823774.6196289062
80479454.3394395262 962117.0468750000
80901473.1674401015 974391.1699218750
80495624.9706752598 962580.6708984375
80961219.0623849630 975103.3164062500
80687300.4027385712 969305.1162109375
80629808.8230324984 968792.2148437500
80697835.9446666241 970499.9091796875
80508605.2796224803 963038.5859375000
80446160.1508044451 961338.7089843750
80958772.3597762436 974429.6796875000
81338857.0101329386 983756.7451171875
81173815.9909945875 980894.3632812500
81026845.8928682506 977441.5537109375
80967122.0650087148 975410.2314453125
81020181.2905021906 975726.6601562500
81125646.1776253283 980477.5683593750
81339424.1549514830 984403.7001953125
80810075.7948615402 973090.0156250000
81265004.9755556434 981458.3242187500
81284240.9117632210 981674.7500000000
81311910.0272131562 982551.6435546875
80828499.7410843968 973659.9658203125
81063971.2861732244 978649.2548828125
80373686.7611538321 958292.2968750000
80775108.7662557811 972285.5341796875
80390471.7811033279 959133.3232421875
80814979.4150895476 973438.4101562500
80748276.5599318594 970706.5888671875
80535913.5566879958 965099.5820312500
81023223.5386383682 977226.4003906250
80758166.5657286644 971512.4433593750
80755853.0431497991 971274.7529296875
80557001.0140514374 966620.4277343750
78991663.5377376825 902912.0576171875
78858884.0520205945 898061.7011718750
78343176.5015862733 865129.5053710938
78405086.8945700079 870571.6411132812
78294705.1253097504 861674.2607421875
78150518.9737247974 855051.1264648438
78064425.0169946700 847307.0151367188
78071811.5534815788 850948.1801757812
78296115.4476729929 862189.5122070312
78065123.9228866547 848568.1782226562
78138705.0598568618 851205.6904296875
78592629.2887989581 883120.8110351562
78315623.7115948945 864997.4458007812
78553892.6472878754 880044.5219726562
78425787.6864106804 874431.1918945312
78145475.0134218931 852795.4335937500
78282005.7375950068 860394.7836914062
78192498.4425647408 857054.4082031250
78294603.1313072294 861396.6708984375
78219932.2228943110 859985.1450195312
79701673.5402684957 938594.4716796875
80096583.0836568624 950757.6396484375
79978304.0151734501 947087.8681640625
79836785.5773644298 944122.6572265625
80330379.5432468355 958207.5410156250
80054432.3611429185 950496.1855468750
80323763.1432821900 957015.1962890625
80022734.7683289945 950434.9052734375
80111768.3647129834 952533.6894531250
80378561.6725957841 958727.5917968750
80149385.6054432392 953373.3251953125
80124666.1812841147 953364.4453125000
80428030.5472473800 960258.8447265625
80420645.6787811667 959482.1660156250
80097804.8528196812 950974.9135742188
80438071.2409094125 960821.2060546875
80411689.8433528394 959471.8144531250
80234187.4035793096 955147.2998046875
80253100.1795060933 956477.1992187500
80160313.7813829929 954967.3251953125
78600476.7422612458 883538.1005859375
78224123.2545060366 860388.4135742188
78347209.1862317920 865361.1425781250
78608508.4232824296 883700.1684570312
78570466.9745097309 881339.5454101562
78528204.2190733403 877717.1225585938
78423972.3734766394 871268.8823242188
78640540.4953492135 885591.2695312500
78458974.4110230207 877236.8364257812
78529748.9085156024 879756.0268554688
78755885.1905879527 893027.6977539062
78621225.8647430241 884451.2788085938
78363818.3786556572 867685.0522460938
78349137.3605504334 866931.1000976562
78926288.7951728553 901438.3632812500
79026183.4345443845 906042.6396484375
79110300.0765478611 909831.2011718750
79060804.1388212293 908397.3808593750
79382198.2251063585 923907.3212890625
78984829.8401477635 902455.6137695312
79022615.2883181274 904252.5839843750
79166536.6666668952 912595.0810546875
79375334.5880994350 923668.3530273438
79311582.3417260200 922708.9179687500
79544146.1427486241 932321.0742187500
79352036.9918627590 923137.3886718750
79181415.1159387827 914263.6518554688
79325088.6987740993 923108.8476562500
79268113.4650238305 920898.6596679688
79418191.2709314674 924055.7661132812
79542356.7199662924 931612.7890625000
79436993.4599051625 928980.8857421875
78916803.9174256325 899128.8725585938
78854638.0804705471 897527.0004882812
79540392.7341953814 931079.1259765625
79826359.6179631650 943911.1162109375
79707521.2019421160 939131.6630859375
79908713.8931263536 946451.1738281250
79886037.0908506364 944848.2939453125
79424188.0414523780 925060.2558593750
79985278.1939360052 947269.4619140625
79532266.1443775445 931076.7148437500
79802171.4861513972 942471.0126953125
79759884.8982609808 941803.9208984375
79754648.7027362585 940288.4882812500
79455945.9988946766 930350.7192382812
79588639.2793392837 938057.2353515625
80001975.4136814475 948260.6152343750
79088143.3745051175 908623.8403320312
79211869.6816046387 914969.1293945312
79090575.6494189799 909102.6811523438
79233925.3327676058 917531.2822265625
77282838.0776901841 794547.9614257812
77215311.4156664312 778865.8483886719
77903022.9465322345 834665.3984375000
77908509.0468400568 835530.1289062500
77978212.3086895794 841439.0021972656
77917050.3643697500 838119.3820800781
77746476.7693284303 826022.1733398438
78009600.5598027855 843515.2216796875
78053880.7191914469 845990.0952148438
83654085.1673291177 1011113.5146484375
83738107.5136389732 1011202.9873046875
83199161.8432506174 1008226.5634765625
82919520.3248891979 1006176.1953125000
81992562.0061869621 993154.7802734375
82128602.1604376435 995748.7714843750
82033227.9774926901 994543.4189453125
81956145.9337354153 993018.8310546875
82027403.9280584604 994478.1230468750
82052159.5836865306 995569.5263671875
82144177.7329136431 997786.8212890625
81937672.0751454383 992251.9531250000
81909693.0701272935 992215.6572265625
83456027.4561798871 1010264.8925781250
83160214.3714189082 1007601.4794921875
83120312.1142931730 1007459.0546875000
83585338.8833965957 1010281.9921875000
82363427.1566708535 1000396.6035156250
82802927.8047430664 1005442.2451171875
82835075.2497168183 1005754.9580078125
82752468.7188687623 1004880.9453125000
82598968.5787668824 1004373.0136718750
82568521.1578798145 1001334.4003906250
83297076.9884625077 1008232.7255859375
83131892.3872712553 1007494.2939453125
82996737.2887977064 1007309.3750000000
83179792.7921511084 1007713.9687500000
83361082.4527909607 1009188.8994140625
82959429.5805407017 1006839.3037109375
82253810.9139073193 998814.2363281250
