75395468.2084423006 949164.6562500000
75633544.3463490009 959355.1777343750
73110546.1751308590 736053.2829589844
75684450.6263992488 961899.8535156250
74729834.4836682230 901040.8505859375
74735765.5656723082 902004.8642578125
74595830.2057604939 893753.0791015625
77823869.7319034487 1033869.4531250000
76326255.2022123039 990999.3066406250
77656634.6674482226 1030364.1699218750
72771912.8065637350 663983.8334960938
74032534.1929891407 844733.2587890625
73290591.3620418012 763171.4887695312
73269864.9311474264 762234.4238281250
75220152.6325863600 939081.9541015625
75509139.0979198515 953917.7177734375
75393320.3165244758 949122.1523437500
75521485.8887049556 955134.7060546875
73504962.8392557204 791248.5249023438
73447660.7704405934 784417.0781250000
73327376.0991675258 771860.7285156250
73358439.2945713848 773604.7695312500
72967962.3131794184 705719.5463867188
73019030.4230633825 717504.1801757812
75784652.7323854864 967545.2470703125
74658823.3921679258 897011.6596679688
74422249.8520296663 879633.7207031250
76729588.3493106365 1007285.6308593750
73039301.1266237199 721769.8186035156
73087286.6399174482 733730.4230957031
72922923.1389183849 694686.2463378906
75154101.8452795744 929477.5761718750
74563546.5787520856 890125.9853515625
73049585.8623043746 729113.2687988281
77908300.5967602432 1034821.5664062500
74283665.1677847058 869113.0219726562
79239099.7820127308 1044302.4970703125
79251869.9763605595 1044495.3593750000
78963707.6287266016 1044237.7851562500
75541717.0648542345 958886.9677734375
75363356.2263654470 948551.1425781250
75444643.9899800718 951301.1103515625
73245485.8999566734 759550.6464843750
74722346.4415705055 899686.6210937500
75325985.8441650867 945880.2822265625
74232761.9836160988 866307.9809570312
74722549.3419352472 900129.0253906250
74752254.8913483322 902141.6083984375
75813568.5126922429 968983.0498046875
74723529.2765942663 900313.0478515625
74461915.8166961074 882551.1699218750
73397831.2273182571 777865.3588867188
78622447.9282811880 1043515.7050781250
77118728.8955560625 1019269.6757812500
78214629.8773733974 1039036.8603515625
75214475.5808673948 935757.6572265625
74777329.6311175823 902482.6289062500
77970238.9106552303 1036869.5429687500
73494191.0197072625 789675.8173828125
77546549.7888273895 1028538.5234375000
72848202.9116918296 679172.9772949219
72798362.2648111731 670546.3750000000
73408050.4049438685 781289.4731445312
78561950.9022404850 1042005.9521484375
74540618.0363825858 889894.6201171875
74522678.7510301620 887644.2490234375
78210868.9275547415 1038811.1367187500
78062152.8751119524 1037225.8789062500
75672497.0462367237 961516.2763671875
78353751.7191499174 1039966.5371093750
78129793.6548137367 1037594.6757812500
74939190.0908484757 917886.2304687500
74936675.6399989575 917501.9697265625
74580216.5812438875 891832.5976562500
76734368.6135123372 1008398.7783203125
74172417.9021107554 858993.9497070312
75058181.2464201450 925745.2265625000
74529629.5507905930 889041.9121093750
76646413.4757248759 1005893.6074218750
77708469.9735180736 1031747.2646484375
76044522.4870260507 980247.0820312500
74032848.6275541186 846224.7246093750
72818748.9666486830 671575.3916015625
72826809.4209096730 674463.9360351562
72840991.6515405625 675847.3686523438
72737852.5751133561 655829.1281738281
72836332.7549230456 675053.9951171875
74474664.7386377603 884032.6123046875
74498701.2096717954 885028.3955078125
72814209.2455419451 670851.8964843750
72746180.9786945283 659161.3093261719
72758338.0980374813 662811.9255371094
72777284.3601027727 667224.1657714844
74429010.2773112208 880515.4882812500
74367949.5190523416 876169.6142578125
72693078.4923744202 632225.1997070312
72718405.7287899405 640756.4406738281
74068454.7006379217 850183.1235351562
73972808.9685764015 840943.5263671875
72725262.6406662613 644278.8923339844
74363538.4165715128 875675.3066406250
74231783.8855747283 865261.2177734375
73979637.1477794945 841861.3022460938
74506508.0485573411 885469.4506835938
74121891.9346448332 854939.4443359375
74085239.4062449336 852155.4409179688
74213780.8482843935 861882.2348632812
74101789.9576862156 854018.6088867188
74279774.6686228812 867077.6821289062
72795015.1835216582 667975.7592773438
72882391.8627724200 684433.0893554688
72863552.5433005244 683212.8818359375
73516465.8714796603 794173.3520507812
73603105.8988866657 800807.8515625000
74055673.0533571094 849673.0488281250
72908928.4762525409 690090.6801757812
73463189.5622511953 787754.7084960938
73665709.9748349339 809642.9160156250
73574574.9826074541 800060.7841796875
73648869.6781649739 808220.3320312500
73645054.4722939432 806259.0478515625
73513139.1776190102 792022.8955078125
73716723.9182178080 813123.1494140625
75755561.2750919461 965053.5146484375
77628674.9626506269 1030095.5908203125
73638877.8849598467 805845.1518554688
73570537.5281615853 797418.7983398438
73511273.2279611677 791685.1362304688
73265148.8354988545 761744.5195312500
73284422.3320877105 762451.0380859375
77031826.9680020213 1015858.8740234375
76384113.4614093900 995974.2460937500
73630360.5816414654 804406.5546875000
76483485.3917827606 999575.5019531250
76340570.2861018777 992662.0263671875
76902999.7442647815 1011885.1240234375
77500806.6347254813 1027727.1552734375
77198184.2359100878 1020608.3603515625
72916726.8688166738 692993.3168945312
74073179.9156285971 851127.5395507812
76547276.6732867360 999636.3398437500
72887917.9089409113 687131.9865722656
72886072.5085134506 686165.5429687500
76427487.9259306192 997199.3408203125
76127620.2306301594 982638.6005859375
73228926.3966710716 756323.7041015625
77052642.1235732436 1018239.9248046875
75801068.3587825298 968106.2744140625
73642405.1049731821 806090.6601562500
73223841.0721662492 754949.0346679688
74404023.4005670547 878685.9804687500
76333557.5655359030 991327.8603515625
77329501.3965974748 1024224.3847656250
72891975.3914522678 688229.7019042969
76811586.3545199633 1011770.0068359375
77016891.5927173793 1014269.7802734375
77464165.7913692594 1027002.3750000000
72915592.1580809653 692557.7875976562
76474687.8043376207 998391.4462890625
73560491.2503699064 797398.0375976562
74434529.9621136785 881906.4580078125
76353895.2280014455 993048.3808593750
76148786.4030645490 983712.3115234375
76218035.2676119208 989549.8164062500
74303613.9353563040 870196.1918945312
76961910.5816073716 1014153.4355468750
76943363.6095903218 1014025.9052734375
73807725.3871292323 823971.6679687500
73702778.3613328040 812866.9614257812
74216816.2604109347 862072.5556640625
73709575.7952585965 813086.2832031250
73307199.3667230904 766812.7446289062
77218610.0323176980 1020854.7548828125
77740301.2072921097 1032328.8808593750
76447663.7651707232 997206.6591796875
76691917.5409190953 1006934.7832031250
75877688.6700488329 972489.2968750000
76363008.5259229541 995191.8183593750
77363192.2225116491 1024748.9960937500
73075521.5614807308 730925.2646484375
73192170.1117388457 750740.5541992188
73173432.6023866385 747265.1489257812
75892169.0131522715 972976.6083984375
76046142.8602724075 980840.6074218750
76168671.1859457791 986922.3330078125
77879120.8848309517 1034332.0595703125
75982611.8450123370 978262.0673828125
76584300.1331597567 1004435.0097656250
76419744.1700674593 996400.7705078125
76320899.0150224268 990996.4765625000
76560782.2118488401 1000929.3515625000
75740993.7533376217 964231.5693359375
73292785.7423873395 765624.4609375000
73959050.3693241179 840029.5571289062
75926747.3681432903 974071.7861328125
77705620.6141327918 1031482.3867187500
73838167.5124359876 826906.8603515625
73821894.6136481911 826218.2456054688
73722661.7256166041 816740.3154296875
78360398.3292069137 1041143.8437500000
77800129.8529136479 1033735.7656250000
75948738.3965711892 977612.5400390625
76286840.4704598486 990900.6328125000
73207170.6466160566 752081.1860351562
76257644.7938297987 989930.8525390625
76551612.9755826145 999954.3808593750
73772149.6208327711 820540.0034179688
73748615.4226793647 820388.6220703125
76459963.2300083339 998120.9736328125
76069097.5922577977 980903.6669921875
78827442.2774768174 1043523.0087890625
73896945.6757293493 833698.6079101562
75000493.8045775741 922772.5947265625
73114708.0651772320 738656.9509277344
73145310.0161193758 740921.9221191406
75029207.3357980400 923033.6923828125
73865197.1304294318 833281.4370117188
74956247.2119296789 919873.8310546875
75706280.0735153407 963767.9072265625
77692030.2072069943 1030479.6953125000
79476356.2600272298 1044571.3369140625
79512431.6418142468 1044659.3769531250
72928789.5119412690 695771.7624511719
77911683.3523600399 1035989.1445312500
72941256.7277915478 699118.4628906250
73379646.6134988964 774554.0839843750
75085626.7874336839 927506.8945312500
73776205.8021022826 822574.4438476562
73839432.8488853276 827309.7607421875
73864397.4738563299 830205.3037109375
73854222.1369241476 829978.7587890625
79876842.8862001598 1044864.3027343750
75123644.4225860685 928432.2753906250
75166109.0026245564 932081.3173828125
77446938.9190931320 1025306.7246093750
73035722.6039365083 718724.9238281250
73396274.4198679477 775742.7714843750
73392203.7113703191 775265.0214843750
75114585.2504533529 928343.3173828125
77450260.1092147976 1025483.8750000000
75318641.6251689345 941653.6474609375
73921539.5226812363 837151.8442382812
77866321.9392225146 1034327.8867187500
78597387.2174594700 1042123.4980468750
78337627.4836004674 1039520.7324218750
78227074.6502460539 1039369.3164062500
78845024.4482268989 1044230.4814453125
78469373.8504328132 1041279.6298828125
74889607.6602354348 913592.6005859375
74861116.8749698848 910389.9736328125
78503879.0817499757 1041858.6201171875
74872823.8193882853 910812.8378906250
74780410.3606361449 905572.4667968750
74866359.4936317056 910707.4150390625
74783955.9619122595 906314.3359375000
73074857.0340114385 730602.7270507812
77791807.6880336702 1032861.1425781250
77564530.0756999552 1028603.5556640625
74620467.6417791247 894832.1279296875
75918166.0441227406 973080.1894531250
75652426.3396944851 960459.9521484375
72955779.4989493042 701525.6115722656
72947748.9673793316 699961.3400878906
72960909.2514736652 704491.7143554688
72993922.2186421752 714554.7890625000
78157024.4826838970 1038771.9824218750
75827849.4278280884 970122.6318359375
75860004.4953831732 971201.2900390625
77401522.3667952120 1025218.9970703125
77611800.7614096999 1028715.6738281250
77264134.2122387588 1022051.8398437500
75295773.9471921176 940108.0566406250
75504780.5038723946 951510.6425781250
74936242.6724653840 917312.8242187500
75155385.4910506755 930997.9921875000
75213884.4526632577 935366.8916015625
75259151.1858981550 939769.8613281250
75324104.8299655467 942309.8857421875
73162623.9681031108 744430.5270996094
73185414.4808563292 747554.8937988281
77326234.7510880232 1022807.9804687500
77021413.2370400131 1014375.1953125000
75185255.4062687904 933507.3857421875
74689263.8073455840 898519.7548828125
74827029.3039140999 908420.1914062500
74677690.9194085002 898136.6748046875
76152596.9430866241 984115.6923828125
74038159.0199625641 847816.6157226562
74001201.1248090565 844200.2973632812
74041168.6602660418 848511.1093750000
74361277.3279934824 874093.1914062500
74313931.9765610248 872152.2607421875
74420781.7569328994 878962.2280273438
74228831.5595086366 863597.3666992188
73392658.9092649519 775637.2187500000
73372778.1599696130 774014.9487304688
73682725.5144647211 809993.9130859375
79762074.8043136150 1044686.7626953125
79270111.2853650600 1044563.4794921875
79136349.4042932838 1044298.5009765625
