99249450.8888202012 543280.6293945312
102484030.6269604117 744739.4863281250
99460812.4228681624 562395.5993652344
102771673.3087433279 757055.0434570312
102606637.0948726088 750359.5048828125
98232185.6442400068 364099.7810058594
98310840.7702490836 387019.1766357422
100351534.2195049971 636240.1457519531
99173080.5520094186 534154.9130859375
98288461.9701994359 383786.1180419922
103489842.1012016535 770303.9306640625
115247671.4447301626 834801.4482421875
101355215.9631114602 698451.6279296875
101448117.7043320835 699515.3071289062
109072665.6959805787 804343.1826171875
102667349.5941225290 754022.4252929688
102464883.1002204567 742575.2333984375
98284544.3614925742 382772.3519287109
98292590.2011792213 385162.1165771484
98250375.2218095362 371908.0312500000
98257573.2829561979 376066.2889404297
98271030.5401749164 380517.3397216797
99678237.2961724102 583532.1977539062
98646178.7726936042 458011.0341796875
98306823.3273089826 385696.9714355469
98569069.7634758502 445570.0852050781
99044805.7091196030 517701.6953125000
99706541.7367490828 587117.0405273438
99426282.1240199953 560628.1240234375
100079871.1383215487 616000.4584960938
101830628.6575830579 722588.0693359375
103151396.5717478842 768140.7138671875
100731181.1397425979 663489.2536621094
98389732.6627394259 409551.7998046875
98414425.7979470789 417517.9458007812
99489116.8634448647 565980.4421386719
101503487.1271555126 701530.4252929688
99017612.7638501525 515467.2225341797
102336940.7764743865 738853.3505859375
103657884.4543680102 776931.4228515625
99278658.6719814986 547270.9915771484
102296305.1127439886 737734.3422851562
103770836.7566915452 778132.3886718750
98457993.4607699960 425135.1145019531
99161553.6127695590 532526.5080566406
100904581.7558784783 674503.8894042969
98559075.6518445313 443131.9909667969
104058887.6988674849 785268.3349609375
99766524.8727942109 591045.1225585938
101754077.5793773979 717469.3173828125
98350628.7141455859 398604.3740234375
99954072.4985420853 606319.8425292969
98732210.8760410696 473666.9542236328
98310998.8103887290 389048.6267089844
98376275.4055207372 405100.7490234375
99689083.4008536190 583766.5048828125
99877908.0909615904 599991.4042968750
100811458.2849617898 670708.6533203125
102256119.0197541118 734741.9790039062
101907359.2647118568 728539.3081054688
98530294.5778796822 438618.1755371094
101669473.0253805220 713924.4399414062
99928789.3428240865 603202.2729492188
101191762.4214250445 693912.1918945312
100798001.7475922555 668419.2968750000
101116355.3751126081 690046.1049804688
102335639.4628927261 738050.6728515625
101598015.3096523136 709728.9516601562
102536947.7003378272 746503.9912109375
101250702.9511312395 695768.4272460938
101006123.0580477268 682910.1586914062
101524921.5259782225 706293.4487304688
100298738.4487000704 633796.3193359375
101114690.6679985970 684185.0908203125
113118345.0983088911 820765.4902343750
114539895.1720035970 833055.4560546875
99277755.3293969035 546865.4721679688
104351209.0475604832 785340.7470703125
98319740.0269023478 390884.5449218750
101577778.8010499924 708158.5043945312
102198277.7759886980 734577.4140625000
104230195.8493123949 785329.3935546875
101410176.4305693060 699195.0961914062
99693860.3647217453 585725.4270019531
101791675.5596157610 719783.9907226562
101679573.6964911371 715452.1230468750
99499112.1200982332 566395.7480468750
99800309.2101462632 596091.9160156250
98243913.9712476879 367039.9501953125
100336241.4264885783 634647.0876464844
101605759.5409299433 710123.7875976562
101794118.3887941390 720172.5068359375
102044631.0523605049 732601.0424804688
99223459.4949216396 539721.9033203125
102497994.6023705304 745989.2968750000
101828900.7653256208 721095.0078125000
101644712.6388972402 712927.8662109375
108150129.6483108997 801504.7099609375
109615836.6301614791 807335.5468750000
108257187.9501668811 803327.3261718750
99241710.0639914870 542869.3447265625
99287601.0481811017 548071.0859375000
100908378.4661696106 675209.7639160156
101459688.1586339474 700253.5322265625
99122064.7970920652 528116.6623535156
98711022.0132678002 470015.7879638672
98430515.2295811772 420200.0327148438
100563174.3969387412 652750.8752441406
98613296.2356293947 454371.5067138672
98621078.7956804633 454448.8486328125
99397362.3839987963 559362.9139404297
99626951.6184495687 577928.8289794922
100373466.7122977823 637956.8552246094
98477397.8888178617 428066.5620117188
99359535.4571163356 553099.6629638672
98396500.0520212650 410967.6489257812
99676183.9433144033 582977.3503417969
100755396.3408463001 664563.8645019531
102414474.3624377549 740520.6015625000
99586732.4709414244 576141.0742187500
98969907.7651764303 507402.4360351562
100156580.7588232905 623598.8068847656
98247221.3108235598 368843.1939697266
98924016.7809868008 502200.6948242188
99941745.2240143120 605325.4462890625
99744691.8961100280 589831.1352539062
99545667.1297447681 573128.0322265625
99517362.6891680807 569543.1894531250
99665668.6713129878 580939.2196044922
100211061.1291760504 626577.8356933594
98783884.8913939297 482349.6151123047
100960265.4409493655 675671.4240722656
100138054.0178210139 620932.6213378906
99270014.5045681894 546454.1875000000
99435905.7939271033 562225.3792724609
98509839.1967244148 436549.5551757812
98572099.9677957296 446597.2211914062
100100828.8121111244 619441.8894042969
101785353.3753683865 718431.1518554688
99137035.2866040021 530313.7006835938
100947436.9837691784 675393.7951660156
100090574.1396672726 616751.9812011719
99869146.1994467825 599923.9396972656
99383481.6176382750 558033.9636230469
99414256.9705220759 559661.2543945312
99418319.2503141761 560608.4808349609
99481718.4859230518 565955.2747802734
99984228.0807709992 609490.0422363281
112816326.1268277466 820234.2636718750
99165339.7271807194 533743.6284179688
98629777.1915086359 455936.1795654297
99776892.2924060225 592170.4302978516
100008574.9050703645 611999.4169921875
99931905.0900784582 603970.0515136719
99574253.3101198375 573617.1602783203
99266228.3901570439 544602.5778808594
99182926.2707936317 535515.4418945312
101004395.1657903045 681417.0971679688
100081077.9306658059 616044.1496582031
99630023.2316690236 579720.3930664062
100599684.6657276601 655166.4377441406
99936530.1676528007 604113.5454101562
102748287.9070168734 756092.1547851562
100780616.1697260737 666551.9208984375
99464210.2345037907 565810.2220458984
100419160.6070049256 642435.0925292969
100017517.2812699974 612696.8203125000
102196820.6120341718 733670.5415039062
102278746.0061523169 737544.3256835938
99209707.5303278118 538242.9665527344
98354756.9451253712 399980.3725585938
99314382.3077152818 550953.5256347656
99211230.7113703340 538945.3696289062
99315905.4887578189 551655.9287109375
101878522.2957958877 723734.0830078125
98194098.8958500773 352221.6942138672
99269350.4791112691 544923.6445312500
98372682.6910511851 401460.9489746094
99157901.9097748250 531822.6267089844
99208108.6224161088 537500.1047363281
98648761.2421964854 459968.1219482422
98753393.2443473339 477262.3009033203
99182288.7416446805 535067.7897949219
98819349.8979610205 487946.2303466797
98840532.2662672698 491214.4959716797
109673582.3123800457 809036.4023437500
98904301.7134110630 499730.2005615234
98526320.1526036561 438114.2280273438
100883783.2019598484 672563.6950683594
98434432.8382880539 420623.0788574219
98700435.2575493604 469168.4769287109
99073110.1496963054 521027.9008789062
114126263.3438688219 829992.0302734375
99982781.1051380634 607315.9858398438
99136848.9060371965 529876.0463867188
98452466.4148306102 423541.6357421875
99008968.5964368433 513984.6650390625
99058295.3499482870 519444.0930175781
99026555.1400497556 516267.3168945312
98798161.0351877511 484828.7142333984
98858782.8353371173 492648.8743896484
98836774.8335185498 489597.3939208984
99052057.1459586918 518820.0031738281
98776209.8499383181 481478.6776123047
98945199.1492930502 505468.9604492188
100794349.4388135970 667367.9431152344
98708217.8176004142 469253.3413085938
99503079.6899615675 567648.5570068359
100370139.9800020456 636946.0202636719
98994997.1162231117 512002.5332031250
98980664.1558601409 511065.5756835938
98811674.8565054089 487075.2928466797
98735900.2641164362 474765.0921630859
100692228.0417753011 660685.1750488281
98243316.3123898208 366843.2468261719
113529288.2361066788 825537.6259765625
98239398.7036829591 365829.4807128906
98214754.2142154574 360831.0026855469
113272655.5835560113 823993.4169921875
98236313.8752197623 365475.7795410156
98607564.9743628204 452193.8364257812
98659238.9897156805 461410.1474609375
98858621.4482906014 491675.4312744141
98212427.6251465827 359123.4177246094
98225884.8823653013 363574.4685058594
98435985.4589513689 421976.9628906250
98694703.9962827712 467006.7626953125
114493838.2686261088 830509.3193359375
98523610.6452774554 437535.3757324219
98449756.9075044096 422962.7834472656
100256110.9526460469 629104.1994628906
98201296.9569967389 356379.9519042969
98914748.9685100764 500042.5468750000
98971396.3433834314 508074.8652343750
98545304.2032915056 442146.1704101562
98565759.5844467729 444214.7907714844
98539833.9739213139 440369.2402343750
98471450.4655184597 427573.5781250000
98585613.7891133875 448852.2333984375
98632443.2252114564 456943.1406250000
98417001.4082635343 417945.0205078125
98465980.2361482829 425796.6479492188
100318169.9937976003 633952.3122558594
98333197.2841210663 395335.5957031250
98346711.1054387242 397590.6079101562
98368662.2906881571 400932.2109375000
100274361.5217158943 631974.9421386719
98373007.5141952187 401837.4326171875
100260904.9843463600 629685.5856933594
100586228.1283581257 652877.0812988281
99902396.8135197163 600248.9909667969
100717724.6023730636 661012.0983886719
100624463.6817313135 656868.7575683594
98916272.1495526135 500077.9804687500
100523059.8292871118 648998.3918457031
100982243.3326142877 676298.3452148438
109177726.1598177701 804829.5537109375
103501657.7466981709 772589.9853515625
100378260.7439980954 638538.2414550781
104585458.4642816335 789279.6054687500
100405704.0696353912 640145.7360839844
114364289.6139030308 830378.0458984375
103942363.1043762118 781911.9736328125
101002989.3924599290 679277.2460937500
110638854.5465389490 810294.4052734375
100991260.7473478317 678293.1523437500
100513134.3446840495 647987.5568847656
114033303.6201745719 827704.3261718750
100448694.2734069377 643870.9572753906
100593493.3586959839 654331.1076660156
114111888.5450678915 828100.9306640625
103997008.1877037436 782581.6601562500
98913268.0724760890 499787.8959960938
100365276.1959493607 636803.4680175781
107979418.7607438713 790724.7714843750
100475627.4906380177 645240.1267089844
98944009.8331298977 503991.5491943359
113023253.6655535549 820526.9052734375
111091791.7648592442 810720.0185546875
100207068.5051463842 625526.6059570312
100436674.3926707208 642683.3859863281
98671435.9799688160 463870.2052001953
100265640.8613633662 630805.2360839844
103916966.1766645312 778171.8339843750
103067820.7531720102 759829.4160156250
98728089.8493091762 473102.0306396484
100448535.5658625960 643000.5693359375
98684949.8012864590 466116.7838134766
99089567.0931592435 522581.2497558594
100197143.0205433071 624515.7709960938
98747210.5723577738 475347.8433837891
113155225.9946026057 821001.8457031250
98720414.8078535497 471713.3990478516
100123756.9743052423 619452.5288085938
99070360.2736222297 520868.6336669922
111736384.2302393019 814350.8710937500
111915192.8740682006 817431.9023437500
98535603.4202033430 439231.6845703125
98535975.2433696389 439485.0869140625
98557983.2451882362 442643.2385253906
