99251943.1747530103 525360.1522216797
101402454.7066907585 710642.0961914062
99148337.1181963831 510857.4943847656
100362113.3598702848 634800.1425781250
100353463.4968704134 634015.5854492188
100308323.2050922811 633954.1376953125
99063040.7872028947 503355.1828613281
105904499.3535833359 836136.7998046875
99920965.9699403793 601476.0590820312
98316484.8901472539 360775.1563720703
103487686.3835852593 796670.2031250000
103446343.3632554710 796635.5820312500
103701451.7065800279 802144.2109375000
103646395.3918511420 802022.8964843750
103490016.2548358440 798379.6445312500
99967668.7826736420 605386.9318847656
100654283.1543059647 661178.8591308594
100664481.1972274631 665142.1437988281
99529372.3520296961 563160.1047363281
103540697.9979152381 800361.9082031250
98484606.2906164676 407971.2764892578
98451776.5233975500 403181.2014160156
98513623.2151118219 413052.4993896484
98551218.5987828374 421485.5072021484
98550161.9829697013 418266.0952148438
98521582.2972459346 414497.7043457031
98458974.5845442116 406645.0737304688
102164513.6392110586 747158.7841796875
103199170.4708049148 787821.3134765625
100229248.3764101416 631217.5888671875
100450722.7665445358 648022.1528320312
98434622.7619414181 398097.8715820312
105195524.7557899207 831689.8398437500
99089309.6106598973 503650.3374023438
101267170.9705938250 700914.4042968750
99511809.8585774899 562581.3527832031
99533738.6381640583 566028.1175537109
104248234.4118599892 815282.7138671875
103211140.5805560946 789839.2978515625
101886788.4115684479 736151.1269531250
104559551.3566581756 822856.5859375000
102822572.7059165388 775684.2285156250
102539763.9113382101 764128.2221679688
101688028.1339111030 724178.5786132812
104520272.0989677012 822190.4208984375
103879297.7871196419 807379.7412109375
103928177.0093492270 809211.6591796875
102525888.0779627860 763526.9907226562
102503018.6085079461 762172.6987304688
101443548.8075063974 712720.9926757812
101578648.3811888993 721004.8261718750
101332673.8467636853 707546.6757812500
101369370.5740041137 709847.0078125000
103912493.6691222936 807746.6269531250
103849686.9128652960 806662.2919921875
103717422.3516156226 803242.6572265625
104055403.1307747215 810683.6250000000
101758095.4304540306 731440.3256835938
101932651.5700071007 737768.5898437500
101724520.7921678424 729511.6831054688
104720002.9233039320 826174.3701171875
102322055.9344112724 755302.9409179688
101280592.6974284053 701485.6440429688
98845349.2456257492 474123.2626953125
101752116.4973846525 730965.8237304688
101971425.7032685727 741272.0107421875
100774255.4541480243 670732.4711914062
100630747.8415791094 659583.3063964844
100513488.7299643457 655415.5419921875
104107281.3070187420 813513.3955078125
105682272.8114499152 835456.7900390625
101749371.7029876262 730708.5366210938
101552380.1975974888 719671.1997070312
101422530.4988102466 710879.7988281250
106066238.8697527200 836192.8242187500
98821217.2061867267 467427.3715820312
104680287.2653310150 826099.6230468750
100926142.4688870907 681074.3996582031
98621310.4209957570 434173.6077880859
102181032.6658442467 748799.3056640625
102891641.1314071417 778673.9091796875
102493137.0361418426 762017.2578125000
102364359.3863850981 758926.6040039062
102472753.4736845344 761896.4843750000
102889343.1987084746 778037.9560546875
99372276.9773408324 544895.4710693359
103331678.3527271599 794107.5078125000
103221481.9539683759 790272.3085937500
102781186.7183207273 775515.3984375000
98881178.7354322225 475687.2474365234
98821732.5867511630 470925.7821044922
104961173.6272435635 828667.2509765625
105105030.0502397716 830571.5078125000
101921059.0473345220 737341.5986328125
101964027.3497240245 738221.1835937500
101693621.2536256462 726891.6181640625
99957093.5359026343 604578.6931152344
99873646.6298076808 599198.4660644531
98574305.4513752908 421707.7302246094
99961914.2223757207 605134.8337402344
98393889.4732020944 388939.6884765625
98399272.6677834839 389541.9071044922
98348533.6526491642 375942.8831787109
98370840.3905001581 379788.0250244141
102744184.1107215583 771808.4824218750
101245857.7370980978 699893.7946777344
107139916.9029283077 838964.0380859375
104068317.9820627868 811923.7216796875
98901659.3854006231 481133.5195312500
98806511.0783226490 466852.0755615234
106091063.6069408506 837355.8349609375
101024380.8235677034 686104.8422851562
100761570.7050334811 668843.2048339844
100857791.3818038404 676483.8000488281
105348349.3291894644 833336.2353515625
105401112.4043263495 833594.0966796875
103322262.0327595323 792912.5273437500
100829573.9733267576 676217.0578613281
98389735.2548389584 380354.7801513672
98343636.8108297139 367714.7840576172
101865493.5152976066 734326.9184570312
103766302.9025851190 805861.6855468750
99190370.3248385340 518838.6572265625
104398913.6979650110 820492.5478515625
104345636.0795407146 819339.5488281250
102544298.1024355739 764383.9863281250
103109133.5657611638 787789.8994140625
99234916.6364644766 522856.1350097656
99164742.4542273283 516741.1252441406
100259067.7184281498 633297.8037109375
99152822.0411097556 516407.7629394531
99540359.4740730971 566911.6590576172
98259544.1222282946 340879.4329833984
98299806.0389427841 357259.3006591797
104262710.3533868343 817273.5986328125
106070987.6827867180 836645.4580078125
102253616.4194145352 751876.3261718750
98896439.1300264299 477635.0079345703
104094923.1446851343 812408.6503906250
98541845.1366112679 415424.4538574219
100377057.4366702288 641820.6230468750
100607910.3186625987 659319.6503906250
100402446.5177853107 646657.3264160156
103402574.2164044380 794810.9208984375
103257236.2751928866 792529.8398437500
103023357.8762437105 785145.9072265625
103065175.0571218282 785841.0263671875
102957392.2780093700 782679.8769531250
102778388.3014181852 773457.4438476562
99096507.6718065590 505535.6735839844
98974444.2780381143 490465.4403076172
99001393.5617554039 493282.1658935547
98592701.4907201380 428164.3570556641
99040851.8112665266 500240.9200439453
103923046.9897401482 808322.8027343750
98620719.3707402796 429762.3181152344
98663259.4089608938 439507.2277832031
100870959.2574444115 678087.7883300781
98572648.0029632300 421581.4039306641
102756287.6359010637 771963.9404296875
102830332.0324840844 776468.7128906250
99660619.8314430416 575237.6911621094
107229819.7517831028 840160.6484375000
98762853.9314923733 459595.5687255859
98695119.1942671984 447656.8201904297
104191349.1088051796 814032.2255859375
102693435.3188333958 770537.0527343750
100193989.1244026273 630167.8327636719
100132547.4923766255 626626.0002441406
100218759.6890992522 630654.6943359375
105055095.6836267859 829122.2119140625
104791061.6348124295 826674.6689453125
101488650.0818010867 715388.1127929688
103621886.9271179587 801034.8408203125
104103075.9306168109 812603.6728515625
100501359.3312603980 653437.1582031250
100584082.5790538788 658642.7553710938
103798949.2507120818 806205.2871093750
101235545.4553544670 699622.9343261719
99207467.7762977928 520699.4628906250
103909872.1495838016 807540.1767578125
104504919.7051052600 821396.4238281250
104854466.3543228805 828003.8798828125
98705589.0018743277 450400.4677734375
101042149.2810980529 690744.7397460938
101274421.2981824726 701385.0551757812
101097358.9745883495 693021.9980468750
99384338.0719817728 545010.5931396484
99363069.2258826494 541601.2000732422
101014664.7681640238 685846.3410644531
104035382.3821439147 810646.5244140625
99668734.6687905341 576602.7902832031
101745154.5409030169 729963.1269531250
98274201.2523005605 355434.0330810547
104638196.0119408071 823051.2333984375
104647166.4065284580 824990.4765625000
99944837.2344801724 604234.6804199219
99613153.8344438523 572906.5848388672
102726958.4268305451 770659.4843750000
98994134.6231123060 490543.3519287109
106723788.8144573271 838524.9658203125
98732805.1095637679 453446.0871582031
98655749.7752632052 436785.7966308594
98694160.9873953164 444535.3439941406
101813991.7966447920 731686.2119140625
101201616.3270100206 698260.3454589844
102434826.5106954277 761372.0058593750
106793685.4556245804 838919.7773437500
100289632.2905355096 633828.2758789062
98506380.7932457626 409805.2409667969
99448986.1089229584 551632.4343261719
98622607.6266946495 434973.6461181641
98578728.4881208539 424201.9259033203
99606829.8353531063 569466.8439941406
99235349.8826443553 523931.6105957031
99142021.3580254018 510811.7360839844
104598830.1751518101 822925.5488281250
98317077.3091483116 363932.5667724609
104988147.6669000536 828689.8603515625
98921284.1462437063 481573.0917968750
100929315.8534975350 681666.5104980469
100936557.4901515543 684303.2824707031
102232794.3171240538 750380.6791992188
101502686.0622668862 717330.9096679688
101827404.5435582548 732156.5795898438
102137290.6868079901 746761.3208007812
101159043.9586315751 696862.8146972656
101550692.7430205345 718633.5615234375
101442127.5997470170 712710.3085937500
98718726.7504834086 452984.5411376953
98803045.2527671456 464135.3737792969
101151890.9849007428 696269.1108398438
99881946.7958160341 601472.9135742188
98767930.4493785650 461795.3870849609
99449726.8545886427 553247.1048583984
99323957.1887749434 539069.3406982422
99351298.5985344648 539931.3475341797
100441302.5735539794 647519.1467285156
100035786.6046250761 612037.9150390625
99476166.8989505917 555753.7163085938
98679963.1363936365 442660.7041015625
101285904.0491394401 704290.2583007812
102084822.1750301272 744690.3432617188
102027281.8404563665 742243.8227539062
102253887.4411948323 752000.3979492188
98743147.1710808724 458711.5377197266
100895365.1755193174 680846.5993652344
100991694.9729468822 685743.2751464844
101033445.2073352784 688828.2102050781
99256489.5662986338 527216.6835937500
99321774.3857744783 536386.6800537109
99124622.3164268583 507346.3161621094
99394650.3537254035 549744.0198974609
104553989.4229330420 822810.2724609375
98967185.3393950164 487726.6263427734
99140538.2809795439 509227.0676269531
105571135.6956610531 834099.6093750000
99314524.2303509861 535923.6726074219
98870738.3267408311 474767.3317871094
100372562.0045049787 641352.8583984375
99767250.9868293405 585042.8066406250
99502196.3325575590 559342.7990722656
100052129.4713399559 613744.4189453125
99806664.4969510883 592509.6525878906
101971093.0155513138 738612.6064453125
101839922.7907133847 733305.1123046875
101624723.4582757801 724019.7231445312
106495033.0220902711 838492.2587890625
104249862.7430283129 815975.4511718750
100443699.2027513683 647774.3271484375
99461748.7780038267 554822.7537841797
99293195.1141387075 534998.7385253906
98933274.3113083243 481839.0318603516
104439750.8393385112 821021.2919921875
100003060.2132160217 611404.2045898438
100075203.6238567531 618084.2041015625
101598184.4372870326 721259.0874023438
101612431.3141543120 723330.0649414062
98936254.7540131211 484870.3394775391
99794074.5632375181 589065.8112792969
99793048.0537767261 587131.9147949219
100468620.2532719672 649297.5322265625
101472368.1058822870 714142.5048828125
100055509.6369750351 614596.1057128906
99834344.6709123552 594026.8928222656
101123929.5536033511 694051.2871093750
99492224.5207800567 557714.2507324219
100097809.3672527224 620907.3105468750
100183375.8143042773 628797.0703125000
99731767.0163005143 581618.6806640625
99789908.6750899106 586400.0893554688
99921823.6028656512 603256.9636230469
99345701.3545639515 539089.3559570312
100045606.1945648044 613513.9387207031
100786110.7137675285 674353.5310058594
101191470.3406828940 697447.0815429688
98664485.4006845653 441492.3142089844
106296546.2420094013 837739.8750000000
106440047.7128898203 838024.3212890625
99757144.1336948574 584457.2343750000
