141770457.0045924485 421162.5460828543
146603511.8088821173 552525.1778564453
148213062.0252055824 572314.4521484375
139445246.1914813221 294476.8660028577
139514707.6637578011 302673.5531069636
139944211.2123886347 330093.0125808716
140005841.3559880555 335464.2785298228
139883319.9971452057 328593.0773579478
142175987.9385995865 434786.2113516927
140498528.3522242010 362967.1846698523
148983605.4397582412 575693.7880859375
148490000.6858372688 573942.9985351562
146110599.8137801588 546642.4367980957
140231619.4203915298 347644.0626012683
141543101.2145552933 411816.0885633230
142500584.1431579590 449714.3901196234
142306489.7830587029 442902.7233117819
145782138.2234554291 539293.9830284119
146451816.0284997225 551153.2340087891
146434374.7411320806 550058.2310791016
143251310.5451830626 476821.6002764702
142018039.9822461605 430710.8109054491
142235290.2417148352 440203.8323205709
143593919.8180724978 486742.1570277214
142860590.6717548966 463027.0574145317
144927751.2658243179 523719.5466384888
144867457.1495022178 521869.2185134888
140447215.1709933579 361420.5339671969
143118026.3592803776 471368.0987010002
138951846.4166656435 251538.3710371628
138988919.8913424015 258709.6874205247
141949027.0243270397 429147.0190501213
147914482.6854925752 569169.2924804688
142715067.7691782713 457556.3371275961
139386512.2204640806 290935.6743001199
147985446.7184489965 570229.1064453125
148191556.9552515149 571947.3740234375
141193190.9826004207 395339.7818586230
142318686.9246466756 442987.7920603752
141089954.4369313717 392123.4052125121
142698095.7461079359 457047.0661020279
141358110.3371730149 404444.1910413504
141585299.0436047614 414020.5454572439
141664132.2193502784 418209.5380033180
139999227.9078506529 334800.6916157603
139972854.9636885822 332961.3387715220
141826841.8351060748 424422.7840633318
140748413.4165512323 374589.8208944201
145348574.7256227136 531428.6136436462
147826119.9299278855 568689.1239013672
146352315.7877325714 549157.8968505859
142466377.7058197856 448909.3616294861
142642608.1212796867 456765.6116569554
144510910.5020596981 511204.0812683105
139303261.3567140698 284672.6983157229
139322925.2262643576 286417.0652597547
149598641.5383460820 577513.0590820312
149525792.1756618023 577243.6689453125
143190350.0679456592 474603.8199152946
139202195.5995498300 276057.1309742953
145091101.3208742142 525027.0355186462
148280707.2776651084 572715.1337890625
145224052.3639122844 528240.2301774025
145710158.1760048866 535730.0489463806
147287890.2128681242 562936.9036865234
147433233.4121004939 564211.5247802734
141329888.3276883364 402421.1645201350
142840582.9956499934 462166.8142313957
142730198.3384386301 460842.7049784660
141117187.9154547453 393445.1985265613
141039307.5547049642 388663.0483343005
144141844.1723127961 502926.4489207268
143474024.0254470706 481825.0005412102
147094120.6158832610 561225.5474853516
144389950.0694816113 508372.3786082268
139280109.5821028948 283777.1682271268
144227900.6931715608 505471.1934871674
141027413.8642472625 388081.0812932849
140977815.5518817604 386547.0588323474
141620791.0363896489 416291.0095227957
141450632.5220310688 410418.8820813894
139493651.4429162741 300733.4949452281
144021929.9833511114 500951.3507761955
146799550.8190845251 555786.6073303223
148440143.7785751224 572880.4282226562
148631380.1059303284 574825.0390625000
140940179.9803568423 382474.6932712197
146801570.0098526180 556188.4606018066
141861843.3952428699 426364.5760560036
141870841.0370830894 426859.0399231911
149845133.5496006310 579501.4931640625
150014620.2208055556 579900.3339843750
150093611.1369840801 580591.8281250000
139559565.5996463597 304524.1851328015
144844415.5239711404 519704.3027725220
140247761.4781549871 349980.2927867770
141799555.7662924528 423217.5749063492
141699944.4783495963 419006.6553201675
143494436.1147633791 483800.2360911369
139102218.6870517135 267190.1547597200
138925912.2653093338 250859.6713301316
150411213.5209200084 581254.1191406250
139633851.5343184471 312857.8217036128
145898557.7861502767 540008.8964805603
139111147.7972849011 267906.2137990023
139990322.6696826816 334043.7063739400
139150747.4357728958 274297.2833202481
141551782.6147722602 413663.1380613948
146022318.9872347414 542952.0112609863
146047543.5438785553 543190.4455566406
140305305.8772941530 355399.8654788733
140650503.5677866936 369189.4990102649
145305470.3290883303 531404.6560325623
145759532.6682922840 538339.4615783691
140196249.4258612096 347171.4097692370
140239623.9242960215 348460.0690547824
140844858.6103504002 381171.5310453176
143053214.9926676154 471175.3242144585
144743580.9753521085 518724.8943557739
145175568.2306143641 526551.6541709900
145249927.1593112350 529073.0198440552
140475398.5358210802 362355.3790609241
141069139.2587706149 391108.9843694568
140963470.0813917220 384485.7264743447
140718306.0507945120 373765.4905340075
141822653.6055388153 423346.9173135757
141981035.1014348865 430454.1560068130
142413735.8792452514 447309.1983299255
141823410.8658403456 423743.3424844742
141675104.3595400155 418443.6602334976
142458443.5771945715 448035.0148582458
142428556.5317656696 448018.7993845940
142020063.6338733733 432822.8396635056
141714016.9803222120 420508.5300455093
141731288.3134247661 421002.9939126968
141597640.1665127873 414131.7675485611
141015635.9284867644 387231.0883179809
142354716.8213037252 445184.1034978628
142304981.0534967780 441801.1161931753
142094466.9528944194 434260.4181188345
141310918.0018198192 400516.8530729915
141394617.1279004812 406006.1701811458
141417911.9580715001 408533.4587415457
141546992.8516384959 412784.0744031668
141427422.3023884296 408739.0968641043
141308815.6425026953 399808.9425200130
141144738.6402535141 393594.3388616443
141016338.6458637416 387834.3032171130
142523570.9391643405 450299.4324781299
142191407.2550669312 437768.0004141927
139241170.6132131219 281490.1591976285
147976677.9752268791 570062.0681152344
140429807.1645834446 359170.8448192477
139249251.6763742566 282046.5964192605
139256326.8312281370 282412.7074383951
146537749.1619476378 552488.2403564453
150035590.9510779679 580445.6303710938
150347180.0425648391 580633.2543945312
144329412.1163749099 507424.4020457268
144377014.4531372190 508264.8932566643
143967189.3686597943 497090.5674204826
143979231.4634544253 497731.4430613518
144218363.6930373907 504985.0436472893
144016247.0490249991 498895.7582530975
140713269.5392934978 372377.3481771350
140530056.0855213404 365297.6799184680
138987171.0152951181 258582.4021727219
141269053.2480134666 399665.2331945300
141158579.9203210473 394705.6258403584
144670324.3254994750 516163.0205993652
144659129.2095552683 516073.7325134277
139506034.6921725869 302304.3337885737
139602047.9829302430 308470.7277333140
145900151.0005007386 541611.2983360291
145515447.2265930772 535008.9356651306
148457949.9016197920 573429.1215820312
139810196.2118839025 323610.4839333296
147962966.2778886557 569575.7529296875
140028269.7278716266 336350.6281391978
140156041.7408995330 343094.6068875890
149313206.9201425016 576516.3247070312
146287056.9147396088 548195.3929748535
145120284.0523406863 525972.6298904419
140789574.2172539830 378348.1695272326
140742653.5129694641 373903.2566854358
140781171.0439963341 377278.7046834826
140662834.6421090066 371539.1197225451
147089392.2501256764 559594.6824951172
145713069.1497212648 536412.7125549316
139478525.4883546233 298882.8262460828
139449649.4632214308 296766.6343515515
140240995.4710572958 349355.3461306524
140066717.9848658144 337382.5989539027
139396917.9213105440 293043.2483652234
143887977.6063131094 494927.9353098869
143928734.3060992360 495240.3709177971
143793624.3089171052 493627.1121287346
149574467.6960348487 577404.4384765625
149603561.2235884666 577740.7119140625
149793820.3528657556 577910.1347656250
149416425.6835587025 576694.9477539062
149393975.1157652140 576628.4970703125
139708459.7100076377 316686.1640498042
139743423.2424556315 317821.3727636859
139696325.0704911947 316214.4662789106
139669327.9374542832 315315.6180903316
143220583.7218996882 475755.2657160759
142959006.0685498714 468518.7488703728
138970430.5710343719 252280.2735583186
143955197.1236899495 496022.6389842033
139353292.4659775496 288621.2870071530
143556684.8765261173 486290.2966990471
143260423.3814855218 477284.5730319023
143225866.1620466113 475819.9225573540
144403894.3112508059 510101.3424510956
144714157.0489324927 516850.1992321014
144847401.7892306447 520277.5797867775
148078398.4559174776 571559.2426757812
147191080.2774509788 562877.5831298828
147232486.1768364012 562930.9090576172
146828918.8498246074 556950.6642150879
139204354.2837619781 277145.9558644320
146232691.9925404191 546948.5594787598
139230964.7556352615 279140.1210544705
143264112.1673513055 477852.0906100273
142904612.4136658907 467061.7678523064
148170780.4246004820 571616.4101562500
139624286.0616637468 309800.5887934566
139339309.9988014996 288188.7842968106
149225118.3983640969 576277.4931640625
139351452.9025686681 288442.1905887723
139091329.1554110944 267154.0606199875
139849271.5168209970 326286.1529566646
139544822.4936981201 302962.6112938952
143584771.3552947044 486430.7658152580
142553416.3471679091 452921.0003508627
142897827.9523152113 467002.3727030754
147616076.8432949483 566702.1740722656
139567184.1532298625 307558.0673090816
140511119.5101619363 363134.9617015719
145730288.0947177410 537831.7270812988
143618510.2253835201 488679.1261668205
146632114.3718262315 554035.5667724609
146095996.4344920218 545909.4446105957
145992198.6736612618 542345.8730773926
147037853.2599960566 559390.1651916504
142801367.7038168311 461434.6111140251
144893079.4834967852 523351.4733963013
149120217.0894369781 575769.9638671875
140233309.5244794488 347661.3369771838
140130296.7400211096 340828.6227437854
148029498.9481941462 570400.1716308594
147766877.3365016878 568018.9641113281
139766750.4389940500 320141.5498423786
139744431.8438961804 319932.4107691646
139020420.2233935595 259432.6039784700
141329230.0217453539 400737.1865096092
141062453.1284009516 388912.9121488333
139273879.1829108894 282514.8514943148
139213733.6331436336 277214.0345997835
139050069.9694835544 263968.8347899094
139040545.3975716233 263715.3475329280
139051101.2884386778 266263.1551024094
140716401.1658351123 372738.7810567021
140756403.8029870689 375115.7327168584
147356893.1576012969 563603.3319091797
147680502.8075348735 567044.1800537109
147718670.4363287091 567238.9407958984
147687870.3631769419 567145.5687255859
147341053.0564845800 563333.0975341797
148058129.6488432288 571279.5605468750
147900485.9705355167 568941.5805664062
147865967.5019097328 568869.3334960938
146872790.9877515733 557941.3639221191
146991210.8822276890 558446.1591796875
146951456.8898893595 558209.3918457031
147155279.7348690927 561797.6795654297
146430165.0429014862 549701.4939107895
146611761.7534545958 553406.5269775391
142589330.6797904372 452969.9399036765
145865468.2019319534 539885.4288291931
142864832.3250556588 464902.0871996880
142680891.0812793374 456942.5293006003
144365025.3469024897 507869.4943065643
144640659.7310711145 514638.9393749237
144598040.0361382365 513340.1063671112
144558540.4973644614 513296.3763866425
140139672.8962630928 342177.8927084804
144796093.3986029029 519458.0192947388
144314707.6016131043 505864.7758178711
140350156.2536354363 356607.0627757907
140374087.3605244756 357245.6274730563
143642083.9437738657 489022.1183543205
143570831.6923008561 486419.4290843010
143913760.7670534253 495180.6113963127
145593527.5878809094 535492.3897666931
145389773.4674866199 531475.0203819275
145056335.0925601125 524916.0827713013
143741277.6134443879 489913.8325877190
143478928.9405843019 483340.1854929924
