94600808.3868771940 67975.9773406982
92850396.4382703751 63504.8161859512
94321821.3178434670 67324.4585952759
94643319.0170534551 68083.2188339233
94597001.5872997344 67927.3838729858
94336732.7991578579 67353.0759353638
94293458.4384191781 67277.0125656128
89275593.2313690931 47155.2439618893
89383222.6595013887 47337.2811290249
95782747.7074361891 69959.9456176758
95953649.4060334265 70046.0955200195
96153118.1846876293 70206.6712646484
94010253.0697827041 66474.7670288086
94020954.7761361152 66594.6138305664
91392472.7898855507 58878.4453672469
93553899.5637855977 65492.6791305542
98117663.3721081018 71216.2960205078
98029963.9456383884 71150.2348022461
98782801.9080434442 71485.2622070312
98592317.8507482708 71369.7676391602
98384967.9561381936 71341.2704467773
98750020.7724503279 71463.1243286133
98602582.0601530373 71435.1980590820
98217762.9664623141 71241.9566040039
99394807.9915824533 71682.8188476562
99456054.0855512917 71756.5988159180
98986491.2017888427 71538.8270874023
100249030.0687552392 71863.1906738281
100042073.7990750670 71795.3834228516
99135714.8827762306 71573.8251342773
99374787.1254197508 71587.3925781250
98562134.4444649071 71355.1445922852
99163496.2773595899 71587.2989501953
90204205.2945945859 53463.7508840859
90299732.2922263741 54063.6273947060
92459197.4873307049 62432.5612421036
94835902.0260527730 68435.5392456055
94729749.1914703101 68362.8204193115
89611325.3120664507 48609.8728797659
89535399.8982231319 48465.7286339030
89558428.4375035465 48524.8929710612
89434727.2100733370 48223.1348164231
89474224.1633334160 48382.2194467592
95197189.8273322582 69235.7507629395
95219926.0428955704 69381.9087219238
94966468.9290778041 68901.5639953613
94847421.4889807403 68598.6062622070
90680176.7288075089 56262.4734634459
90885771.8122885376 57167.8040732443
93695019.9039126039 65671.1063499451
89270622.0854865909 46943.6338133737
89185233.2294877321 46698.4390686043
89414214.1880156398 47606.3095097169
89377331.7202150673 47292.2656192009
89053488.5986226350 44895.1170198396
89046053.5562541187 44814.2538449243
89178744.4948695302 45830.3955686688
89118625.5052453876 45788.1770035699
89306617.0147987902 47273.8510101263
89234715.3930891156 46699.9629593715
89870178.7634346336 50915.5447415635
90678841.9963006228 56101.6504196227
90246025.7317235172 53640.5945359468
90142240.0420674682 53403.1017991602
90204868.1343713552 53543.9229890108
90225626.0200846791 53544.2213116884
90382640.1020435244 54440.9431301355
90079584.7174912393 52761.9812455922
90341585.0379916281 54159.6783893257
90130228.2905578613 53236.5445375277
90318178.6224595755 54119.7496381551
89999268.9203292578 52555.1667600423
90344630.5987021327 54250.0152520239
89989157.2218777686 51813.8245009482
90350347.4244712889 54306.0028971732
90310704.9819922596 54108.0174328983
90261072.8789245188 54020.6430452242
90391133.2279952168 54932.4477152824
90369685.4757667929 54434.9577409029
90467585.9365771115 54953.1977708506
90588872.9347659796 55563.0657578707
90426849.8874157816 54933.9045945406
91450814.9535057694 59023.6262213474
91434700.5122857243 58920.5914895833
94072654.8852839023 66659.7281188965
94003266.2828227878 66448.4682922363
94193354.1523067951 67038.6302490234
91438288.9558788538 58961.1690581456
91503977.4227438569 59318.2794821873
91227000.7391248345 58435.6735442296
91472546.3912241906 59240.3437373638
93094900.2363458872 64227.0938377380
91365394.2741389275 58852.3626184945
92748966.7402321100 63111.9769763947
92987674.5662448555 63849.3486862183
93094006.7923045456 64105.5861778259
93348860.3418831676 64728.9299125671
93392189.3889169693 64878.8110160828
93047542.1147615463 64095.5085563660
93422819.7402111441 65000.7386131287
93119123.9469688535 64262.7613639832
92674513.3106020391 62911.0507011414
92846299.2117163986 63461.0704536438
92765316.4455259591 63182.2426567078
97065269.0052816421 70892.7442626953
96656134.6079767048 70587.0911865234
95888616.2623272687 70002.1686401367
94880465.6568375379 68712.4946136475
94724606.8079780638 68284.5792694092
95856845.0779418498 69968.1126708984
95985040.8786999285 70153.1055908203
95033519.0300998092 69046.7555236816
94911003.1907034665 68718.4112396240
94962468.9230736494 68811.7471160889
94847538.4067998677 68600.4872894287
94943817.5979863554 68759.0465545654
95409343.4830870926 69668.5452880859
95021856.6787316352 68923.7985076904
95549036.1304356754 69830.0579833984
95084382.0344764292 69068.3774719238
95286505.0617199242 69566.9425048828
95448948.7203728110 69693.4292602539
92693138.0577491075 63000.8158988953
92303920.1650265306 61901.0509767532
92654483.5557008386 62898.2109918594
92632330.0468094051 62841.2097587585
92686169.4605102688 62994.2243461609
92448496.3206943721 62386.4166069031
91456656.8645921350 59046.6244611740
95945435.9201378077 70014.2513427734
95970181.6195673496 70061.4797363281
95621897.3851267397 69936.3277587891
95499354.2263201475 69811.3532104492
95186890.2045447826 69165.9379882812
97065421.0364407152 70952.6836547852
97809482.2233116627 71113.4702758789
96393436.4895595610 70532.5018920898
97092440.7963533998 71040.1074218750
97844474.5657810569 71120.3103027344
97541967.2709273994 71097.7404174805
96951476.7985214591 70889.1704711914
96710560.6595519781 70729.3521118164
96733862.1664587855 70757.9865112305
96589459.0394776911 70578.2741699219
96225285.7841510177 70317.0303955078
96308903.6762646437 70440.2194824219
96097103.3892236948 70202.0683593750
90647962.9501089752 55926.7214863598
92807505.6987095475 63376.5368928909
92769681.8250126094 63200.6047897339
92353217.8175996691 62207.5518922806
92330960.3676525950 61970.7608232498
92425399.3312858641 62235.3001289368
92408474.4213765264 62230.8188037872
92049557.8679503798 61066.0751514435
91682446.6295515597 59885.6374893188
91537708.8317637593 59347.7477560043
91789904.1904313117 60299.5278186798
92015523.5691830665 60911.6854572296
92089583.4461988211 61126.4102573395
92153187.4162270129 61631.5315723419
91917067.6845179051 60864.9842395782
92224874.8772557825 61759.7251472473
93197667.3326673359 64477.3994657993
93439036.4906806350 65139.0254042149
93230662.0795520097 64508.1915113926
93173440.2070320100 64447.4061949253
93305407.3642882407 64725.7854139805
94408205.1943638176 67579.0115509033
93830819.5908395052 66075.4246139526
94066164.1038916707 66618.3407211304
94076003.7581489384 66816.6136932373
94544837.2563908100 67648.1637878418
94375810.6473544985 67414.5533599854
94083332.3616402596 66981.4089813232
93834549.8838892132 66288.4837875366
93584435.0103480369 65628.0300827026
93357435.3517046124 64819.3014755249
93399409.8504364789 64947.6686477661
93550303.9488606602 65289.4910411835
93572995.1370818019 65510.7532272339
93656239.7030525208 65642.3247985840
92326185.0586351901 61908.4545183182
92331001.4952820539 61988.2231438160
92500535.1070573479 62488.9234094620
92432349.7551352382 62332.3802881241
92733264.1961259246 63032.9020166397
92514128.7912475020 62555.9969568253
92544278.2032994181 62753.8741540909
92874070.7590518147 63540.4147834778
93727581.8555873185 66065.7829170227
94570366.0002953261 67762.9768981934
94570160.1971335262 67735.3526153564
94260538.2097682059 67096.2220916748
94290965.9089987278 67099.1952362061
93954440.4608005434 66299.6013946533
93716939.5961636901 65678.3500556946
93972297.5661930293 66357.9583358765
93290209.6517933160 64679.2948532104
93170497.4858386219 64286.1647377014
92933647.6989919245 63662.8558845520
91457347.8005986214 59126.3364470005
91382872.0406872779 58865.6147035658
90601011.6867183745 55692.3434102833
90556824.3909943849 55296.8396694958
90640534.5179243088 55881.7540426552
90642341.5722548962 55909.9191363156
90805227.9668558389 56812.0828384459
90471216.5541471243 55253.0812459290
91268001.9286796004 58504.9985446036
91542476.1550607085 59498.1799950018
90906753.4714579135 57308.5956038237
91174134.9622433037 58382.6491721287
91155331.9082344025 58164.9863291269
91135768.5133161545 58133.1352060139
90970140.0687447935 57624.2504213154
91201903.3478947878 58383.6495001018
91090386.4265168607 58078.1121614277
90756435.6111606807 56573.4666793644
90918007.4897572845 57471.5069673359
91342175.4027560204 58728.4966376722
90936892.2794351876 57478.7972891629
91314495.1074648201 58639.9751104414
90768717.2347483486 56790.1528494656
91307530.5171681345 58584.2946113050
91011035.8462297618 57816.3541049063
90618878.9324794859 55746.5713420212
90754953.9321481586 56271.3383902013
90829745.7275112867 56895.5628703535
92100395.6763654351 61405.8609819412
91708664.2735779881 60013.9728775024
91847631.8558249474 60785.0343828201
91630840.9210333526 59832.6681672335
91775356.8026356995 60262.7246446609
92042493.3899432719 60967.8945270777
91714099.8850746155 60093.0685192347
89689920.4708499759 49387.1515986689
89917699.1209793240 51352.6093010713
89995261.7629494667 51839.2230466318
89903951.7771711946 50981.5963672113
89917681.9823153764 51196.3930972528
89703919.0756416917 49418.9224858053
89793646.8632080555 50857.9736535188
89614163.8873916864 49350.9201199647
89708303.5440310538 50301.3758866426
89914915.6509041488 50983.7698342439
89768123.9645394981 50794.6959162068
89826302.4609814435 50884.8139168855
89754784.3503406048 50777.5043809053
89998076.3767093122 51866.1886657190
89924382.5010956675 51780.4883816552
89893056.9931175262 50921.0995915246
89901699.6757290363 50929.3067219567
89687414.6275392324 49384.4406234988
89388766.5455064178 47589.5805629082
89426000.0761204958 47698.3605616875
89184451.2094288617 45945.4739535637
89606064.1787737012 48526.2319300771
