117358286.3795959055 8006.8068914988
126469795.8852375746 10263.6132724882
124891879.9110997915 9870.4284080499
122765172.3935007304 9453.9775529778
122360803.2611302882 9342.2163463444
125906743.9028577805 10097.9725770187
125353207.4086551815 10014.4090719223
130177715.5526631474 10955.0515639819
115560904.4700839967 7093.1457828623
118539071.6324876398 8315.5596061869
125224706.5319337398 9953.0527175896
124320485.7580443919 9772.9890785173
128918286.8793888539 10731.1844005641
130032131.5022655129 10918.5739065707
119336401.2184800059 8503.3454461243
117785864.3801712394 8113.0480462995
131016966.5717642456 11093.7250143588
132312359.0855338126 11257.9392356873
119423751.2530858368 8543.1784257501
127959680.9560580850 10547.0480141696
130468482.4149829298 11005.2186857760
126422192.9031709582 10234.5498208236
116767890.3145969510 7718.7711302694
119903545.6843591332 8656.5111366510
118490379.7076021284 8307.8687095940
116934780.1274434328 7818.2854703947
127130904.9035352916 10382.9677897096
127453038.9719232023 10455.0008211733
127606385.8964685947 10470.7322359682
126915347.1934629679 10326.7668483854
127032208.0133003891 10367.5801842811
124206096.3821485043 9742.8585748263
120610114.1038113981 8885.6556523242
126966734.1176103354 10336.8176618293
127624466.8095953166 10470.7961307170
129856580.6446794420 10879.4559196960
123580597.0644763410 9602.1119612133
126982497.5948149711 10345.1087973744
121033348.0633053035 8977.6054125574
131705688.6610243618 11142.4843845367
129057892.3294171989 10734.2284717616
115674087.4183390588 7093.9958873135
117600726.8493848741 8020.2538481069
123153032.8052514791 9520.1413302630
132088675.8835947812 11256.6298789978
120448125.3011814654 8847.6456917999
117146298.2560656816 7930.6369566980
131868259.4905634075 11192.2435073853
115967537.5203350782 7313.1185836056
133874821.6012750417 11364.6700096130
124609711.9379133731 9808.9844734439
122859026.2518138736 9454.4707366531
133569616.6297129989 11361.8126983643
117340205.4664691538 8006.2725030867
131498669.6017602682 11130.4452330172
129360431.9992867410 10809.4006190537
124172508.5338845998 9739.7924890108
117629210.8503526151 8084.6267914696
131393159.3883006424 11120.3627440035
118293160.9932755977 8236.1215275824
129088890.7386319339 10734.5339031276
127861714.5335249603 10509.5402609287
127866797.8887687773 10517.2172361789
129647315.8097047806 10838.4376239833
131221534.4403913617 11107.7054367065
132586845.9343533665 11285.2551460266
124100290.6392506808 9717.5080816789
126136615.6142035574 10135.9955783561
116089410.8576729894 7483.4409023374
115764068.9156365991 7235.0412771297
116857436.6101306230 7817.2340773117
121371254.6638371497 9078.5658565372
116412508.7161669135 7631.0073538137
125969471.3006836325 10123.9746621253
125951390.3875568956 10123.9117458463
124156168.5545450300 9733.3591345467
116963681.4188983589 7820.8989948047
117679658.5758855492 8101.6064168898
125808630.6679981500 10092.5993247270
128894551.3095561564 10697.2828210564
115969766.3299199045 7415.8302422315
129983648.3245358616 10917.4857324194
128451464.3365802467 10632.8039451987
123295918.5291926861 9540.7083572761
130523992.4824819416 11021.6798195373
130486563.3281096667 11005.3027368821
128368463.3222419471 10618.1711967701
116139756.5681795478 7520.7041204941
116998312.9653006196 7885.4698894491
116799500.8310382515 7810.2258833420
131564537.1548630595 11141.5895811617
130890450.3375129104 11090.2482649386
129536688.4041295797 10830.8016899342
132647326.3283198178 11300.2149009705
120202908.4802117050 8750.2275123306
129191768.3574678004 10737.6214923915
120134657.9039997458 8724.5264234543
129423561.2139495015 10824.1720790920
119496756.7537540048 8563.7218916019
118364873.1380272508 8273.3004173346
124915525.8441637456 9891.4741379967
116550000.0860870034 7685.0251133450
118338206.1403516680 8272.0173210211
119478675.8406272680 8563.2974033117
128215354.4594597369 10592.7059001327
128537488.5278476328 10660.4138888717
131920812.2350241542 11192.2962570190
123245037.5203495324 9539.0109871304
127181838.4445004612 10387.4021556974
128233435.3725864589 10592.7726016045
129683278.2706420124 10841.6302917600
129518607.4910028577 10830.7318935451
130277748.9746296704 10955.3824753296
118001443.7960676998 8150.4564552084
132040632.9866854250 11215.0799827576
127832443.6720286757 10492.6194332243
128885452.3198556602 10681.2674044967
127471119.8850498945 10455.0647159221
128437831.6098688990 10632.7449792439
117136736.8617706895 7927.5840063405
122193341.1744313389 9294.1825437029
118160401.0643644333 8222.6422948813
128555569.4409743547 10660.4805903435
122242693.9640881270 9297.8956860979
116347101.1603130102 7582.1393704694
117264517.0096352845 7996.1087400404
132034079.5256240070 11210.1736030579
133151303.9514321983 11321.6253204346
135132993.9457974732 11380.3888244629
123938110.2797912061 9684.7801363280
118653230.8773254454 8355.2250243279
120202294.9619024545 8743.1892095791
127857181.4821498990 10499.4218556117
118267822.6974235773 8233.3331356797
118310831.2820838541 8244.2046805474
118869935.0156866908 8398.3412200066
116329020.2471862882 7581.7216201406
130117462.1767206937 10926.0463023186
127932510.8944256157 10528.3500782680
125111492.7637738585 9924.7516460557
119829900.3056425750 8652.4804250457
120184214.0487757027 8742.8903655716
131740159.8264462799 11180.5984907150
120144892.1517145187 8728.4988805510
135984757.8663375974 11388.0262031555
132653879.7893812358 11305.1212806702
123961159.3805430084 9694.5106667261
131151414.8930100203 11097.7979119420
118763642.6792627275 8378.5154495987
131133333.9798832983 11097.7281540036
118478940.9536360800 8282.0712114128
127986937.5098825842 10551.0204463005
130083607.8131014705 10921.3199667335
129805501.5508569628 10865.2015432715
126059197.1930971742 10134.6218555570
129913323.7120301872 10913.0995458961
119693879.7719236761 8631.7894897171
118773379.4058256596 8381.5368939194
132701462.0975189060 11310.1896095276
118745842.2727992237 8363.1231365952
119847981.2187692970 8652.9080311357
127927276.1438928843 10519.6457419931
133414190.2999768555 11337.1758117676
125151279.6058593839 9938.4000377794
118570945.3130590171 8339.0677471909
119711960.6850503981 8632.0879942165
123506755.3710099459 9593.4708330443
120068278.7425180525 8701.5265502640
119276660.2710730731 8501.7626301109
120086359.6556448191 8701.8250547634
118963685.2766859978 8429.0444752037
127269610.0668385327 10417.9787746035
117888989.8046142459 8116.0455785481
128537252.8269462138 10652.8777713180
119184200.2825793624 8475.4195465161
127014127.1001736522 10367.5169933439
119827991.6371679306 8634.3314596018
119464518.2818316370 8545.7236800989
120843055.0725426376 8945.0063209535
130390111.8062710762 10962.6181664001
119384742.3985374421 8541.3717528342
119224450.8465624601 8489.5492032406
132708015.5585803390 11315.0959892273
118981766.1898127198 8429.4689315869
127566448.6397994161 10457.8660735024
122060094.5057114810 9272.7738748380
119446437.3687049448 8545.2956925391
127542171.7946730554 10457.4882190673
130396665.2673324943 10967.5245460998
127701310.3279229254 10489.6347972053
128023444.3963108063 10561.6678286690
118945623.5225128978 8427.7122982325
122488927.6413465440 9369.3511701413
127584532.5245613009 10459.6939647096
120799513.2302610576 8928.2433334562
131722078.9133195579 11180.1752119064
119518504.2907853127 8574.7859101195
129206457.1467026174 10756.3008456230
133420743.7610382736 11342.0821914673
136021211.7281505466 11391.7365989685
124642746.2836210877 9841.7485224867
119979118.4360293299 8683.8542629777
119191146.6475882679 8481.3196745872
119054938.2107831687 8459.5484922071
120690935.8462413400 8914.3151565763
120956950.5960805416 8964.7321550548
122379469.3849947602 9350.8520011017
122721437.8609720767 9422.2213809192
120590269.1822472364 8872.5537037179
121648632.1498849690 9156.3458238190
122277547.6436866671 9329.4617804821
120251463.7344013453 8783.8630708648
116694734.0621887892 7696.3872661050
122044819.4284638762 9265.0854834851
124439771.4222770184 9798.6912175715
117115350.6376623958 7892.9596844401
121673256.4742002189 9169.6646474384
121842385.3356972337 9240.9481581982
124819992.0873732716 9863.6186732034
116670238.8640015870 7692.4898801129
119381544.6677572280 8526.6419074303
121234936.0815859884 9068.5347025002
121569388.2938159257 9149.6260911235
120301934.9896786958 8796.6195253325
123629804.6993140131 9611.4994093223
121605055.7787721604 9152.8042552706
120332194.3137639165 8805.0375557272
120115658.9621084034 8722.0692713968
120246724.6453961730 8777.4132799102
130836721.8819041699 11038.8104241490
121944307.0770053416 9262.3298796722
124700671.2522366047 9860.7777997553
117508278.8471005410 8008.1014262041
130812726.6637251228 11034.7509225011
130838886.0367745310 11049.2691414952
120686553.7950615585 8895.4676492527
121436209.5342694074 9124.2927844759
121402621.6860054880 9121.2266986605
123869086.9098679125 9681.7464773698
122995904.1621867567 9469.5540721124
124206126.5600513220 9743.9226667924
118028952.2830325067 8181.3249786142
121112556.0831418782 9035.4224727388
116720450.9470866024 7716.9114241152
117521326.2145953327 8009.9474588502
120803122.5573905557 8936.5505039396
121550211.2954557389 9140.5658099886
118014702.7293110639 8150.6723290067
126206661.7967952192 10179.1431381013
121770314.3488690704 9192.5966104461
126170216.6099875420 10161.8117006316
123002781.2979466170 9488.9301031200
123753579.3205004632 9672.2669975801
126339232.6975515336 10211.3195430879
121183489.4333902895 9049.6224849459
126597730.3731153160 10267.4408924226
120007135.1740857810 8697.8619226409
123850020.9928726256 9676.7618382020
123749897.6807319969 9649.2571336186
126710572.4257157296 10280.4296822548
123381867.5388951153 9579.5946042245
121499452.6377206743 9129.2873752352
126608913.0734786689 10271.6304447297
120772298.2856576592 8921.0442493196
122146001.5860364437 9275.5574095218
117921182.1747183949 8117.8912323660
117617628.4158622324 8034.6373761172
121078261.2191347778 9011.8365009066
120994915.4243600070 8972.4794389018
120929854.4740071297 8953.1127587252
121085434.7820198536 9012.2811262576
120860523.8277469426 8952.1674767742
123521544.5612771064 9596.2260021716
122614843.3192372918 9404.7846650630
123588697.0236352682 9607.0383640006
128810842.7692541927 10667.4300759882
122932930.4029580504 9468.5523538142
122294999.4167380482 9331.7221538578
123174760.9125848114 9520.8847322017
123943734.4534174502 9689.2302553058
122692627.4751213193 9412.1979646236
123232189.4080302268 9528.3549717470
123359873.0940278918 9561.7304887325
122613086.5004588217 9395.4898426090
123432278.9996033758 9589.2698431760
124581511.2222864926 9805.6653688904
124551733.7958358079 9805.2813450228
124591009.0224994868 9805.8694072962
126885422.6226438135 10311.6777127981
125680610.8180131167 10050.5025522113
125749241.4497500658 10050.6460621340
124995476.3812169433 9902.6539365036
125550119.4272544384 10028.6023822283
125315609.4620821178 9966.0339656328
126107166.0551387966 10135.1474733940
126048409.9094203711 10130.7975637913
128850529.7651805133 10673.9588505154
125205046.8561543971 9950.4491842752
125340912.5979513079 9976.7079759035
125769540.9899284095 10063.1307816897
