108299182.2887522578 2034.0475664297
112714653.5269180387 5284.0420925915
109569304.4980965704 3676.5275006294
110342785.3910894543 4187.6380195022
110922723.0779471397 4513.9604873881
108318231.4758273363 2262.8204108775
108799499.7860923707 2890.2331805937
112198392.0482868999 5115.3384594843
109819085.6620230973 3851.4169636192
112588910.0305541456 5254.5037794635
111411238.8582555354 4765.6056707702
108309137.2756755352 2047.8222789923
108493928.0869901627 2484.8888010507
108353753.6550017893 2263.1516010886
111496506.6224088669 4798.7762836418
111985721.2952121049 5020.5359415337
111477617.2758558095 4782.1593499109
109369766.9602289945 3455.5706401119
113819259.1596613079 5697.9287152290
114181586.2316108346 5815.3734817505
108824808.5556539744 2904.7692462566
114275916.4720073491 5862.6684722900
114259337.3686172664 5860.4895858765
110147239.9474518448 4103.4380083308
110300533.7663999200 4187.5035388172
109155578.6570644528 3231.8217036666
109055857.2422361225 3209.2167308272
113032190.1590416580 5421.9415078759
110385801.5305532515 4220.6741516888
108316734.4423839748 2047.9767533704
109064535.7159164697 3211.0861020626
109716161.6114300489 3780.1834920133
108394143.6569530219 2358.8939857558
110232507.7116051763 4136.6086212024
112868075.7750568539 5354.4345501363
108419948.4110024571 2467.7589140013
108423500.5051147044 2481.7281341627
112293636.9087084681 5158.5683966205
108401504.7119857818 2359.2377407676
109107166.8214399070 3216.0704279707
116680474.4750435948 6249.2329673767
108392089.0584468395 2358.5058423579
110937642.3015251309 4516.5867738947
115370500.2155578732 6123.0663404465
111739700.6380419582 4907.5407186076
108527685.7115061283 2490.4355860600
114193893.9696134031 5824.0302238464
112929169.6233812571 5383.0068611801
114048052.5454381704 5792.4369163513
108953460.7499216795 3018.4854310813
112208369.1445551068 5125.3977837488
113856042.1479757726 5717.5038681030
112812744.2158167213 5346.0888874233
112893150.8282486796 5378.6787132919
112546761.5922888666 5240.9468459785
112031581.6448358595 5024.1145482585
112445660.9875480235 5224.1670366302
114780638.2527126521 5997.8918323517
111462698.0522777885 4780.6932544634
111473067.5624144524 4781.2221571729
108856583.0728264302 2922.8793798821
112992931.8984616697 5411.2486591041
108883525.7074992955 3013.2280641930
112530722.0635757297 5238.1753672659
109494439.9358378351 3607.7852998028
113026565.7963230461 5421.4598674476
114847636.8455236256 6014.3567128181
112842018.1786836833 5348.2338657081
113376104.1198571473 5549.6503681540
111244986.2745040953 4656.5912443027
112572333.2614388466 5252.2984828651
110140434.3229593784 4069.9726672396
111869054.5806996971 4983.8302497789
108720550.8201016188 2788.0722360656
112615989.8277290910 5271.3459801376
108857432.0581446439 2994.2453354696
109652642.9172049910 3741.9498273060
109518847.4791227281 3646.0051484356
110464451.0451752841 4272.5449278876
108846187.6088171899 2909.2843719274
108597121.4783407152 2605.6512882089
108970214.0428951234 3099.4128317725
108992380.1583422571 3112.9834189307
113931212.5605607927 5744.6727079749
108814561.6525949538 2903.6476715902
109040796.2878606468 3208.8480408121
110469850.2656159103 4275.0096721873
109870208.8843823373 3897.8940687403
110459873.1693477184 4271.0638395771
110038464.1500151604 4012.5521377921
112320681.4779281318 5180.9370994940
109048496.1872033626 3208.8729758154
115364623.6693617105 6121.2364273071
112360393.2233946770 5190.9964237586
109542101.4112178087 3647.7181040607
111335090.8783121705 4713.8546968326
108534004.5871381760 2578.5652316883
111269353.7707689404 4667.9658683739
109276700.8721967936 3351.0652019907
112478940.5648103356 5224.6398926377
113519297.0804485977 5595.3508048654
112036838.0472683161 5039.0489283130
108477888.5582770407 2482.6756748036
109676174.2924772054 3743.6534869038
110424686.4296567738 4239.7671248480
110188851.1453149170 4117.5611239299
110062673.9100290537 4021.4773283824
110281540.2357162535 4138.1956647001
114669961.6638989449 5970.9354043007
108679406.0127811432 2704.4793333821
108623289.9839200079 2608.5897764973
112425306.9022518545 5195.5330711007
115334352.7075723559 6119.3021965027
116646840.5771821588 6239.0217590332
112046815.1435365081 5049.1082525775
111493728.1629346460 4786.6683127938
111929951.4270330817 4987.7011495158
114835652.6746372879 6012.1778264046
108744007.2625796497 2796.0234855823
108402044.0453701317 2372.2805549205
114252428.2478607297 5838.7144036293
115766066.0497941822 6219.6410903931
111319242.7847110033 4712.0482469425
111357642.9485688359 4716.1613641605
113102153.1165831834 5455.7889084220
112435683.8912798017 5214.1077123657
111199725.6637112498 4640.8079515323
111098095.4459085464 4604.3945527896
112076927.7210073918 5058.5967526361
108520135.0342135727 2487.1703316396
114657977.4930126369 5968.7565178871
111189748.5674430728 4633.5931430683
114644773.9248056263 5963.7851009369
112392027.3249895573 5195.0602150932
108569848.1702636778 2583.2541271871
108710310.1918958724 2716.9356513663
110679560.3458668590 4390.5235004649
111279884.9856944829 4678.1807471141
111137080.0339324772 4611.1565872058
112169278.5927781463 5098.3374739215
111082861.9472078681 4582.2453642711
108763195.7739900351 2798.5241214929
112131356.2634978294 5097.0831442792
108572182.0035807043 2590.4795459919
109283313.5430049896 3440.4223800264
110017414.7095528245 3973.2805842981
109219610.3068937659 3349.0142835118
112764220.8419618160 5336.5332218548
110090833.3546618521 4055.9958243594
110906040.0790651590 4499.8814809197
114414660.9289912283 5896.7752037048
112249903.6049135178 5130.3700741901
111687578.5017633438 4887.7488961145
111636113.0193631947 4874.1161988825
111507608.2516973317 4812.7396291345
114082070.4989303499 5794.3917536736
111611489.9190622270 4826.5069097131
111088118.3496403396 4597.1797443256
110101590.5762450397 4064.6176653132
111769812.5577723533 4922.2607884333
113886313.1097651273 5719.4380989075
110347097.8031277955 4193.8753505573
111458027.2432820499 4767.5945143420
113260055.1546986401 5490.7659711838
108632935.1374483705 2690.6150673172
111845103.2256575227 4945.3720770404
108583078.9277095795 2600.7678898499
111766545.5621691495 4921.1569153751
111782823.3621848673 4930.9788332507
111658096.9837338030 4887.2123295981
112164635.8407601863 5097.1994613184
113937395.0391970724 5750.2251658440
111697555.5980315208 4897.8082203791
112172967.4613609016 5111.2062598784
111743364.7478871346 4920.3829424698
112216624.0276511908 5130.2537571508
113689029.3441218585 5669.7562341690
113611135.6897042543 5631.3347124457
109171995.7710404098 3335.9522087155
110274774.6644721329 4137.0600863323
110448576.8226431161 4270.7632361278
113989862.7373136133 5779.3325195312
113187420.8807365447 5488.9595212936
110401842.9041324258 4231.9450330958
109643678.7881647944 3704.3188244155
110374825.1192377657 4212.2976579890
109378829.3086581230 3564.9785671318
113946206.1710233092 5760.2850222588
114116562.1184989214 5810.9945907593
109377919.3164661527 3455.6989256702
109993240.7937239110 3968.6822824702
109475822.2818605900 3593.5139377704
109504455.0278393477 3637.3962619891
109900491.9235603362 3927.6721826680
108667698.9810648263 2699.9396900348
111591726.7816912085 4815.7295148093
115374894.6768193245 6125.1255245209
108660337.9260320812 2699.5959350230
109941546.6735337675 3933.3554919846
113822090.0104721934 5703.6194076538
114396139.3967801034 5887.2418203354
115799699.9476555288 6229.8522987366
109151157.9360434264 3218.8195958994
111895915.6284795552 4987.1645829994
111854304.4306164980 4973.0414674003
112529809.4804235846 5225.1380432472
112593039.5343685299 5257.4383247718
109166716.9928528219 3232.9131973376
111939572.1947698444 5006.2120802719
112033387.2841397077 5031.8672051951
109626752.5909597874 3697.4188838564
110078663.7354407161 4024.5017098915
109295055.9616562426 3451.6137633035
111806951.1303635538 4944.2316175029
109563635.8913362920 3662.9201410972
109689631.4824523330 3758.4034422599
109754092.2961239368 3785.7614134513
113974221.3341793418 5769.7991361618
114110085.6620863974 5803.9058675766
109750946.3932425380 3782.1839404665
113654498.4623685777 5652.3543696404
115400353.8922489583 6137.2554321289
115391901.1961852759 6127.1955757141
109793857.7914680690 3822.0013137460
113851373.1117558032 5712.5973215103
109482629.8934337050 3594.5087088831
113390183.1294272989 5561.3288235664
113807716.5454655141 5693.5498242378
109793209.3148143291 3821.0021434985
114992937.2520242929 6060.7588100433
115401518.6140147001 6138.3036441803
113252984.7627973258 5489.3852104545
113294595.9606603831 5503.5083260536
115161343.6686866581 6094.4213199615
115003661.0750539601 6068.4402141571
115663835.6197485328 6195.7455673218
114940431.0211090446 6036.1399326324
113568949.0130552649 5617.1199979782
113525292.4467649907 5598.0725007057
114867796.7471469492 6034.3334827423
115637841.4720414281 6194.2693958282
114855812.5762606114 6032.1545963287
114520098.2714689970 5927.2532210350
115489539.5584653616 6175.9101181030
114598759.0079911500 5950.9975299835
113703524.6129624248 5676.3117036819
115186716.8234185278 6115.8222808838
113655299.2086559087 5659.4430928230
113091881.2977525145 5451.1653618217
113307461.3430411518 5526.4913887382
115791247.2515918612 6219.7924423218
115633564.6579591632 6193.8113365173
115108434.6791102886 6078.2158069611
115068920.9714461267 6075.8292102814
115457850.1534182578 6149.9290122986
113091491.2062366158 5450.5616497993
114717607.3403602540 5985.1042613983
114371741.2716207802 5865.3952846527
110396405.8483751714 4231.2199920073
113177149.0619058460 5484.3359746933
116395476.6081563383 6230.0485649109
113081707.6645420939 5442.2204332352
113674051.5810343772 5665.3050127029
114699156.1790309697 5980.4074497223
113319098.8996361792 5536.1990169883
113509136.1210052073 5595.1479530334
113404366.6637895256 5569.3696298599
113135691.8590914458 5471.1503973007
114316180.2219010144 5862.9362926483
113050424.0949381143 5437.9797844291
113318166.1230216324 5526.4967884421
115172535.4465252757 6106.1200523376
113540230.9916965663 5603.4763612747
114395832.4692941904 5866.7861614227
111003796.8931264430 4550.0546337962
110997712.3588663638 4549.1185152531
110980311.2625192702 4548.2481839061
110569716.5039426386 4341.4051771387
109972874.9343815595 3935.6608894132
113908334.0461056381 5729.9987615943
110676280.3985532522 4377.4478890300
110749306.2764829695 4432.9304380368
110705342.8726242483 4406.4877583385
109936307.4833797365 3929.6693469957
110951297.1120964438 4535.5937540531
110554818.3020472527 4313.3420864940
110435643.6226832420 4245.4697942957
110880599.5089055449 4493.0291235447
110815670.7434148043 4470.5111728534
114585744.4846547842 5938.6074352264
114493620.4675903022 5920.3707141876
110746978.0017441213 4420.0125195384
110786441.0273188055 4451.7059583615
110634645.2694333792 4363.9231278300
110513638.6453614235 4297.1896522939
110525012.4891880453 4299.2065007091
110513028.3183017075 4297.0276142955
110646629.4403197169 4366.1020142436
110717327.0435105860 4408.6666447520
