42289130.8567055166 174598.6536931992
42303363.7181662768 174621.5460511446
42278680.8906342536 174347.8316326141
42225794.2623336539 171247.2604370117
42245809.3448605910 173076.9216489792
42032697.7740434632 165535.4694408178
42234821.5138897374 171769.8539009094
42315439.1605729237 175016.7950596511
41956427.4101828858 161248.6993088424
42583375.0363016948 180677.5419217348
42249375.1543339118 173612.1667923629
42029510.1608683914 165434.8585758209
42637344.1597053781 182228.0181541443
42437893.6629248783 178019.1084051132
42319402.3261437416 175176.9045257568
42281947.8746938705 174475.0482025146
42390373.7982136160 175948.8875733622
42256159.8466303200 173775.0860528946
42305341.3929898590 174660.3364238739
42379148.7308873534 175929.7755143642
42427980.9323829040 177034.9264174402
41941177.8609807417 160704.3941974640
42593472.2514416650 180731.2604842186
41838111.7599523738 148415.3770888411
43317329.1614591703 192737.7429882288
42516185.1511055604 180014.4759712219
42417078.6952463835 176598.9924142361
41859602.2410353050 152543.3455170393
44340108.6117442995 202963.7124786377
42338312.4030650556 175892.1649360657
42207517.0410041735 171178.1989812851
42409632.4264050275 176555.2308865786
42485097.5344608352 179273.8292752504
43082002.1678274423 192249.0281804800
42625858.2104371637 180739.6103615761
42507830.8159100488 179975.6855984926
43533203.5469377488 196877.3438348770
42408904.8299294263 176062.8815495968
43320870.8375576809 193850.8053005934
42503141.8820589110 179317.5908029079
43227982.4512979612 192589.6236034632
42574612.5517778322 180202.6666374207
42668244.3146394268 183602.7342987061
42504702.8213758692 179327.5478377342
42476025.4283564985 178781.4799382687
42313463.4284970984 174766.3435707092
42086414.7514072955 166932.2824554443
42115830.3323258013 168932.9385491014
42520174.5532781035 180029.4041609764
42012235.3432753757 164944.4953007400
42522152.2281017080 180182.2795867920
41862459.8733726069 152565.5766344070
42487075.2092844248 179312.6196479797
42334990.4893074930 175853.3745633364
42913634.8008400351 188273.5861997604
42334262.8928318694 175361.0252263546
42786955.6712260321 184853.5715193748
41965974.3236305341 161429.0774462223
42405771.3581509814 176025.2586976290
44268909.3766821027 202933.1963806152
43106133.8258453608 192341.4224399971
42362162.3606057912 175916.1364474297
41924316.3918403313 157474.8946323395
42347334.2266755402 175907.0931258202
41902179.4578443915 157224.9738939404
42035031.1695354581 166039.4811327755
41957262.1488500684 161378.1204624176
43007782.5608990192 189035.2104339600
42216538.8646146357 171238.7141911983
41944671.6786302403 160744.9156116396
42700586.6392188072 183605.6472966671
43120386.8602355272 192455.6651458740
41919479.0311250612 157403.9288120270
42864693.7161113173 187572.1699080467
42473403.3742495477 178719.0705547333
42468571.0169819966 178597.3592376709
43036514.0495336354 189370.9836243289
42712313.7341284826 184151.7151961327
42154580.2020451054 170225.5205974579
42121609.1919699237 169490.7713780105
43396330.5788284168 196637.2274060845
43378159.1358803734 195876.1198577881
41828040.6050776318 145178.4841812365
41864927.3170263618 152932.5178665072
42450786.8980198130 178042.0007630587
41938911.6086815372 160697.5572834015
42828284.7032613158 185647.5882246494
44873964.4135933295 210847.3949890137
44516932.9349077269 207426.9402770996
42114580.6039577797 168794.5011477172
43800048.7108834684 200586.0308532715
42192034.6534949765 170927.3769207001
42195301.6375546008 171054.5934906006
42074254.2776556909 166772.1729893386
41888944.6452963278 156602.7358802557
41997544.9600663111 164666.9975169897
42657304.4400013387 182904.9584941864
41842525.8485766128 148814.8241813891
42780918.7785313874 184798.7879456179
42150719.1337910518 170192.6277012527
42701314.2356944159 184097.9966336489
42004965.7713548988 164810.6275139451
41843337.5679646730 148869.4596651793
42029341.7472767010 165401.3532390594
42908778.1142661870 188240.2327575684
42157847.1861047372 170352.7371673584
41967135.2989480644 161513.1148951054
42629556.7801366299 180978.5833830237
42304246.2339058220 174659.1689031124
42663859.7842445448 183396.1403104067
43450010.7474240884 196807.0026499033
42188173.5852409303 170894.4840244949
42009964.4925942421 164833.6131175756
42184480.4101367369 170536.8578679562
41928324.0904365703 157825.6945957839
42107743.9547141120 167131.2019901872
42829616.6972940415 186816.5950223207
42473520.1794690266 178743.8570863008
42749058.5554264411 184338.7733784169
42898618.3808322921 187727.4909846723
41910976.7025269046 157277.1025714874
42178513.3331406116 170474.4488510615
42323263.3943978101 175298.6158428192
42263075.6614987180 173894.9031963348
41955273.2807350606 161246.1493076980
42031623.0154801831 165528.5698089600
41830161.1585750207 148315.0389956236
41835367.0460608378 148315.9546164274
42057678.2106869891 166232.3203058243
42980175.7404476479 188942.0890808105
42453920.3697982505 178079.6236150265
41988244.2908102497 161980.8985271454
42641126.5027953312 182694.2839871645
42064594.0255553722 166352.1374492645
41825670.7498908043 144694.0337854140
41840886.3666074723 148808.0553286672
41991511.2748698667 162108.1150970459
42096652.4800332710 167053.9937725067
42031562.3245578483 165469.9116747677
42914902.2182770371 188430.6865444630
42899345.9773079008 188219.2426575320
41931883.0206693932 160676.2641391754
43070810.8297885284 191639.6973694460
42204195.1272465810 171176.3048076630
41846211.4425985292 148893.4260805398
45464855.5785803124 210915.3393859863
46402706.3939686939 219177.9956054688
41903948.1145147607 157255.8094272614
42747277.0256371945 184169.8997802734
42131846.9205958918 169523.6642742157
42036799.8262058198 166070.3166660964
41852222.1447466314 152437.3500307798
41849905.9448652789 148920.8196676485
42050304.5388914123 166230.4261322021
41972186.1474759206 161917.1700976193
41892275.5493364483 156698.7939529419
42135113.9046555087 169650.8808441162
42150294.7160546705 170161.7921679318
42234701.2991402075 171445.7144717346
41840281.9690503478 148778.2781819105
42631113.5426726714 182139.5252666473
41989485.7207565904 162096.1250157058
42168084.9147307053 170474.4484844208
42049871.1600494832 166105.5975174606
41899384.9355634972 156831.3781375885
42047037.5548317954 166103.2095623016
45761201.7913722470 211477.9066467285
46305220.8046278134 218419.1925048828
42014066.5447566062 165368.4603428543
41941728.5260189250 160711.3020824194
45359969.5977849141 210847.5651550293
41913793.6198642924 157290.8473705053
41879099.1399468035 156567.6979370117
41838635.6999258995 148506.7199282050
41963476.0916120037 161413.1584056616
41973954.8041462898 161948.0056309402
41857547.2207376882 152522.7207826525
41886127.7279589474 156588.9910812378
41947633.1511749402 160835.9290985763
41820464.8624049872 144692.5131462328
44150364.2997480109 202143.0744628906
45994127.0003860295 214803.5604553223
41835486.2345660776 148400.4097474962
41896606.4404932410 156713.6180634201
44250163.5056354925 202454.3593902588
44260161.1166493222 202587.4387969971
46814247.2333479151 221838.9931640625
46651156.6187729537 221412.6831054688
41871719.0436581373 156157.9008531570
41849971.4780650586 152136.0146303177
44430012.3877755180 203017.0883688927
41863147.8874547035 152723.4397401810
44140820.3533351943 200979.4469451904
45749119.3571305424 211044.8369140625
