99639226.9071995169 828.7185086249
100723716.5922446698 1010.3467289028
100443783.9459794462 978.3238401897
101567281.2876081169 1102.2927982844
101633848.5070360452 1104.1844638586
101806966.4933695346 1120.8564443588
101729409.7577946037 1117.2440290451
101175246.2392163277 1062.2785057314
99449986.9315955341 774.7453889740
102180009.5026268661 1148.5978088379
101984620.8207509220 1135.5440950394
100282477.1876819283 955.0605815463
102319483.5773647875 1156.3661842346
102230817.5776522607 1149.2206516266
101848602.7618740350 1129.1533269882
100425836.2355322391 975.9450141005
99679608.6780469865 830.3938683509
101124987.8371223211 1059.2615570314
100773132.7006131262 1018.1694670208
100830853.4503197223 1029.3006188162
99593861.3352603316 799.8593842355
101832818.8544812351 1125.5711507797
100361140.3435373157 968.5861839448
100656647.7263691276 1008.5045583732
100634877.2955064625 1005.4632795341
100587142.9938297421 999.2082727440
100562023.0068355501 996.7260141857
102049636.5029203296 1141.2467813492
100724362.8154875785 1010.9702710919
102958464.4424252212 1191.0395793915
100801189.7835153341 1028.7983644493
100999587.9144419581 1044.5482290275
101957646.5606430322 1134.6476564407
102096913.3366483301 1143.1034793854
100217781.2956870049 947.7017513906
101000160.1309605092 1050.1850513704
101285214.7741844058 1075.4117819108
102271999.4449041635 1155.1969337463
100414915.4553045481 973.3909292705
100490690.6018598825 987.0611055382
102156457.5578463078 1146.7964048386
100898778.3408997357 1034.1588894613
101484185.1216295809 1096.7984688319
100400980.2244116217 968.6580102165
102378820.4998301417 1160.7465572357
101314878.4409887940 1075.9140362777
99361464.8582550734 706.8281550300
100916491.7484634221 1039.0538995750
103645037.7056413889 1212.5377483368
100870609.8726379275 1031.7101297771
101946345.2964286804 1133.3395261765
99765471.4087637514 848.1140142279
100152926.9293593317 936.5856599530
100008129.6146532446 906.4195777792
99439998.1630447358 749.2335445774
99943275.2483255565 895.3034863416
99526277.4339653701 792.6451279488
102689293.4781155288 1177.7666015625
102720733.9741384983 1179.5158386230
101681591.9188332260 1109.0894054770
102475122.4474662989 1164.5781002045
100296285.9772096276 957.4700925072
101905858.8812086284 1129.3911962509
102829777.7729075104 1185.0101680756
104464249.5612787306 1232.4119834900
99720644.9758268744 842.7504945593
101637104.2826417685 1105.8749744929
100146631.7650861889 931.7273893078
101439706.1471506208 1084.9905419387
101749722.6885026842 1120.0768213272
101097902.6655151546 1054.3712505586
99398200.3911686093 725.2200070512
101706755.3623460233 1110.0611736812
102512784.3765558451 1167.3441009521
99351503.0155025274 701.0227365387
104562408.8372008353 1235.7577209473
100699730.9800431132 1010.3234428560
100558274.5031548589 994.2753618248
99347643.9570924342 700.0510244262
104543344.3007975072 1233.4266071320
101396402.3950133026 1080.9061113633
100347331.5540096015 966.1766729839
100040865.1174201965 913.2750515882
100530530.4827342033 987.1329318099
102821301.9002717435 1182.3734264374
103973760.2784706205 1221.6317806244
100759421.1423266828 1017.6104467399
101111347.7517894208 1055.6793808229
99621687.4081950039 808.7796428995
102758933.9722294062 1181.9395065308
105058679.9061259031 1241.1212406158
99411182.8905446082 740.7791292560
99411561.2703372538 744.3257064712
106332152.4190384001 1249.9966487885
99402279.5695277005 728.8641595044
99370397.8644930124 718.0103427065
104175288.0638872683 1227.0484638214
101709458.6300822198 1112.2481126785
99404303.3620332479 730.3438976374
103082964.3040382713 1195.7836017609
99627790.7711573541 821.9348610877
99617076.6224202067 806.7055824544
102954324.3074316233 1189.7541904449
101284844.9730345011 1070.0246549882
103923545.9366558045 1218.8254566193
99599606.3051739782 805.8826979636
100483623.8268537521 978.3956664614
99704081.2735271901 839.8346000626
103760993.2756003290 1216.6371517181
103766647.0203745365 1216.6467132568
99571803.7784983814 798.6730336188
100553483.9228927493 989.5835841708
99799254.6586351395 854.8165338612
101391531.6872386485 1077.6539080883
104767885.0622320026 1235.9030399323
101566911.4864582270 1096.9056713618
102980365.6021705717 1191.7046051025
102603084.3634522110 1170.7799930573
103664001.6455957741 1212.5677165985
102660568.9907744974 1175.7467784882
99848814.1040667444 871.7484556381
99802680.4481103569 866.6735472623
105215158.0576470494 1242.2805461884
101373349.9145093858 1076.2001653947
101802736.5493154675 1120.1840238571
100142202.3075296283 925.6794309039
103156020.7762215436 1199.2338924408
105556976.6869586110 1247.6017913818
104451730.5172032565 1230.8719463348
99963303.1817163527 901.0560581107
99898448.8153886944 889.9399666730
103555096.1743327677 1211.0081176758
100257621.1765613109 947.7735776623
99781889.2893393487 853.8950545681
101719640.3833369166 1114.6896944046
99701115.5912834257 834.0820282935
99444726.3360513300 752.9217045200
100069505.7705276608 916.3221519599
101454102.8164637983 1091.4113419093
103583413.1939649582 1211.3530387878
103883325.8800181895 1218.1343793869
101236092.7235372216 1068.1480832659
99621450.8190733343 807.6270617475
103328874.0121237785 1202.9773540497
104121819.3176476508 1225.5755329132
103909051.2139420360 1218.3268280029
101268940.7554766983 1069.9751826338
103252481.1289739758 1201.0573215485
101395975.2337956280 1077.7515990771
102471602.5093039423 1161.3678188324
101217902.2459678054 1063.8146595247
99875598.3358975798 872.0370669309
101432864.7362335622 1084.8907635249
104001144.1010333747 1222.9723834991
100030887.0830113292 908.2703143973
103598726.3454764336 1212.0135364532
103352792.0181240439 1203.8641529083
103342487.6458469629 1203.8341846466
100211922.0725591481 939.6572368750
103816012.4509948790 1216.7513999939
100004651.4041999727 905.2060605222
100342325.1425072253 959.8489185964
103606615.7143411934 1212.0192298889
102984075.7214208543 1192.7129402161
100105719.4837478697 924.3911430258
99881339.8978079855 872.7735731024
105646918.2182672322 1249.1314220428
100027761.8557637185 908.2589859907
103927523.6436473131 1220.7132320404
100003568.7416976392 901.6002151389
105242402.6760230809 1244.5311298370
103835018.1124994308 1217.3770561218
103933177.3884215355 1220.7227935791
102619605.4314818084 1172.8937244415
105143896.6492207348 1242.2617149353
104095444.3185454160 1225.3464088440
103464096.9605800956 1207.9431495667
103094540.6981119066 1197.5832729340
103252546.1145383120 1202.3045539856
103736602.3018012494 1214.0033054352
104545176.8826341182 1234.7860088348
103879121.0555623025 1218.0793857574
103707489.8923565298 1213.2139987946
104063691.1801317483 1223.7934551239
104389440.3755145669 1230.4679145813
104269588.2813992947 1229.4224891663
102619540.4459174722 1171.6464920044
103456207.5917153656 1207.9374561310
104784955.1239770651 1236.9487133026
102908422.1031006128 1187.9689178467
104825771.8008184582 1237.3047275543
103395064.8682994097 1206.3806343079
104838394.4108534902 1238.1958980560
102859422.3529039174 1185.9013385773
102536509.2655032873 1167.3993949890
102597906.9330900609 1170.1266241074
105122227.5302171409 1242.0902462006
104890256.2471735477 1240.5692977905
102453758.2920315266 1161.0629949570
104478086.8482523859 1232.8323783875
102816416.1338641196 1182.0419063568
104266536.0022106171 1227.1937828064
102566598.4465459436 1169.8887548447
102406468.4444448650 1160.8429727554
105090075.4441080838 1241.8871898651
100101323.3869518042 919.3750774283
106088976.8004150838 1249.9116458893
103550797.2529778630 1209.7905235291
105511020.5692521930 1247.3267536163
105309112.8499373645 1245.8490219116
105263792.5134605616 1245.2904701233
102466030.9645700902 1161.3460369110
105748873.9544072896 1249.2523021698
105851541.4322936833 1249.5358161926
105960584.9305991083 1249.5786495209
101386795.2482009828 1076.5076223649
