141163528.9990642369 439225.0217895508
144846626.0073106587 453034.4992675781
137262686.2016850114 409566.2376186699
142238833.5040264130 444900.2366027832
137862519.7845167816 414113.2806942314
141054060.9987292886 438415.6516113281
142994737.2911794484 447321.9959716797
142788232.3014317155 446795.6512451172
137158208.6278455555 408174.9528674781
136966585.8673223257 407188.8278009742
140706784.5677718520 435873.0111198425
141382221.8934009969 440809.2293090820
138991665.1560750902 424203.1121532172
139607903.9486345649 428437.7509696484
140392580.6441907287 434140.8094758987
136680825.5605969727 403258.7254526019
137204492.0009315610 408324.3202081174
140917613.7787967920 437417.1214904785
136580925.4748972356 402379.9571024776
137352030.7909975350 410527.9500909299
134548399.3587183952 375352.1847436652
140953650.6289193332 437871.5723876953
140319590.7246395648 433341.7633333206
135175497.0754279792 386950.5163604543
134025166.8460396081 370885.8372695670
141132040.9311704338 439201.2639770508
137616297.7265890837 412449.1273269951
137952209.6750908196 414911.6393368095
135152911.1279997528 386355.7305719480
136806004.5427753031 405831.6805841774
143588444.6329835951 450773.3576660156
135231539.3039698899 387084.2092315480
141702005.6618125737 442784.6369323730
139076713.2231754065 425244.0728465766
139578680.9881128967 428045.9908378124
135482388.4800854921 390579.5812061504
138455938.0836315453 418618.2993084788
135991985.5609378815 396874.6025216430
139686066.1104694307 429857.5593192577
134938792.9913074672 383197.9384362921
137053323.1079474390 407770.8041403741
140590221.1063193679 435522.5086975098
140525945.4970685542 435489.7940979004
142698683.1218499243 446774.4827880859
138629472.7616975009 421253.6636273265
135595321.6305439770 391245.2440479472
133936524.7373619974 367010.6068618521
133692832.1505653560 363833.0753677115
139236088.5536964834 426111.0848094672
138857360.8671517670 422521.5955120921
143851412.9287526906 451587.4594726562
138908365.7205498517 422559.5283734202
143619932.7008773386 450793.7070312500
139381545.8770716190 426835.5943309516
137871999.9175569415 414129.9981625527
140787623.1623868644 437297.6943969727
140869665.0300346315 437411.9834594727
140741536.9518246353 435890.8888854980
134668694.3585576713 378847.1130452380
136391082.0195416212 400375.5715877861
140959115.6304542124 438192.4098205566
138022644.4475779831 415103.6616538018
142841469.6995309293 447194.7675781250
134310044.3344612122 372061.9149329886
134250664.9653788209 371821.3885734305
135408885.2847412527 390096.5302586779
137742688.2431514561 413643.7074520439
138339100.6822434366 417764.3718182445
134473646.0993791223 375066.9790990576
139356649.4914379120 426731.5000926703
140146665.4239232540 432532.8564155102
144817121.3206572533 452795.9282226562
133426753.7904503345 344712.9279853981
136507676.7549763918 402186.9619333148
138256590.1128082573 417325.8693768382
141236518.9186154902 439993.4480590820
143190555.1313273013 449056.6192626953
138530438.9477419555 420143.5587689281
143128060.6913999617 448484.3591308594
140933731.6280108988 437819.8732010722
135778034.2800956666 394032.0126636699
136339292.3928920925 400249.4657785296
136898947.6332072318 406633.0633966774
142159319.8961161971 444705.3535461426
138160113.5027145743 416829.6020047516
135181760.3845960200 387047.9250518605
134514808.3536800742 375277.1593686417
134631404.3814698458 378021.3162312731
134479909.4085471630 375164.3877904639
134932529.6821394563 383100.5297448859
142832677.3159105480 446956.3662719727
135419479.5126519799 390219.1911473498
137220723.7526800036 408352.0857403725
137825198.8125866055 414082.2098934501
137298117.6277347803 410225.2347819209
138788668.1778001487 422082.5527874827
134629725.1319776475 377478.3460498955
134244809.4088928103 371117.1353919730
134372025.0817122757 374693.0039578304
136752550.9468675852 404029.0846369117
138471144.9276749194 418982.3258587718
144428870.6025702655 452422.6748046875
139538587.3760596514 427220.8940360546
133499448.4028757215 359763.4005646929
138082285.8800464272 415989.6366497874
137495469.4543312490 410864.7836100459
138236258.7018077075 417288.6393353343
138950094.7430361807 422607.6056834906
136224235.0793807507 398319.7510044798
143647107.6811578274 450854.8601074219
133700953.0357106626 364330.5509231314
141523576.3318948448 441716.4689636230
139551694.5478134453 427580.8566825390
136481382.0053237677 401606.6129953265
136099745.6460559070 397484.3686192259
133835724.8919239789 364368.3221096396
140334099.9292211533 434066.0128288269
142311294.1775049567 445071.8794250488
143453523.4270964563 449870.7210693359
133686114.2718695253 363469.2412171587
135896664.4814185202 395517.4553048462
137498785.4673929811 411558.4527994990
136194765.7362942994 397932.2096631378
142539066.9500402808 446053.4243469238
144628413.0572227538 452688.6794433594
144076217.9941456616 451922.3544921875
142105478.8080330491 444470.7599792480
133404097.2911960185 343882.6344673317
135013328.2567854226 383254.2336456105
140365587.9971149564 434089.7706413269
141555064.3997886479 441740.2267761230
140463304.5491618216 434858.1969108582
138488569.1823804975 420111.9476849437
136348004.3907493949 400356.2989785075
136888219.0972573459 405888.4738046527
142442517.0868750513 445151.8552551270
134745042.5430685282 379797.1603601202
138339766.4724653363 418086.4576947093
144346651.7576559782 452263.0168457031
139451636.6029104292 427134.0158376694
135367445.7821908593 389328.7676755264
138135913.9251633584 416791.6691434234
137713942.7330029309 412836.5079891533
142998406.6279492974 447668.2003173828
134807651.3836257160 380545.7953698859
143222043.1992211044 449076.9686279297
141976052.0954276025 443509.6266479492
144906448.8431084454 453671.4309082031
140672930.8514894545 435569.7699279785
142524636.3225463927 445363.1434020996
137006707.7183252573 407245.6210214496
138180571.0563627183 417257.5685345531
143072949.9274062514 447988.5200195312
142029680.3168865144 443855.7409362793
140439595.6707371771 434467.7586946487
134557462.1752126217 376664.1690144762
135109327.6492936015 385808.9680206105
135035579.8746906817 384566.0147025809
140432363.1292529106 434356.3133821487
136151366.1780732572 397774.6016035527
136691516.8367730379 403569.4333688617
136269854.7991411984 399131.7488203496
139060973.1371041536 424496.8272411078
139561528.0637617707 427852.0191585273
138295109.3412660062 417620.5583035797
141988078.0635138452 443577.0358581543
135663931.1980028450 393054.1538853869
135087613.6051518023 385119.8042022511
133590110.1633290052 360681.1509156451
133574980.6449043304 359854.5591187701
136695870.5348433256 403569.5000279173
141855827.0918752551 443490.1979675293
142146672.5291735232 444629.3171081543
142793153.9349500239 446816.0006103516
138710535.9090155065 421903.0348660797
138110999.8913863897 416301.7311551422
135406124.3639467061 389853.6414214894
135293691.1939369738 389105.0064117238
140073896.1715019047 431849.8149116039
136670476.0180631578 402689.1086618304
139983235.8881444633 430855.1087923050
134815573.4944589138 381222.2800958380
135544467.4998492897 390914.8061207011
143800358.2351383865 450902.9960937500
144064363.9967076480 451802.9023437500
135255358.1199329495 387191.2228540089
135671911.1145557463 393063.3080738261
137952062.1865323782 414383.3812801689
143320217.7726335227 449414.1667480469
140744617.5536466837 436098.6514282227
138980671.9763934612 422882.6990062445
136171815.3404887915 397930.1794100087
144036027.9151194394 451697.4240722656
139946638.9824602306 430755.1522493362
138957571.9049663544 422874.8874828070
135629557.0884687901 391706.1608570293
136393373.3676132858 400414.6984445453
142023417.7163217068 443791.2375183105
141418032.1786765456 440969.8745727539
140700046.8830644190 435670.9724731445
138063409.1196320057 415472.3017117828
135657752.1212396324 392285.8751433119
143825056.3818310797 451156.3823242188
135623237.6930622160 391644.5425150655
140247843.2071152925 432806.3894128799
134657723.9528983831 378034.9971394762
141797557.6825327277 443302.4054870605
135748430.7897909582 393510.7640743256
136654326.4092923105 402484.3212124705
137132194.8714518249 407904.9012873024
140023570.5113409460 431023.9650065899
140296240.9480310977 433331.1643152237
140240496.7919158936 432687.6994714737
139269832.2708489299 426125.9431134847
140146167.9312288761 432040.5474666804
136460395.2370126545 401333.5100567192
136657486.4837550223 402494.5951938629
139540749.9078271389 427365.2793895453
137249002.9112969339 408851.0443798900
143878201.5467469990 451597.5664062500
140743073.3443618119 435937.8101282120
139569508.3161212802 427918.2364315242
143878587.9090331793 451648.6125488281
137239954.9565698206 408517.4589120746
140105394.5475932658 432040.3058891296
135853412.1839521229 394203.2053295970
136164910.7223090231 397820.7456142306
142893132.0946770310 447288.4407958984
142851937.9295833409 447247.8792724609
140048507.6589705050 431158.5759086609
142624165.1570480168 446266.3343505859
139930454.5832928121 430461.9986963272
135893789.5408763885 394426.0385408625
140039791.9172155261 431136.5471000671
139902804.6841849685 430342.7946586609
139893397.3750323951 430255.1535444260
