30446825.7353782617 601488.3232421875
30978264.5544366501 680586.3935546875
30784395.0372311510 660956.7158203125
31379140.0670321174 710512.1513671875
30655715.8133739904 646515.1689453125
31134363.6135156788 695188.7021484375
31657605.9368342161 723240.6923828125
31043457.2202387825 685458.4658203125
31083352.1407102682 690386.1318359375
30875683.3534251787 671105.3583984375
30888840.4460250922 672102.3154296875
30671566.0904375166 647993.1533203125
30432665.5407992005 594133.1259765625
30752180.0536245145 656924.4775390625
30434634.8794790022 597202.1923828125
31447534.1077544428 714601.2861328125
30554837.2645832524 633306.3076171875
30843945.9339806326 667622.8310546875
31065649.9268239550 686580.5185546875
30762854.4066315442 657637.7177734375
31065109.1600813903 686318.0576171875
31008505.2818806395 683098.7705078125
30468815.9345258176 615947.7275390625
31236736.9332116209 699867.1669921875
30800836.4945955575 663817.9970703125
30769882.2675108314 660730.0908203125
30517422.3166897558 623919.6142578125
30906542.6599114053 675907.9287109375
30626194.0142309666 642459.8798828125
30491483.3317695744 620762.4462890625
30739022.9610246047 655927.5205078125
30877652.6921049803 671541.0146484375
30548367.9627327062 632498.4091796875
30890809.7847048938 672239.3388671875
31152774.4095598757 698187.0068359375
31067078.4987612031 686753.7138671875
31352995.5822910182 706800.4111328125
30859950.4782186672 667735.4013671875
31136332.9521954767 695325.7255859375
30764823.7453113459 658577.4521484375
30657685.1520537958 647903.5517578125
30810787.0018187687 665942.6708984375
30905372.9679835290 673145.7685546875
30465255.5523282662 614267.5673828125
30908511.9985912107 676044.9521484375
31284601.5415686853 702711.2763671875
31067619.2655037567 687016.1748046875
30924953.4559556097 678906.2333984375
30771851.6061906368 660867.1142578125
31113041.7552686185 694118.9326171875
31102053.4451454058 692512.3857421875
30639982.9381674752 644097.9384765625
31085321.4793900736 690821.7880859375
31592757.0259291306 719172.6181640625
30656424.3955318742 646959.2197265625
30740992.2997044101 656363.1767578125
30723290.0858180895 652557.5634765625
30464098.0679241903 608899.1357421875
30707285.5415800549 652444.9931640625
31536919.4640011862 716281.4462890625
31610175.2793130614 719435.0791015625
30754149.3923043162 657061.5009765625
30580776.2495034300 636463.4755859375
30976381.3628680408 678941.0947265625
30674126.6094181947 650764.8330078125
30788293.0635550357 663728.3955078125
30597217.7068678252 639324.7568359375
31286570.8802484870 703146.9326171875
31382685.1968493611 710533.2119140625
30564809.4200971015 635359.6904296875
30412203.4496281557 592320.6962890625
30628163.3529107720 643399.6142578125
31371696.8867261522 708926.6650390625
31354964.9209708199 707236.0673828125
31300258.6291949153 703204.9306640625
31327978.9050734602 706502.0751953125
31581768.7158059217 717566.0712890625
31435367.0624250062 710795.6728515625
31303302.8460038230 704837.5302734375
31314291.1561270319 706444.0771484375
30537424.1562517099 625599.7744140625
31273144.8865989931 700538.2685546875
31562431.2048507482 716922.7080078125
31750753.9161511771 724920.8525390625
