104362271.1051416546 67742.5003283918
104975394.8026786596 68581.0919421613
103951974.1841375530 66877.4815677106
104485158.5765549242 67850.8893435895
103921964.9681707919 66668.6746276319
104616771.7447646260 67941.2694705427
104636960.2059188783 67947.6238684952
104613185.5995056033 67887.9947513044
104067143.7773950398 67052.8401887280
102972708.4182947874 64745.7383119166
103519669.8866151124 65759.6417542994
103562174.9382459372 65770.1008302271
103032353.3485385925 64790.6056663096
103512569.7266841978 65750.2791005671
102770048.3050136268 64497.2884217799
103277799.5056737512 65407.2971192896
103272402.8646423072 65325.8734189570
102885014.2597383261 64627.9444581568
103038034.8134726137 64840.3421327174
103082815.3567150980 64912.4326173365
102549648.4938664883 63601.9162980616
102525519.6155963987 63537.2442323267
102245528.4271406680 62395.4908315241
102186986.0761570930 61976.3956972510
102516669.1952203959 63216.2122270167
102451618.5096910000 63204.6810151637
102715298.1393038034 64024.3618852198
102557332.9535501450 63935.1629716456
103445555.7520281672 65667.4738586396
104903592.2329934835 68349.7750724256
102914520.8357286602 64639.6432878077
103209836.8298884034 65284.0112916529
103195206.1573425978 65165.7180599272
103876735.2961814702 66583.2402070165
103673059.1647300869 66562.4442887306
103346260.7295606881 65652.5319245458
103657561.3834112734 66137.0930789411
103219250.2373493612 65309.8817750514
103979225.8514780402 66938.9597781599
103576896.1324308366 66109.1979983747
103162364.9217602760 65090.1516177577
103519546.8092211634 65753.8481814784
103117430.0115792304 65016.3136660976
104158359.5612235218 67265.9119868577
104853707.1885972023 68243.4273143113
104811475.8541921675 68237.3391413987
104679983.6388650835 68016.5731540024
104267648.7999910265 67317.2032466233
104806463.1764594167 68137.5616374314
105032319.6543198228 68754.9253459275
105842797.2122032195 70053.7124629319
105305268.2926980555 69332.1630786061
105676725.0502850860 70028.0945666432
104796629.7706870139 68109.7808146775
104657420.8461457491 67953.8016887009
105130023.2106666267 68929.1570468247
105161005.3191063106 69000.8671908677
105192818.8570844829 69099.7828860581
105073467.0654010326 68844.8880648911
106680763.0334732980 71442.4006309509
105538077.4134080261 69423.6773066819
105391765.1392925382 69387.1992030442
106466795.0022526681 70902.3074794114
105615725.6114902347 69645.7945094407
106150028.1202663630 70467.1027314663
105553083.3978766352 69509.8064952195
105562459.4586398602 69572.3083644211
105573058.8902656734 69591.1065821946
106200418.4249870479 70582.0073390305
106279436.4859631062 70778.3526149094
105852451.1105090827 70259.0611720383
106263605.6831462383 70735.8504016995
117279275.9615466446 85639.6039214134
117649790.4900666326 86414.0313339233
117590100.7211128771 86285.9355406761
118042223.2046630383 86639.9813156128
118127472.9597007483 86687.6800475121
118143407.5146261752 86740.0802917480
117533989.9178019911 86271.2808165550
117418971.6104130298 86143.1189513206
117316778.0748305321 85641.2619109154
108343778.2349283099 74453.3119788319
112755066.7785007209 80561.3327840254
111537791.5794599354 79276.1661836788
111647149.2730536610 79517.1803438351
112156124.5970615894 80060.6388399288
111555939.2999579310 79327.5005952999
110926283.0089283139 78466.7553494871
111752199.5597381145 79537.9800198972
111015334.3944221735 78779.3140653074
110942225.7738113552 78619.7993558347
111150494.9498470426 78832.7927640378
110963996.1809882522 78677.4500516355
110853506.6052356660 78268.8496030271
115936729.1826482266 84548.9847474098
115252531.0786142796 83775.3090004921
116321591.7387069166 84825.0336036682
115572840.9670138955 84323.0540490150
116046898.5461135209 84766.4316291809
114809739.9913139045 83333.1199149191
114649218.0581032783 83257.3142508566
114881707.3972308636 83516.1069693565
115346457.6225475073 83883.5814690590
114879099.8030556291 83486.3773550987
101855435.8849906027 60173.4714474167
102072074.7916291505 60262.6703609909
107373809.6377976537 72662.6680091470
107584004.1287405193 72725.5819495767
107618442.2688724548 72804.6359351724
107417695.3018609285 72667.1313880533
107638021.4295356572 73260.7449633628
118401931.6413587928 86893.8221664429
115354874.7221857160 83978.5338969231
116491419.5310350806 85046.8870658875
117271974.5026175231 85637.0236511230
117231014.1610695869 85607.1972351074
116526082.0316715091 85061.3760795593
101151004.7912539542 56122.1580183727
101368034.5852564275 57785.4578995925
101161373.5031390190 56931.7100835067
101296909.7120321393 57676.3751664382
101815415.2259924561 59321.0748098354
101732400.6537083834 59066.4754446010
101330211.9102183282 57732.6900442104
101792143.1845008582 59258.1391408901
101658468.0159227848 58770.0798173171
101432538.0397804081 58124.9958405715
101649225.5769503415 58731.8908498744
101404039.7094219625 58062.7504716140
101183270.4896529615 57050.6156220657
101688974.7322096974 58802.3180349330
101265943.9268220365 57422.4442658645
101611072.3491958976 58672.1658742885
101578796.9309659749 58644.6196096401
101844742.1725446880 59534.5007595505
101818445.6194415689 59413.7860989059
102115336.7055299878 60709.5049251999
101953252.2376056165 60202.7792171921
112791905.8981025815 80588.1133095026
106973372.3376103193 72040.0177649111
107456404.0765320957 72722.8572181314
107314616.3745055050 72647.4914908931
107151541.7696756124 72419.3185630366
106729339.3407388180 71684.3909812495
106498230.1259817183 71082.6441035792
106717867.3878793418 71661.4973044917
111783233.0326238275 79595.4078592658
112434540.5829279572 80381.1314005256
111875552.3864408731 79670.7187672555
112461486.4074416757 80538.1888040900
112087634.6563385576 79943.0678273141
112120091.1249116063 79949.7899342477
111892684.0370941162 79770.6692067087
111895090.7108906507 79777.5137501657
111931121.6928246617 79831.5183278024
116426134.3831806183 84865.9049978256
114726864.0836738795 83266.8859357610
106988440.8740173131 72160.2659499422
107021025.7124958187 72215.6152541414
107029274.0763982087 72292.2343947664
106832653.4643012136 71874.3864646479
107207632.9207955003 72642.2655845210
106755662.4078917056 71783.7114158198
106623200.9610969275 71417.4430594966
106517841.8942693919 71170.6808974519
106526152.0119114816 71312.5657851472
106263891.9168571830 70761.6367176175
106514300.7171992064 71099.1563099027
106201199.3890037537 70735.5918567777
118870113.6976256818 87541.8992462158
119048230.2018092573 87560.8729705811
119133266.5289491415 87608.5248870850
121001709.0543654114 88562.8313293457
120660169.0627084225 88494.4643249512
120770970.6639660299 88562.2419128418
120371171.1594353169 88364.9941711426
120377557.1496122032 88462.5334777832
119986388.9432167411 88297.4809265137
119926268.2697114497 88103.6716003418
119293549.5667647570 87825.2694396973
119673139.4733014554 87933.1900939941
119572239.2149936855 87903.3888854980
119801721.6309667677 87975.4323425293
119262660.1331023872 87682.7806243896
119497129.9687023014 87901.7139587402
119435212.8714314997 87860.0320129395
119201969.9882138968 87659.1304779053
118820899.1886130869 87517.2430877686
114338535.2077569515 83036.7748662829
114106921.3965503126 82867.4653570056
114611437.7444298565 83233.6355032921
114546913.9420367181 83229.4970145226
114423750.4138022065 83051.6900992393
114057312.8170121759 82605.4338018298
114426378.1250473857 83112.1376090050
113527669.6369544119 81806.3394338489
112889191.6382225305 81002.4854950085
113749446.6867038012 82319.1862966418
115704510.6892681122 84353.2684283033
115441445.4170734584 84225.6776079908
115059607.3431447893 83715.6032209173
114820455.5450664312 83333.9696669392
114969979.7379668951 83705.0062517896
115165658.2015863210 83734.9817609563
114929425.7088710815 83684.7340192571
113535271.6990550756 81813.1655446887
113541879.1712276042 81859.5396901965
113490924.1043144763 81783.0597097278
113328332.9043712169 81740.6485769153
113130785.1688803285 81463.3049789990
115196831.5102537721 83769.4491801262
113261630.4625941813 81504.7498749644
111666591.9328684807 79527.5052274168
111191147.3593819737 78838.3526028991
111467414.1049781442 79178.2481033802
112456380.2601650804 80411.3949258956
113085432.2879098207 81126.0274107847
113669428.0763750374 81900.3706333041
112831729.3939363360 80903.6037047300
111298998.6534396708 79082.0050050109
110487222.9759013653 77793.5787137449
110532229.3196623772 77886.2985013425
110527195.9006174207 77859.4217923582
110353614.3786404282 77602.7055753171
110462554.7262195945 77724.2159818113
110174805.8977350593 77309.0484037772
109954626.4817235619 76937.8752579391
109954185.8570869118 76921.5728262514
109807665.9354867935 76853.5795682371
109955645.8720310926 76938.4369100019
109210856.3080928028 75923.4009833485
109421801.9307558984 76387.3538345993
108866171.1981414557 75322.1880179942
108909396.6316387206 75636.2042060047
108947979.1701747030 75657.9429602772
110821355.8664069921 78221.0267512574
110863271.9490208030 78276.8878620863
110893526.3666618019 78377.0058772339
109864321.4429685473 76899.8717682137
110302250.7682359070 77530.8990204110
109615082.5651025623 76490.3418320789
110777658.3794248551 78177.2131811469
110818383.3627175838 78188.3637243598
109840772.9245369583 76876.9397706687
109261918.7090703249 75987.4455679506
109660496.2347547114 76620.2667394966
109174580.0113689750 75919.8060415834
108563847.6057523191 74940.2752673179
108566475.3169974983 75000.7227770835
108853459.9142273515 75242.0676867515
108720279.6020574570 75123.1933581382
109598195.6903081983 76403.4597537071
107690629.7076407224 73384.8228442222
107685270.4536591619 73373.4149462730
108023216.1176208407 73665.1401659995
107858431.4507132620 73656.1966235191
108550179.6500705332 74844.4144351035
109135297.3546682894 75782.1778018028
107759067.8203682303 73613.6809985191
108775439.2649458200 75224.4689318687
108059083.5810262263 73807.7119624168
108140019.6127493232 74141.9763171226
108282780.5134923756 74399.6755969077
108142647.3239945024 74202.4238268882
108424589.4733688384 74772.1959292442
108222305.2194048315 74301.4910265952
108352106.5672563165 74612.7045322908
108113598.1710847467 73916.5983845247
116451860.8199537545 84969.5591850281
116629119.1823628843 85231.2465276718
116940993.9994346350 85462.3768377304
116937314.6102167517 85399.0578680038
116844692.9630364478 85391.2467718124
115869480.0131845027 84379.7185668945
117322987.9303317070 85731.8710403442
117346521.3003263623 85863.8788294792
118302633.5688775331 86836.2699432373
118541281.4058482945 87103.6660842896
119085548.3475620151 87601.7269134521
118415734.1446433663 87079.6314773560
118265428.8960497230 86833.0380325317
118508355.7918236554 87087.4425735474
119897585.2628990561 87976.6706390381
118384148.3228024244 86855.6681289673
118034316.2822761834 86518.1489334106
117864697.7170145512 86457.8601150513
117929602.5190968663 86511.2770462036
118056152.7283224016 86657.2107009888
102094308.9478426576 60413.2938246327
117119212.8970942348 85587.5153503418
117041738.8879698813 85490.1722412109
116998308.3959448189 85462.4805908203
121626774.8717378378 88751.4008789062
121688695.5825980604 88752.4292602539
121522307.9816164821 88687.0413818359
121396192.8241677731 88658.1206054688
121454216.5959816426 88663.0541992188
121441642.7306360304 88659.1463012695
