98789017.1749677509 52010.4707192083
99849153.5809323341 57533.9830206865
99901256.5191456079 57632.9767340655
117863973.1336581260 75498.6748938831
100009013.1955071390 57704.1067999834
100004329.0634506792 57644.3005255694
131948713.0051763654 87388.0292968750
99221037.0811907649 55026.8082700505
114480629.1516338289 71706.3153299391
114139565.3742341995 71219.6603613701
100626068.3362463862 58626.1287585432
101491748.0675081164 60377.3653033311
98819027.9673704356 52136.7866273656
99328424.3559731394 55730.4233129295
98735685.4499596655 51292.7846306463
98847454.9011188298 52244.2125306859
116484818.1682254821 74433.7750959666
117430332.0037918985 75327.8363929065
118993084.8537040949 77040.1609961987
115670275.5534375459 73579.4901924785
99058788.0573527813 54494.2865567937
132181383.2554506809 87426.2293701172
126242134.7158163190 82737.6234192848
121163734.5154333860 78385.9253489524
98836902.2621512860 52243.1240907445
129283881.0277734548 85866.4118270874
110723928.1294497997 67777.6745485337
100883009.2939220667 58874.6128314072
122222199.7855729461 78869.2649545670
122619551.8185529709 79777.5034799576
119412498.7642690688 77235.7025733665
99226144.6898938715 55366.8430600896
120900217.7483985275 78234.1697178781
130811043.4214310646 86891.8382568359
121366279.6821094900 78423.7735664473
120758059.3092059493 77953.8007516563
99151673.0618426800 54817.5461236211
123638535.4075511992 80189.2411389351
129229512.8520797491 85628.5144882202
99203093.5099741817 54970.1485410466
98732127.1220114529 51221.2389460405
132099373.3056613356 87408.4163818359
125472197.1853582263 81544.6593959437
116421404.8206667751 74009.7893362548
98713788.4634457380 51162.1585627397
104332909.5752616227 61792.5862463946
117264530.3117998838 75216.6648416100
129750239.8560108840 86286.5541000366
114901480.2400120050 72932.6585648330
98971286.7942862958 53706.5879801049
100372521.3034929335 58544.9062994951
99319029.6943837702 55690.1026269170
98833361.8190011233 52215.6667408136
99222604.2467437387 55339.3857101587
100204298.7315430641 58328.6223410601
106226012.7029731423 63816.6770866513
113318029.6578333229 70701.8358374443
128070010.0241708308 84427.0205917358
127681520.1124808788 84397.4012680054
129686681.2778342664 86187.5603866577
99648055.4343350679 56772.1559716435
102072963.0400273055 61234.9675073856
128352358.6016820371 84877.0668182373
128130526.7240252793 84828.6748886108
129846540.8924090713 86357.6841659546
118721643.6372122020 76239.1956563769
106802113.6725276858 64055.4763420224
131282142.3601348698 87019.9718627930
113042603.7847229540 70186.9378229948
112795986.8578530699 69460.5976189002
101488327.1107956469 60251.7103426987
109619914.7884283513 66189.1034195423
98969831.7063986659 53679.1306301740
127662874.5977470130 83697.1996383667
99750043.6308105737 56849.5626470186
98764576.7474928796 51418.0371864935
98854021.0338128209 52730.3086000218
99000542.4667170495 53745.2890552667
98754024.1085253358 51416.9487465521
98938647.9620036781 53554.8996414331
98942188.4051538557 53582.3569913640
98874845.2634381950 52859.7283998265
100815117.8608379960 58752.4727262491
98850480.5906626582 52702.8512500909
101664130.8210164011 60843.9478235478
100177408.2487777770 58289.4612082476
98709598.4945522398 51148.2642145951
99191372.8886915147 54846.7418554099
125539995.3016914278 82506.5416321754
121990076.4408795238 78625.9855677634
98771142.8801868558 51904.1332558294
98791967.1098122299 52033.5530556341
98736149.8137444854 51310.6112831731
98715450.4326882809 51163.9748469194
98900403.2094205022 52956.5020386365
100005758.2463529855 57647.8361090655
127584408.6121915877 83342.5698227882
123015734.2388810217 80132.6609506607
105369367.3935951293 62861.7830618471
123755552.0960376561 80362.5894980431
131610381.9137552381 87140.4702758789
98821065.4989446700 52157.7840443750
111490077.9326936454 68292.7971681627
98765248.2028769255 51434.8422719141
131760787.0244136751 87239.5526733398
98675845.4621588290 50531.8079310258
98704943.8512912691 50656.0389197667
98677507.4314013720 50547.3705378373
101604573.4337747544 60414.0948641831
99470709.4924452603 56452.1625781590
112697275.9066008478 69438.4798820838
98706605.8205338120 50671.6015265782
99469167.1274682879 56432.1413152488
119847520.4163710922 77893.4490305930
98655075.4207188487 49619.8783655961
98656737.3899613917 49635.4409724076
128590553.2425716817 85062.7421493530
103858781.0820775628 61488.8155163229
100154412.2361053973 57755.1168392235
110237513.1137134880 66855.2246039333
105333786.4229468107 62505.2219259739
99400932.6612215191 55890.3590609170
116377212.1041156650 73584.8965750244
99429986.7282943279 56395.0265181698
101078421.1157555282 59589.4270683462
100630050.4105962366 58676.5880230004
127281486.4997595847 83217.2541682720
125137023.9121975005 81153.2052097321
110597083.3471268564 67667.8643333223
125952306.4380623400 82650.5650203333
100955397.7561299950 58998.6041618520
101421768.6856673509 59857.6724627549
110576588.5531377792 67116.5477850856
109872713.7930566519 66723.8512518825
99850889.2606158108 57575.8406740762
101325467.6492691636 59786.5423968369
124145606.8757245988 80404.6013388634
130612862.3793037683 86845.9987182617
101623829.6330568194 60571.6829379136
99630181.5642159432 56721.0471686358
100468822.3398911208 58616.0363654131
100796505.7765551955 58748.3953947062
107365976.8919509351 65145.3168872865
99301260.4522972107 55566.0547673972
99789813.0558320731 56859.4246863360
111350383.2699373364 68069.3898347858
99781753.6105168015 56856.4357947344
99180820.2497239709 54845.6534154685
122218399.6129244715 78721.0569381416
101261909.0710925460 59687.5486834580
99806185.2775887251 57391.8428000445
100274910.6362751871 58491.6497458452
99726482.6006141305 56792.1772345537
99771200.9715492576 56855.3473547930
111431613.5314728916 68079.0754910205
100664697.1352906823 58740.8068846697
111194347.5914603323 67857.5618166002
99257511.5638611168 55520.2117498191
102487755.0675035715 61362.1334619755
112199178.5378427804 68410.9657106986
99327677.8347222358 55693.3085158505
100864397.2096392661 58870.5354998643
99002653.6682535410 53859.9566698344
101955967.8397979289 61037.4551706547
99039761.9046446234 53927.2877023490
99001987.5599789917 53795.6068551810
101420494.7873655409 59825.1965716416
99058041.5361018628 54457.1717597147
101306855.5649863631 59782.4650652939
99371075.9779983461 55841.7102809586
99087937.1055659354 54581.4027484556
99300240.2320008576 55548.8756335874
99159258.2305966467 54818.4937474998
99090154.9313200265 54647.6552465232
99836468.9341553301 57431.4904440874
110104560.1941401362 66785.6700159581
125099773.6645756662 80998.1390237808
98976813.6590971053 53735.7256810935
99120050.5007840991 54771.8862352641
99353382.5697485954 55754.5940892966
98933648.5572953373 53135.5117941173
98785922.1189606935 51964.6848831971
98737062.3986127824 51347.8118604024
104601079.4867416322 62070.6194460094
99796174.0431775898 57028.8602663614
101426527.0183769017 60015.7743696207
99471624.1831314266 56527.0576970847
99415854.3024569601 55898.8463409478
99051045.3898258954 54047.4413595470
118553504.1853032857 75796.3203191757
99423370.3484808803 55923.3965264531
99021149.8203618228 53923.2103708060
98854160.4247654974 52832.4468077322
112296303.0417395979 68527.3131494522
99202656.3738727868 54966.8955126079
99041423.8738871664 53929.1039865287
99595358.0423797071 56716.9698370928
98934981.8827408850 53220.7712671757
99033364.4285719097 53926.1150949271
106104027.9615336955 63214.7008175850
105238349.5284779370 62353.0806276500
99172760.8044087142 54842.6645238670
100957266.6734904051 59339.2183012003
124706067.1634626389 80713.5894039869
126955555.6296515912 82885.4522228241
126484983.8882255852 82856.7471141815
98799171.9614592046 52111.3213194509
99373563.8619043231 55877.7366380962
99500773.2313445359 56614.1738887466
99360523.3390307724 55840.6218410172
104263929.5587276965 61587.9142988920
99052707.3590684384 54049.2576437267
99022811.7896043658 53925.0266549857
99535610.9921260178 56696.9485741826
106202159.2778588831 63368.8385860622
99470877.6618804932 56489.9429000057
99354150.8651269376 55785.0190087529
99213900.9728131741 55011.4669610234
99332353.6272190064 55739.3591203960
99735896.0080750883 56818.0477179522
99342829.9307810515 55753.5056493552
99192103.7349052429 54965.8070726665
98703794.7505480200 50577.0641999974
99055161.8648776412 54054.1332738670
98913503.6202142537 53018.1629965305
99302458.0577549338 55615.1281316550
99162208.1654411703 54841.5760839256
100259046.8932311535 58370.9380908543
98830369.4869607687 52160.3694616093
99817420.6300948262 57409.9089621538
98767101.0861328989 51463.6136712730
99713939.6326383054 56782.7779356837
98878139.3404119164 52926.8031644821
112541010.7409513444 68757.0250045657
105352403.4843367189 62770.1456194967
99048866.8932182491 53929.6465184959
99791485.4156794697 56911.3345060386
112475564.6753214598 68639.6291121626
98903618.5792454034 52997.3864572318
98907808.5481389016 53011.2808053764
98909470.5173814446 53013.0970895560
108885249.9629348218 65882.9523665607
108366131.1362448782 65805.2908675373
