89722191.7345513254 945698.6142578125
76580065.5667392910 667260.3894042969
76420239.0592488647 651769.7750244141
75854101.7226860970 568150.4298095703
77491264.9213186353 741759.5163574219
79485371.4755439311 844403.0947265625
75824483.8673793226 557280.4899902344
76328049.8466300964 639991.0892333984
78662767.1665255874 808929.1726074219
79341559.8313797712 836648.0019531250
78258937.9708172381 788912.1823730469
75895173.1182099879 578860.0855712891
76641495.9117999077 671740.0463867188
77211008.7755340189 724089.4978027344
76969072.9018600285 701595.9436035156
78396487.1427956372 795999.7214355469
78223970.0092346519 787724.9099121094
76453257.1617257148 654116.3908691406
78038238.3422860205 775289.3652343750
78852377.2770394385 817792.0175781250
78403659.1722509861 797381.2653808594
78686501.3030366898 811630.5341796875
75814026.1806159467 556543.0374145508
76275991.8308650851 635376.1535644531
78100520.9843789786 780391.9389648438
76237484.0987964123 629524.9228515625
78528489.5031837225 805616.4711914062
78281847.6809739172 791226.0354003906
76230121.4164586216 629095.9354248047
79633001.2368813008 847300.6635742188
76478823.5521074086 656354.2089843750
76213130.8588562608 627659.7987060547
78811918.6740050465 816275.7119140625
78084499.0329192877 780290.5993652344
78455576.5529513359 801916.9992675781
75874148.8914323896 573868.3674316406
81381835.4979649633 889232.5966796875
78299053.0911187083 791947.1066894531
85347234.2957912385 920289.1523437500
80402786.2573683560 873016.2910156250
79120008.6159059703 831209.7905273438
79477950.5421027392 841228.6098632812
76416330.5099256337 650248.1011962891
76823427.5541656762 689267.2974853516
76988980.6810850203 702814.8964843750
76037169.1529310495 605429.2663574219
78851638.9699640870 817679.8339843750
76719857.5740693510 681560.0522460938
77592148.9074102491 746649.3989257812
77847606.1510580778 763143.8425292969
76269538.8312914371 635278.6979980469
76354122.3392152488 645795.1748046875
78022041.2276903391 773205.2368164062
75804654.9195211381 543324.1962280273
75917641.7981429398 589071.6129150391
78125483.1892129332 780632.8435058594
75987012.9617418051 596495.6883544922
76109797.6838292032 617455.9056396484
76141217.8670492321 619499.7543945312
76646239.3269420117 675123.0246582031
75843644.0359227210 567657.6048583984
77556986.1118335724 746059.1572265625
76098699.9476592690 615394.4157714844
75911383.2445617914 585589.1065673828
76216210.0452565700 628546.5285644531
76809737.1075703204 687948.8516845703
76321596.8470564336 639951.4989013672
81562870.4620979726 892379.7783203125
77897878.1221397519 767568.6582031250
76987201.4468009621 702805.7526855469
77645813.9919399619 752597.8437500000
80152663.2380911708 865638.1762695312
75891157.8667037934 577125.9565429688
76249041.9457314909 632572.0104980469
76664024.1512049139 676286.9975585938
75953882.3101829141 593463.3809814453
78907263.5362832099 820422.6958007812
76034895.2557069510 605234.2248535156
76774174.5776668638 686803.4743652344
75932981.1499407738 589373.3996582031
76132114.1422564834 618671.2664794922
76050217.5126033574 606709.6904296875
81042262.7368835211 880071.7011718750
76096426.0504351705 614799.6616210938
76712193.2870603204 679984.3542480469
79656653.6183623374 847585.1723632812
76117511.2074013799 617840.1450195312
76013462.4932831973 603769.6569824219
76074993.2880114168 613734.8063964844
77715557.7271847725 756356.1450195312
81523355.2494484484 892085.7949218750
89533833.7246322632 943918.3222656250
76192503.3856087178 626886.9191894531
87175259.3819930553 926135.1376953125
76754472.5560732037 684808.0356445312
75863691.2046690285 573384.8890380859
75945057.0053761601 591437.2014160156
77419069.0868309289 735120.5341796875
78048009.9956455827 776903.5366210938
76156393.4989394844 621611.8483886719
76772374.6594457924 685470.1557617188
75828673.5095173270 557950.9550170898
79688576.2011777610 851420.6435546875
80987811.5764501691 875254.1782226562
79342710.3255208731 837554.9536132812
79806749.4049918354 856153.3159179688
78360964.3766566962 793795.8044433594
75980620.4972557724 595803.9573974609
76172990.6770051569 623838.7177734375
75891909.7544168830 578438.0736083984
79658315.3910259008 848770.1108398438
77792197.8282340467 760236.5114746094
76943735.7292394191 698613.6132812500
80956745.3779717237 875148.6118164062
80869358.0963378400 873617.6674804688
81121524.6821796745 883997.1479492188
76010098.6322764158 602508.8636474609
81566816.2771921307 902129.2666015625
75993896.4351476878 596526.0555419922
77908662.9396383166 768534.9284667969
77488659.8946542293 740773.3959960938
77865509.6289920807 766127.4746093750
78901659.0374810249 819941.8608398438
77916830.2915963531 771521.8078613281
75949691.5433020741 593152.3221435547
75997634.6031290591 599886.9290771484
78805193.2071615607 815867.3945312500
84099128.4087378979 909162.9082031250
80315966.6993874758 872478.4711914062
77313286.8561961949 730293.1562500000
77610534.9103195220 751974.4328613281
76543934.9162424803 664632.8676757812
75890023.5400438607 575051.5649414062
79338194.8025048971 834107.3896484375
81085819.6430694163 881565.2797851562
77336086.7715703994 730895.6271972656
76151341.6761621386 620036.8281250000
81290577.9437642992 888703.5180664062
75954348.1545450240 594898.8835449219
81289408.5362000167 888019.8071289062
77659919.7615039349 753948.4333496094
77041122.5705177933 710344.6887207031
77832171.2741240561 761127.6254882812
78206176.0698479563 784671.0957031250
77421838.5233452320 738489.7666015625
76814279.2797019184 688198.8613281250
80252500.7762446553 872167.6596679688
77987072.9435252398 772819.8261718750
76612051.1358424276 669467.8774414062
77161496.6360356808 718458.2336425781
76498452.2759080082 657587.9851074219
76039835.0496589541 605655.4365234375
76505315.1774907410 658175.0639648438
76309009.9333419651 637722.7694091797
77274002.9089148343 727973.2897949219
77552348.3014389127 745804.1662597656
78264441.4905769080 789894.9484863281
76168177.1386801898 622733.2500000000
78943153.1282645762 820810.2465820312
77738591.2000635862 757385.6791992188
77767052.9429146647 759386.1516113281
77834767.1532858759 761944.8266601562
77024850.9518765211 709002.3171386719
77147730.3292934597 717388.4760742188
80024661.3209692836 865340.2329101562
78440189.1528192163 798143.7846679688
77691780.7570146620 755252.4750976562
79422139.5554388762 840497.1689453125
88644072.5672737211 942374.6953125000
77064358.2393674105 711333.8654785156
76009920.1423286349 601170.5976562500
75935887.4401685596 589680.3259277344
76304784.6664232761 635796.7423095703
77595209.4210053533 747079.5053710938
76877441.9332724959 694927.4936523438
79594920.4812838733 846669.1225585938
78817288.1452842951 817278.1440429688
85935507.4340778887 921260.9257812500
78346846.5800584108 793169.9924316406
77085032.3242619783 713573.0209960938
81462306.1064848453 890470.9248046875
80008762.3358536363 859029.1313476562
83517258.6256567836 903335.9169921875
77350567.3275348246 734287.7512207031
79800585.6296450049 855653.4765625000
76007254.2456007302 600786.6090087891
75812435.9699829817 548161.5391845703
78601489.7139055431 805764.4062500000
77349978.5485007316 732789.8801269531
77391086.0412425697 734929.1667480469
77762114.8816712946 758574.8959960938
78613389.7821313143 806587.1801757812
76687428.2821049094 678551.1354980469
77271098.1983971745 725415.1130371094
77606609.7595555037 747524.2307128906
75841525.9013202786 565626.9378662109
78977670.7421204895 826840.7641601562
76058148.9572028965 608804.7502441406
79043171.2354638875 828190.5903320312
76973471.5845730454 702264.0573730469
86572026.0511149764 925861.7285156250
77753173.2581350058 757419.1823730469
75863353.0412999839 573242.5041503906
76307103.8772906959 636537.7557373047
76948186.8125835806 701197.7568359375
81454842.7891314030 889718.2851562500
76854584.0886454135 694105.6701660156
76903848.8431279063 698588.4689941406
77124134.1879111826 715420.9233398438
77139677.8091108501 716078.6960449219
75880408.0755024552 574684.6522216797
77529950.2141954452 745345.1616210938
76945499.0457816124 699162.2106933594
75835110.9055495560 563932.2086791992
77844564.1005493701 762818.3181152344
76239872.3805238605 630634.2912597656
76139593.5773093551 619023.7733154297
77027295.0502406657 709020.6325683594
76752151.8266220391 683589.1933593750
79252160.3124799132 831221.9985351562
79558974.2663956434 846307.5620117188
79285068.1882612705 831788.9799804688
76348685.6828832626 640607.5675048828
77456498.9666680247 739199.9736328125
77197234.8063709587 721253.2104492188
87658603.4354865849 931637.0625000000
79472844.1007218957 840657.4936523438
76260369.2660838217 633340.9787597656
76571945.4049882740 666889.0012207031
88142136.8275430799 934531.6972656250
76636550.8853695542 671358.2224121094
76736693.0365874320 682826.6538085938
86141920.8832112551 924742.4208984375
77195322.3027254492 721007.1394042969
79268357.5599430203 831573.7558593750
79370716.4690486044 839169.3237304688
79772048.3219356984 854485.2382812500
78804712.8142633736 815634.1459960938
76484060.9117540866 656632.1833496094
76789818.4782331139 687083.3649902344
77010459.5877225995 707754.0310058594
78451862.4511992484 798917.0646972656
78700121.8515509516 813093.4958496094
77175187.0826310664 719776.6794433594
78619989.9963742346 807455.1140136719
77060090.5538813770 710369.2377929688
76715044.0357443988 680688.4790039062
76594149.0324698091 668805.7573242188
76694291.1836876869 679322.2341308594
77481065.0956364870 739667.8149414062
76534725.7030625939 660439.2707519531
76673036.9179510027 677302.8493652344
76452254.9469797909 652806.1694335938
76994952.9632418007 704133.3422851562
76784581.1185864657 686805.3906250000
76560051.7023915499 665304.0544433594
77570999.4929638505 746457.1862792969
76542932.7014965117 663112.9877929688
76887013.3806098402 697321.8674316406
76825683.2962017208 691992.2158203125
76569501.3066241294 666870.6857910156
78764301.5671888888 815232.2138671875
79953577.2364114821 858863.3569335938
76434782.3964287639 651790.5277099609
84948495.2598085850 914927.3310546875
77338812.4974589050 732523.4296875000
76255494.9453051239 632669.4660644531
76619715.4228514582 671043.5754394531
76419159.8316474557 650477.0643310547
89485762.7038800120 943708.2949218750
88105600.2801134884 934067.0683593750
89411462.5414161980 943132.9394531250
78366808.6934918612 795380.4201660156
76518256.2721595168 658189.7109375000
76569493.3792010546 665489.5324707031
84503942.4301887602 909264.1083984375
76073249.2442561686 608832.3468017578
76469373.9478748143 654787.5776367188
76306628.5659609437 636210.6837158203
88462455.2749518156 936850.4570312500
88542427.6044805050 941465.9443359375
76524041.5245611221 660323.0356445312
76353203.1640245318 640915.7752685547
76464377.8041011989 654138.9395751953
84575045.9827540815 910624.6845703125
76962993.8022649437 701353.2841796875
76448877.0623148680 652080.8901367188
77816807.1920876950 760738.4592285156
78677218.7859522253 809221.4689941406
84804867.3181094080 914641.1865234375
85104134.0945642292 916782.0400390625
78076347.2091506273 777577.0678710938
75891075.3250833154 575653.0101318359
76367870.3928290606 648298.2851562500
87491258.0748221427 927041.7412109375
88505098.4412217289 936879.4873046875
88520570.4730013907 938566.2851562500
