43866101.6148187965 489487.8281250000
43882910.6396854892 489945.0400390625
43470493.4446992278 472341.7597656250
43832876.0833355859 488706.0231933594
44839990.7514393702 518879.9990234375
43576708.4389014840 478667.0405273438
44022747.7012863532 497532.6821289062
44497335.5663599744 507599.4433593750
44527692.6963824183 508761.7260742188
41901725.8001901135 312014.9415798187
43299143.6188134998 463991.8725585938
43788034.4895253479 486548.3845214844
42273738.9270359203 396847.8902435303
42290461.2786267325 398937.6926269531
42110734.7968572974 377801.7671585083
42620122.8892588168 423366.6571044922
42131885.7353191301 379422.8069915771
42455661.7312112302 412195.1657714844
42588480.7956250161 420745.8461914062
43454631.9179783687 471307.0590820312
43149852.5041001663 456852.8828125000
42099349.1005177572 375532.2912139893
42766672.5913464800 433768.8507080078
43835087.2626421824 489011.0400390625
43478648.9003297091 472410.8139648438
42250520.3300848082 393367.0749511719
42202972.7953011170 390106.0500488281
42354068.7669239715 403714.3834838867
42966347.3060700595 446037.9645996094
42909439.0032427311 441778.6090087891
42700008.3306114748 429208.5274658203
42088830.5504643396 372816.8709735870
41902330.1977472454 321015.6791954041
43177338.5705314055 458623.2099609375
44444961.9132993370 506917.7280273438
43980197.8288351372 493399.3344726562
44412046.3588141799 506442.5991210938
44571051.4122893661 512494.4057617188
43620685.0616037995 478864.4899902344
43746459.5162515044 483555.9658203125
44806523.5735380799 516321.1220703125
44285853.2190888152 505542.4404296875
41982397.7004710510 360194.7732028961
42186352.4958176538 385184.0426483154
42211290.2292904630 390753.0462646484
44267637.9565820694 501527.1660156250
43256116.7003012151 461977.6728515625
42118234.5043132678 378678.7922515869
42682832.4616847783 428270.1552734375
44472666.7913759351 507483.2133789062
42595697.4582760409 421412.2806854248
43668079.3364364728 480684.2199707031
42098847.2348729074 373914.9886016846
42675334.4289525822 426977.2355957031
43672507.9081242010 481074.5002441406
41947774.5455670431 347728.7155852318
43243738.1422970667 460834.6452636719
42719405.8461573124 429295.3388671875
44658277.9025802389 513059.8911132812
42784659.4538016990 434150.4333496094
43187197.1696499065 458814.3215332031
43561943.7895590961 478059.6486816406
43332014.8904163763 466397.3344726562
42044377.6491725445 368947.0819225311
43272439.5369833410 462508.1845703125
43161899.9784827083 457745.5278320312
42626674.7348921895 423543.5886840820
43217016.0796978995 459905.9387207031
43486464.1500248909 472980.5983886719
42936108.2864902392 443349.2895507812
44280996.8680606708 501614.4111328125
44176024.4603450671 499965.7626953125
42717375.9317148030 429280.3348388672
42830711.8912485987 438980.0964355469
42821229.2943081409 437671.6636962891
44422238.5362616181 506527.4477539062
41991194.6534514800 360614.9168415070
41949091.6027944759 350439.5081863403
41927806.9454107657 330621.0337508917
44183203.4855748266 500647.4780273438
42006889.8890266195 362693.8329315186
44369133.0119484589 505952.6201171875
42086050.2828939781 372533.1316375732
44281978.5932288989 504484.6474609375
43830307.7755051106 488250.6433105469
44682033.9127828926 513151.5151367188
42099546.6020550653 376204.0293464661
42313758.8400047645 401895.7616577148
42275261.8067482859 397327.1312866211
44458563.4661587551 507145.0742187500
43043778.5614463389 451025.3017578125
42446526.5927952528 411532.0882568359
42993329.6704098135 448441.7487792969
42108802.3673549965 377688.1428718567
42631488.1072109118 423684.5192871094
42601504.8895939440 422625.2482910156
43226376.9621103331 460653.9194335938
43405100.4396988377 470049.8903808594
43709155.1074761376 482766.8496093750
42197559.8010778800 387312.5871887207
41968241.0085425600 352820.1125221252
43742970.6147985905 483297.2758789062
44766340.7273273021 514551.4086914062
43334130.5835351199 466507.6040039062
43429315.8889296725 470488.6220703125
42793118.4071605578 434888.9093017578
42403926.1812138408 407250.6965026855
43026786.1525762603 450185.7138671875
42986779.7612688988 446562.1169433594
44628707.2038512826 512721.7519531250
43125003.5295322090 455692.6857910156
42109963.3426725343 377756.6769981384
42006378.9499236569 361144.8529376984
41970756.6912264675 359524.5180377960
42647493.4839547947 426140.6750488281
43425152.6714250371 470458.4228515625
43793164.8522777110 488179.8671875000
44164867.2114461735 499155.9604492188
42007983.3365217075 363226.9820022583
42973105.5621616542 446191.3211669922
43652075.0279433206 480505.5866699219
42042950.4575604722 366523.6561355591
42866024.6514499933 440168.4506835938
42416349.6853731722 407892.3089904785
42574538.4426234961 420468.2591552734
42597860.5127639771 422442.0186157227
42583786.7245341390 420516.5800781250
42143060.9709723145 380623.2883634567
43387685.7172861695 468404.9274902344
43256306.1931984872 462202.0478515625
42992917.9572767019 447298.7095947266
42376783.6392401159 404706.3109436035
42346961.5691811144 402706.2877807617
43109789.4625136256 454261.5563964844
42103014.7384373248 376692.3906326294
42114305.2696065158 378676.9307022095
41954288.6054980010 352051.9351730347
41932115.2062322497 340503.3820762634
43402994.1656547114 469277.5876464844
43007610.2475784272 448797.8131103516
43741896.4286800176 483238.4711914062
42525507.7142691463 417252.9315185547
42503615.8837845325 416515.7407226562
44178090.6287992671 500140.9677734375
44084033.4640482068 499000.6547851562
43751504.8545023501 484848.7333984375
44560390.1352063715 511928.0336914062
42807167.9924550503 436978.2788085938
43224955.2654855922 460491.6059570312
43683928.3278056830 482263.6210937500
44506235.1151055917 507826.7895507812
44281461.0698702112 503832.5322265625
44529625.3460988104 509369.1567382812
43493893.8031913936 474297.7399902344
42090514.8910348639 373142.5095062256
42061633.7135696858 370322.0393257141
43534647.0825921372 474517.3623046875
43436376.5058928803 471107.6833496094
42647045.8703932986 425752.7854614258
42134155.1723577306 380540.6504058838
42565334.9983557314 419425.2822570801
43366153.4548906982 467945.2719726562
43373276.2292143404 468084.8623046875
43193117.5976616889 458848.4511718750
42195281.6435070932 386210.1937103271
42247814.3640476167 393036.7515563965
42336905.1076684669 402279.0599365234
43634170.4568831548 480444.4475097656
43398651.1118373796 469072.6079101562
41927859.0993577242 339881.2811241150
42901839.9319301248 441702.1828613281
42531384.8497237563 417439.8842163086
42558306.2530996948 418861.3854370117
44727581.5279107615 514152.7695312500
42723370.6651070490 430788.7019042969
44045313.0532016382 498435.1694335938
42256796.5876958072 394441.5151062012
42033309.4730030745 366088.8069000244
43547258.1370225102 475814.8842773438
43078428.1710696071 451700.8355712891
43482211.1297272295 472464.1608886719
43691893.3067430630 482477.8095703125
43910343.6297350526 491565.7241210938
42062573.7576643825 371751.6080169678
42921837.1193078235 442137.1967773438
42475089.5108745396 412538.9512939453
42106893.0184114575 377321.6240692139
42042678.4116519764 366184.7036666870
42159242.8263228014 383167.4217834473
42217052.0602346584 392222.2795715332
43072148.8708041012 451393.1737060547
42057177.7606924176 369550.5868377686
42440973.0555139035 409928.6797180176
42406654.5180071816 407553.0283508301
42379736.4742252305 405786.1176147461
42793679.9791430235 435595.0074462891
42642203.6917196736 425507.1812744141
42465042.4770190343 412371.9231262207
43491457.1537760720 473324.8620605469
42425062.5903069973 409884.6677246094
42113175.1351477206 378305.6418838501
42685590.6839874089 428543.1440429688
42151962.2805877626 382247.2746124268
43220189.8878120780 460075.1040039062
42043944.5159058422 366665.2321605682
42840830.8111627102 439436.6191406250
43354176.0599446967 467436.3105468750
44012585.1994840652 495417.0961914062
42258266.7774465680 395857.3155822754
41939876.3923772052 341755.1259750128
42760482.5955243558 433010.4636230469
42481381.9629693478 413134.3755493164
42496115.8270986751 414906.5061035156
42017127.6176525876 364924.3565139771
43177220.4522420391 458195.4721679688
42166256.2868430763 383178.8991317749
42420277.6066248342 408681.0419311523
44923137.2067909241 519446.3710937500
42612373.4546093643 423127.8862915039
42959244.3680450544 445675.4312744141
43544467.5047734976 475287.5175781250
43201868.1000442952 458861.8105468750
43309518.2284456342 464540.6135253906
43316164.7213456780 464883.7263183594
43278790.4347884431 463825.3261718750
42475918.9020436853 412830.6244506836
42863919.3233992532 439715.0971679688
42549113.7240472808 417445.5743408203
42415348.5755457804 407794.9983940125
42551373.0785222054 417453.5559082031
42461028.2090214491 412276.4948730469
42235076.7139730155 392496.5542373657
42486424.3913073018 413791.0276489258
42789950.3479376361 434326.4641723633
43210432.5879969299 459438.1245117188
43134147.8106630892 455802.9553222656
42282014.8261450380 398115.8083496094
43022898.8532541692 449465.8395996094
42636885.3094141930 424953.7124633789
42756043.1289805472 431705.3388671875
43761568.8581821695 486021.1252441406
42893808.6760330051 441138.3466796875
43117681.0751461908 454498.4262695312
43306663.6889076605 463997.1906738281
42758161.5468911901 432745.0524902344
42500870.8092358559 415090.5285644531
43450217.7285453752 471170.2785644531
42246392.5674478412 392697.3173828125
43922207.8101049885 492413.2163085938
42873083.4872548878 440654.3991699219
43103162.4660731778 452890.2626953125
42856521.1362407804 439542.0235595703
42635920.0844354630 423753.6237792969
42777185.6807901934 433991.6888427734
42790228.0956602097 434663.7922668457
42741367.8174566701 431197.4517211914
44716394.2252299562 513869.6933593750
43461616.7014908940 472033.2419433594
42166851.3801223487 384813.4239501953
43348238.5137094781 467156.1557617188
43893108.4728625566 490425.4111328125
42246151.8649271429 392605.3670043945
42813877.0052990019 437351.0667724609
42145181.5244697109 382225.3702545166
42402691.3524363562 406067.6285705566
42251184.2863650844 394283.7108459473
43147999.8348409608 456312.8544921875
42788379.0211810172 434207.4122314453
42756513.2428263649 432553.9409179688
43204189.1486774608 459017.1162109375
42751778.0111312270 431325.0492553711
43038584.5518114492 450804.5632324219
42823309.1422572732 438552.3586425781
42194853.2823676616 385559.3764495850
43388932.8638016209 468663.6777343750
42675511.0291987658 428081.7419433594
42952687.4812952951 443903.0280761719
42421544.8820702061 408978.2463378906
43253392.3129871488 461774.3076171875
42658484.3381557763 426862.6954345703
43213961.1159934551 459888.4951171875
43889418.0990947857 490190.4365234375
42922263.0464381874 443015.5434570312
43205011.7863148078 459135.6621093750
43458048.9588852376 471781.9993896484
44368471.6982073784 505717.6455078125
42919426.6981996819 441809.9202880859
42589068.9131957665 421286.0177001953
43085622.6206682846 452618.7944335938
42956346.1050373912 444609.0361328125
43250701.5306713209 460900.9133300781
42864014.2442797199 439898.0212402344
42839409.8980232403 439031.1208496094
42634477.0919893309 423685.3584594727
44714007.4903135970 513394.5644531250
42480474.0546038896 413011.6380004883
42486646.3661392704 414269.0035400391
42937202.0189012289 443685.0228271484
