43484532.1783603951 472674.4616699219
42417582.5716094971 409137.9552917480
42594000.8508544117 421701.0115356445
43244711.0405951589 460880.6066894531
43252050.6846087128 460912.5859375000
42610608.0621177107 422626.9451904297
42987121.4433151707 447502.2812500000
42972566.9777538553 447040.8791503906
42031709.5700639114 366193.8984069824
43029600.6180794090 450426.8427734375
43186219.6286621094 459768.9672851562
42375512.2339383215 404120.9252929688
43671751.1630690545 480692.4382324219
43707920.5607309490 482766.8496093750
42917269.1149038076 443060.2160644531
42747065.8912212849 431888.2629394531
44684400.7541610673 513222.7685546875
44375256.8591545075 506917.7280273438
44565637.9285626188 512494.4057617188
44690278.7977931350 513353.9326171875
44554701.6946074143 510487.8911132812
43032358.3768290132 451069.9743652344
43399704.4427268729 469471.0749511719
43220481.0556305200 460304.9970703125
42431756.0846158415 410681.4265441895
43792923.8683693931 487819.0920410156
43953104.9457178861 492858.4916992188
44038340.4215843827 498435.1694335938
44012408.6784480959 494030.8835449219
44259138.4970936030 504941.8593750000
44351881.3062323779 505952.6201171875
42494699.5832777321 414970.9391479492
42934875.8646195605 443889.1618652344
44714149.7532147914 514302.6542968750
44073134.4771417305 499000.6547851562
42181585.2442516834 386066.5640258789
42075133.1212895140 372447.4644775391
44429872.1978177503 507599.4433593750
44874022.8802457079 519446.3710937500
43871888.0005771145 490080.1909179688
44832050.3118181005 517256.1816406250
44175292.8405273259 499965.7626953125
41905018.5296617076 327843.0122385025
43173745.2722814903 458106.3535156250
41891100.1081171930 322283.2229309082
41891095.2477385402 322180.0505948067
41878316.5878359973 318819.9887286648
41875528.5655885339 316044.4742984287
41880666.8293286338 321277.5784420967
42107675.9713296071 378676.9307022095
43151127.5165443271 457472.8581542969
42782464.5679086670 434593.9884643555
42042611.7072606906 366526.0798168182
42707463.7041823119 429886.7749023438
42136261.5428630933 381361.0733337402
42009829.1242704391 364545.7370300293
42182635.7482936233 387285.7477569580
42952776.2321405485 445276.3112792969
42666545.6096570715 428081.7419433594
43695084.8540055230 482570.9584960938
43011742.2636968121 450141.2678222656
44515778.7943649814 508757.1616210938
41997774.0562131330 362625.7119195461
42629351.0290404782 424032.2383422852
42477977.2316869199 414448.9824829102
42460726.8760001510 412501.5002746582
43373931.9080306739 468663.6777343750
42466455.8491714448 413716.0278320312
42127419.2538488805 379190.6180343628
42949406.3351918310 445227.8854980469
43059873.7350913286 451591.2607421875
43483273.0099984258 472482.9709472656
42018946.9946791306 365817.7088326216
41979371.7003197521 361056.0571064949
42224332.7609031498 392482.7695312500
41921932.4073042348 340204.1150934547
43532274.9714864343 474517.3623046875
42666533.7914394960 427870.6179199219
42631449.6086216718 424531.3881225586
44336793.7492949367 505769.7866210938
44259029.7809010372 501805.1962890625
43096247.0848569795 453230.5283203125
43149379.4967250451 456406.1203613281
42000010.3278651834 363739.4579620361
43303639.6437253803 464016.0007324219
41918891.9996938556 333089.7628071117
41893521.1421352699 326916.0009007454
41919609.6372299790 336356.6855182457
43841038.6466084495 489132.6435546875
44206190.4214247987 501212.9633789062
44506250.1566842124 507962.3593750000
44594259.7542376891 513059.8911132812
44496038.1521628201 507883.6235351562
44795744.0660053492 515737.4169921875
42858402.0088851526 439898.0212402344
42106978.8286233023 378021.5648315642
42003916.9496930689 364432.9777851105
42148666.4980679825 382286.1087341309
43672425.8724740520 482180.6782226562
43870885.5293855444 489522.9238281250
42776839.8556541279 434115.2262573242
42395219.3779565245 407757.4298400879
42243818.3730684370 392885.4000549316
42094283.0975696594 376562.8661441803
43101665.8496507034 454620.0297851562
42906172.8066466674 441778.6090087891
42659691.4869588539 427601.3801269531
44488574.8599643707 507766.2895507812
42305993.9935842082 399866.3991699219
42228937.0881735906 392719.2496337891
43768544.7208074108 486219.5869140625
42816844.5461079553 437982.8093261719
41948121.1543412805 351368.2706298828
43453979.8710968941 471400.0520019531
44785600.6793794632 515017.8457031250
43723398.8965818062 483235.9814453125
44176487.6818940565 500647.4780273438
43419005.1831469163 470639.5463867188
42439792.0573531687 410971.4816894531
41995950.4056105390 362411.0474486351
42092538.6883654594 375599.1389694214
43054432.3235825449 451360.9257812500
42414947.6702551246 408508.6273498535
42360712.8210371211 403724.5187377930
43075958.8383686766 451862.9633789062
43630108.9403051212 479069.1599121094
43714794.3707430810 483128.2255859375
43631669.6496519297 480684.2199707031
43730287.3955113813 483693.7109375000
43341750.4510029331 467108.1850585938
42207790.2396448553 390757.7850341797
43821030.5925548002 488321.7617187500
44708614.2315396592 513869.6933593750
42012229.0176448524 365658.4285430908
42352349.8016215712 403580.5811767578
42566315.5031913593 419860.8596191406
43866101.6148187965 489487.8281250000
43470493.4446992278 472341.7597656250
43832876.0833355859 488706.0231933594
44839990.7514393702 518879.9990234375
43576708.4389014840 478667.0405273438
44022747.7012863532 497532.6821289062
44527692.6963824183 508761.7260742188
43299143.6188134998 463991.8725585938
43788034.4895253479 486548.3845214844
42273738.9270359203 396847.8902435303
42290461.2786267325 398937.6926269531
42620122.8892588168 423366.6571044922
42131885.7353191301 379422.8069915771
42455661.7312112302 412195.1657714844
42588480.7956250161 420745.8461914062
43149852.5041001663 456852.8828125000
42766672.5913464800 433768.8507080078
43835087.2626421824 489011.0400390625
43478648.9003297091 472410.8139648438
42250520.3300848082 393367.0749511719
42202972.7953011170 390106.0500488281
42354068.7669239715 403714.3834838867
42966347.3060700595 446037.9645996094
42700008.3306114748 429208.5274658203
42088830.5504643396 372816.8709735870
43177338.5705314055 458623.2099609375
43980197.8288351372 493399.3344726562
43620685.0616037995 478864.4899902344
44806523.5735380799 516321.1220703125
44285853.2190888152 505542.4404296875
43256116.7003012151 461977.6728515625
42118234.5043132678 378678.7922515869
42682832.4616847783 428270.1552734375
41947774.5455670431 347728.7155852318
43561943.7895590961 478059.6486816406
43332014.8904163763 466397.3344726562
42044377.6491725445 368947.0819225311
43272439.5369833410 462508.1845703125
43161899.9784827083 457745.5278320312
42626674.7348921895 423543.5886840820
43486464.1500248909 472980.5983886719
42830711.8912485987 438980.0964355469
42086050.2828939781 372533.1316375732
44682033.9127828926 513151.5151367188
42313758.8400047645 401895.7616577148
42275261.8067482859 397327.1312866211
42446526.5927952528 411532.0882568359
42993329.6704098135 448441.7487792969
42601504.8895939440 422625.2482910156
43226376.9621103331 460653.9194335938
43405100.4396988377 470049.8903808594
42197559.8010778800 387312.5871887207
41968241.0085425600 352820.1125221252
44766340.7273273021 514551.4086914062
43334130.5835351199 466507.6040039062
42793118.4071605578 434888.9093017578
43026786.1525762603 450185.7138671875
43125003.5295322090 455692.6857910156
41970756.6912264675 359524.5180377960
42647493.4839547947 426140.6750488281
43793164.8522777110 488179.8671875000
44164867.2114461735 499155.9604492188
42866024.6514499933 440168.4506835938
42574538.4426234961 420468.2591552734
42597860.5127639771 422442.0186157227
42583786.7245341390 420516.5800781250
43256306.1931984872 462202.0478515625
42376783.6392401159 404706.3109436035
42346961.5691811144 402706.2877807617
42103014.7384373248 376692.3906326294
41954288.6054980010 352051.9351730347
41932115.2062322497 340503.3820762634
43007610.2475784272 448797.8131103516
42525507.7142691463 417252.9315185547
42503615.8837845325 416515.7407226562
43751504.8545023501 484848.7333984375
44560390.1352063715 511928.0336914062
42807167.9924550503 436978.2788085938
43224955.2654855922 460491.6059570312
43683928.3278056830 482263.6210937500
44529625.3460988104 509369.1567382812
43493893.8031913936 474297.7399902344
42090514.8910348639 373142.5095062256
42061633.7135696858 370322.0393257141
43436376.5058928803 471107.6833496094
42647045.8703932986 425752.7854614258
42134155.1723577306 380540.6504058838
42565334.9983557314 419425.2822570801
43366153.4548906982 467945.2719726562
43373276.2292143404 468084.8623046875
42247814.3640476167 393036.7515563965
42336905.1076684669 402279.0599365234
43398651.1118373796 469072.6079101562
42901839.9319301248 441702.1828613281
42531384.8497237563 417439.8842163086
42558306.2530996948 418861.3854370117
42723370.6651070490 430788.7019042969
42256796.5876958072 394441.5151062012
43547258.1370225102 475814.8842773438
43482211.1297272295 472464.1608886719
43691893.3067430630 482477.8095703125
43910343.6297350526 491565.7241210938
42062573.7576643825 371751.6080169678
42106893.0184114575 377321.6240692139
42159242.8263228014 383167.4217834473
42217052.0602346584 392222.2795715332
42057177.7606924176 369550.5868377686
42379736.4742252305 405786.1176147461
42793679.9791430235 435595.0074462891
42642203.6917196736 425507.1812744141
43491457.1537760720 473324.8620605469
42425062.5903069973 409884.6677246094
42685590.6839874089 428543.1440429688
43220189.8878120780 460075.1040039062
42043944.5159058422 366665.2321605682
42840830.8111627102 439436.6191406250
43354176.0599446967 467436.3105468750
44012585.1994840652 495417.0961914062
42258266.7774465680 395857.3155822754
41939876.3923772052 341755.1259750128
42760482.5955243558 433010.4636230469
43177220.4522420391 458195.4721679688
42166256.2868430763 383178.8991317749
42612373.4546093643 423127.8862915039
42959244.3680450544 445675.4312744141
43544467.5047734976 475287.5175781250
43309518.2284456342 464540.6135253906
43316164.7213456780 464883.7263183594
43278790.4347884431 463825.3261718750
42549113.7240472808 417445.5743408203
42551373.0785222054 417453.5559082031
43134147.8106630892 455802.9553222656
42282014.8261450380 398115.8083496094
42636885.3094141930 424953.7124633789
43761568.8581821695 486021.1252441406
42758161.5468911901 432745.0524902344
42500870.8092358559 415090.5285644531
43450217.7285453752 471170.2785644531
43922207.8101049885 492413.2163085938
42873083.4872548878 440654.3991699219
42856521.1362407804 439542.0235595703
42790228.0956602097 434663.7922668457
42741367.8174566701 431197.4517211914
43461616.7014908940 472033.2419433594
42166851.3801223487 384813.4239501953
43348238.5137094781 467156.1557617188
43893108.4728625566 490425.4111328125
42813877.0052990019 437351.0667724609
42251184.2863650844 394283.7108459473
43147999.8348409608 456312.8544921875
42756513.2428263649 432553.9409179688
42823309.1422572732 438552.3586425781
43253392.3129871488 461774.3076171875
43213961.1159934551 459888.4951171875
43889418.0990947857 490190.4365234375
43458048.9588852376 471781.9993896484
42589068.9131957665 421286.0177001953
43085622.6206682846 452618.7944335938
42839409.8980232403 439031.1208496094
