115259996.7398134768 2562910.8378906250
115677291.7922557890 2584844.8144531250
112953589.6918171942 2358423.8964843750
112820075.7305580825 2342786.8691406250
112875356.8242443651 2349121.0859375000
112652525.0449473262 2330471.9550781250
112803994.3651955277 2339942.7714843750
113758253.2780881822 2453249.8554687500
117410898.2499152571 2653666.7714843750
117363387.2607002407 2653461.0566406250
117490376.8927306682 2654677.7988281250
117161951.1329127103 2648210.1113281250
114761685.0901014507 2533230.4882812500
114566636.7643914819 2520523.0429687500
114881802.3900249600 2540037.5937500000
114813567.4148508459 2533679.5195312500
114696422.0678457618 2529903.8125000000
114662099.9211129248 2525967.8750000000
114420910.7476611286 2510566.1054687500
114840182.6730305254 2537558.2714843750
114667531.4799284190 2527700.2285156250
114172376.1060053408 2487220.2382812500
114240380.7321570218 2495270.7265625000
113859573.7784140259 2459495.9843750000
113894994.4331846237 2464081.7128906250
113960362.1711677313 2469315.5761718750
113817132.8056907356 2456405.8476562500
113966536.7114082128 2469744.9433593750
114079827.4212476611 2482399.8906250000
114201674.5933847427 2492539.0625000000
119559035.5887530446 2687561.6894531250
115064692.7216304243 2553306.3144531250
115037214.0873426050 2550089.3222656250
115126698.7940404415 2560178.2011718750
115349275.4632159919 2568183.8574218750
115221085.0200069845 2562122.8574218750
115439553.3311450630 2573225.5449218750
115669624.9797077924 2584543.6855468750
115501291.7002947181 2576329.2324218750
115312357.5300019830 2565841.3359375000
113856175.3421953171 2459189.2968750000
113813702.3905872703 2454014.4687500000
113946764.5743872523 2466370.7656250000
114572626.8063502312 2522337.1113281250
114405052.4075569063 2505929.8125000000
114300152.3391267061 2499866.3613281250
117277630.9831337780 2650411.3808593750
117355519.4254197031 2653220.2441406250
118068842.3393001109 2669153.5371093750
117530642.1163858026 2661082.7128906250
118052264.9063639790 2665456.5800781250
118408658.4591090679 2671629.0175781250
113842119.2885776758 2458285.8886718750
113661484.5104939193 2443780.1289062500
112906601.4976560771 2349966.4238281250
115098345.5482953340 2557230.9570312500
115296558.4802380502 2564250.0761718750
115436961.7677861899 2572986.1386718750
118700904.4782226533 2674890.8261718750
115002520.6574747115 2545528.4785156250
114920341.5646692514 2541188.0449218750
113383440.1685230285 2418433.0996093750
113888860.7034505457 2462526.1093750000
113895966.9262510985 2464114.3300781250
113736667.1119318157 2450390.6152343750
113645082.1558850259 2441979.1679687500
119002647.7870646864 2681392.6699218750
117861898.7012916058 2662301.0839843750
117871454.5818981677 2664635.3535156250
117479223.1085079759 2654504.5019531250
117726789.0953826457 2662056.5800781250
114121066.2070676386 2485195.8886718750
115342428.0232996941 2566418.1953125000
119517138.3921600729 2686522.2167968750
118576976.6929180771 2674784.8457031250
118531286.2013909519 2674188.1972656250
118516021.0683259517 2672404.5058593750
115416201.3075077236 2572110.2441406250
113382903.9891929477 2410558.0800781250
113157231.7727322727 2394646.4003906250
113001524.0441109538 2376083.4453125000
116181337.1153535992 2606356.8730468750
114440201.1454179287 2514167.3164062500
118893791.2180537879 2678516.0410156250
115445035.9461017400 2575409.8105468750
115425627.1118689179 2572513.8496093750
119187756.1554931253 2683190.9746093750
118969291.0976885855 2680005.6269531250
119139015.5117588937 2682899.0371093750
113865583.1317155957 2462436.6718750000
114049226.2482914627 2475187.3261718750
113998786.4110224843 2473598.1484375000
115018872.2816095948 2546153.1093750000
116886188.2886933833 2639650.8105468750
117506761.5804084092 2654784.4667968750
117320573.2934728712 2652215.9824218750
113719655.6170717329 2449464.8105468750
113408441.5793792456 2422410.4472656250
113491793.2183736414 2425283.1367187500
113268683.3081438541 2406397.3750000000
113253919.2899796814 2398747.9726562500
118373019.0563540459 2670279.4042968750
113991981.2208549678 2470276.6542968750
117131661.9015965313 2646586.5175781250
112867809.6328313649 2345724.8359375000
112833511.3420871496 2344100.3222656250
112914895.8121203631 2353066.9355468750
116290638.6456899792 2611785.8457031250
114915973.1069763750 2540390.0820312500
114597444.7809570283 2524456.3632812500
120099315.3356226981 2692599.6582031250
116005055.0127965361 2599944.6542968750
115812475.3985491842 2593063.5058593750
114859950.4487501532 2537741.3632812500
116784626.2269706577 2636626.2519531250
116465344.8480868787 2622518.0449218750
119519920.3849400729 2686745.3339843750
119205722.0976819545 2683622.8652343750
119356711.1754984856 2686487.5488281250
116103806.0560754389 2603013.3183593750
116188390.3303579539 2607842.3105468750
119344844.8855699599 2685616.3261718750
119248789.6214453876 2684913.4746093750
118812698.5472568721 2677458.5722656250
113543851.7864334434 2428309.3378906250
113546622.8829081655 2428694.5898437500
114500940.0951829106 2515729.8964843750
114556942.2382393181 2518199.1484375000
113600459.5809406489 2433223.0957031250
113088093.4869230092 2381730.2910156250
113073580.7940738797 2380725.0273437500
116869690.4236787707 2638572.8574218750
113943990.5715104342 2465658.8632812500
114012645.7368531525 2473692.8671875000
118016450.4091010392 2665189.1503906250
115392955.7219857723 2571658.7675781250
115510693.8667817861 2577751.4472656250
113132812.6872349083 2390772.6738281250
113103750.2395608574 2384105.3085937500
113333771.9319323152 2410002.4199218750
116564640.2060542107 2623207.7675781250
115777644.9359541684 2589797.3261718750
115732146.6943678409 2587543.1777343750
115769358.3057024330 2588066.0312500000
114817072.2038720697 2534986.6796875000
115026627.3215755522 2548826.2031250000
114825530.9077296406 2536477.1601562500
114943763.3032479286 2544987.3886718750
118299381.2367776036 2669422.0332031250
116912532.4776199311 2643088.4199218750
117098062.0541716963 2645472.3847656250
117042058.4078200907 2644029.3730468750
116835262.9044315070 2637312.7167968750
117218459.8192126602 2649782.5605468750
114873711.7891201526 2538190.6875000000
115805367.4451267868 2591820.2753906250
118829023.4052025229 2677986.0722656250
113214895.2640068382 2395655.7167968750
113073394.7065249234 2380535.9941406250
115174804.1122028083 2561572.9121093750
115654826.1966910511 2584260.8261718750
115365199.2198965400 2570535.9355468750
119627223.4301213622 2689580.2441406250
117091807.8481278569 2644523.7324218750
116192094.3018730730 2611743.6269531250
117133546.0223544091 2647231.8808593750
117098850.0940005034 2645650.7167968750
117278814.1451746076 2652203.5800781250
116671482.0779632479 2627461.4707031250
116371161.0051974207 2617490.8105468750
114063205.0632174313 2480312.7851562500
115954945.4855243713 2598048.1074218750
116344923.2925976962 2616010.6542968750
116449431.0899397284 2618430.1621093750
114748419.4492470026 2530144.7636718750
114912742.9150671512 2540042.3007812500
115562624.5532795042 2582494.3730468750
120367922.3608807623 2694390.9628906250
115726347.2459705621 2586612.8730468750
116984228.8364620060 2643418.4785156250
119603271.2407917678 2688856.2832031250
115432319.4189284295 2572785.8339843750
115693781.8627157956 2586192.8964843750
115356681.7600080520 2570208.1621093750
115518823.8576097339 2578295.4628906250
115644870.2563701123 2583460.4121093750
120083821.7189972103 2692260.2363281250
114026686.0601575971 2475058.4218750000
113218349.9852752090 2397625.7363281250
113057525.1345745176 2376488.5332031250
113555248.3399452120 2429077.6503906250
114218052.7866210043 2493965.7148437500
114169138.6988007128 2487080.6523437500
118812631.1242644042 2675462.3339843750
118950891.6914671808 2679141.9511718750
114576705.3431058824 2523274.4238281250
116336072.3534343094 2615449.2636718750
114298999.3410667926 2497790.8046875000
112930388.5096062720 2356806.2675781250
115950781.2916245610 2597137.4746093750
116158346.3421781212 2605349.7988281250
116105156.9553077370 2603670.1738281250
114531510.7025579959 2517616.2871093750
116023193.7465441674 2600751.0644531250
116044284.7240455002 2602651.0019531250
115886859.2199468464 2595578.2402343750
114334084.9054406136 2501535.8144531250
114345744.4390811771 2504718.0390625000
114388213.0825807899 2505652.0273437500
114158329.4680863917 2486747.1640625000
116390760.9959034920 2617494.8847656250
116407016.4145129323 2617825.1152343750
115875216.1830515414 2593278.5527343750
115996119.9396211654 2599030.2910156250
116459662.8821245581 2622452.0566406250
116565613.1989562362 2626375.9746093750
113617229.0254589766 2436944.0449218750
115920114.1248997599 2596457.8847656250
120914860.8989449441 2696422.5605468750
116136258.5951084346 2604788.5175781250
116692137.5644711405 2629329.7285156250
113683768.2968617827 2445532.9355468750
118485231.6705881357 2671769.6074218750
115635712.6773951501 2582496.0058593750
113592717.9699018300 2432707.6406250000
119818914.9405730367 2690916.4707031250
120579794.6501359344 2695324.5019531250
113894548.8197362274 2462689.9492187500
119008399.5523918420 2681723.0527343750
115545552.5563247651 2582342.0136718750
116730670.2787661701 2633011.5683593750
116665396.7036864907 2627251.5839843750
116869018.1364813298 2637964.9785156250
116687791.5224200636 2627995.5253906250
116695339.3939847499 2632579.7011718750
120852047.2642827332 2696176.6074218750
116524769.5707518458 2622853.9941406250
118883977.8880819827 2678375.0683593750
120929955.2469111085 2697555.4980468750
120902508.7031981945 2696280.1308593750
120171240.2290330529 2692804.3613281250
120742378.4195820689 2696111.5566406250
119078677.6073694527 2682195.5136718750
118824427.3337633610 2677929.2363281250
118950499.7188671827 2678903.0058593750
118777912.4548126310 2675324.1074218750
120000258.4021215141 2691258.3222656250
