63027089.6204990149 1764481.0117187500
62886461.2359865904 1733383.0957031250
64675134.5533902943 1913243.2343750000
64415684.4198011979 1901366.4804687500
63347132.2929969504 1814275.3466796875
65068723.3585513607 1929885.7753906250
62826097.5078802034 1722917.4570312500
62564684.5777053013 1653529.3388671875
64266413.5011245683 1894324.8320312500
64522692.1743294746 1908312.2089843750
64349922.3360285759 1900732.0820312500
63128780.2165567949 1777742.3496093750
63737927.0516860336 1856377.0937500000
63911526.5959378853 1871653.5800781250
64151803.9486600608 1887513.7578125000
63557113.6148272008 1839542.6523437500
63319032.8354634047 1807328.5615234375
63510673.6473741978 1836065.5898437500
62994112.2106818929 1755769.3339843750
63295801.6178576425 1804501.9873046875
63650280.2103881612 1849313.6718750000
63768962.1256896257 1859994.7929687500
64433427.9409301430 1903537.9453125000
63011495.6760942414 1759585.4667968750
63423860.3257804215 1824881.4931640625
63566283.1960039884 1843324.8632812500
63804398.2844328135 1864382.0585937500
62796956.3920543194 1721951.0673828125
64167993.7021069750 1888964.8925781250
64018391.7078936845 1879303.8281250000
64333271.3269758672 1899686.1523437500
65399867.1982854158 1932812.7187500000
63094727.2204692662 1774372.9316406250
63057989.3912628964 1768976.9755859375
63261776.9832197875 1802303.1201171875
63195919.5161873549 1791364.8027343750
64077576.1098228171 1883851.7343750000
64812321.9184465110 1918015.5410156250
62908347.7221140563 1740646.4990234375
63234745.9877332151 1794261.8349609375
63173089.2187168226 1789840.3447265625
64317271.5640134066 1898926.3632812500
64071096.1112839282 1883112.0136718750
63044801.8279519230 1767136.2031250000
63635303.2546136007 1847643.1542968750
63306575.7853178680 1806724.6103515625
62603966.2929654717 1668362.5556640625
63991951.4720523134 1877846.1933593750
62663218.6494755596 1688712.0810546875
62995479.6396946087 1756789.7558593750
62953309.8104888275 1748786.6152343750
62973856.1080152690 1749886.5625000000
62651979.7059983909 1688138.1767578125
62551389.9819319844 1646336.4052734375
64158561.3242155612 1888816.7226562500
63238482.1505001560 1795544.4248046875
64077899.7919692472 1886591.4531250000
63303929.6622064710 1805575.3779296875
64316711.7947038040 1897059.5800781250
63892252.2232834548 1871542.9492187500
62955582.5141204000 1748987.4824218750
63940750.8179094419 1872629.9921875000
63743511.2696466520 1858393.2500000000
64624473.1619480774 1911241.5449218750
64552422.0917209014 1909424.3105468750
64650650.3174799606 1913227.1308593750
64542593.3675777391 1909127.8867187500
63340453.8148728907 1809945.7343750000
63981739.9120460674 1877366.8886718750
62908357.6650948375 1743566.3056640625
62888126.5334253907 1734439.6259765625
63836134.8884586915 1864678.4824218750
63551204.4568519592 1838764.2011718750
63199715.6005724743 1792203.9951171875
63249374.0322615430 1796013.4687500000
63550661.0674743056 1838059.4179687500
64271424.1832541302 1895551.1875000000
62783654.5685288683 1717848.5224609375
63260789.3836566955 1796951.3046875000
62855748.6044978648 1730180.8603515625
63109557.3933679387 1774946.6386718750
62746898.0984510183 1710684.7822265625
63673086.2403504625 1850292.7480468750
63017888.2214506939 1759908.5175781250
64254754.3766824901 1893184.0156250000
65679480.8485152051 1934038.4335937500
62914559.2595130503 1743597.8632812500
63616708.6580348387 1845945.4902343750
65628307.2957921773 1934021.9140625000
63687901.7210168764 1851133.9765625000
62799229.0956858918 1721988.5498046875
62736649.3237215504 1706736.4052734375
63092932.1208588853 1771820.4775390625
62886311.0958944336 1733045.8593750000
63119013.0853918567 1775375.9306640625
62990989.8204999939 1754028.8730468750
63255212.7522589043 1796138.5644531250
65240342.8158774748 1931890.2910156250
65705525.8652100414 1934067.4589843750
63165036.0998086706 1787180.2851562500
63266160.9637498409 1802647.6982421875
62859779.7396896854 1732294.1542968750
63004424.3410616592 1757111.1406250000
62931843.0089486614 1744778.8027343750
62585794.5883208141 1657673.0283203125
63136601.8608671427 1780184.6171875000
62626578.9618487582 1673419.0107421875
63390635.4415940791 1819072.9072265625
63089554.7656521797 1770385.2460937500
63011449.8116964325 1758413.0195312500
62991275.3585227951 1754181.1835937500
66059970.6790677384 1934353.7031250000
64704514.7437997460 1914772.9589843750
65295809.3125765920 1932070.9511718750
62820904.9435029700 1722737.5029296875
64931243.6843646616 1922997.5019531250
66068762.6925657466 1934856.0253906250
64010182.9275735915 1877952.7988281250
63222635.3039346114 1793708.6552734375
62889530.9343824238 1735336.4941406250
64608196.6934435889 1910371.8281250000
62931557.4709258229 1744626.4921875000
65615906.2639898434 1933500.4414062500
64232741.7995163500 1891994.6367187500
64337127.9804362729 1900108.8398437500
64057514.8284196928 1882577.2734375000
62826122.3075793013 1723492.1357421875
62836253.6861450598 1728314.1611328125
63327431.2714364901 1807728.3974609375
63473099.5028961971 1828993.1816406250
63455626.9268734977 1827965.0556640625
62569699.9630796015 1654584.2529296875
63324167.4282241911 1807485.0234375000
62976386.5381439701 1750717.6240234375
63535593.2730654925 1836174.4707031250
63298297.7637894452 1805386.6826171875
63781247.2516816631 1861644.2480468750
65887898.4790705889 1934131.1445312500
62760039.9080303535 1715506.8076171875
64034059.6386677325 1879600.2519531250
63374511.5419041365 1818194.0361328125
63878938.1218040660 1867924.1406250000
63475901.0605250150 1833553.8437500000
64564701.4321263731 1909994.3984375000
62937464.2076857835 1745101.5078125000
62877221.5241039693 1732813.8037109375
63400017.3782436922 1820705.7822265625
64594265.8749060780 1910001.9746093750
64720719.0091232657 1917798.4765625000
62729580.2605478391 1702671.9082031250
62722236.7148759067 1701464.0917968750
62731631.9062535763 1706698.9228515625
62689105.8077870756 1701042.3935546875
62613888.0401576459 1669138.2705078125
64683276.5708498284 1914412.4375000000
62722949.5470023602 1702226.4755859375
62832133.9439993501 1727839.1455078125
62891566.2935734987 1737241.5263671875
63865138.5169673488 1866626.6640625000
62607608.7161508575 1668642.7744140625
63418050.4972949997 1820935.1855468750
62686833.1041555032 1692959.0361328125
63719008.8061094508 1851932.8242187500
62587434.2629772201 1667114.6318359375
62643150.8420751616 1679446.9697265625
63399472.8615036756 1819397.7294921875
64846145.3522302285 1921918.0039062500
63927878.5592361987 1871946.3398437500
63373967.0251641199 1816885.9833984375
62620156.8991375268 1669828.2626953125
65491583.3107336238 1933208.5136718750
63961278.9895072505 1874875.9531250000
63359886.5443654880 1816608.5107421875
64028797.3294356912 1879507.9414062500
65509831.0768950507 1933320.7246093750
65125426.6658243015 1929893.0410156250
62561617.3967633396 1651557.6552734375
63730676.1135441437 1856106.1210937500
63820112.3081800044 1864586.1718750000
62903395.0960327610 1739490.7294921875
64227671.5925518200 1891225.4472656250
65956547.1115591824 1934209.0273437500
64694681.1912472472 1914647.5488281250
64454675.7227640301 1904605.8417968750
64938263.7599202171 1923804.2871093750
64918913.3443787843 1922271.8105468750
65345812.9676324427 1932707.8828125000
64909290.5990119874 1922048.3886718750
65197123.3725083768 1931449.6777343750
65004977.6685775146 1924754.9082031250
64211943.0689915642 1890535.5527343750
64248368.6568748131 1892008.3378906250
65256423.1334754825 1931997.6171875000
65017505.2313968986 1924759.4062500000
62899275.3538870737 1739015.7138671875
63955539.1603374258 1873912.9492187500
62987022.8046273813 1751823.0673828125
65919127.5732813179 1934198.7187500000
63856600.4237290174 1865158.1035156250
63726762.3851984590 1852821.0644531250
65042625.7995940447 1925442.7050781250
65417416.7275443599 1932923.3457031250
64973211.7257667631 1924534.0449218750
