81820444.1501712203 21009.3915147781
84060709.4711142778 22455.4218597412
78759998.4483209997 16419.9158105682
81485420.4309930801 20586.3542574048
78461718.3904348016 16085.4082829952
77659844.3930300027 14189.3351802826
80969849.7806254029 19913.9252896905
79710532.6282658279 18055.4335778095
78904220.5461783856 16702.6442022622
78695302.1169519573 16331.2243669755
80243197.2874798477 18809.9428539816
79346700.8099254817 17447.1568825580
78532616.4879683107 16147.2061396372
83526554.6794563532 22293.4446258545
78601094.7001984715 16250.6715715653
78491403.4506147802 16088.3981927335
82275259.4506544620 21559.7147903442
79150896.7681068629 17087.9262809469
80101430.9204533547 18695.5162893259
77517965.0990131646 13461.9490666389
80046174.7250207514 18547.1281485073
79502609.3118025661 17718.2288293727
78198921.0269649327 15500.6948176157
79242268.4085757583 17320.2879436016
78453030.0289929211 15959.7151942565
78900040.1091177613 16702.6212001159
79588899.7522484809 17944.1600427516
78805832.6923642606 16622.0684047057
77575102.5996456444 13711.8194368499
78118388.3093961626 15457.3402925432
80260354.9769972414 18873.2418021746
80626592.9702238739 19431.5847122408
78196783.8849788159 15489.8155809343
79408401.8950490654 17637.6760339625
79631344.6454144269 18018.5794935115
78436948.6676499546 15888.8226943444
79550393.5358946025 17765.9928015433
81566723.4842145145 20662.6548674107
78972196.2324437201 16722.0009323521
79282374.9817015380 17368.0635184012
78257750.9645322561 15715.7467943132
79620036.9205975533 17953.6104993708
77428923.8406952918 13332.5574048785
78717339.5359901935 16391.3994454145
81177115.9843999147 20165.4289159533
77449867.4708415121 13400.8603272438
78324594.4089269191 15834.7900597285
79130885.7783689499 17074.1533749811
80594665.4891758412 19301.6589561403
79456186.1191411018 17685.4400061332
78867599.3803361207 16660.8127838536
80327191.3202876747 18878.2236126065
81707250.6336624771 20913.9479492903
77526621.8157246709 13473.7572140694
77837442.5496252626 14494.5618515015
79829082.1308410913 18325.0635023005
78393253.8328321725 15888.7996378671
80333995.1043411344 18916.4581920058
78322355.7352986932 15827.0017812252
80329897.3864115626 18914.2341624647
80498416.7409619987 19231.6106501967
78918278.3989009857 16715.5871272399
78249896.3975586593 15518.8614077880
81234253.9285922796 20292.9274156690
79071501.8788331896 17006.5103369057
80166147.5602437556 18792.6890067644
80965667.1254435629 19846.4586740287
81195916.2063912302 20188.5607517362
82627513.9918963313 21981.3692779541
78233238.7122973055 15517.3466349375
79997806.8123507053 18473.5880789272
79392400.4230133742 17565.3665154316
77996507.0622491539 15183.3315721452
77656944.6924258322 14188.0778427124
77369071.9326522201 13316.4272770882
79441029.0252045840 17683.9805748798
78824070.9821474999 16635.0343318297
79078057.4833904654 17020.2345129699
80350538.3960606158 18963.6559811179
79095297.1116176993 17020.2345673009
78112293.5712864995 15409.2627855241
80041818.0118757784 18510.4334411211
79583131.6919369549 17825.1496488005
80686879.1452150643 19478.5530129148
80766223.3584426343 19606.1690891143
77528959.3659132719 13535.7028147280
79524845.5430463850 17739.5165213309
79371931.0951139778 17447.2130523473
82482066.5710570514 21857.9484252930
83710204.4718768597 22373.7183685303
79961250.7348826826 18466.5753530972
80253917.8110548109 18836.7605524771
82725665.4949146509 21992.0006561279
81912985.7949748188 21162.3309020996
79167449.7399756908 17115.5173313543
79799116.3882737756 18196.5464819409
80508468.4516316652 19270.5553958770
79722645.9719972312 18056.8930090629
79054019.6208692938 16995.1510842182
81309006.7141897380 20300.2579515576
82074322.5764922351 21376.8110046387
80427191.6929988712 19166.6416560560
80377567.8188367039 18968.4627743308
77615909.1654862612 13759.1664897501
79264908.3883749545 17366.6040871479
79752789.7241094261 18135.9863732196
77547677.3856317103 13672.6736905822
81324913.3907594979 20347.1723192334
79001089.6948642135 16939.6817718907
77446985.8465617299 13335.2481503487
82359872.5368531048 21674.6355819702
79118606.5275896937 17074.0742030455
81633172.3674612641 20737.8802862167
77844749.7145212144 14664.1499229372
82396428.6143211275 21704.2352981567
77515246.6334224790 13454.8370202800
77330793.0357048213 13100.6609209776
77410429.7690936923 13328.2354245186
80927671.9768646806 19801.6323795076
77749194.9554235786 14434.2558410168
77336954.6186333299 13102.3042111397
81575868.7142388970 20668.1585760117
79536495.9957727641 17764.5333702900
79064692.5024042577 16995.2072540075
77504637.1858471930 13408.7882199287
82834335.1699339300 22135.3098297119
82441715.8084462732 21732.0820159912
77359421.7900086939 13109.2363047600
79332972.9345839471 17445.5272059752
79027968.1640409976 16993.5214076354
80716597.3539595753 19499.7337650051
79071148.7983258367 17006.4873347594
79133689.2726018131 17087.0401301696
81173128.5222384334 20097.3512104154
80078083.3737552613 18560.4609090090
77894223.4517479092 14860.9830489289
82253550.8691283464 21540.5719375610
82250656.7041109055 21517.8684921265
78588971.8127515018 16163.0386561584
82740127.7531804293 22054.7570343018
82073487.0182336569 21353.9049415588
79194101.6505142897 17310.8978953673
79294817.4951730371 17391.4506907775
81640744.7037846595 20753.3117742538
78996455.9987429231 16868.1320462193
80802779.4359106421 19613.1818149444
78618553.2627153397 16260.2526407968
80674091.8710666597 19472.0042221285
81973398.9864465743 21192.7043581009
83062798.0683362633 22152.7296295166
78102195.0333332121 15274.7636042368
82037714.3490008712 21349.2525711060
78982622.2058835328 16831.4871613242
83541738.8302112967 22308.7493743896
81147136.9674113095 20062.0126457568
80407002.3084339648 19074.2107164599
84456380.9799314737 22510.0143890381
80546002.6267348379 19295.1378738619
82384019.4544328302 21699.3758773804
81959968.8903779089 21181.4528312683
78656514.5503995270 16262.4961260087
79926595.8496380299 18360.6582767703
78769730.3204026967 16557.0994105651
81491823.8201620728 20651.6055068970
80141417.5219277143 18717.1563622598
81956782.3232075423 21169.3436279297
82870891.2474019378 22142.3225555420
81210724.8141990006 20193.9711626768
80968139.3292855620 19859.0885429736
80838092.0610666275 19619.0782429911
81615269.5102215409 20716.9832428694
80745696.8283486068 19541.7120552417
81232740.6692845523 20217.0435516834
82737435.4965759814 22003.4702148438
81398263.1581492573 20455.3419131041
81469741.0184327662 20556.1655586958
80846581.9712482840 19708.7202976009
81660534.1955904961 20777.7957733870
82328096.6207811385 21670.2378463745
80381331.6656498164 19013.3981859423
83160823.3920708299 22228.4756317139
81719730.8276726753 20918.7547425032
80605454.9557755291 19338.5350982210
80957714.6984261721 19829.6413229108
79912847.8014567047 18345.7033593301
83878797.0696491897 22387.7184600830
82776683.8306484520 22061.7697601318
82187106.4932119101 21479.6864662170
81027232.3337306231 19933.0484598279
82359927.7520342618 21678.3288497925
81690637.6411049068 20853.1354187727
80379965.6945648044 18971.5043923222
83476691.1348999441 22233.0033721924
81018045.6179608703 19914.4372499585
81621485.8350939602 20730.2376899719
81212388.1918787211 20198.7779558897
83156195.4130257070 22167.6631011963
81423933.8009333909 20516.1544436216
81886308.4404621273 21097.3409843445
80424958.4494656026 19103.5642826296
81823529.1255224049 21025.2945671082
81739047.4870354533 20971.0102920532
82029960.7374609411 21225.1872596741
82037484.4738786519 21260.4027252197
81354371.0571540296 20361.9596545696
83525647.0844476521 22292.6962738037
81634785.6563015133 20740.2408494949
83481519.8699767888 22267.3270111084
82469254.5337591171 21737.1385345459
81594442.5228963494 20669.4251594543
84425341.5753906369 22479.6080169678
80921072.1749820709 19719.4630243778
81059715.7338581532 19962.8483722210
82021628.4210956395 21217.1337165833
82099155.9056143910 21414.7174720764
81887610.2965597212 21116.4838371277
81170466.7058860362 20088.6298968792
81858923.9807346612 21086.1070976257
80083559.2843801826 18609.5388135910
80707377.3701928109 19486.2592446804
81085386.3766422868 20023.6609027386
82305522.2307479233 21582.0311203003
81852110.3823482692 21047.6141777039
83994548.6846285462 22395.1447906494
81347321.8704702407 20360.2637767792
84010512.5417958349 22416.5521697998
81600599.4472257346 20688.6947488785
83877287.2850719094 22381.9895477295
81328746.2637636513 20350.3959970474
