73494721.4944307059 469416.9407348633
73195027.5537706167 443923.0250854492
74212675.0055159926 514664.3186645508
73226328.5155370981 448062.4054641724
74977461.0044216216 550460.8278808594
73836538.1987271607 492592.6590576172
72775337.5053578317 386380.0676002502
72620843.8042811900 351364.4189796448
74458542.7728606164 530523.3588867188
72795404.5352748632 389900.3108711243
72915258.8225892484 407932.8667526245
74094262.1755550206 510285.4572753906
73893927.8391546905 495675.5361328125
72764484.3641465753 384796.6842994690
73913962.6731023639 498738.0999755859
73139899.8310878873 437901.1311950684
72806841.2077956349 391336.7669105530
74969586.5657621920 550237.9458007812
74463225.8923182040 531024.3779296875
74259623.0708254129 519979.0334472656
74215820.7725174278 517332.6994628906
74432147.2284740955 529140.8481445312
72681355.1202751100 367777.8425483704
72871050.8331406116 402679.2504348755
72630087.6983572692 354571.2562599182
72782657.4307329357 388286.6346473694
72784551.3940636069 388316.9275703430
74016303.2195907235 504334.9987182617
73684240.6838698685 483690.1640014648
74414740.4745526165 527877.0249023438
72659426.3229967505 365138.6189613342
73867091.0476000011 495590.7469482422
72609267.7156108022 348141.9731721878
72751661.3863667846 380477.9524612427
73594412.5880092084 475802.5430908203
74883051.3879330456 548345.9692382812
72830774.8666148186 395925.0218276978
72793510.5719441772 389870.0179481506
74631066.9305092692 539685.1735839844
73740977.7452870458 487484.0689697266
75220977.7209196091 558367.2661132812
72892963.7960001379 406937.3594284058
79331381.6097811460 603403.9321289062
72603027.2907665372 344935.1358919144
73159521.8856988549 441177.9042739868
73866620.3993557096 494601.5230712891
74091192.8483606875 509784.4382324219
72651322.9635652900 363763.5272560120
73169569.9966587424 442412.2027053833
73661550.7382579744 481702.5602111816
76961081.4172399789 595775.6308593750
72792737.7376621813 389165.0627479553
72552069.4300677776 316757.8656849861
73456303.3648694456 465383.9967727661
73392140.3707641810 461044.2730102539
76781827.8069287390 586613.8161621094
72975994.3014404774 417474.4841690063
73910893.3459080011 498237.0809326172
72856401.3194081187 399409.2417030334
73643786.9340243191 479203.2572708130
73566345.7412794679 474770.0487060547
72624185.2468621582 352987.8729591370
73070696.2810829580 431430.1580276489
72803590.8788734078 390748.4460487366
74764009.5339064002 539734.7573242188
72696153.9721136093 369888.5142593384
74170967.6896159649 512494.7753295898
72644319.4724484533 361648.6686134338
74364622.8717948198 521527.2390136719
73216975.9705074579 446436.5473098755
74062247.6703020334 506867.4202880859
72612021.6046493948 348161.5054063797
72946214.7493314147 414666.5236587524
73663402.3821780235 481784.1380615234
73260798.4233770669 449944.1387405396
72566414.6338679194 326024.7396593094
74539263.1511886865 531453.6328125000
76171004.8840023577 583527.1108398438
76787598.6753151864 587265.9531250000
73844094.8550359160 494206.4986572266
72677718.4704485983 367668.7199745178
72957187.1779379100 415662.0737533569
72633535.3512101471 356324.5003099442
72938714.3893926442 413246.6131362915
74184144.2577818036 512995.7943725586
74329761.7131024748 520829.7827148438
74079323.5683727860 509381.2407226562
72994240.4726918936 419976.6491470337
72957774.7314802706 416446.2902603149
72851361.3872959316 398073.0768508911
72679461.1569444090 367747.5496253967
75820444.2046049088 575688.8574218750
73376968.9444295466 459987.4451370239
73019875.2071968168 425107.0859146118
72937707.7015632838 413057.9791030884
72947106.8710087091 414887.9791030884
72605781.1798051298 344954.6681261063
72665265.9969546646 365696.2002944946
73149535.1627110392 439594.5209732056
76790668.0025095344 587766.9721679688
72685300.8309023529 368305.1309585571
73716293.2692031413 486077.1783447266
72848019.9447149336 397335.2111282349
73256537.5986757874 449502.9685668945
75192288.2308477908 550646.1066894531
73407850.9350845516 462561.6704101562
73246548.4054052979 449013.9680786133
72671357.7975129783 366372.4579200745
73275879.3369758874 451617.8272094727
73343329.9470515847 457455.5490188599
76748905.2298098058 584095.4829101562
73116400.0011720955 436891.7267532349
73206927.8595476002 445510.0475540161
72926179.9153837115 411340.0460891724
72692110.3026064485 369287.0557937622
74767801.7333303541 541707.1740722656
73505851.7160255313 470033.8013305664
73232753.6028584689 448263.2780227661
73217842.9791358560 446679.8947219849
73081769.8998244405 433048.5839614868
74964844.3464902639 549176.9541015625
73738223.8562484384 486513.7214355469
74297477.6885695606 520328.7636718750
74004890.6474705637 503833.9796752930
73835624.3777425885 492228.0759277344
73490740.9571397156 469216.0681762695
74068716.0481491685 507138.1042480469
74876078.6976746470 541805.3500976562
72744498.5580682307 380183.4203262329
73216282.8748599142 446041.5228958130
74584979.5364253372 531512.5788574219
72976026.4974098206 418177.0457077026
75804036.0565468818 567346.4565429688
75626029.6279664189 567268.4702148438
76029892.6873617321 577710.8579101562
72913364.8592585772 407902.5738296509
73599060.3180910945 476159.6510696411
75615639.1524419934 561326.6757812500
73265890.1437053978 451128.8267211914
74003390.3130232245 502867.2943115234
75955483.6622826755 577402.2646484375
73661066.3857062906 481109.5953369141
73126389.1944425255 437380.7272415161
73107047.4561424255 435265.8685989380
73307232.2043343186 452556.5654907227
73984723.4586847126 500658.2872924805
73421631.0608617663 462797.5856018066
75520018.5198294222 560920.7419433594
72946246.9453007728 414860.2893600464
73236317.7088075578 448551.4059524536
72929521.3579647094 412077.9118118286
73449544.2296455801 464221.2299194336
73059641.4822936803 430933.7253189087
72583496.1824838221 338074.9251146317
73695217.7197829634 483916.5487060547
72615107.3895687312 348692.5073785782
73475272.5932983011 467498.8554153442
73316770.4149433374 454809.2150344849
72882578.6193201393 404397.1834487915
73618727.3671230376 477743.0343704224
73358727.4641071707 457923.4051818848
73342462.9384231865 457212.2016067505
73136619.8910402656 437535.4906921387
73129910.6378174126 437412.1307067871
72821581.8351868689 394756.3205032349
73382024.5665915161 460278.6228637695
72874392.2757215798 403417.1161575317
73237184.7174359709 448794.7533645630
72661288.0903580487 365226.8815650940
72586581.9674031287 338605.9270868301
73302511.7938489616 451861.1746215820
72593834.2593386173 344613.5723924637
72864405.5527338088 400907.2331008911
73155961.6293403655 439650.3493347168
73705684.4480808228 484424.7528076172
72568715.2948591858 326185.1243362427
72812601.8000284284 392435.0714797974
72564552.8665065914 325974.9274873734
73372035.3733210117 459789.6223754883
73537170.1073548794 473123.3424072266
75445426.7065201998 560389.2666015625
72833528.7556534261 395983.0044937134
72865412.2405631393 401095.8671340942
73554120.6951009333 473186.6654052734
73332473.7451527119 456723.2011184692
73338898.8324740976 456924.0736770630
72988560.9714187086 419951.6806411743
73483114.1740451753 468648.2407913208
72979367.9399907887 418914.9114303589
73001496.3575215638 421029.7700729370
72782229.9209595770 386955.7928543091
72552955.5706432462 317700.7480076253
75399774.1147698760 560080.6733398438
74026919.5101750940 505377.1773681641
73448074.2824252397 463337.2050170898
73791872.3622188866 488587.0614013672
72572638.9340137690 334526.9921007156
73651564.0152701437 480119.1769104004
72907718.1799841821 407739.1438217163
72715271.2688900977 376135.8886451721
72758181.6759446859 382533.3157882690
72556366.5229080319 325866.1964464188
73650801.8025498986 479733.8737182617
72607741.7834752500 347799.4522309303
73472828.0432679355 466967.3800735474
73050661.4471352547 428612.4762954712
73179559.1899292022 442901.2031936646
73445658.9400331974 463226.6632766724
72916911.2114121020 408775.9130325317
73817904.1557007134 490107.7606201172
73088645.5644323230 433580.0593032837
72832668.8299454600 395955.3147506714
72986695.8294517994 419487.6486587524
73041808.8506511599 428607.3873977661
72892170.1044402421 405464.2455825806
72696979.1214382499 372713.8271217346
73206986.7772369981 445947.5468215942
73069630.6755641550 431422.7258071899
73051455.1386951357 429159.0903854370
74403907.9967800677 521862.2770996094
73077326.8217227906 431968.9076004028
73514930.1813013405 471716.4517822266
73562288.2587681264 473387.5379638672
73112342.5186607391 435509.2160110474
73706304.0759326667 485545.7030029297
72814376.6824936122 392533.2532272339
73203645.3346560001 445209.6810989380
73036204.7205127329 427695.6977615356
73364431.8123915344 458555.3239440918
72606368.7333475500 346558.5898714066
72617944.8220179379 349781.0356788635
72815573.5949932039 393415.1387710571
72614325.9257371575 348395.1340952218
72960643.1866710037 416603.3836288452
73454973.9004330039 464457.4970169067
72580742.2934451997 338055.3928804398
72969721.6519468129 417436.7086868286
73368187.0414125919 459212.5133361816
73071588.4027602077 431924.1437454224
72745096.5573201030 380352.2143020630
73031822.1276633441 426097.5043411255
72949588.3878817409 415598.1550827026
73181516.9171252400 443094.8224563599
74052446.8310268670 506366.4012451172
73970698.3436371535 499008.7839355469
73028265.9825977385 425842.3340377808
73359610.0771686733 458183.4240188599
73011688.8635982722 424258.9507369995
73432911.3018632680 463055.6561279297
73672490.9708950967 483430.8443603516
73536860.7683466524 472152.9948730469
72763388.7047719508 383774.2758255005
72756371.8336396068 380883.6896438599
72725760.5320505351 377719.2719459534
72760278.8251334131 382958.0060768127
73614082.6711947769 476382.5366897583
72885258.0249864608 404616.1104049683
72755176.8642493337 380853.7786788940
73203550.0935637802 444527.0613479614
72781157.0122206956 386505.9390907288
73097058.2628719658 434776.8681106567
73904359.1430047899 496065.2470703125
72735338.5664608628 378909.0982131958
73311698.0546296835 453102.9439468384
72996743.9404117018 420304.2431716919
73463740.9370862693 465461.4829711914
73010689.3889494687 422066.5392837524
73698249.9944500774 483931.8634033203
72739455.0459527969 379186.0209083557
73823709.9485223293 492091.6400146484
73907940.9794178158 496423.2507324219
72883585.3071495146 404585.8174819946
73897083.7309477925 495997.1435546875
72707468.3845986724 374297.2104225159
72837140.8567583710 397199.9718093872
72940608.3527233005 413276.9060592651
72870446.5650943220 402558.8933029175
72995191.5120585561 420289.4330520630
72851933.1721487641 399136.8317794800
77152411.6414372176 595896.2924804688
72862617.7471242398 399758.7532882690
72866965.8775346130 401194.0488815308
81946911.0215308070 626952.0029296875
80998261.4816319942 614353.6137695312
82090818.3592780232 632207.5131835938
81242062.7561225444 624579.2119140625
81104654.7306348979 616141.2983398438
77661421.1876462102 601216.4062500000
79539555.8302163184 608844.7075195312
81119680.0903617442 616449.8916015625
77509237.1992069185 595960.8959960938
77599242.2174793333 599658.6823730469
