56373824.8872698769 197970.5605468750
51733683.7390681058 145819.1029677466
58858105.2962316498 200704.1359863281
51474307.7221643776 137687.5763413776
51942872.8004208878 151329.7585506439
54991440.3400137573 193065.9530029297
51329629.2114814296 130292.8817441333
53805705.9440389350 185828.2588500977
57836022.9424671456 200377.8872070312
54581148.7269609123 191051.0159912109
55218918.3134066463 194338.9702148438
54051056.9892906174 187509.7550048828
60281144.0993628502 201940.0927734375
55481643.8449799642 195013.3007812500
54055355.0771009028 187920.2591552734
54091314.9833160117 188144.2103271484
54200679.7756873965 188332.0498046875
52552758.8599398062 168055.1619415283
52796533.0761525184 172985.0865402222
52192024.5948540792 160514.7405548096
51943493.9024376795 151935.1627521515
54602567.5853055865 191627.5217285156
51580487.4169199765 141743.7914085388
55070060.0316489413 193314.5782470703
53615711.9102549553 184221.2009277344
53870740.8049006686 186594.0933837891
51280074.4837853312 128594.3679969981
53891010.5894843265 187053.3846435547
51350243.6738835946 133469.5329448581
53011474.6682275459 176647.5495758057
58924467.8871757090 200835.6545410156
58964144.1645029560 201051.3413085938
53072605.7308728397 178092.1371154785
52894098.9850755557 175402.3065490723
52792945.7182360888 172562.0488140583
54181860.8721196800 188296.6768798828
51870663.4897150397 150072.0042450428
52311370.9860549942 164028.7182769775
52638776.7011749074 170492.9217376709
53913612.3258482739 187121.5482177734
54652233.4230986536 191857.4018554688
51921727.0699982196 150854.5558414459
51561223.4377277792 139786.3398963809
56132380.6149788350 197540.9082031250
55840051.0172778517 196635.8012695312
52650722.9450111836 170746.9632339478
55817737.6346179470 196011.7164306641
51518878.9232841507 138742.7260262836
55994435.5343720168 197196.6342773438
54285711.0147073716 189600.0688476562
51691263.2179228589 144412.3008014560
52419771.4665508494 164547.7730255127
51484871.3884078115 138386.9028603900
54861788.5948260054 192716.9659423828
55625152.2870987728 195663.7354736328
51802665.7344554290 147696.3089351654
62143014.7881691977 202840.0017089844
51823260.0960037559 148533.9897670746
53060073.2476011515 177928.6100463867
56849520.3443684876 198824.8388671875
52024767.9006831348 155859.8123626709
56336045.2079221457 197929.3161621094
51576610.6681278720 139979.9940917864
52113016.3078268468 157490.6817715168
56032215.2137197554 197237.8786621094
56170160.2943265811 197582.1525878906
53329513.7893153429 181228.9033203125
51953079.2807833701 152063.5074176788
54222806.9087009355 188872.4606933594
52611491.8074543104 168465.0930175781
54629631.6867347062 191789.2382812500
53711069.3990616202 185276.1243896484
52475206.6749313921 167861.8851623535
53058023.9435629770 177666.6300659180
52858565.8005702123 173784.0983123779
51842738.9136366099 149815.3166363239
51860448.0532838926 149943.6613018513
52320956.3644006848 164157.0629425049
51876321.4618093669 150317.0059540272
54336240.3974145204 189720.0115966797
52262732.7682540938 160643.0852203369
51365694.5616204813 134338.0175835956
51965005.0988781825 154230.9891080409
53872493.0686852485 186851.9256591797
52263937.9073207006 161964.2691128254
51471460.8379557431 136817.7925319672
51674942.2807275802 143924.1873828769
51939658.2924278006 151201.8293935657
55559840.7145366967 195061.2250976562
52376411.4475425705 164263.8438339233
51594656.3840840906 142227.6296958923
51540919.1323332116 139372.9434339404
53129807.1401968151 178857.9716491699
55464017.2832153961 194973.5583496094
51651839.7318698317 143445.7946721911
51193824.8443605378 125897.3884023372
52877245.9303685278 174948.2124176025
52466730.6746551469 166543.6492500305
53277327.2721968517 180309.0703430176
57463709.9344868809 199498.2929687500
51647936.6461372226 143090.3010503650
51681677.8395771682 144283.9561359286
55408924.8603898883 194423.6563720703
56769358.4826829359 198529.9880371094
55540400.7260457948 195019.9807128906
54446894.2608525679 190131.9207763672
55382910.4514853880 194383.1329345703
52610194.6787218526 168371.5919799805
51482606.5641669258 137794.2717018127
54847455.8215518519 192228.8093261719
53722895.2853903323 185366.6861572266
51419298.7406980023 134913.0010526050
51394449.9022325799 134740.8945767749
54478463.8434096426 190149.5087890625
51723541.3397910222 145417.4241042212
53273519.1985234693 180268.8926086426
52603054.6957524493 168304.3803596497
58408828.9778534546 200501.9873046875
53176291.6985804141 179217.4092712402
54202685.6980082989 188762.0499267578
51661425.1102155223 143574.1393377185
56748021.8962125480 198314.3012695312
53493504.4479453936 182988.9011230469
52168567.2983857170 160182.0494537354
53720942.6569432467 185316.3021240234
51335280.9919875115 130345.7012115791
51834841.8090142384 148933.1165466309
51259921.6266600117 126780.2369781807
52138612.9654555023 159085.8660659790
52905133.3759995848 175621.3931274414
52164229.1436893940 159305.7889785767
51343468.8600507677 130611.8260171283
52269811.7170831263 162402.2476894855
52704103.2814754546 171976.0361938477
54501864.3591936976 190502.7740478516
53620831.7249789387 184386.0781860352
55935874.4485991523 196723.4680175781
52297614.3690173551 163267.3005294800
52519445.6452397332 167906.1662216187
54480846.5555317029 190191.0347900391
52301163.9278682768 163611.1992657185
53868705.6265285462 186311.5147705078
57053184.9373117909 199213.2468261719
51910165.1198892072 150709.7471618652
54039198.0708503425 187378.3757934570
53288361.6631208807 180528.1569213867
55742008.8416970521 195809.6153564453
53210604.8384464607 179377.3504028320
53733218.0105014294 185621.7611083984
60445683.6365024447 202450.0153808594
53588552.4864415154 183363.4160766602
51455132.8243040591 134993.7172031403
54108041.0053854510 188184.3880615234
58500787.9164237157 200520.9550781250
57771089.6747955531 199888.7036132812
54472370.5685954839 190149.0688476562
54534976.4659109488 190652.0651855469
52631946.5882892311 169471.1088180542
56584033.5805964693 198141.5800781250
52745968.6305970699 172107.4154052734
52126991.6548799053 158825.1027660370
54268577.4193286449 189011.0848388672
52693068.8905514330 171756.9496154785
53072024.7843997404 177963.7924499512
56914969.9621295184 198827.7702636719
57790370.0822557956 199913.2658691406
53289946.0897497833 180558.4387836456
55916434.4601082504 196682.2236328125
51791553.5777749047 146512.3785190582
52001096.9087780938 154931.1599578857
53637839.0432685092 184761.6118164062
51956192.0491341799 153591.6108531952
53582507.5055889264 183319.2171630859
56734071.2789290696 198297.3840332031
52285863.5135668144 162842.6298141479
57609358.5592461228 199671.0141601562
52831210.2208248302 173232.0629436970
52988507.9277181625 176153.2426757812
52279397.0954288170 162530.5923550129
52427850.9964690879 165325.6346073151
51802374.6054153144 146699.2423763275
54843647.7478784695 192188.6315917969
53284553.5894474983 180487.9791870117
53209085.2857806906 179243.6773090363
52928865.5671587065 175691.8527240753
51288354.1719544455 129737.3849633876
51769539.3375304639 146125.2426277474
56334148.6099426597 197754.8737792969
55114414.1314102709 193575.6505126953
52565445.1111173928 168239.2265644073
52863556.2149241120 174828.2415466309
52020656.7494633645 155100.7883825172
53596490.6622639298 183399.6610717773
54953572.6081128865 192816.4362792969
51699796.4419646561 144781.1504917145
53384120.7665577456 181869.0279541016
57194520.1829942390 199264.8220214844
53034786.4733443484 176873.4784851074
54395699.3454343900 189989.6341552734
53107372.3129559979 178381.6832904816
51996615.7341733351 154695.9075450897
51231334.4974837825 126171.9207299892
51902555.6857839003 150589.3880748749
55101768.1956531927 193329.6055908203
51887355.4325855151 150458.0088634491
53608376.9799033627 183480.2767944336
52431069.9015216380 165427.8929462433
54365631.9135497212 189884.9344482422
52630644.8834276795 168912.1738979816
51251875.1586858034 126225.3547217716
51704562.5326722935 144792.6144750714
54345169.9627272263 189869.6914062500
53092918.4166125581 178355.4152526855
59682846.0666906834 201705.9482421875
53444095.2332196683 182209.3226928711
53262450.8996370733 179429.4986877441
53359545.8220132291 181414.1227416992
57579675.3500157222 199539.4956054688
57667374.5274301842 199886.7009277344
52439632.4068786129 166321.1043243408
52973433.8302170336 176061.8499145508
56965485.7598973438 198866.0415039062
58687018.9539674744 200547.5200195312
52993882.8683589250 176413.3516845703
52686594.5453949869 170890.4128887653
53416465.1715693101 182128.7518310547
57013508.6599845663 198997.5600585938
52628089.6436627880 168683.0008633137
53127875.5797274038 178443.8545532227
55454473.4860458076 194670.7796630859
55777149.0482978597 195987.5268554688
55618817.9736623913 195537.6541748047
57009195.2809077799 198876.4140625000
55191718.5138774589 194026.7449951172
55434209.4134199992 194624.3572998047
55598553.9010365754 195491.2318115234
59321948.1906334385 201140.8144531250
55560992.9648151845 195237.8934326172
