140349025.7534157336 1390042.6064453125
140098071.3171160519 1384397.4990234375
140110083.1819397211 1385604.1953125000
139297773.0230008662 1352596.9301757812
142275471.0838540196 1446932.8759765625
138387939.7335358262 1304446.0820312500
142175281.2306556106 1444488.1523437500
141668714.3361860812 1433406.8115234375
141904887.4261355698 1438837.1044921875
142207962.9941901267 1445792.1435546875
142154063.6002947986 1444118.1503906250
142242503.8146747947 1445966.9550781250
139320546.6915833354 1354029.6762695312
139478338.9697079957 1360025.8520507812
144971555.7772435248 1488095.7119140625
145016802.6047247648 1488317.0722656250
143241879.5526964068 1463167.0205078125
137077095.5426561236 1170469.2724609375
137202205.5209798217 1188453.6635742188
137154181.8413518667 1187310.8007812500
144153415.2531974912 1479503.9042968750
144539681.8132763803 1483815.3281250000
144282646.4403902292 1483037.0898437500
143720904.0569889545 1472535.3642578125
143787382.0466790497 1472598.9423828125
139452264.2176482081 1359222.0273437500
140558432.3640802205 1400032.5488281250
140359636.9415098131 1392985.5234375000
140789354.2560738027 1406976.8994140625
140426033.5377204716 1395116.7841796875
140493332.1815645695 1399716.6738281250
140664502.8327180445 1405031.0410156250
140565871.5816836357 1401722.2197265625
140546681.0696003437 1399940.3417968750
140366061.5254873037 1393312.2031250000
140766129.4227220416 1406469.4072265625
142728755.2106646895 1454437.6972656250
143115894.9322541356 1461644.3886718750
142916647.7656770945 1457730.1806640625
142787625.5901408792 1456014.5712890625
142872372.6021147370 1457509.5009765625
142837462.3602214158 1456344.7880859375
138668192.7649610639 1319669.5625000000
138746501.7743054032 1325473.5922851562
138558449.9549768567 1315215.7089843750
139026238.9955393672 1341232.9218750000
137899359.9708290994 1266679.7055664062
142576769.1738710105 1451788.2626953125
142484285.2402247190 1449789.3173828125
142495830.4878562093 1449828.7607421875
142639558.6972934902 1452803.8291015625
142473874.5649838448 1449316.1425781250
142511572.8663540781 1450221.3583984375
144099012.8241813183 1478510.2148437500
141077361.6426544189 1415040.1083984375
145365245.1777457893 1490065.8066406250
143050145.8262235820 1459860.1689453125
142621175.4423773289 1452480.1005859375
142677667.0616200268 1453029.4453125000
140237584.1712489426 1387369.3212890625
140109927.5956644118 1384971.7294921875
140139203.5360435843 1386800.8984375000
138593706.2905707955 1318859.3295898438
140280226.9426328242 1389233.9179687500
138128330.7746595442 1287548.0214843750
137989425.4349504709 1275801.8457031250
138048100.7593049705 1278222.0527343750
138061266.6225094497 1286394.3706054688
142429009.7073464394 1448868.7695312500
142683844.4606947601 1453430.8310546875
142612042.0430737436 1452100.4501953125
139716507.6501508951 1370788.4423828125
143706555.6450004280 1471468.7128906250
143225336.4473526478 1462648.4785156250
143254645.3984480500 1464187.8486328125
142002154.3965788782 1440189.0332031250
141956511.0535626411 1440036.6376953125
145183335.9896290004 1488734.1582031250
144931372.6565398574 1487611.6542968750
147558986.1541156769 1495523.2841796875
141841840.5316221118 1435706.9990234375
146730909.5593560338 1494541.2314453125
137821759.3059912622 1257580.7309570312
139101255.1404892802 1344976.7539062500
142082225.7739711404 1443169.8251953125
141713533.1714822650 1434853.3125000000
137522540.0959779918 1235473.7087402344
137498326.6931765676 1233594.5329589844
137262332.7245730758 1200493.3684082031
146606985.8458096981 1494370.1855468750
146538241.1908363104 1493282.5439453125
146246667.4327625632 1492397.8134765625
140877049.4333687127 1408008.1030273438
138810836.0848014951 1326950.0200195312
138790331.8887346089 1326173.2817382812
138672335.1619037390 1321956.2856445312
137814864.5046049953 1256580.8261718750
137747819.4951702952 1254030.2397460938
140751221.8057463169 1405641.9829101562
140976707.3745693862 1411435.8769531250
142081359.5006117523 1442366.3613281250
142020179.6044546068 1441849.9013671875
141951806.5929261744 1439450.0302734375
139531362.4765390456 1361632.0620117188
139425846.6119769216 1357388.4443359375
139558640.2397685945 1365233.3676757812
145222810.1057718396 1489508.8291015625
145190277.6766406298 1488791.6601562500
141750116.1584356427 1435057.4707031250
141462225.8134084940 1424624.7900390625
141711936.1379149854 1433511.2441406250
138340641.0192171633 1302786.9936523438
139213288.5875609815 1349797.1513671875
138155685.1685087383 1290050.9912109375
140084647.0757060945 1383099.9975585938
139595029.7214324176 1365683.5483398438
139995572.1562389433 1380438.9277343750
139887390.6306197047 1379661.1630859375
139824286.3239304423 1376383.5332031250
140877116.4938030839 1408765.5224609375
146042002.2535439432 1490559.8095703125
146333279.1602702737 1492482.1591796875
138293959.7405341268 1301509.4521484375
138245290.1156289577 1295950.6440429688
138356633.8201097548 1303676.5380859375
138247994.5272346437 1296375.2280273438
138258045.1633969843 1298921.8359375000
140938079.4685515761 1409463.9760742188
140923365.1227698028 1409375.6411132812
137132047.5692006350 1181864.9311523438
137110677.1178802550 1179482.1364746094
146147434.6035985947 1492277.1318359375
137958028.8063791394 1268914.4897460938
137944205.4309220016 1267728.3852539062
141622077.5872342587 1429717.2089843750
139190089.5193169415 1349102.1650390625
137644744.4695773125 1247427.7753906250
137594991.2742702663 1242072.0268554688
137783482.0092715025 1255834.7226562500
137582754.2415139675 1241101.5339355469
137629182.0874237418 1243961.1562500000
137451231.9837283492 1230201.0095214844
137372593.7307184041 1223527.5966796875
137307277.3062016964 1212463.1865234375
137451144.1915856004 1225334.8779296875
137365381.3944359720 1219083.0854492188
139287313.9871493280 1352149.3105468750
142750873.5799647272 1455547.0683593750
143494808.6257202625 1468793.2275390625
146053841.9064831436 1492023.6875000000
144592326.8961157203 1484035.8984375000
144647446.8116756678 1484402.1005859375
139817486.4889633954 1376263.2680664062
139999684.1097098887 1382403.0219726562
139800643.8370268643 1372759.8793945312
141538640.1405503750 1428988.8652343750
141318526.1890593469 1423027.8095703125
141485640.4264387786 1428430.5380859375
141651415.3621754646 1429824.2412109375
141255545.9867314994 1422113.4589843750
143841563.9081152380 1474129.2451171875
143085797.7353498340 1459958.7861328125
140473205.7696085572 1399596.8310546875
141016050.3361679018 1412140.7910156250
143824214.1674888730 1473203.7832031250
141225804.2642070651 1421045.0214843750
141273699.7368998230 1422734.7988281250
141043170.9130542874 1414087.7519531250
138100622.6205467880 1286968.0966796875
143804568.2470247149 1473149.8017578125
144724838.6963388622 1485089.0693359375
145031744.5187809169 1488531.2988281250
140288584.6825996935 1389524.0229492188
138700402.5559042394 1323765.5576171875
137044258.6118445098 1165105.0195312500
137063891.8589186668 1170033.1582031250
137086246.4369810522 1173253.1816406250
141079101.6824480295 1415669.9589843750
145204580.3871136606 1488976.3388671875
145213931.8618203104 1489095.8046875000
137107138.0407169163 1174930.3369140625
137057588.9101343751 1166621.0483398438
136908810.7753996253 1142181.0662841797
136940860.2978209853 1146590.1566162109
143280412.2565927207 1465384.5898437500
143440795.6081017256 1468570.3896484375
143088035.1649790704 1461550.8964843750
143363557.6637043357 1467876.2353515625
143428828.8687287867 1468075.4228515625
139123733.3508045077 1345096.0825195312
138249601.3782794178 1297699.8168945312
137314835.5339359641 1213627.9311523438
137446329.6496310532 1223797.2426757812
137372188.0645069778 1219740.8723144531
136879508.7958115637 1137809.9908447266
137031173.5951436162 1161575.5585937500
136966529.5788359940 1157874.0928955078
136996348.6244208515 1158544.3676757812
136909336.4112778008 1142227.0897216797
139018520.1744232178 1339513.0156250000
143156470.1519805193 1462364.8388671875
137277356.5180851519 1203269.0329589844
137253850.9843360484 1198892.6818847656
138022297.2061268091 1277819.7919921875
138875968.7297726274 1331537.3647460938
145288311.9024643898 1489952.3984375000
141459078.2665499449 1424474.4199218750
141468102.5816069543 1426258.3837890625
141170346.9275786877 1420350.5361328125
140945755.1868371367 1410006.5078125000
147386671.0391054451 1495426.4013671875
137943212.0130487978 1266993.3476562500
142967701.4011972845 1457943.7109375000
144692821.7541667223 1484892.9316406250
140822137.3383333981 1407632.2529296875
139842206.5412258208 1376713.2109375000
136946897.7397196889 1151949.2344970703
147360730.9639584720 1494842.7197265625
138200722.3872879744 1294115.7299804688
137281219.1389104426 1204708.6115722656
139244133.5089039803 1351332.7163085938
137275838.8770603836 1201961.9638671875
137339576.4721316993 1215927.7109375000
146382384.6604555547 1493194.4140625000
141389732.7701785266 1423077.8828125000
137775560.0507970452 1255678.4833984375
137640644.2950030267 1247087.5751953125
138896009.3000579774 1333301.4648437500
138896546.7351081371 1333824.7910156250
138879698.7702674568 1332753.9521484375
137872244.4605773091 1262055.5166015625
138812352.5804768801 1328521.1425781250
138575893.2954842150 1316306.6723632812
138499017.7238256931 1311247.2548828125
138534972.8071140051 1312763.3745117188
139013713.3530271351 1339378.4316406250
144588898.4904061258 1483859.8652343750
138411350.7544774115 1306198.5766601562
138396036.6623964906 1305109.0336914062
138541444.8690646589 1313704.5576171875
141139906.8317378759 1416657.2832031250
139765868.6342308521 1371502.5878906250
137846716.5437540710 1259772.3432617188
137225798.7587769032 1198325.1923828125
144730540.2085364759 1486147.5361328125
144451553.3997963965 1483625.0859375000
137031146.9192978144 1160577.5899658203
147908774.1534881294 1496817.5595703125
137725245.4325696826 1251336.1586914062
143619913.4354031086 1470730.4921875000
137577673.6881636679 1238299.0185546875
147711691.6588110328 1496725.7558593750
147517532.9333910346 1495518.2861328125
137260808.0417955816 1199903.1440429688
138959723.5387019515 1337510.8125000000
138985510.4032546580 1338943.6035156250
139385578.5313756764 1356936.0375976562
139556149.4306417704 1362427.9511718750
137208700.4178133011 1192644.0090332031
138200029.2149564028 1292427.6694335938
138391583.8438052833 1304937.5297851562
144810526.9750714004 1486448.8330078125
137965694.8552076817 1270133.5244140625
137181656.8867759705 1188188.7128906250
141610993.2852479219 1429427.9658203125
143604978.5022746027 1469034.2187500000
144048334.4233409464 1478156.5615234375
137619967.3548267186 1243528.9650878906
143894017.4407760203 1475116.4804687500
143937145.1232407689 1475884.3876953125
136920298.9797948301 1144702.3621826172
138931520.5889294744 1337075.9843750000
139359952.6571857333 1355488.8208007812
136897413.7183210552 1140266.7210693359
136934186.1399739385 1145851.0906982422
139651821.6162794232 1368385.1806640625
137151760.8278055787 1184736.1074218750
139796571.0401034355 1372080.7563476562
139711212.4849732518 1369783.8754882812
140077555.5307576358 1382854.3613281250
138528599.8246004283 1312556.6909179688
143874992.3246504664 1474671.7167968750
138842929.6272328198 1329600.8090820312
144210732.9098733366 1480634.6445312500
147565129.7214722931 1496482.5634765625
139087336.2640741169 1342918.0458984375
137206434.1900945008 1189694.5961914062
137978675.8309811652 1270960.1171875000
141019331.0368062556 1412459.7021484375
144952354.1642457247 1487804.5419921875
140266748.2068515122 1388846.5185546875
144637867.3569366038 1484248.4521484375
144258760.5106965005 1481865.7041015625
143787317.6727034152 1472591.3076171875
143927124.8465900719 1475742.8076171875
139623615.4108395576 1367462.0874023438
144675644.0873325765 1484528.4716796875
139061272.0869261026 1342698.4658203125
138905087.7150610983 1333980.4238281250
143991898.0265124142 1477471.8359375000
