41538148.8942038491 25094.1482568122
41742099.8070515469 25686.8331320100
41272107.9019392431 21067.6327282341
40877056.5823405758 13738.6159458160
41049472.5396840721 17500.4793858603
41195402.3650768697 21030.9653671384
40968674.8988294601 15715.9781847894
41502940.0748342723 23653.7543969490
41297121.7780041918 21615.3798106909
41256168.6704244688 21067.6327271797
40974832.1037307382 17404.2579699457
41207106.3909796253 21062.3999866247
41115215.1387529671 19437.3998156488
41502359.2095962912 23486.3868481219
41019976.0844813138 17460.0375766754
41293415.9705296308 21300.6250281930
41190506.3206835240 19677.9817450196
41090859.0624906123 17735.5692696739
41124464.3128387034 19478.0003561247
40953934.0766364932 15701.0138522554
41745166.5345586538 25723.5734405741
42619152.9985741079 33424.7352952957
44495782.2011675239 45104.8627929688
44317656.1612131596 43851.9040527344
43976862.7974723801 42165.2546997070
44113558.4161307365 43418.2134399414
43662089.3507734239 40413.2818908691
43937584.2252392471 41805.6309814453
43035444.1506359503 37093.9515179098
42905510.9953340366 35639.9544603825
42327605.8975000530 31469.1977722049
42319901.6006285325 31392.2720825076
43001260.0465257466 36080.5211563110
43438098.6226859242 39535.6233825684
42781140.1511880308 35619.6907248497
43082828.0577839240 37425.1944961548
43072790.7428409308 37407.6269264221
43184674.4438765198 37618.6805839539
42174911.8771502078 29700.5598937869
42345891.3047890142 31637.5157043338
42781100.0930088758 35546.5313763618
42723187.7250517681 35206.5588121414
42393935.2184754908 31733.7017394900
42414414.3616552949 33174.0955993533
42247150.9110853225 31140.9537536502
42132909.7298512533 29562.6129943728
42200845.7613748759 29767.7041307539
42095561.3656973690 29560.6168504804
41877931.2611764073 27527.4750047773
41991039.0070543885 29105.8157640547
41659997.4720654562 25457.5365201905
41764135.6173747480 25901.0526813716
41703282.9851653427 25541.4289631099
42074766.4501093253 29355.6883226484
42310263.1766274497 31151.6175777316
42543995.7675419971 33190.1670848131
42202875.2945698872 31138.9576097578
41272517.5028499439 21299.9829864725
41427739.8398017958 23327.5455084071
41502673.1858945936 23576.8770235404
41933026.9269509688 27547.8013183475
42013801.3019863442 29122.2081552595
41772797.3722063079 27089.0663095564
41841899.8954257891 27339.7638236880
41762392.5699266270 25868.1300230026
41555310.2219701335 25296.3723869547
41353619.3489639387 23263.2305412516
41456154.9236580729 23358.7709295228
42072905.8199026734 29274.4984249249
42036367.2066853195 29229.4012511149
41776214.3365570977 27160.6480182782
41978159.3196403757 27646.7089000791
42080747.3642051592 29362.1482641101
42025457.4178077877 29177.3974727765
41967508.9840400741 27578.5536266416
41796252.6803891584 27313.1218414530
41082207.8614555374 17519.6008961909
43219000.2804504186 37850.4145241976
42919019.6739538908 35646.8440781832
42871162.8487245217 35637.8557831645
42583472.2134582400 33383.9185478687
42620731.4663016945 33670.3949837144
43182019.4101762697 37503.2655315399
43348104.5727215335 39142.7140465975
42696131.9116781503 33998.0368389543
44430016.4604809135 43938.0612182617
43786760.2086958066 41666.2406311035
44088078.1436938420 43138.9542617798
44227887.0812112615 43526.5220336914
43585940.9496069774 40090.9486522675
43784131.0829140022 41526.3718032837
43445295.3652332202 39891.2801342010
43702088.0423655733 41401.4656200409
43690588.6139142960 40709.6528759003
43845979.9774487019 41731.5640869141
43048715.9009414017 37113.1316407919
43433973.9808184654 39151.1897382736
43328183.0366393998 37948.8057112694
42984405.4025254250 35702.2323694229
41985939.0294948891 27702.3315917850
41487226.6709270850 23408.3656335920
41984200.9779778048 27685.4163076282
41741290.4841372445 25587.7910148501
41745332.7193477601 25862.0784038752
41795701.6149596348 27210.1845058650
41347842.3609785065 23078.9557024091
40891901.8956598192 15210.3745406382
40804189.0075569749 12976.1770137772
40831643.7570709959 12997.0660957322
40855659.2568896711 13100.2362804189
40948520.0613336489 15221.9222131371
40714631.5461553857 9249.9049199522
40773645.6546678245 9267.4036515653
40793124.0670787469 11146.7292010635
40777764.5084858090 11013.0603204593
40772319.4895108789 9257.5596824512
40710198.0020081028 8984.1716590747
