83435337.8723739982 1146923.6132812500
82296140.1673753709 898929.4941406250
83459490.7193323374 1150229.8964843750
83172336.4672030360 1109176.8261718750
83018566.4958754778 1092366.0107421875
82508917.2865462005 967587.7426757812
83867077.3277056664 1188319.7050781250
83697382.0598894656 1171603.4667968750
83546643.9858864546 1161320.3505859375
82515713.9682845175 970757.6240234375
82905209.0172900707 1069028.2714843750
83168810.7991665751 1108633.5976562500
83735262.6396600455 1176298.0644531250
85501193.1681458205 1269542.5556640625
82852333.5768738985 1055702.2285156250
82164088.4123145640 807292.6513671875
82224992.6515841931 865479.0136718750
83138921.8009249270 1105847.0224609375
82808415.6979827583 1044636.0253906250
84311139.5710932910 1221593.4384765625
85640176.6794787347 1278851.7958984375
83423040.8573613763 1144495.3310546875
84000621.0007088482 1199402.1533203125
84726908.0224966556 1243662.4179687500
82621843.8904872239 1001554.9042968750
85223252.9075688124 1267919.9794921875
85339776.5210996121 1268579.2900390625
82927913.3536044508 1072920.7656250000
83239782.7819166929 1120817.1894531250
83485538.5700250566 1153641.7177734375
82420674.4559771419 939879.7441406250
83017395.6676481366 1086860.3681640625
83423577.3341864944 1145742.7705078125
83467711.7510684580 1151237.7001953125
82323755.4066972584 907770.4599609375
84216632.3257257044 1216264.2919921875
82760633.9519077241 1037747.5986328125
82836181.2404430807 1053623.5527343750
84130228.3081052601 1209829.4882812500
82812093.5921953917 1050304.7675781250
82915736.5431719869 1071866.0751953125
82768518.1859595627 1039470.2968750000
82826137.0225127786 1051555.7216796875
83591572.0950434059 1165180.2792968750
83016531.9698844701 1085320.7197265625
82393106.6964657456 931016.2841796875
83444762.9249048084 1149272.7490234375
83651862.1672848612 1171370.6523437500
82684912.3215631843 1018601.8173828125
83077194.2810185999 1098249.4365234375
82267148.2747502923 887130.7890625000
84697424.4262457341 1243609.6406250000
82984809.8733278960 1075033.3076171875
82878591.0753933489 1061192.0297851562
84500121.9310997427 1233548.0664062500
82931962.3767557889 1074450.4052734375
82657811.8535281122 1011317.1079101562
82177463.6608333737 836008.5507812500
86680262.0784063041 1289275.2636718750
82150734.7870328277 796870.9208984375
83123235.4576411396 1101064.1484375000
83483665.9955280423 1152822.1337890625
82809354.3838243783 1047919.2187500000
83180629.1755009145 1113197.4833984375
83742338.9701126814 1179714.4062500000
83457618.1448353380 1149410.3125000000
90582014.1624351293 1319587.2011718750
83112024.4799340665 1100191.1308593750
86561951.3897299021 1280240.2968750000
86628236.1722220480 1282311.7158203125
84106119.0028697699 1209512.3251953125
82879683.1495259106 1063917.8017578125
83358880.9735935628 1139942.4648437500
86913254.2757776529 1295112.4394531250
82625773.6605124474 1003326.1123046875
84205121.5236308426 1214515.1923828125
82767841.6451559216 1038360.1269531250
83506149.3581313640 1155349.6630859375
83529182.3672985882 1157013.7548828125
82901277.0062388331 1067600.8095703125
82893515.2907536477 1064699.4726562500
83283884.4405859560 1129050.3740234375
83974399.6281068772 1197769.6982421875
83950147.3046035916 1195576.1884765625
84101659.6001816690 1208225.2177734375
82335163.9135046154 910494.2958984375
84590759.2665521353 1235460.7460937500
82838846.9516610950 1054947.5527343750
82990590.1618988961 1080899.0087890625
82780288.7674510032 1041178.8720703125
83868229.6187286675 1191280.3261718750
83650477.4824638814 1168235.8867187500
83757608.5544438958 1180781.6210937500
82452814.0052334219 951806.0864257812
82834957.1065435559 1052918.8515625000
82191726.9030447900 843737.6074218750
82987946.8979023993 1076098.5058593750
84445597.8706709743 1228604.5947265625
82629891.6784011275 1004361.4345703125
83806756.1001421362 1184726.3896484375
86969162.3893333673 1297104.8457031250
84460922.9394397140 1232292.5136718750
82489037.2329967171 962020.0156250000
94758374.1873478740 1335529.2988281250
83575527.4831768423 1164300.6533203125
83512966.5529888272 1155522.8242187500
84604288.9515851885 1243586.3496093750
82679752.8188103586 1017633.0117187500
84060610.7599267960 1202487.8222656250
83703493.5547726303 1175855.1376953125
83003666.0322017074 1083196.5087890625
83246968.0357135832 1120969.3154296875
82637182.1673198044 1006049.9482421875
82369689.5985316038 924572.7275390625
83346901.8429489881 1136260.1582031250
83418034.5800093412 1143292.5048828125
82421999.3165154010 941671.9492187500
84356185.0081594586 1222959.8154296875
82248991.6233624816 875914.5859375000
82443366.7522806823 947555.5834960938
82164110.0355516523 825586.8203125000
82545006.6455803365 979502.8530273438
83834126.0785927773 1187809.7656250000
84028486.3695653230 1200953.2021484375
82836107.7432900816 1053083.3310546875
82153525.7150670141 799937.3457031250
82717663.6462322623 1027075.9746093750
82708457.4329460412 1023885.7304687500
84796130.8007828444 1244306.6855468750
84733062.7259898633 1244251.6152343750
82273604.5398209095 889401.6855468750
83627820.1256278902 1167448.5986328125
83336576.8789783120 1134546.5205078125
86791137.5184364021 1289627.8066406250
84537096.2711474746 1234723.7656250000
82261085.4021017700 881508.1308593750
85052095.4886896312 1259635.4287109375
94908953.2120098174 1335642.6933593750
82240548.7525070906 871410.5883789062
85076976.8497886062 1260429.7041015625
82675416.7274826616 1017612.0810546875
95096503.6958626658 1337228.4667968750
82202766.4968883842 850511.1352539062
84260046.2937183231 1221425.6337890625
83219256.4385189265 1117681.1240234375
94623424.5607681423 1329665.4062500000
82254629.1370311528 878942.8076171875
95052100.2369551212 1336465.6445312500
82741764.8264938593 1034306.1845703125
82976134.4238332063 1074953.7509765625
82292880.2537189275 896799.7436523438
84865088.5192851275 1251145.1787109375
90089946.1943685710 1312662.8222656250
83972295.5091040730 1197557.6972656250
84909220.1830928922 1258184.4160156250
82796433.1655864120 1044058.1044921875
85117711.1870054752 1261417.6845703125
83325716.2522306144 1131674.2373046875
83277423.2725625336 1126926.8144531250
86634026.1988130957 1286606.7753906250
86838506.2477804422 1292213.7070312500
83251298.3745622039 1122905.8867187500
86562868.7014802396 1281373.1367187500
83742264.5909439623 1176331.2460937500
84183616.5178124458 1213403.8232421875
82624472.2381714731 1002659.8046875000
82290730.6810116470 895641.5600585938
82174547.9804044217 829978.9248046875
82187901.6056861430 840400.6552734375
83332816.1965268552 1133915.9960937500
83415015.0430524647 1141549.6201171875
83963931.6458683312 1196369.0537109375
82292110.4151425064 896262.2534179688
82647673.3505161405 1007072.9199218750
82521105.0797567815 971066.4765625000
82201889.6757236868 849425.5385742188
82306546.3055570424 901188.2685546875
83849395.6629239619 1188059.5546875000
87129277.9918580651 1297474.1601562500
82330172.1736916900 909105.0380859375
82513559.0429525673 968000.7597656250
82229331.7949324995 866523.9936523438
82686807.9785959274 1019465.2587890625
85166024.9723692834 1262076.9951171875
82169747.5492203385 829019.6367187500
89276964.2788605988 1304114.7812500000
83345029.2684520185 1135440.5742187500
82383375.8008413315 929212.6020507812
83339174.9687284380 1135014.9345703125
82729054.8973455280 1030914.3535156250
86642086.9158318043 1286999.0039062500
82479624.6092503369 958842.5136718750
82471590.1915124506 956500.7875976562
83134686.8453902453 1102412.6591796875
82755808.2568112314 1036078.4658203125
83209590.9999861866 1116300.3867187500
82981103.7307507247 1074968.6875000000
83156502.8913871199 1106337.8232421875
83266788.1669524759 1123740.9580078125
82702170.0869483650 1022776.1933593750
83173141.1380151808 1110570.1689453125
87504239.9276648611 1298914.8593750000
83310451.9809779823 1130525.5927734375
95065546.8007078320 1336674.4335937500
82662706.7983343303 1014216.7031250000
90179919.5013376176 1313884.8164062500
84843301.5181980431 1247124.6464843750
82613063.7313641012 999935.9687500000
84805977.1909623891 1245264.6289062500
83411038.3495526761 1140518.0351562500
82360016.7403571010 919589.5986328125
82739563.3362359703 1031630.5537109375
82697316.4174863249 1021355.2578125000
82279893.0538152158 891069.3198242188
84403712.4188137650 1226178.0273437500
82394784.3076487035 931936.4379882812
87049725.7157969475 1297129.4433593750
82712661.2701447010 1024788.4902343750
82502150.5361451954 965276.9238281250
82198427.3535400778 848857.5312500000
82210946.4912592173 852361.5673828125
84510015.0007003695 1233616.5781250000
84329103.7377122939 1221852.6279296875
82576673.2134812921 987932.3447265625
82175748.4524633884 831046.0976562500
82551451.6273511350 981624.4414062500
82609440.6763889641 998055.3632812500
82152632.4650654793 797271.1088867188
83773978.1448706537 1181363.1074218750
82379368.8513344526 925854.8115234375
82218507.4540567696 858855.8774414062
82215667.3757892251 858089.3105468750
82230630.1652528495 868507.2353515625
82430727.2836653292 945225.4604492188
82571733.6179710925 986906.8603515625
88905299.4250546545 1299459.7265625000
82189102.0777451098 841467.8281250000
82572200.8235169798 987351.5576171875
82558426.6664220095 983414.6484375000
82243149.3029719889 872011.2714843750
82405541.3931646347 934342.4072265625
82605024.4643465728 997598.9960937500
82549155.1717734188 980268.5126953125
82549665.5890427530 981355.7841796875
82474196.2692583501 957891.0566406250
82504143.7377332151 967062.7827148438
82557194.4387909472 982981.5869140625
82536445.2426250726 976874.8349609375
84059278.1799603999 1202040.5937500000
82437277.5632072687 946843.4921875000
82579985.4042199701 988660.4033203125
82494945.4654242247 964537.1025390625
82404675.1721967012 934133.0112304688
82612096.8309209645 998711.8925781250
82338867.0891944468 912116.6630859375
82654343.7496705651 1010138.0058593750
82989471.0295680463 1079183.6884765625
90934929.9020945132 1323524.3183593750
82409895.9901459068 936725.1977539062
82533176.3172057718 976561.4130859375
90506655.2818621248 1314650.0078125000
82556542.2932269573 982220.6289062500
82458026.7593731433 953492.9541015625
94993427.7157061994 1335732.3691406250
94650185.0936542302 1334782.7460937500
82592314.5351982415 994208.8525390625
82366115.1497083157 922394.0605468750
82421326.4612413347 941086.9907226562
82445838.9661625326 950014.2202148438
90135283.7519531399 1313446.9960937500
89545403.0768054724 1308565.9921875000
89827365.6112450808 1309590.2187500000
82468546.3556614518 954451.8691406250
82398487.4833385348 934001.3618164062
82211219.8345144987 855015.3500976562
84084933.2521132380 1204657.5429687500
82184654.5364703834 839002.4916992188
82163195.1623129994 803959.5278320312
82248894.8794572204 875207.1616210938
82220545.1103094518 862742.3315429688
82277300.5261927694 890572.7392578125
82328535.5790718794 908728.7758789062
82249868.4445271790 876990.8862304688
82343425.8753178269 912565.7890625000
82248728.7767227143 873888.2280273438
82373974.9784173369 925074.1323242188
82362795.0163937211 921061.7832031250
82318763.6668843180 906381.2021484375
82323537.2156972736 906906.9443359375
82193979.8122653514 846729.4731445312
82224945.0579122752 863238.8203125000
82332017.3685104549 909841.9531250000
82287412.2002254426 894351.5859375000
82305077.4645745903 900836.9990234375
82349108.8140839785 915517.5800781250
82280052.8465954661 891736.4741210938
82262387.5822463185 884884.4409179688
82223831.8164961934 863170.3432617188
82197266.5184520781 847157.4848632812
92217121.7507283092 1328942.6132812500
