131539946.7376552820 5131213.9726562500
131618119.5406053960 5193383.1367187500
131599723.9242213070 5177788.0351562500
132167594.5606519580 5334190.0156250000
149444627.2257707417 5662345.2617187500
132097403.3942896128 5320133.2265625000
132343687.9801614434 5363738.1718750000
132375583.4669304341 5368263.5214843750
133656307.1123926044 5512190.0097656250
131526646.4520596713 5114585.8281250000
131551128.3769221157 5142333.6738281250
131753432.2466939986 5246425.4550781250
131526646.4520596415 5114533.1484375000
131538890.4295188338 5130125.9921875000
131599723.9242213368 5177892.5039062500
131813538.6432918310 5261430.2988281250
131813538.6432918310 5261669.8535156250
132368240.8825597614 5368105.0390625000
132967626.2908504456 5445544.4746093750
131539946.7376553118 5131239.0234375000
131552184.6850585639 5143455.0722656250
131651627.0630535185 5211842.5332031250
132967626.2908504456 5445545.5214843750
133782348.9262618721 5520900.8886718750
134154091.2754112780 5544711.0312500000
131552184.6850585639 5143394.0761718750
131526646.4520596415 5114560.7773437500
131539946.7376553118 5131390.7382812500
131618119.5406053960 5193581.9179687500
131632771.2158535421 5196728.2226562500
131839153.9479945153 5266363.3691406250
132146711.5775825977 5330007.3437500000
132122856.0991936326 5325421.3984375000
133720522.0025119334 5519119.4121093750
131560267.3340496272 5148713.9296875000
131552184.6850585938 5143606.7871093750
131604041.4949323684 5182364.6132812500
132021433.6980536282 5305480.3515625000
132821300.5626387149 5428858.9824218750
133700567.1815280318 5517120.8574218750
131693836.9198481888 5223406.3769531250
131964123.1227876693 5293549.0078125000
131875094.8579482436 5274187.2578125000
131979939.7160044014 5298224.6953125000
132167594.5606519580 5334193.5625000000
132097403.3942896128 5320160.0859375000
132142141.8557479382 5328905.3906250000
131564414.7314302027 5152810.6503906250
131610263.4461773187 5190721.7578125000
131610263.4461773336 5190984.1562500000
131610263.4461773336 5190951.4531250000
131642154.5501927435 5198336.6582031250
131679185.2446000427 5220054.6269531250
133016530.9987990260 5449750.8339843750
131592305.2887154073 5174776.7988281250
131632771.2158535421 5196832.6914062500
131679185.2446000427 5220294.1816406250
132306843.1598386019 5359942.9296875000
132232944.0210901499 5346202.3203125000
132432121.4286370277 5376427.2167968750
131719933.7228092998 5234182.9003906250
131914359.4636905938 5281577.1914062500
132066172.1595119834 5314225.6562500000
132011170.9507820606 5303923.3828125000
132432121.4286370128 5376225.1542968750
131590228.9833201915 5171745.1093750000
131651627.0630535185 5212083.1035156250
131693836.9198481888 5223440.4863281250
131693836.9198481888 5223200.9316406250
131905434.4617968053 5278203.5781250000
132007924.8363038898 5301842.4960937500
132215083.1014822125 5342686.1484375000
132375583.4669304341 5368282.2402343750
132457017.4702527821 5377678.9511718750
149561370.8539405465 5663178.3710937500
131590228.9833201915 5171980.5234375000
131592305.2887153924 5174656.7597656250
131853125.0300903618 5268712.5156250000
132164566.0736104250 5330685.7890625000
132368240.8825597614 5367926.6406250000
132509823.6723433882 5386776.9433593750
132486062.0281526148 5383317.1621093750
131808856.2169227153 5258000.4277343750
131976693.6015262306 5295924.1523437500
131719933.7228092849 5233943.3457031250
131811136.0224024057 5259643.6816406250
131734585.3980574310 5237329.2050781250
131753432.2466939986 5246337.0957031250
131900130.6259054840 5275140.7226562500
131900130.6259054840 5274848.9101562500
132084826.9558123052 5316560.5312500000
132188205.5596318543 5337433.7031250000
131651627.0630535185 5211843.5488281250
131797864.8078963608 5255783.6523437500
132034618.9633076489 5306816.9335937500
132211587.6705084741 5339158.4609375000
134884891.9631361663 5587717.5488281250
149147321.6805417538 5656138.4492187500
131590228.9833201915 5171689.6367187500
131572750.8426684886 5171621.5507812500
131618119.5406053960 5193686.3867187500
131666278.7383016795 5215034.3144531250
131797864.8078963608 5255656.5429687500
132084826.9558123201 5316587.3906250000
132055909.4122403711 5312706.8671875000
132084831.2804819643 5316786.2656250000
132079353.1000963300 5315433.1445312500
132211587.6705084890 5339185.3203125000
133226398.2705274224 5472076.2714843750
131590228.9833201915 5172013.8125000000
131734585.3980574310 5237026.0722656250
133246391.4247383028 5473549.1542968750
131666278.7383016795 5214989.8535156250
131666278.7383016795 5215229.4082031250
132091929.5385736525 5319005.8398437500
133726764.1437380463 5519728.6015625000
131712683.7684847564 5232751.5097656250
131703777.7879644483 5225677.7128906250
131712683.7684847414 5232511.9550781250
131796391.2806257010 5253095.7832031250
131753432.2466939986 5246640.2285156250
131931955.1400678903 5287189.8554687500
132620302.2335655391 5402034.1152343750
133138252.1205134839 5467213.3339843750
133398445.4768515974 5488472.3515625000
131564414.7314302027 5152812.0019531250
131779047.5513966978 5251242.0175781250
132893500.1459287107 5436728.5136718750
131570936.6395190954 5153078.2187500000
131753432.2466939986 5246400.6738281250
131789060.4153369367 5251614.6699218750
131564414.7314302325 5153073.7011718750
131564414.7314302027 5153066.6738281250
131745549.0275119841 5238876.4160156250
131779047.5513966978 5251333.7441406250
132040092.8190236390 5308228.7421875000
132591257.6756657511 5396183.0761718750
132375583.4669304341 5368264.4199218750
132540187.9452215284 5388939.8261718750
133298791.6833866984 5480921.2167968750
134911626.4065080881 5588819.3847656250
132605381.1006756127 5400840.1191406250
132859360.1335152835 5431230.0371093750
132895232.8779911697 5436961.8652343750
131869621.0022322685 5272815.8007812500
132119827.6121520996 5321932.0859375000
132748907.1497794241 5420223.1933593750
132870935.7942069918 5432902.9667968750
132748907.1497794390 5420289.4746093750
132677704.9577002972 5410524.4667968750
134202549.8713712990 5548492.1113281250
133298791.6833866686 5480920.3730468750
131646846.3674812317 5200861.3476562500
131919833.3194065839 5282992.7968750000
131875094.8579482585 5274214.0234375000
132457017.4702527821 5377693.0996093750
132726509.2004862726 5417615.3652343750
132540187.9452215731 5389128.9902343750
132692369.1880728602 5412314.5917968750
131646846.3674812168 5200608.9492187500
132806182.9411169440 5427313.3769531250
133130068.0058817565 5461559.7246093750
134353228.0852391124 5556743.1093750000
132257690.0981426984 5348389.1992187500
132257690.0981427133 5348563.1445312500
134300183.2843754292 5555331.3437500000
132597904.2842724174 5399152.0292968750
133422602.5366170406 5492281.9980468750
131914359.4636905938 5281583.7304687500
133525261.3513948470 5500611.2949218750
133258428.0895231813 5475700.6855468750
132341709.7107130438 5361290.6386718750
133422602.5366170406 5491970.6933593750
133134617.2362928092 5464952.7949218750
132404869.6669653505 5370960.0058593750
132286610.6736911237 5351366.7871093750
132413457.8867330402 5372617.3339843750
131902926.4472373277 5277950.9960937500
132286610.6736911237 5351348.9667968750
133507182.3067935407 5499106.5527343750
133183521.9442414641 5468895.7949218750
133229512.9126641601 5472212.7109375000
132429524.0664460212 5375364.8261718750
132003387.7285299897 5300691.3710937500
132917089.3160020262 5438213.8105468750
133183521.9442414790 5468907.3417968750
134911626.4065080583 5588534.2910156250
133821744.8974618763 5527217.7949218750
133652797.4282589555 5512072.5996093750
134303741.8023054004 5555897.0019531250
132003387.7285300046 5300883.0976562500
131958649.2670716643 5292137.1992187500
132668792.8614353836 5407391.2167968750
132501917.4793053567 5383940.0839843750
131650107.7294148952 5203913.6386718750
131958649.2670716643 5291925.6367187500
132549100.0414864123 5392075.2792968750
132901233.8648493290 5437632.6542968750
132483649.9835149497 5380970.6933593750
132662913.7945305258 5407059.9160156250
132206113.8147924840 5338031.0742187500
132549100.0414864272 5392078.8261718750
132330845.6958218813 5360559.7792968750
132783878.1509751529 5422713.8183593750
132662913.7945305854 5407063.4628906250
135921249.7456937730 5612014.2363281250
132242610.5545631498 5346543.6464843750
132655571.2101599127 5406720.4980468750
135624935.6013423800 5603899.2089843750
132549100.0414864719 5392308.9433593750
132549100.0414864719 5392283.2558593750
132942908.7140591294 5442563.2402343750
133002706.5110746026 5448564.2167968750
132973627.2777085602 5446789.5371093750
131955421.5608092397 5289544.2382812500
135852934.5997604132 5611248.7636718750
136011770.8431812823 5616874.3066406250
131650107.7294149101 5204166.7949218750
132783878.1509751081 5422540.2324218750
135156653.4979678392 5598752.3925781250
133017261.5224186927 5449838.0058593750
132973627.2777085602 5446476.1308593750
132114353.7564361095 5320777.8398437500
134483613.5508559048 5563319.0996093750
133525261.3513948470 5500912.8808593750
135367881.6713015437 5600228.4160156250
133973083.7891193181 5536025.0605468750
134154091.2754112780 5545039.5078125000
134548563.8882437944 5566344.7011718750
136232036.0765370131 5619172.4316406250
134718529.1679211855 5580748.2988281250
133867106.2051540017 5530067.4863281250
133867106.2051540017 5529743.1113281250
133134617.2362927794 5464651.2089843750
134019023.5654201657 5540688.0019531250
135644457.5402953029 5604687.4394531250
133037036.4970187098 5456531.3886718750
134113976.9568161219 5543974.8613281250
133090792.3081080317 5461057.5996093750
135693123.3780447841 5608676.7363281250
133371355.8135572672 5486816.4785156250
134209028.5039886832 5554776.9785156250
133134617.2362928092 5465266.2011718750
134651776.1996386349 5573656.0878906250
133448351.3237577975 5494341.3964843750
135212074.4668427408 5599939.1503906250
134543549.8171362877 5566109.1425781250
134965610.4556994140 5591978.4160156250
133212218.0721812397 5471526.1464843750
132933449.8078134954 5439982.3886718750
135558216.1994984746 5602926.8691406250
135450554.4803249240 5600624.8183593750
135224708.3689185083 5599978.1503906250
134197703.5549230576 5547140.6191406250
134456406.2051813304 5562522.0605468750
134689051.0081244409 5576361.3691406250
134709164.1983679831 5577804.5253906250
132933449.8078134507 5439680.8027343750
135817314.1127175689 5611211.6972656250
136326321.6366803050 5619444.3203125000
134965610.4556993842 5591666.7441406250
134965610.4556994140 5591693.3222656250
134635742.8251370490 5573368.7363281250
134559618.5165762007 5569843.7910156250
143065558.7171711028 5649145.6875000000
133757124.2900404185 5519938.7246093750
133000354.5337078422 5448437.0683593750
134383546.3152184486 5558778.5410156250
134383546.3152184486 5559063.6347656250
134076296.1005141735 5543671.1816406250
134850533.6772477031 5581024.3066406250
133639103.0863279253 5509076.1152343750
134688085.9333296418 5575270.7128906250
134651776.1996386349 5573370.9941406250
134369048.2024835050 5558568.3066406250
134180599.4177364409 5546865.7167968750
133630166.2579711378 5508100.0371093750
141640712.9654859304 5640346.8828125000
133346067.3635752350 5485682.2402343750
133630166.2579711229 5507769.1464843750
133346067.3635752350 5485349.5449218750
133977554.3760952204 5536929.0097656250
135388188.0956117809 5600263.2441406250
133977554.3760952204 5536604.6347656250
133630166.2579711229 5508099.1933593750
133273673.9507159591 5476767.5996093750
146733975.6419620216 5653557.9648437500
133273673.9507159293 5476275.0371093750
134016595.2162478119 5538136.2597656250
133860336.6014352888 5527260.4707031250
134016595.2162478119 5538448.2128906250
146856298.7217473090 5654298.0273437500
140087332.7282186449 5626886.2304687500
146941910.1584561169 5654552.6289062500
133503445.1713695228 5498915.1054687500
142104061.3499016464 5641741.7500000000
133343474.9210032821 5485206.9042968750
133234410.7582677603 5472365.2089843750
133477776.5183825046 5498355.3125000000
