41916289.8994261324 7684.2751725912
41982642.5298539177 8057.0835595727
42679707.8474135026 9177.9475909984
42391455.2877677828 9108.9214203386
42504985.6214210019 9135.8008262515
41845497.3146232963 6928.4537382871
42037936.1855044737 8389.7662433982
41833214.6272176206 6567.5119431317
41948621.6557051539 8008.7794125080
42287772.6728667170 8781.9390523271
42523737.7400008664 9154.9158959142
41881971.3619194105 7629.5260267258
41881064.0021901578 7302.6496518254
41843209.9909696653 6897.4049988091
42478664.2517705411 9131.5114597082
41820464.8624050021 5929.8302870244
41827333.5377803594 6228.6808300763
41824516.6204429716 6228.3856068850
41989674.6686602309 8057.6462232983
42210751.2943023890 8773.4539447264
41979543.9136082828 8055.8161445856
41892399.7803293169 7636.7114880681
41870635.5837802514 7295.4641904831
42184392.8861076310 8529.2965508103
41831190.0704374462 6562.8133001924
42370461.4828086272 8863.5441927910
41866678.5981119573 7295.0063937306
42208449.3500461802 8759.9518313408
41968088.0642925948 8055.7281755209
42505054.3677815348 9140.2358208299
42454861.4542615786 9131.4048342705
41967549.4170263112 8054.1213578893
42029573.1660889238 8388.4108593464
42393256.7933517620 9130.8010701537
42015241.8529724851 8372.5200016499
42001470.8612342104 8070.9106571674
41835228.4827007800 6568.2353163362
42502116.5430105254 9131.8713623881
42001063.6882270873 8059.2509596348
41926420.6544780806 7684.6693797112
41858092.5307266116 7237.1734120846
41897950.5864164308 7666.4199793935
41915992.2360681742 7683.0882626487
42014995.5014233068 8115.5228104144
41863376.5883092806 7264.5029740334
42067172.7714802548 8391.2900840556
42061908.3683103248 8390.8365356326
41876803.7378877103 7301.3969267011
42072058.0694596842 8487.0637824088
41933769.5267858654 8000.9790296555
41939033.9299558029 8001.0669987202
42007569.6474272758 8108.7145425081
42289851.1510309651 8813.4408816611
41958111.7706984431 8038.2928900123
41907629.2166526243 7682.6683549596
41876803.0349369794 7295.8169766068
41888138.8130761385 7629.8788128495
41852040.8101701215 6930.4411377907
41948059.0134498253 8001.3318157792
41948299.9973581433 8001.7517234683
41967790.4009346366 8054.5412655784
42001874.3376235291 8108.0740482807
41828415.4637823477 6526.1866350621
41855342.8199728057 6960.9445574880
42070493.2893550321 8425.0556234606
45602744.8443138897 10978.9175770283
45198833.8825459406 10690.9370588188
45096591.5160176307 10452.1966648698
45385123.3256101757 10780.8364849687
47749117.0332205743 12432.0919713974
43779801.9835082144 9569.6381558288
44182135.1525256634 10011.5637884140
45942120.9597201794 11037.8482620120
46248446.4766799212 11408.1552907825
47225782.1746665910 12097.4849875569
46253706.0194711983 11440.0060597062
48273197.0794113204 13087.1586380005
48627918.9148868322 13154.9645462036
44960189.0269894302 10399.1762924194
44482398.5212495849 10331.7425501347
47225796.0524525344 12182.1272268295
47006632.5608525053 11819.1029186845
43548501.1530824378 9539.3824355318
45961978.8481359705 11050.3201174736
43156542.3131472617 9213.2807678729
46437404.9124925360 11455.6028805375
41838017.6833691373 6853.7719789147
48264727.1658051834 12462.5149812698
42295587.7167472690 8838.8651555097
48151660.1447866708 12458.1775817871
41854040.7726886347 6933.7882314026
41839008.3745291680 6885.4565685689
41863189.9141981751 7256.9095714986
43997516.9488643780 9585.0388456583
44170987.2156233490 9732.8851591349
46041904.8477553576 11210.0488700867
46491150.3451759145 11804.1255989075
47611245.4372861832 12256.5656890869
