80059599.0730405450 1147.7302358216
80142548.8566410989 1162.1279051369
82960210.6783784926 1401.9390563965
81359414.3560453653 1315.0740337372
79299727.3383357227 1030.1833136862
79395734.6467728615 1051.3949276188
79060821.7676368952 991.2782423932
79131154.5647505075 1003.0878554571
79028323.1062456369 990.4881766278
81400976.2252709866 1321.9313123524
81747932.8599724919 1352.9301505089
80302791.0413900763 1184.0825823014
80302006.2535623461 1182.4261172329
81381670.0092198700 1315.2709594369
79197671.8980474025 1014.9604605564
79889709.0112684518 1123.9383358131
80483485.7609654665 1207.9793261354
78682178.6614369303 907.2433590105
78649236.0071031004 906.3915161518
81264150.8558706343 1306.6841566712
81267113.2339577079 1309.7012714162
81462424.1660264134 1327.1413247585
82679944.0768221319 1394.0123729706
80643602.8548551798 1228.5663001974
81445102.7352385372 1323.6841850728
79178192.1575199217 1010.0318541043
78927289.9602231085 965.2651605445
79186457.8381146789 1010.3770429024
79143498.0607722700 1008.2339650521
79188578.6848091930 1012.5034924874
83298628.6381624639 1410.6998977661
83128938.5596953183 1406.9513320923
82907319.3728269935 1401.7822322845
82797873.0528528243 1398.2052230835
79089512.6012349278 995.1044114211
82450642.4923299849 1389.4120635986
82229458.0029289126 1384.3493251801
79142923.3362843841 1005.1579713945
79388435.9455142915 1047.7125889042
79238835.7908655405 1024.5487492511
79386493.9872971028 1044.8162868309
80775594.8889201730 1248.5539799705
80931499.3768009692 1270.8194535747
78309967.5942072123 796.8593467725
78282263.5643744916 796.0930719972
78407878.0484629124 832.1649514334
79581532.4857871979 1077.4408466402
78856860.7279144675 947.5867526138
78897399.0458573997 963.2664757872
79369390.2942090929 1041.1315506622
80390375.1076637506 1192.8107143705
80397546.3928842694 1196.4930530851
80358949.5564499199 1192.4567619627
80207355.9931694418 1173.0117083853
78260278.0363648385 791.1447064140
78663607.0047099441 906.9723183873
80905103.8316428810 1267.2749748667
83117571.3865381479 1406.3498191833
83475845.9548645020 1413.4017581940
80154647.8656407446 1162.9810636555
80539844.1459392905 1215.7892353376
81646246.7731809020 1340.4395885468
81584686.5775427669 1337.7015697956
78586730.9502128214 884.9061331191
78351728.3998951763 817.3957825600
78385226.7584799379 823.5908700969
81955111.8806607127 1372.2972621918
82021072.5338733494 1376.1237697601
82710125.1744073778 1394.8968067169
82485777.7661398351 1389.8494224548
82312885.2482129037 1384.6446247101
78529380.4786299765 878.5412569480
78804650.0335014760 942.2782937128
83204218.4140488207 1409.4556179047
82739233.5040235817 1396.1965026855
79076766.4813196659 992.7800015497
80091782.9846507758 1152.1354064911
80993344.5603750646 1273.4636826952
80237321.6853255183 1175.1382755106
81234512.0807884485 1302.6586459889
81176914.7500060350 1296.3987217844
78831671.5370693803 946.2021033221
82031230.8917163312 1377.8034973145
81589905.1425880790 1338.4340558052
81171466.4292289466 1293.9685825123
81062425.9272304475 1286.2731604557
81973698.6353140622 1372.3752040863
81329388.8620750904 1309.9841589332
80313826.8315353841 1188.7669344912
80194694.9605597407 1168.5472477739
80287013.1418166310 1179.0070513551
80839921.7630713582 1259.1543011125
78608989.7312581092 887.5396246277
79100811.2780761719 995.7775622495
81398376.4208047390 1319.7693479359
80020093.6568903923 1143.6480612829
79720266.8838929534 1098.0494511905
80203777.0048086196 1170.7533319960
80467747.8540688604 1203.7861174457
80697280.2374767363 1238.0439290181
82878762.8686500788 1399.1339950562
82713369.0921246856 1395.4614391327
80004824.1812103838 1142.2738839528
83382929.9303599745 1411.3664302826
79996573.9903401583 1140.0901287901
78783923.2432790846 937.8204355352
78548877.4284000695 883.7690982508
79443376.3518647701 1058.3551233291
79572875.6940008700 1076.1051920354
79665085.6639015973 1093.1365296543
78476570.4310693443 858.1761266104
78445992.8951619416 844.5915847011
79409344.4841912687 1052.3959740363
78711753.8141229749 921.4720077346
81643863.7567982078 1339.4947314262
78314261.2904241383 814.1064585959
80438069.0366428792 1197.1379763838
79929821.4808076322 1132.5501299757
78759000.5034481734 927.2806484591
82536962.3961405903 1389.9682903290
79483117.9576688856 1065.2144139968
80704487.3772630543 1238.3168313719
80716128.7406161875 1238.3314450224
81162705.2521111220 1290.7497110381
81240727.4816467166 1305.4422630086
78513003.6249210238 869.9234356117
80615954.7178501040 1226.7916671745
81734532.7595667243 1352.4927916527
82993549.6010823548 1404.1875171661
81087552.2056307346 1290.6391309798
80857745.5152901262 1263.0443324503
79539939.7094198912 1071.6634875648
79561435.4734890461 1075.3828408681
79463427.0246393085 1062.7354091369
79919198.5397957712 1126.6566972551
82131078.3302803636 1381.9894218445
79121199.3862089217 1001.4168492684
79419918.4513159394 1054.0557712279
81336118.0197788477 1310.3938934803
80161762.8400008529 1164.2861478989
82106192.4064191431 1378.2408561707
80761651.6326419860 1245.5964531414
82388176.1971011013 1384.7415561676
80169333.9594539255 1165.6665556496
83067966.7367838770 1404.4082336426
83190048.0578754395 1408.2892341614
81710222.8374388963 1349.3026354313
81679555.9354724735 1346.2651178837
78477274.0780465752 862.5009145353
78838438.1502663195 946.8680402826
79971966.9905857444 1138.9145918745
80075646.8448674083 1149.4361074036
80109761.9850069433 1158.7311047827
80239658.8370959312 1175.4664157694
78610401.7406441718 889.4258190242
80828092.4369526953 1257.1074815765
81565125.0086439848 1335.0345280766
80597836.8157179952 1222.6927487962
80451176.8066380769 1203.6002299543
80558773.0601159930 1222.1192894932
79075031.0416573137 991.4988358596
79012841.1693704426 984.8236277092
79120295.1994458437 999.8059703100
81205817.0961619318 1301.1744273915
81168552.7139058411 1292.9986399426
78879170.3106566370 961.0621052885
78458782.8146032989 856.1652783358
81836344.3081810325 1361.8004589081
81887634.5178402960 1369.6615161896
81045598.0705697089 1280.2070727338
80673695.3235295117 1234.6572163542
81577245.2357364595 1337.2336626053
81555225.6103289425 1333.4850969315
80097017.8822606206 1156.0213621919
78240447.4407709241 758.1650228080
79824974.2491174638 1115.4607240814
79881538.0949025303 1122.8709920186
81832741.3100522906 1360.3414707184
79438172.2724732310 1055.2084728640
78411302.2699437588 840.9757117070
80989538.4513541162 1272.3643008205
82425711.3688497096 1387.7323360443
80440123.9528889805 1202.3421362703
80607356.3761538863 1224.9251888235
81393440.8660160899 1316.2306974232
80915154.0948243141 1267.3040460646
80073028.6731205136 1148.3645799225
81761389.2519342899 1354.1668043137
80298803.5739592761 1181.9216709249
78217186.9781608135 755.1436039926
79370885.7475985438 1041.3070283064
78717922.5146204531 921.8035998847
81640229.0110305399 1339.3507490158
78697246.1981715262 914.3919354582
80040823.3523611575 1144.5988473664
80167542.1635050029 1164.5109566515
79989015.1466832012 1139.6459787404
78965524.2462183684 972.2957578041
79519197.5395027697 1069.7114671431
79617976.4137231857 1088.2820665799
80721221.3093529791 1241.8198459949
78860576.7939498574 950.5971366055
78948642.9568664134 969.6443876463
79310013.4219290614 1032.2317444943
78738379.4273754507 924.8847158886
78708339.3279135525 920.5469932388
78344963.2229217887 817.0695060742
82117337.7264968902 1378.4836730957
79361088.3697851151 1040.2829803266
79344787.1118597686 1037.1984546520
78426496.4064971954 844.0113940239
78780152.7635547221 937.7270203733
79002275.5955220014 977.7531638118
78353476.3547969162 820.1944316876
78224349.4819736928 756.1295483271
79943082.4239682108 1135.7780113937
78812822.6112077236 945.2406725127
78364598.0443281829 823.3882988475
83728086.7393423766 1417.0851840973
82624696.3976860493 1392.8872604370
79380359.2502842993 1041.3639538772
81794316.5020477325 1358.9397850037
81711073.5237714201 1350.4222196341
79723216.2919257134 1099.6235349434
79681959.4696254134 1095.1437077108
80142808.7572606355 1162.3353331154
81824096.7430804819 1359.9065170288
81692777.9299834371 1346.4970495701
79073138.8412350118 991.3623686570
78598529.8759447783 887.4114840382
78876751.3137512952 954.7054590695
79082914.1489533484 993.1925473548
82587288.4214096069 1392.2310466766
82539317.8555651009 1390.8785400391
80411919.3021595776 1197.0225253542
80548773.2099273056 1218.4629352530
78468094.9943543077 858.0982965102
78423033.0798993558 843.8521680441
80261247.8270250261 1178.6488982504
81663009.7835557908 1343.3684515953
79304571.1199492514 1031.3055909947
79092852.8018018007 995.1563218215
79113201.8402097076 995.9026444068
81953701.0587160438 1371.9378452301
78622985.7125939876 901.5397849585
78690943.1101988852 910.3074543707
81051710.8260992318 1280.2468317524
79771713.4710312039 1112.3495332897
81882479.8620950133 1366.1771736145
78579179.8429209888 883.8757063560
81378511.9392377585 1315.0993667245
79723797.6110385209 1099.6369211781
80627742.5415891260 1227.9282993190
79319297.9953426123 1035.5951402299
83569086.4334929883 1415.0389862061
80853551.6486015320 1260.8417924941
80994491.5372397751 1276.6646104296
78686176.7747738212 909.1905197357
79699584.9804079235 1097.1491543949
78618023.4462868124 897.6433000999
78589219.9482491761 885.8553900588
80502540.6359208077 1208.4143279823
80653454.7174628526 1230.3170441720
79872884.7710847706 1120.4835212487
78541283.9397758991 881.6791343378
81497738.1016938984 1330.6788811684
81776423.7063412219 1356.6787161827
79213377.7819591761 1017.2961134948
80474275.4411136508 1207.1851441893
78448303.6634536088 846.7208060902
80673247.0994956940 1234.3693383177
81030254.3959809095 1279.6608332172
79913407.6934152395 1124.4877232420
79752018.7078901678 1103.3083239454
80804604.3736737818 1256.9226899584
79190657.8258658350 1012.6082733981
80297666.6187672615 1179.7451016520
78971297.2193005532 976.0129342414
78951672.8515140563 971.7708372313
78260187.3842449635 777.3784795675
78481824.9168554991 862.5770911860
81845345.3116746247 1365.8390636444
78710866.5050137937 920.5477099921
78767884.0476830006 935.5198403501
79587399.4255263805 1080.8996860944
78917142.2324825227 964.4343370635
79076996.1389708817 993.1401696540
78939038.0216346234 969.4696840483
78512088.0145353973 867.1401739365
79495919.9835034013 1065.6993071996
78537102.7163012624 879.4966211753
78990491.9049330056 976.0155119139
78383013.3479754031 823.4326675776
79852654.2093985081 1118.8953611553
78488433.1964975744 864.3107966222
78509945.9255456775 864.4170516692
78251936.9655850679 775.6962786462
