45247184.4647778049 7.6003876030
45914146.1548725069 7.6289298683
42550509.1587151065 5.9355708990
42405431.5175248757 5.8026860101
44638618.5129969716 7.4166197743
44320676.4503590837 7.2413982310
44644823.7492225617 7.4254306927
45556825.3601133153 7.6123876572
46106804.6981934831 7.6611895561
46276085.1409474388 7.6812278777
46660894.5822637975 7.7011292428
44849717.8823463917 7.4338721968
45074461.1425885856 7.5542141348
44499617.3303728774 7.2850721856
44027915.1774553955 7.0202639221
43912289.2143780515 7.0151804059
44255763.5768082365 7.1451912417
43734585.9491872191 6.8519082548
43716503.0702549070 6.8452318938
43757121.3405532092 6.8560018970
44903217.4653227627 7.5352586657
44968573.7549634799 7.5465243757
42626052.3587933332 6.0978681112
45849039.7511152551 7.6231399029
45991467.5381374434 7.6362489611
43763649.6676781774 6.8654587895
43490421.7614011914 6.7099156595
43796458.8570662215 6.8681642146
43706218.4891789034 6.8396186373
43761373.1819677576 6.8563341975
43284246.0062793121 6.5683305032
43067299.6453184187 6.4105642258
43064348.5110766813 6.4058154366
42119835.0441867188 5.4979953746
43070332.7283642590 6.4105660609
42661354.0092532486 6.1112698505
44180104.3642877340 7.1257610185
44045101.3211940303 7.0991561277
44467306.3118304536 7.2807050803
44384286.5926013440 7.2767115840
45068217.5971110314 7.5519752353
44944512.1467836127 7.5367648154
46353138.9006481096 7.6933573931
46341733.1195202172 7.6861951500
45617391.7515470237 7.6172179431
43380790.7639533579 6.7041127238
43490433.4398460314 6.7183253980
43708283.2621897906 6.8410585852
47127788.6596235931 7.7036092281
42404354.5442993641 5.7979754848
42328383.0322069898 5.6631619216
44058290.5468769372 7.1251166327
43266106.1527889445 6.5505669519
44862008.0721476451 7.4457355440
44573887.9301870838 7.3470615562
44278266.9165364578 7.2009068566
47069332.5630073175 7.7013632953
47343551.3277027234 7.7088412493
43879981.4815828428 6.9886477765
42811069.6459659934 6.2388797367
42940873.8562687933 6.3800650167
44786909.5765099674 7.4265832156
42813448.2227949500 6.2554874412
43695566.3890284821 6.8348874666
43807224.0291027352 6.9685628662
43506544.8289538249 6.7899478302
43607023.2099434286 6.8320454583
43676422.7620716467 6.8324506196
43877896.5750029460 6.9728232650
44796910.0704266354 7.4319522828
44555265.5788149312 7.2924101073
44549665.6197218224 7.2866976879
42136736.6054515615 5.5077373822
43806557.3004608899 6.9158984317
43128122.3300707117 6.4181159415
43197059.5163091496 6.5456692242
43126151.0104958043 6.4113587580
43139150.3787548244 6.5390915974
43631253.1306614801 6.8320461625
43590725.3153463453 6.8150391207
42610264.0092514679 6.0522853365
42976448.6456815973 6.4007985146
43305580.6244859248 6.6429126934
42926822.2229370102 6.3721157063
42942722.1348690093 6.3899035568
42505053.7852419168 5.8528627722
43264180.8540969715 6.5488683277
42495614.0139858499 5.8382351449
42358842.7400900722 5.6707886582
42247331.3575703874 5.6589216335
42782346.7670531422 6.2094648258
42376111.6303345412 5.7977389469
42414253.1813421249 5.8254402386
42383532.4416231290 5.7977679534
42482633.8075786754 5.8299603140
42605282.8679782897 5.9460928199
42595285.8203843385 5.9453389658
42591038.0232485235 5.9453078372
42443843.9860078022 5.8273667026
42520103.4421354830 5.9247638542
42570517.7179370821 5.9386618001
42530844.2890575230 5.9289461333
42584550.3925460577 5.9400105820
42362369.6883525997 5.7897316799
42188183.9973062351 5.6303332285
42088972.0706390589 5.4728571269
42246605.7484711111 5.6587612023
42337300.3665633574 5.6697391789
42202136.4003507942 5.6443557624
42219647.8704941720 5.6510788310
42050141.1572462171 5.2227025121
