135348645.4642111063 70583.9963500622
135557862.7925378978 71081.2047546032
132949476.5873578191 66918.7975561023
137716205.9399909973 74149.4600200653
143408273.4754104316 80296.2872009277
135621705.4838885665 71117.2356689099
134302161.9607190788 69108.9950018172
137672923.4271997511 74031.4553432465
137168200.2796126902 73367.5384654999
137174334.4720735848 73377.1406440735
137462961.8296426833 74029.2021770477
136648552.2160230875 72578.3209514618
136826449.3303285539 72916.6160717011
132055828.0142175257 65604.2343965024
134998878.0645420849 70223.2446105602
132674315.8913501352 66495.0168698691
135807336.4550896585 71403.7476973534
138492589.0977355540 75155.6217803955
139082373.5111215711 75914.1652235985
138780928.9074716568 75766.2027501762
132391452.3423255086 66157.7255616635
135066532.5161737800 70329.5960922241
133473636.6118687540 67753.2113458514
133659500.3270161003 68113.1475901566
133734490.3364071697 68282.6181451678
135922206.3135789335 71611.3673200607
136229871.8646993041 72127.4667158127
131773967.4608773589 65212.4805665463
131939478.8355628103 65440.3838019371
132786361.2675869912 66723.8157590292
132849579.1519152224 66857.5250485800
139284394.8858700395 76050.3448657319
139317349.0934393108 76217.9844291513
130181503.4778090566 62189.0004175585
130156007.4699327350 62128.5433504335
130554530.1134799570 63037.9223607425
134259774.7220824957 69017.7561462048
134773532.9081343114 69771.8419005993
134251190.5880578756 68968.6862304333
134230547.5645576715 68966.6969936016
135006952.2279301584 70228.3863198459
134964801.2337046266 70111.2482420029
134269132.4997828901 69022.9569583954
133081358.7258442491 67156.6239798069
133927962.7447032779 68584.6430151463
133496476.4364902824 67890.0427839756
134488961.7828185260 69559.3792846325
131936004.4096154869 65432.1671894677
138555902.2283120453 75324.5307006836
138168270.2940488756 74678.5809020996
138459888.1692995131 75128.2390289307
144139754.0041634142 80758.9730224609
133235273.5104555339 67422.6783501770
137377058.7091478109 73711.4975471497
136004142.4825479686 71778.3536176682
130435513.2254859060 62948.5301283281
133111248.2706477195 67176.3401270156
136525950.9600379467 72368.8043217361
136554945.0381295681 72521.2091798782
133295322.0563708395 67634.0920221210
133487890.8960203081 67858.3627173129
130566924.7634005696 63105.8589247148
130331977.4348202795 62756.5037611406
130978855.6799319834 63776.5070570391
137792524.1024743617 74228.0083997045
138114966.6533893943 74676.8648071289
130724178.1992153972 63498.7244032305
144124677.6724829674 80720.3317260742
132504812.8271657228 66263.5035565794
133024193.4072698057 67014.9394316040
132578678.3451797664 66390.2401364706
131897939.6468056142 65301.1032803915
131110910.5340806842 63990.1922238730
133632042.0253818184 68034.7589607482
133909081.3946070522 68529.2192449813
134080196.5847664475 68863.6388006454
132648343.6102254093 66450.5476673730
137960699.2071524858 74475.0406341553
135471939.7333282232 70879.0282912850
130866926.9378252625 63507.8068424128
133609885.0450261980 67903.0768347030
132111845.6970816553 65778.5327847861
144656945.3202829361 80977.6798400879
135384726.4193327427 70816.3268613815
131628142.3243926913 64971.8724354394
131863205.7096818984 65218.7960804589
131280748.2407120764 64249.3644322045
136545809.9217423797 72382.8087511063
132074578.3743947297 65621.7445310019
137019751.0541241765 73145.1918077469
137998039.9717063010 74594.1754989624
138203196.7384827137 74928.3132629395
143875748.5467456281 80653.7130737305
131031305.2785374820 63976.9777463339
143902199.6440367103 80658.3079833984
131742560.3801234961 65148.2838276513
131556798.3566367328 64890.6178578027
132253168.9496711940 65924.6155637167
145611130.6953546107 81281.3865966797
133476353.5107066035 67770.5151793185
134148214.8089505434 68886.3437332826
135775068.5635035634 71296.1927987757
132822786.9971665889 66748.2407055395
144343954.8838984668 80937.0444946289
132743127.8610273004 66596.1746280752
135893892.4115380347 71492.3781862259
145224338.2186294794 81243.6840820312
144796626.9609977603 81087.3126831055
132742322.3477217555 66593.3214176260
131413189.9151076078 64482.4841855429
131294120.9787384272 64341.0678112507
131695720.6502654403 65142.3150723837
138501610.7334351838 75256.4832000732
136398224.9549027979 72155.0293292999
137076997.1123636365 73221.7224521637
138588223.0517581105 75388.7985687256
131151252.2827337980 64232.7068570517
131427310.3133195341 64633.8260587119
136578765.6599651277 72558.4874477386
135234624.7929429710 70560.7335955501
142982497.8831674457 79972.2501373291
124367380.5883933604 49749.6319554411
124409612.0351926684 50032.7906308882
141418207.6066404879 78754.9121246338
130719637.4533137828 63284.1724019274
144681687.9646580815 81013.7340087891
131485347.4193743616 64643.8761685751
134465160.2342048883 69390.9005400363
134786038.3605104089 69817.5656401339
145140594.6038415730 81193.4397583008
136442338.1036756635 72332.7848100662
134821464.2753453851 69870.9207097944
131013842.8249570876 63852.2239847407
144989724.8773143888 81154.7501831055
144297615.3564960957 80774.7705688477
142780174.7947800756 79956.6183166504
130670575.4134646952 63280.1729650497
141831645.0981772542 79100.2617492676
141518480.6522708237 78942.1749267578
143437232.6300673187 80309.9974060059
137287879.6240794957 73540.1622543335
128848872.7182827145 60064.8118564254
137715327.8044389486 74097.5939331055
136977772.3636919856 73136.7804718018
142682301.5413912833 79885.0014953613
137372327.4919077754 73653.2413558960
136652258.3015252352 72625.2781446953
128599523.0238476545 59535.0654373057
142610013.1442685127 79755.5864562988
143664834.0571340621 80520.5398254395
142258565.0223040581 79482.2610015869
141302828.3576171100 78586.5012512207
141271526.7017364204 78523.0851745605
141881925.2936829627 79284.7639617920
141472750.5412789881 78795.5072937012
141331954.3275069892 78674.9439544678
142531636.9206251800 79659.7082214355
142670536.8279478550 79812.9162292480
140164181.8331955075 77414.3484039307
140306692.6015904546 77508.1391830444
143113198.4797581732 80183.9953002930
143516322.2334272563 80439.3894348145
143027040.4127006829 80059.9229736328
141738394.4322471321 79088.1515808105
141456251.0380542874 78762.7113494873
141661896.1883285940 79033.4435272217
143190586.2134683132 80234.3267211914
140648867.3344031572 78031.9623107910
140883734.4266507030 78140.2449340820
136687658.9752232730 72705.2572840396
136706987.1229099333 72748.6889895145
140586174.6874231994 77924.3380203247
130270472.7428370118 62516.2726397440
141488725.7837129533 78864.9665069580
130235041.9692976177 62445.0970282480
130927523.1524461210 63610.0136482678
143487093.6774719059 80392.8992309570
129948920.5789705515 61923.2725688964
129782019.6494047046 61622.1155254394
129834377.3510664105 61842.1050273925
126029948.7619931847 54169.5831074417
139914208.3742156923 77065.1176948547
129962691.0454097092 61988.5399026250
140412589.8821359277 77548.1055145264
139548016.1387478709 76668.7132072449
139388463.5029267371 76292.8054409027
140573392.6282141507 77796.2122955322
140801897.5044917762 78115.2500076294
141137277.6617484987 78463.6849975586
143012049.9960597456 79996.3778381348
139859292.5436896384 76876.3150939941
137899083.5347661674 74354.9355697632
125944288.3187661916 54055.1157002151
129829913.1980675757 61694.7784696942
140033465.6682066619 77222.2484321594
124142306.1658657193 48678.7187650800
139419334.5282468498 76369.6357383728
124177306.1766382456 48789.0178831220
129402078.4069402069 61005.3160071298
140441345.0958346725 77756.5780639648
125386248.5934925675 52686.3154755309
127949066.4329422563 58302.9280328937
128196666.2958151847 58709.9714441486
125205234.3169614673 52236.2735339403
129489944.4052601457 61126.4480662271
127897752.8225084990 58136.9829753339
126130390.3716230541 54399.5499758571
139346743.0259748101 76227.9673347473
125027187.5380747914 51841.4917884506
139100442.9446070492 76039.6124076843
137750791.6623261869 74225.9695320129
126185357.2934419215 54556.4092312679
125487505.5257608145 52842.7270708978
126527372.0346661061 55248.9655478261
126576934.3029414266 55386.2354905754
129671535.0824364722 61372.4287180826
126567205.7507153749 55320.7486577220
125522260.0447625667 52994.1720335297
140127669.2716831863 77252.5300483704
127314805.6564290076 56898.2831454240
127343379.1976524144 56928.8696780168
127432013.2113577574 57294.5704967396
127149341.1296345443 56787.9840273820
129779186.3458157480 61581.9305357635
129570311.8534803987 61228.2495281249
138985343.2808763981 75894.4705543518
139458914.3463569880 76491.1347846985
129746228.5818636715 61564.5245156288
125436738.3433067650 52718.1106096022
139451268.5616768301 76451.0984077454
125820657.7833554298 53626.0502810329
126409155.2523997575 55036.4766348824
125124227.2858801782 51991.4797482304
127069151.9921208769 56382.9755439423
127391625.3953593522 57294.5681033097
127009739.3940695971 56351.2365915440
125467896.6404160708 52832.1618851200
126739086.0151687860 55690.2346402034
139362122.9810728133 76255.0494308472
126677352.2951732874 55549.4355292507
126757346.5770277530 55693.3587076329
125342221.9482654482 52651.8914582208
125168128.5808071345 52186.5638018548
125131011.0090288073 52075.2584277093
124598019.2889402956 50815.5329638422
124559570.4607979357 50625.4256988950
124841592.1940358877 51312.0333510153
124507356.6199533939 50545.0597182028
124098144.7254259586 48660.0124024265
125771008.3779473454 53510.5495055728
125723603.5831795335 53471.1183750294
124946094.8378889859 51701.7828404717
129605087.6378834844 61335.8963539563
129138434.9914233685 60500.5660912407
128417072.6656403989 59042.3816887749
129029954.0766439885 60352.7790734185
129062578.9421247542 60398.3703381382
128242874.2677089274 58805.3251315216
128657508.6147461981 59576.8155612946
128721557.4211654961 59743.7210289849
128184153.6221696734 58709.7102576959
128335297.6007652432 58976.2311458290
124351472.8423015028 49694.7341007702
124053846.3297819495 48524.3513010256
124212227.3939328790 49368.7862560377
123736445.8590648472 46792.1395047866
124344689.2107955962 49684.3652802221
123967921.0735672116 48316.9137737416
124748939.7610748708 51204.9327885918
124485277.3165761083 50489.6632546000
123710226.6752652824 46742.8319713734
128705186.2842967212 59677.1125892960
127372969.5533163249 57041.9562471211
123876340.6816244423 47723.0622495376
123847089.8787227571 47654.7615368031
123895639.2521074712 47835.0488750599
127117513.2577292621 56421.6973095685
123830622.6374785006 47135.4499237239
128574284.1849898100 59404.9436134659
128163214.9809282422 58653.4259132706
127730874.4643629789 57722.7606377266
124182299.6065265238 48851.4312515967
123822425.1699948907 47062.7106858008
123657192.9275507629 46150.7811203711
123809537.5649120510 46955.1625854671
123617452.2880830765 45507.7576813065
123417852.3184849769 44142.3314322922
123481241.6436564624 44872.6340635736
123434125.2626568973 44673.0415294785
123391960.0826361328 43872.9597669523
123336236.1247857213 43848.8707941584
123469129.1305673867 44736.4148375876
123333585.0653531253 43768.8120838124
123559979.3888671100 45504.8190699518
123664074.8328041434 46224.9544190355
123289538.7251825333 43642.1693598330
123077820.8996389508 41873.9944635928
123234154.1742145419 42854.5828959048
123151594.4642403275 42730.2397944033
123222938.4319962859 42752.5833457820
