126149304.6951382458 1731.6112850308
125984645.2259601057 1727.7983663678
128063610.8890963346 1780.0476818085
128272654.3301053494 1780.4014568329
127611030.7675430030 1773.8183326721
127647576.7413850576 1775.4138603210
128170754.4471702576 1780.1367874146
128282880.5101526678 1780.9128170013
127706976.6333499104 1776.1735200882
127894425.0840906501 1778.3271989822
127758504.4727716297 1777.9264183044
126969625.3656601310 1762.3631825447
126562722.1360023320 1753.7944259644
126310607.2482472062 1737.8458399773
127983360.6846868396 1778.7246093750
127824745.0741447210 1777.9331636429
128003166.3161308169 1780.0067682266
127525151.7467450500 1773.8173723221
126732755.1692424566 1761.7183170319
126610903.2675732821 1759.5749111176
126570165.0014298707 1757.0145530701
127392800.8762633801 1771.0040082932
126721124.8525174111 1759.7219076157
127211604.9266219139 1765.2407026291
127295562.5186999440 1770.6631546021
127511134.3937639892 1771.7175827026
127214709.9486369193 1768.4022512436
126925342.6459341645 1762.0939760208
127150547.4702105820 1764.9826974869
127087998.6839922667 1764.2561988831
128366988.5632385314 1782.6592502594
127980270.0660605729 1778.3637533188
126271781.3891080022 1735.7977853119
126227794.3818601072 1734.0240140259
126354455.1077608913 1743.0613227189
126314642.3498839289 1739.9061017334
126242118.6224963069 1734.9285474122
126375698.1092565805 1746.1480527222
126512139.5265749544 1751.7210641205
126158737.9453733265 1731.6400201917
126010708.1128483117 1728.8797786832
123296717.2644815296 1600.5564520434
123068788.0541732162 1589.1026566103
129286655.6429569423 1794.5937843323
129342978.5895957351 1794.6653442383
129771149.9679124355 1794.6938562393
129267355.6322359145 1793.7748851776
120622529.2401034236 1405.0191331133
120550587.9862581491 1401.8079247698
120700564.9862597287 1414.8556074128
122721345.8054553866 1568.8879123777
122473927.8360242099 1548.5609280542
122869555.3483904004 1572.0573135465
122766688.1993598640 1569.7232023329
122706097.3610880971 1566.6028896421
120526178.9509197176 1401.3279080614
119896902.2113335878 1318.8791094050
120734342.8058460504 1417.5276503522
120723388.8305682093 1417.2880778271
119829710.9814668149 1314.5020745056
120223759.0914426595 1375.4138402942
119648323.2051565796 1274.2782119172
119731075.6352608949 1294.8895339867
119791727.0641026050 1300.2995245116
119815576.9570310265 1300.6877098935
119629122.4982188493 1252.5183929256
119678121.9830036461 1276.1020503691
119856913.8809418231 1315.3488383940
119867363.8334388286 1316.7936213663
120442490.7136037946 1394.3078504312
120281511.0975232571 1378.3770408634
120252391.7887726277 1378.1361735719
119868889.7317941636 1317.0908908503
120107913.0199454427 1362.5104848998
120025752.1858695000 1355.1009754794
119920467.1478020400 1323.7795210276
120368167.4094434679 1389.3109586830
120475194.3638079762 1397.4944453463
120149805.9812988192 1366.4706935282
120448444.7483074069 1397.3743803725
119924375.7242552191 1323.9127340708
120161233.9840444177 1373.6604485735
119900810.7877867669 1319.0123224482
119962354.4124151319 1352.3982596057
119931776.2946351916 1350.1121449694
122454538.5888314992 1547.4777218550
122047514.9076616019 1522.7949693352
123216374.4675560147 1596.4092741907
123285624.6352129132 1598.1017315462
122986678.0510932654 1586.4874517992
122975724.0758154243 1586.2478792742
123142244.3131494373 1594.6877281740
123168394.6010711640 1596.0759097040
124533429.5084090233 1657.0278480649
124484728.9116444439 1653.4702225327
124519218.7308153957 1655.8795133531
124292476.3998385221 1646.0960845053
124298952.9594771713 1647.2841910422
124053031.0917667300 1636.0255030692
124086054.0588805825 1642.8000873588
124513684.9657223374 1654.2617420219
124196036.7188898772 1646.0471266806
124313415.8363459706 1647.8252932392
123852966.6431327015 1630.3093622997
123780726.7855997533 1629.5814952813
123602584.6599474400 1614.2211993039
124072998.0298212618 1636.0671090782
124374525.2483467013 1651.3527492546
123651818.7850975692 1624.5706818402
123754686.5055603236 1626.8750641644
123026453.9358362705 1588.3969290331
122941871.9789650291 1582.2475407198
123524371.4380133152 1612.7850793600
123276451.5373540521 1596.9600479603
123348925.6183927357 1609.1316865683
125681265.1278161854 1709.0732010007
125681998.4723685533 1712.1038120389
126047040.8669889271 1730.9390628934
126182958.2304917276 1732.0374153256
125905697.9798583686 1721.7519319654
125862066.3864286691 1717.1707084775
125765026.1136013120 1712.7233255506
125807727.9643636197 1716.6897647977
121177056.0375888348 1456.5348646997
121159127.0822419226 1454.1023889256
124720394.2944734097 1658.8298236728
124615390.7655888200 1658.6988927722
124756502.0295478106 1664.7612719536
125099285.2113082707 1676.6271915436
124733861.0718341172 1661.8792910576
124920715.1845711470 1676.4830484390
125121625.0217477232 1676.8196202964
124897983.7167880237 1675.5169801712
124770961.0081817210 1666.9548480362
121172843.4691013992 1455.3356308232
121195147.1573593915 1459.4961113225
121009911.0513439327 1442.5811700116
120940953.7118821293 1437.7639951001
121978932.6434588134 1515.2621767783
121956628.9552008212 1514.1650650763
121677490.6958975792 1491.3980477118
121599346.9550177157 1490.5639126562
121549885.5422297120 1482.6612722962
120945723.6086913496 1438.8051385175
120681600.5465807617 1412.8444549258
120924163.0360609591 1436.9736939336
121522034.0990821719 1479.7150317095
121001065.6012561619 1440.8084347916
121125214.3379276842 1451.0513835303
120898451.3340410590 1430.0385030552
120805139.6977032423 1420.5137386622
120851518.7454455346 1429.3606281581
120773473.4037476480 1418.4877462687
120819139.7805046439 1420.8303671456
120692016.2107637525 1413.6251136477
120391855.1812659949 1390.7749935514
125373122.0310735852 1699.4352916479
125304656.0831134319 1695.6199229956
125340402.6786326021 1697.5575212240
125556745.7335233390 1701.7528451681
125603350.2347975522 1703.8622090816
125659870.9204401821 1706.1901496649
125203103.0991286635 1690.3691936135
125154051.4390095919 1677.8415710926
124786581.2245836705 1667.3180125654
124478601.4872875214 1651.9447952807
122190801.0625486970 1524.1711276621
124005732.7282716036 1636.0252510607
122695463.3028368354 1562.4556833357
121533443.9666672498 1480.9941246598
121433989.0196018368 1475.9878819077
121385247.8443913609 1475.7434666245
121494089.9493354857 1478.4205667786
121340979.0158502012 1472.4302971452
122164248.4704758376 1522.9209764004
122492677.2283068299 1548.9636367727
122380662.4771008790 1540.8385454267
122242965.3724022210 1539.7355291843
122689774.5873363018 1560.7330394834
122549227.8204572797 1559.3518053144
124837861.6829057038 1668.8051020764
123438626.8776096702 1609.7753292969
123333421.2161170542 1602.8748344257
122893359.7566969395 1576.0779335573
122894342.6408893764 1580.3400766924
123051945.1829800904 1588.5679571703
122701404.9040613472 1562.7294488996
122871509.5149030089 1574.1395506337
122389144.6571320891 1546.5961776823
122523938.5640704483 1557.0593420118
122030654.5324741453 1520.4604126066
121737146.8035455793 1504.5314464124
121726949.5612262189 1492.2094229611
122225216.3554319590 1524.3169316240
121596876.4888548851 1486.8193666749
121791495.4702623039 1507.4861475080
121258747.3725754917 1468.0268638358
121113998.1186551601 1447.0355806923
120522126.3512698859 1399.9337146855
120825522.0187465698 1425.6447055913
120363905.7256342620 1386.8749119169
120342816.4559156150 1386.8613592512
120654069.8739192933 1409.7355183489
120556731.9478272051 1404.0375202275
120314867.0002838820 1386.0237928755
128600028.2245014608 1792.7490158081
128990960.0179705918 1792.8506946564
128578979.6825822592 1787.4045219421
128284022.6817225218 1781.3973913193
