75925647.9227218032 2322.8397724330
91647827.3415146321 5513.7075233459
89687522.4759789556 5272.2441396713
75756811.4025649875 2000.3057858567
76078690.0047446489 2423.9290779652
90888854.8241315931 5485.1119804382
91350502.8341036439 5505.1932868958
90648192.2389747947 5404.0231513977
76013276.5118452758 2404.6083336473
76232581.9844237715 2617.5992350929
75785478.3690819740 2115.0986460447
90815305.0188743025 5463.8032493591
75769395.3922751397 2101.5562685728
75827954.6603828073 2274.9436920979
91285627.7021548003 5489.4271125793
75759376.2347918004 2000.6997737507
75753602.9879996777 1991.5354183833
75768784.8086036593 2072.0616930346
75853779.2355493754 2282.8353047412
75795594.8784216791 2167.4219168941
75792619.1983729452 2167.2855962967
75769201.7629519254 2087.4579979102
75797461.6191673875 2195.2514675558
75807313.3839035183 2265.2051146966
75767743.0325303674 2009.7526333928
75900774.0855741054 2297.2928922870
75998708.2488924265 2400.9375754494
88194828.4150657952 4870.6119390726
87187046.9583111405 4604.8158543938
88933960.0663133264 4967.4055253267
76001323.4796641469 2402.2813993518
90257231.1897405386 5368.8682441711
75926384.5968294591 2382.7085363209
76019708.7658995539 2413.5698613524
76169479.1844150126 2525.2471290797
90250550.5399216712 5353.5573005676
88504599.7842326611 4923.1182816029
76085533.2273175567 2505.6836129479
90433387.3945144862 5381.9203605652
86903396.8086736202 4566.4258672858
90010683.1900292784 5310.4265861511
88526666.9384505004 4934.6083843708
75867099.8047637790 2283.6881735402
90141652.5102510303 5344.8217811584
76058945.7509868145 2419.1756807864
75904765.6288249195 2297.6001957796
75934322.9614097327 2396.2234689050
75917087.2271577567 2304.7294463217
76183074.6129993051 2536.7960993082
76049838.9420122057 2417.8877351582
75870441.2828325927 2296.3640209406
75907980.4181831330 2304.6226802170
75870858.6404474974 2297.2335345764
87857764.7163545638 4675.8727198839
88099429.4695185721 4707.8130576611
75869006.6719482541 2290.2829507412
89059673.2338431031 5072.6631507874
88006239.9719144553 4677.6415569782
77076969.6643433124 2647.2755030810
77346494.2220890075 2660.6113042344
77503817.1894064695 2682.5792660635
77577306.9426053315 2687.7338618240
77350975.8043176085 2678.0545574349
77639960.3467711657 2765.8634684604
77759533.6867326200 2783.2943769020
77809664.8534454107 2822.5293156427
77832024.4550026953 2848.3730885309
77633551.4096020907 2711.4886971598
78007868.3025625944 2912.9460064744
77867237.6569287032 2907.4547128057
77769555.5826269239 2800.2351287021
77836844.0976200998 2877.9342036496
77717625.7013019025 2782.0164370785
77863802.7653544247 2905.6326899379
78306705.1795882434 2977.9039966613
78019258.3786281645 2935.4136519869
79129698.8863433003 3080.9878118019
78908440.2156626433 3055.6029589490
79560556.8089153618 3459.0876188725
79228359.7920199186 3284.3526626378
79201422.7713468075 3245.0727863461
79398951.3047451228 3306.0142137617
79412158.4424318373 3348.7655312047
80430672.8102879226 3471.3822244150
81217646.5405453444 3496.2071635276
81640852.5739005357 3662.8347508013
81497126.7665295303 3617.1612021923
81352604.3300087303 3521.7069789916
81411267.0361525565 3540.6061273515
81639600.7020415366 3647.5850042850
82051152.6183409393 3696.8097069263
82158361.2501878440 3713.2392885685
82072822.7743372470 3704.0166194439
82386727.0667480379 3874.9275028259
85579245.5012327582 4508.0336899757
83455929.1987615228 4318.3918313980
82163268.9083982855 3775.7532036304
82048640.1893533021 3663.4176644832
83380252.5771024525 4184.9575400352
83765083.0998076349 4343.1501531601
82334486.3069527149 3850.4333838969
82794235.9245289266 4033.0619175434
83028641.5497670919 4059.1843205690
82555244.6473073959 3955.6614961028
82480400.5118371695 3909.1479130983
84166726.8999773860 4360.9017971158
84179387.3454800993 4395.0771899223
84414022.4931084216 4397.4880245328
83273394.8339923322 4064.0941746235
84520354.1595065594 4414.4666080475
83323106.6165337861 4117.6817742586
