52049717.8235142305 1905.0971233046
51503599.5823073015 1403.3950801939
51826841.5112559944 1718.1282349650
51701423.3368629366 1607.6900249161
54751410.2029623017 2875.0923805237
51954859.6181396469 1829.2882587111
51866177.6158542261 1726.8216199540
51729107.0743551925 1621.7508127261
51846926.0722987577 1726.8214748502
51323101.9416512623 1255.6226863146
51235513.8661262915 1165.2187216557
51325342.2355021462 1260.0121682335
51365586.2844592184 1279.0071603777
51679760.5708514303 1596.8737379982
51642193.8104988858 1579.7449842077
51311795.6316254064 1241.6137566653
51214526.2089919820 1146.1625422717
51338135.0906769708 1266.7466832271
51486913.0651186630 1402.8310201350
51260660.0844036713 1172.0718206019
51292157.4790052548 1177.3556172254
54703206.4878725559 2858.7059879303
54441055.9032330140 2829.2732830048
51148170.5541878119 1045.7855462017
54807443.9804959968 2887.6905250549
51593935.0580243170 1508.9632715211
55062789.1263633445 2937.9383239746
52473735.0113167465 2126.8045881111
51708993.8554401547 1613.6988822281
53355022.9556058422 2500.9856379628
53013905.6086691469 2391.0652702879
53030351.5462118834 2405.3585617524
53098535.1755632237 2424.8233952522
51759735.8769749999 1676.5278567788
52020715.1343057603 1846.1710759006
54368161.8601954877 2805.1513767242
55165633.0915493891 2944.5552215576
55288071.6856046617 2982.3494949341
55190491.6704668552 2959.2656784058
52996439.3287001625 2378.2163219452
51717710.2253028303 1617.1402984797
51587874.9824009538 1507.5719778477
53048745.2101361230 2421.6179680210
52329728.3578860015 2062.0663279931
52320021.8573884219 2055.5426025018
52040399.3703515381 1854.3515684251
51277200.0640365109 1172.6194272428
53586046.8359740525 2596.4239253998
55062346.5646323711 2930.1261062622
51875875.4208698645 1731.7507835645
53169983.5888147056 2448.6791381836
52881614.6736189276 2353.3489322662
54409778.0777538344 2808.8546524048
51347393.2551470548 1268.8527778985
52013991.5318616033 1845.0123357378
52302620.0787582546 2055.3197631147
52121745.3623174280 1940.7751853437
54186227.0863153115 2759.6076755524
52524961.6789860800 2163.8616797738
53236855.7635676116 2474.8200836182
51782365.4149059132 1689.3133048397
54813570.6049661115 2912.6838874817
53138256.8010175750 2445.5690584183
53758998.7670685872 2639.6091752052
52418049.7725746706 2103.9849378912
52530372.0952158123 2183.1133956014
52541811.8024165258 2187.3955423682
54048173.0560566485 2718.6543235779
51482250.5463624746 1395.1349341499
51063408.3783958703 824.0840612978
53367006.2089531571 2509.5769896507
51133647.2713466212 1025.4576585379
54263278.6830698699 2780.7792434692
52152758.7249711454 1952.3011102172
51159534.6038738862 1049.9324898126
51210660.2829546407 1143.9060594619
51296468.2444962487 1183.3355127862
51230618.8354482204 1159.3926338556
52387839.3041214794 2076.6320496500
52495335.1361289769 2142.5702099199
54756934.3557586074 2878.4532279968
51675891.5223532245 1594.5463471487
51433095.4867088497 1348.0724382349
51950871.1746475399 1812.8660944200
51907923.3899843693 1785.9313333761
51901213.5784208924 1785.5501871421
53771517.4394692555 2652.3620738983
53411585.1921891645 2546.7361869812
52394872.2101487294 2092.0829439405
53717951.6266014129 2621.5252790451
53745567.1574093550 2636.3506391048
52838539.9241545275 2329.1428703815
54254933.2857022434 2768.4056320190
50996223.0072150379 512.2641952690
54998200.2053319812 2921.4663619995
54356499.2323698029 2799.2308349609
54259304.7529675886 2773.3526725769
51304165.9657030180 1188.8974603267
51440931.2687944546 1370.9090142860
51473572.7252829522 1386.1466314551
51921157.9553891197 1798.7734488826
51927316.4738586321 1798.7967161965
54491896.1805516407 2843.0182800293
54617604.1018631905 2851.8007545471
51535487.7857199386 1478.6398847285
51444632.5740692243 1386.1459909393
53930051.8822199553 2689.0584297180
53631667.3851071745 2611.0826129913
53973887.8818710372 2701.5766792297
51105849.7272910252 933.3822125674
53306138.3740540817 2500.0956134796
51115923.3249911219 1017.7710654684
54420797.5974884331 2810.7259216309
54700724.6605833694 2853.5268974304
54174071.3616494089 2756.5423374176
54426303.5756780803 2818.0249176025
52460289.4147024527 2115.9109554640
54304888.3129214644 2786.3210430145
52413342.1681903824 2094.7664954681
51967774.5963824987 1831.5442337371
51195563.7584830746 1128.4637794376
55213700.6415109038 2961.9291915894
53275747.6579659209 2484.9529242516
54759465.5815100148 2883.5443153381
51708343.3652085736 1609.0726825763
55139640.8024205267 2944.1085586548
53181358.0595336482 2454.2936458588
51187013.8440144882 1125.3742014430
51113084.8484459072 939.6383565546
52742082.7498426959 2290.7100271273
53989022.9816726223 2702.8011398315
53889021.9128720015 2679.8345298767
53581581.5970321596 2586.2284574509
52080984.5810180157 1913.2850672379
54811359.4418465942 2889.6000709534
52525948.2653368041 2169.3171851959
53420523.9359911159 2550.2566833496
53410372.5651932657 2540.4267964363
51320918.6100267246 1249.3728320599
52216275.1865644380 1982.6227998975
51712233.9099486768 1617.0321218907
51943164.8486143500 1812.4626189864
52107710.3195847720 1929.3900375571
52301437.2215142697 2039.3671813887
52919906.1435557678 2361.6591415405
54572147.5369387865 2843.7094230652
54705518.4485304877 2873.5211601257
51982608.5626894012 1839.2943064868
51666998.7584229261 1590.4409356616
51063516.3931782544 826.6371845484
51096128.3011394069 928.9700530109
51070406.1400047988 915.7654475805
51750759.2920009345 1676.0477398033
51780986.3509820923 1689.2051282506
51113230.4460936710 940.3743480842
54247993.8346814141 2767.2204074860
53493749.4565312862 2570.7831211090
52321717.1253048256 2058.4327210875
51952630.3187045604 1814.4898970708
51814902.3731198758 1705.0297530278
51531472.0544961467 1468.8173798337
51789467.9419661090 1699.9010797045
52606043.4758038819 2209.3467523826
51643229.1440824047 1579.7454797025
51007146.8655683771 624.4716746118
51027630.9073292986 717.8054774627
51020361.0899999291 713.5017381429
52658736.3893150240 2235.3173200858
54588044.9032361135 2848.6651592255
51614527.4020277113 1565.5172170415
51632376.7263960317 1565.5178575572
54172754.2868460417 2756.0306549072
51681937.7940475792 1607.2665753863
51810677.0466144457 1703.1433035731
51574670.3468152285 1504.2392336800
53248371.5986813828 2482.0656547546
52671230.2437490672 2235.3315114379
51804568.3431166187 1703.0024749434
51523091.3553586379 1411.6047293617
51550452.2624313161 1479.0428646673
51776318.1743762419 1686.1773307135
53398016.5990927145 2532.3159832954
53387023.8902539462 2526.6564750671
52707656.8734815866 2250.5901210308
54336894.8132940009 2786.7349796295
54253028.8885194138 2768.3230228424
52865177.4468668029 2334.3756579161
51225531.5285256132 1155.7687632064
51208236.8292157277 1140.0640249255
51934860.7882811055 1808.1753251641
51067049.0513063446 832.4454981387
54050557.7165241390 2720.9508180618
54453947.7025154382 2834.7080707550
51719533.0610953644 1617.4489606619
53193656.1725184992 2469.7001457214
52814835.3663779199 2316.3227518052
53999978.0468270034 2712.9339942932
53723616.3879582286 2632.0002574921
51046604.2138920799 823.4136566401
53369026.8690333590 2523.7325073481
54066969.9849203005 2751.2974662781
52258300.0901701748 2005.7937661186
51386776.7937767059 1282.5566937923
53133203.9051176161 2443.4027156830
53111491.9081763774 2434.0219707489
53690812.4500985593 2616.3670116663
51095775.8725934923 921.0652474344
54339015.1744835675 2788.7883930206
52740804.4599094838 2253.0115007050
51931807.1319407150 1802.4559337017
52878159.4110546410 2335.0768480897
52803950.3404809609 2316.2543395818
51388710.4097190946 1285.7727775360
51002809.9293584526 621.2213540971
52833757.0897383988 2322.1530674100
52515232.3891365826 2154.9474434084
52514062.8858354986 2151.8488616920
52107610.8257431239 1924.6672289383
54206062.2978338748 2765.0424633026
51899452.0001991093 1744.7080633212
51019694.7397741452 712.9542617109
52359907.9563708082 2076.0399970985
51342658.5387890115 1266.9960714877
52700811.8840223253 2239.4573050737
53465907.0561430454 2562.3346500397
55131434.2646199614 2939.7828140259
53547821.8085995242 2584.7551307678
52231714.0653148890 2000.9157983916
51384337.8268978819 1279.3871421600
52099408.1934120208 1922.3493667133
51880582.7920098230 1735.3591068597
52416427.4912292659 2095.6858364046
55182829.4252181053 2945.2863540649
51566949.2813792005 1495.8685043920
52090356.3440955505 1916.5717500616
53360932.9939370602 2505.3705186844
52495073.4936802462 2136.9537933171
51890850.8931915686 1738.9102249137
53521056.9157583266 2576.4449214935
53814751.2137544453 2666.9731712341
52071813.6744815409 1906.8170659353
51031478.6105734259 725.6148271954
53834586.4252730086 2672.4079589844
52101099.1768054515 1923.6427056601
51038048.0119744614 819.8024100896
51009084.0240853801 712.4342867236
52115958.3522025496 1933.7453661934
51400611.1296325624 1295.0810918594
52294470.1673620194 2034.1700837929
51002497.1019419655 602.6710448798
52631421.1480588391 2216.5973474625
52856749.8274023607 2329.3221202213
52704555.4112600461 2248.7473804504
52448779.6300602108 2105.8703390583
52972330.1635579690 2362.7431925517
52588221.5570097268 2204.2201254964
52177925.3502119780 1965.7971601728
51518529.1834205091 1404.3588339912
52356023.3938477859 2075.4740240089
53631050.6986972764 2602.7423515320
51889020.4549953043 1736.7337967774
51478281.3912610486 1386.5496113939
53368587.0583325475 2510.1078472137
52271205.1426673830 2023.0345273849
52271196.5921809524 2019.7764243465
51919742.8616977111 1796.0404546952
51080269.8100730851 917.0314876221
51411393.4472682923 1295.9707189798
51660441.2370467559 1588.1000287714
52344498.9063263461 2075.2573042157
52279407.7749984860 2025.8243281245
51303006.5512108281 1185.6209478164
51364587.8164236769 1278.2024433159
51408969.9935293645 1295.2299796725
53150034.9436782449 2446.7312488556
52449676.3759503365 2107.0711666569
51811291.9455607906 1703.4059503770
51826763.7257441357 1714.7044956866
51876992.8023792803 1732.1485558761
52777907.4705618620 2304.0988146570
52212726.0049236193 1969.1256933454
52639634.9394316971 2220.4393014032
52584619.0266912282 2198.5274093165
52637311.9402023777 2219.9258806352
52028138.5961326063 1847.4340205267
52194496.3596162945 1966.5728204492
52138898.5233175009 1946.3944917917
52798474.0251268074 2309.1658150181
51553888.2621468678 1495.4655244532
51600154.9703138992 1511.3173497915
52300946.7186078057 2036.6750258580
51414197.4969415441 1299.2761970568
52172784.3626750559 1953.0757138970
51385020.2309193686 1281.8665759268
51300473.5767079666 1185.5546799386
