91707547.1592424214 1113303.9697265625
96029159.3095214218 1207085.0214843750
89613112.5339433253 1010080.4594726562
91120979.8838478476 1095515.9272460938
89578784.9524267316 1009528.1440429688
90251898.5498578548 1056301.7380371094
92165917.1282641888 1130417.4750976562
90425950.2470684946 1065559.5305175781
90014165.8869839162 1043191.7365722656
97338349.9116655886 1215826.3066406250
90777329.3653001040 1078962.8435058594
98013865.2776447386 1217430.5019531250
90789636.5548446178 1079039.8181152344
90408906.2153640687 1061967.4802246094
89841886.8381587267 1031356.0705566406
90294781.9072304666 1056481.5144042969
90164383.7312834561 1050588.3474121094
92827027.6629264951 1151641.7812500000
89823604.8454180211 1030658.5007324219
95648187.1671957523 1200504.8095703125
90329109.4887470603 1057155.2116699219
91019662.6794762313 1091786.9208984375
94910795.0420559943 1192801.9375000000
89327791.6711668968 986133.7464599609
92894729.2720861584 1154155.4570312500
96089363.4791269451 1207236.6191406250
90626809.3360834122 1073988.1667480469
90953593.8717557192 1086660.5039062500
90573415.9796152562 1069913.1511230469
89946881.5890429765 1039297.9846191406
91772103.6778348982 1117568.1250000000
90121152.8730067611 1048988.1835937500
89372604.3960228562 991605.9514160156
97529935.6156017929 1216205.8076171875
96271171.6498629153 1210064.4277343750
91864490.8764726520 1118314.8647460938
91400051.4282889366 1103461.9218750000
91400365.5646354854 1104002.2524414062
94828839.2552410811 1192566.2138671875
89893488.2325748056 1035439.6984863281
99250628.8658083379 1221615.5156250000
91106971.1081022918 1094666.8618164062
93071982.3295198381 1158148.8837890625
91345472.6532421410 1100883.4125976562
90957813.7875367552 1086686.2294921875
95946683.6329042763 1206486.1357421875
93195285.3931224644 1162596.5488281250
89686289.7852637321 1021680.7556152344
89981209.1705595702 1039850.3000488281
91702924.4767744690 1113071.2348632812
93031456.7462353110 1157395.4306640625
98912192.0615589470 1220636.7646484375
94819530.0181887895 1192276.1279296875
91261950.5178226680 1100141.8227539062
89430695.7330134958 1002862.3784179688
93245146.9865651429 1164303.3847656250
99465284.9736055881 1222564.7949218750
90590250.9646208882 1073136.4382324219
91940437.5592902303 1123379.7177734375
99276270.0249832571 1222067.1835937500
90225610.9157173038 1054912.1535644531
90201048.3235448152 1053369.8059082031
92490676.4815659225 1141291.9443359375
98803795.0940042287 1220183.0488281250
90344249.2680651098 1059702.2580566406
90584166.5485235453 1070389.0153808594
91601371.6279894263 1112066.1762695312
92655705.7457240522 1145127.0917968750
94571590.6014060080 1188749.1025390625
91264243.1363530755 1100672.8081054688
99744900.8961355090 1222767.8652343750
95724530.5028390884 1201398.8730468750
90718441.3261225373 1078647.1779785156
89422331.1405503601 996205.3886718750
92586428.4245740026 1144018.3701171875
94784477.6206444949 1191628.0341796875
92440184.9129523337 1138369.1240234375
93068665.5462316126 1157671.3583984375
91452200.0054045916 1105634.2358398438
92643334.1043805778 1145077.7509765625
90990617.1217164993 1088525.0800781250
90948689.9158670455 1086603.5273437500
95621804.1493523270 1200484.4970703125
89039238.2283010781 944611.9112548828
100557970.6588614136 1223969.5917968750
97057621.5250407159 1214826.0654296875
90342013.1755298823 1058423.0190429688
90170535.0763095170 1052641.8625488281
100103832.9765033871 1223582.3828125000
99766341.1832871884 1222911.6435546875
91229592.2808181792 1098025.1279296875
91364358.2555031180 1101492.7958984375
92096253.9930060953 1128518.0253906250
91503488.8338134736 1107188.3383789062
89830856.8192149401 1030976.4450683594
91471125.9073659331 1106944.5405273438
89308508.2037440687 980197.0046386719
91424090.0685583204 1104245.3305664062
99780930.6138756126 1223070.8232421875
89324333.2060188502 982870.9807128906
89932244.0422389954 1037888.3728027344
89115176.7754850090 951502.2070312500
89302532.4452919811 978633.1296386719
89938914.9310658872 1038090.6232910156
91183050.5873510987 1097275.6796875000
100186697.4041777998 1223695.4062500000
89551704.9063676447 1007969.2573242188
90055520.7858639508 1047607.4250488281
90568194.4434948862 1068917.5393066406
90311219.3251070827 1056586.9111328125
94758347.1447750330 1190854.2207031250
90037950.1342262030 1043792.6325683594
91682879.0021376759 1112991.2534179688
90676180.8991414905 1075098.7060546875
90998465.9027702063 1088774.7431640625
90840249.6013151556 1084623.0332031250
90009070.7473963797 1042359.4973144531
99426684.5117486119 1222083.3349609375
89152188.0535993725 961167.1420898438
93171045.6060860157 1161040.0068359375
95449115.0034297109 1198773.1884765625
90493195.4370364398 1066435.5952148438
90512344.1570700556 1067428.9934082031
90044567.2624722123 1045259.0393066406
92250077.2432134151 1133569.6767578125
90673676.6035962999 1075016.8554687500
90101680.7055583298 1048905.1271972656
89240727.1228958219 974070.0080566406
89777444.9257236421 1029360.7985839844
89543430.7086153477 1005965.2514648438
94749037.9077227563 1190564.1347656250
89853070.5911293775 1034495.3112792969
89636414.2108101398 1014094.0820312500
91527494.8538921177 1107335.0346679688
99817249.8607611805 1223097.1445312500
95161395.2259816527 1195304.6894531250
89305496.9591854662 978681.0961914062
89285127.9854198098 974815.7001953125
90797606.8137552887 1081023.8818359375
98507863.0515423119 1218745.0146484375
94969030.0336010456 1194747.3955078125
95353556.7030037642 1197791.0751953125
98307306.1951972991 1218082.4423828125
91041108.6903300881 1092373.8945312500
90947974.3341566324 1084925.9287109375
92301067.1444021761 1135532.6054687500
90415247.7531731427 1062577.1394042969
91199358.3067400455 1097348.5712890625
91575998.8323992342 1109346.2734375000
89115631.0980484635 959766.0161132812
94919252.6676767319 1194182.6435546875
100309781.7671631277 1223946.1562500000
96799209.3567772955 1213486.4794921875
91425478.8031825572 1104371.5966796875
94675310.6609813124 1189992.0302734375
92264604.5548245758 1134030.6816406250
89621129.6978000849 1011240.4882812500
94919334.0265114754 1194372.2490234375
89190725.6598274112 970459.7153320312
100214964.8804661185 1223942.5292968750
93437154.4462520629 1167941.6884765625
90987624.9717941731 1088245.7939453125
89659626.2873876691 1018370.8476562500
94625996.1436240226 1189735.0000000000
94692046.5849385709 1190233.3583984375
91560064.3279602528 1108671.9550781250
94538176.6925823838 1187701.2050781250
96704844.6194869578 1212124.0800781250
89895786.1936618686 1037650.6457519531
96227892.1994616985 1207304.9902343750
92210631.7754368037 1132052.5390625000
99956274.4908800274 1223187.6855468750
93255237.8683794737 1165380.9130859375
96860507.7251212746 1213631.8740234375
97176143.9791710079 1215062.5664062500
94626077.5024587661 1189924.6054687500
93446881.5651502311 1169541.2734375000
96524295.3004776984 1211718.1035156250
89722078.1344859600 1023562.5668945312
89733800.3583551645 1025666.0263671875
91706069.5148351938 1113151.0395507812
93382934.5132708251 1166564.5126953125
93692302.7405569553 1172039.5625000000
91597424.8458017856 1109561.9316406250
92465440.3027095050 1140870.9042968750
100101144.5772149414 1223387.7294921875
93142623.3679118901 1160133.6250000000
94174112.1361574084 1180970.4130859375
93081633.3306144178 1158480.1767578125
93394654.7905980051 1166867.9599609375
93385345.5535456985 1166577.8740234375
92876682.5055843145 1153240.7695312500
94250762.5528641343 1182238.4902343750
94311151.7573532909 1185096.7998046875
89175433.8146923631 963000.5202636719
91535524.8783568740 1107671.5727539062
92952529.0071662366 1156316.5898437500
92976221.4095909297 1157163.2812500000
94407903.7540889233 1185316.9560546875
92791693.3810949624 1150395.9501953125
92775673.1357324868 1150045.0937500000
92713424.2240977287 1149366.9716796875
92566537.4667374194 1143030.7207031250
94032868.7626220584 1178863.9218750000
93031437.0726258308 1157257.2382812500
91711218.8909994811 1113505.0292968750
94119256.9514354020 1180660.2656250000
95934856.6337622553 1203577.9179687500
94425079.8282490075 1186403.2236328125
94192497.2269864380 1181998.9404296875
94183187.9899341315 1181708.8544921875
92662932.6554841399 1146553.8671875000
92751065.4952333868 1149798.0517578125
92528896.1956017613 1142599.6406250000
90549275.9127705395 1068770.6721191406
98542561.7231030464 1218840.2910156250
92173672.5792440921 1130920.2285156250
96435068.7305243909 1210817.6816406250
89188101.1183219552 964348.4565429688
94421443.5852885544 1185955.5107421875
98383030.9582104087 1218532.1962890625
96742485.8906225711 1212555.1601562500
99107917.5884284526 1221005.8154296875
95747556.5410229117 1201956.0009765625
93048849.3514898717 1157508.8212890625
93725382.0896451920 1174052.9404296875
94445729.8572833687 1186540.7685546875
93917265.1499437392 1177191.4033203125
99988764.0162115097 1223310.3964843750
93749989.7301442921 1174299.9824218750
95178313.2753262371 1196044.4453125000
93595152.8660022467 1171693.9570312500
95289084.6245915592 1196307.5332031250
94270002.6452976018 1182922.5273437500
98763027.0310278535 1219855.5703125000
92233641.0659438968 1132914.6894531250
93905922.0288860649 1177182.5546875000
93547132.5646024197 1171595.4589843750
92218960.2068361193 1132238.1328125000
93619760.5065013468 1171940.9990234375
93834879.9292050153 1176627.1689453125
94810463.1711883545 1191775.5449218750
95472835.4275258332 1198901.0839843750
98660999.0931990296 1219351.0595703125
94055465.8063954562 1179361.1445312500
94079439.2144844234 1179492.8310546875
91645656.3298608214 1112293.0815429688
99037343.0543799102 1220642.5312500000
89294491.4267116785 976185.1757812500
98637306.9987130761 1219329.7187500000
95125703.1991299987 1194833.2871093750
97972507.6725070029 1216944.5810546875
95313000.7572512925 1196910.2451171875
93978112.4402773082 1178781.3105468750
94507978.7689181119 1187218.8906250000
96774525.6707025468 1213282.0019531250
98179937.8959715068 1217962.1816406250
91866907.7320266664 1119939.0883789062
91939575.0255111009 1122903.5957031250
98726968.1756788492 1219775.9970703125
100000306.5715677142 1223332.8291015625
96770753.3669109344 1212802.2832031250
98472252.9264468700 1218734.0351562500
92204664.8295346648 1131440.4892578125
91718377.8621117920 1114161.6684570312
91752961.2645707577 1115375.4956054688
98726834.1954803318 1219700.5800781250
96674600.1517472714 1212016.8730468750
93826202.4870948493 1176131.7050781250
92123349.0775942504 1129235.0234375000
93783902.3877113611 1175382.4755859375
98571390.8926258385 1218985.1201171875
95787716.2129644006 1202818.4375000000
92284577.1315660030 1134528.8457031250
95802823.3384202123 1202903.7275390625
92081116.1830635518 1126849.6625976562
95856012.1483686864 1202952.6533203125
92588026.2725994289 1144533.6718750000
95759858.9332049787 1202167.2431640625
92786566.7631358951 1150064.4580078125
92403498.2441034466 1137766.3408203125
92578624.8637315184 1143704.3203125000
97921590.1800531745 1216588.0683593750
98688722.3927599341 1219449.4951171875
92348035.6632764041 1136920.2011718750
97926668.7711594701 1216696.9296875000
97863786.6323438138 1216366.4638671875
95653047.4094473571 1201007.5546875000
92053012.5618236810 1126257.0566406250
92076320.6302159578 1126819.3232421875
92524567.7408890575 1142142.3164062500
97877958.9108556658 1216505.0605468750
91926755.7963151485 1122082.5185546875
92035795.0469314158 1126175.5859375000
91898417.8307568580 1121615.9765625000
92012483.0094674230 1124739.6660156250
95944181.9359339029 1203800.8222656250
98003092.4962226599 1217173.8730468750
95377736.4309476167 1198367.3232421875
95527138.0650859624 1199172.6083984375
