105819955.3042174280 1554.6607682427
105273110.8053829670 1531.2955887204
105671977.6204724759 1551.5079511855
105716235.9821036458 1554.1968363660
105369006.5917134285 1533.0333874112
105118115.8371567428 1527.9956638700
105669968.8508600891 1547.0402282792
105019844.2125789821 1518.7273057426
105570194.2591857165 1546.6894297791
105564948.7485680580 1540.8941948917
105478004.5021919608 1534.2096470576
104497205.1340696812 1491.7879193915
104913419.5241321027 1510.8650292052
105342914.0357131958 1532.1904991759
105148915.2549028099 1531.0237724668
104952710.3484812081 1514.7492173804
104453087.1329065561 1485.4054411376
105075325.9736754298 1523.4116586173
104667492.4917212725 1508.8554142608
104437451.1065097749 1485.3696993316
105107448.8977618665 1523.9662782515
104576076.0058197975 1502.8109811271
104550340.3560133278 1499.5156245423
103916943.3615811169 1458.7651911104
104077107.0301565528 1479.4758962119
104512058.9292587787 1496.3070788281
104036212.4616520703 1475.8113207715
101461640.2072432488 1290.4992160574
101478770.2928784192 1308.0684075133
102681253.9092348367 1377.7008681832
104400936.2914633602 1480.7975004516
104431413.5784783065 1482.2891119919
104387713.3733702153 1480.3081194349
106412088.8853000104 1576.4082872709
105539725.5344884843 1540.7448822148
103993497.3787091374 1459.3635646575
103727017.5038928092 1451.1794074513
103372641.5706661791 1423.9664689316
101851708.9074545056 1332.8369222762
101754005.2719194889 1330.9242569091
102948559.9016261399 1400.6313840164
102969382.2457054704 1401.3791075958
102866853.8752989769 1394.9891291870
102686492.4401958585 1378.6541842390
102518492.1443398893 1375.0908370707
102441255.9737717807 1371.0781646310
102089943.5716786832 1349.4767072782
102483455.5618078858 1373.2522392925
102058495.2431243956 1347.7361303451
101714958.5245295912 1324.4473281982
101476009.4247118235 1304.1878587254
101667564.6400201470 1312.0864234980
101700186.7227516025 1324.4010454299
113866874.2571513206 1914.1704386361
114041246.6086282879 1917.5410107772
113862125.4005805105 1913.0106171768
113197038.8221689314 1890.5486048348
113334484.9572677612 1895.0789984353
112670872.3817196488 1871.7439135201
112422647.3124670088 1856.9515579827
117669865.3108156919 2034.7459378242
102352750.9813220799 1362.8876534009
103657292.6718707681 1436.2307060737
103579746.3101630211 1434.0588661953
116883287.3791975826 2012.4130153656
117822356.7267587781 2039.1858530045
117876772.8720935136 2040.4620161057
117911767.0073704273 2042.7462720871
117898807.7931868583 2042.6148309708
117084884.6201679111 2023.1424565315
117074632.1078646332 2017.6106438637
117321608.8607468158 2029.4938614368
117191080.4367665946 2027.4106049538
116734160.8254515529 2010.0823726654
116815339.4094616920 2011.8892965317
115492618.2147193700 1968.4634350389
116068447.7568435967 1988.2087367624
116177957.4349601865 1991.1209025383
115912971.6973444968 1980.2626264095
120280036.2116779536 2076.3253211975
119993124.9614898562 2074.2151260376
107857570.0175971538 1654.7349072129
107672059.1498786807 1641.5201813873
107524995.2186816633 1636.5168620109
107019098.8349648714 1615.1997912883
106903029.1352433860 1607.6429695910
108306299.4539539963 1668.3541704032
107530876.4270347059 1637.8424952209
108308813.2384099364 1672.4999681327
107787534.4942180514 1652.0911045701
107734486.7304075956 1651.2077310265
107947562.9180723131 1656.9355937359
107284217.5044384301 1630.6152036369
107270397.3163204938 1622.6566356959
107435910.6037055850 1633.6091681480
106929767.5699952543 1610.5327443252
107401462.6226440519 1632.0367747306
107640618.7522917688 1640.1611170616
107235127.8507812321 1620.1824807968
107108933.8584083319 1618.0191738452
106948101.7932798713 1612.4595452755
106722909.8933386803 1595.5415943280
106588473.6421898305 1594.5123775616
114212822.9085498154 1925.0612709175
113169564.9069594443 1886.5895065516
113527654.9882388115 1902.2435609549
117770584.4706142098 2037.2988338470
101114353.0913470984 1278.9804616742
101156243.9574753046 1279.3935800674
112432427.0348673165 1858.2466586630
112455291.8240613490 1858.6664680044
114498116.9165230393 1934.1097262949
114414969.3422022611 1931.7041150145
115076617.0384209603 1952.6412006617
114245237.5974077731 1926.5823146354
114317591.6701078117 1929.3061157465
114439894.1097218841 1932.1060825586
112271343.6986077577 1850.3602332026
112423195.2252136767 1858.1276515524
113307977.7862484753 1891.4656113274
113247891.8686278462 1891.4307000432
112846485.1511867493 1878.0436533578
112659559.6631674767 1869.6753281243
112529074.0999813229 1868.1305264123
112146412.9200723171 1846.8153769560
119673210.2713358998 2071.5065069199
119690219.0064876229 2072.2349605560
120128297.5676263869 2074.8579807281
118571516.2345365584 2056.3681306839
118330554.5036595613 2051.4070196152
111943371.2697735131 1834.1421114095
110517703.0334374905 1774.6456171570
110421558.2821140736 1764.9291304199
116672417.3026872724 2009.9727344513
116637704.3458897024 2005.5524120331
101320550.4435519129 1287.7063203868
109040780.4600176811 1703.8711580560
109981284.5987217128 1737.1546280378
109685794.6389239430 1733.9475373024
114709764.0362558216 1940.5766966790
112505597.1375921667 1862.5701364167
111989271.1294833720 1840.9312288649
111490396.8854301423 1819.6257445253
111461388.2152665854 1816.7445647158
111884071.9970661998 1827.9254542848
113460694.3754894584 1898.8923432082
102388335.6764704138 1364.6415811001
101952534.3444024175 1340.6668534694
102356875.6779577136 1363.8033967434
102265025.0157192349 1361.7452430053
102341319.5091782063 1362.0494690443
101188693.0441168547 1287.2351263966
101964747.6979023069 1341.2079234539
101570547.0434253663 1311.3722446011
101575412.0096621811 1311.3955645041
101238856.1859138310 1287.6528094825
106548200.7223342955 1590.0750435009
106442094.2983948588 1586.1859138623
109983027.1764975041 1744.8599638995
111384826.9547095001 1809.6064921953
109637075.1032134593 1731.6312628979
106100114.5710234344 1569.3061772003
106254259.1532272696 1573.0441614419
100874102.3201218396 1242.7569060656
101135912.7421400994 1279.2823355090
101087456.8958054483 1277.7308755996
100844034.8235707134 1241.5740496221
100914937.4472361356 1261.4368174555
106021322.0711953044 1569.0104521606
106535493.4734636545 1589.7324346183
106568548.9356113970 1592.7116731285
116377761.7893734425 1998.8134574890
115747873.1763642877 1978.6602032185
116899883.3183178902 2014.8653035164
116322481.3323524892 1998.6687183380
116617425.8223466873 2005.1373043060
116278923.2922234386 1998.6443290710
111715192.2012517750 1823.5344123729
112073329.5779203922 1842.8024827130
112504988.9459111840 1860.7449575551
111789428.6378283054 1826.2265440114
112454787.3999045342 1858.5985642560
109409338.8925344050 1718.5531204268
109052588.8634218574 1704.5689303782
109045821.4480493367 1704.3690211680
108949090.3994045556 1703.4513738826
108674778.6918858439 1682.4420594865
108912228.3657106161 1697.1418350264
108920323.4092748463 1703.2348021362
108432722.7681682110 1681.0339362528
108324222.2454247177 1673.0572727248
100783389.5349003673 1239.1745979961
100737483.0874927789 1231.6545462637
117053655.1242210865 2016.9126138687
117043920.0462457091 2016.7966833115
103150890.7005968690 1412.1500069423
114055276.4182022363 1917.9500804245
114103727.7407532185 1918.8844676316
99817220.4531285018 1086.3208886794
118405560.2501006573 2052.5809164047
118559855.6957972199 2053.4004640579
101016134.6436824501 1265.0283047375
100878416.9217780828 1244.3973637041
101083932.7516434789 1266.4436448241
110356347.2133866549 1764.3071419296
103136372.1158056408 1411.8711217880
118279010.3281411529 2050.8076601028
118311222.0878674239 2051.3314371109
99767405.2498827726 1071.8688141850
103905581.7785721123 1456.5748958243
103289140.2580883801 1416.9956840515
120251773.7552398145 2075.9798460007
99857985.5194027424 1107.9558164049
100394599.0485238284 1198.8996551340
111059909.8554814905 1800.2026513624
111083424.7416913956 1801.5879988410
99875387.0958662480 1145.3668541974
100275848.8627147079 1193.3531091129
100136601.0144200921 1171.4420642117
99860274.5245295614 1128.4583473137
103458754.1346130669 1430.8766016006
114596079.9796197116 1935.4734583944
100390230.9781210721 1198.0594194879
114907615.6336441338 1950.1542261690
114758915.7884452790 1944.3629513606
100661202.0401224643 1222.5159436488
115127992.9242962450 1954.4795549363
100985679.4183790237 1264.9324894365
109570329.4015580714 1725.3371207770
121018319.6730137020 2076.4141025543
115062486.7696868330 1952.1671574563
99761486.7425815016 1067.5949926812
117988761.6280554086 2043.4918165207
102418578.5960953534 1365.2827327411
115853144.3067151606 1979.9943113327
111347826.6956001669 1805.1806949712
100498466.3090642244 1216.6859258166
111058137.5623853654 1797.6111780701
118107502.1647474021 2048.3619985580
99928452.5291091502 1147.4591379535
109166110.5938724279 1709.7726287562
118027168.9931271225 2046.3703260422
100121984.9558277875 1170.6876635674
100146738.5624788553 1171.6519729725
99962011.5211714804 1149.5544411770
100727253.9504543245 1224.6672935630
100267213.8496004790 1191.3353866878
100543258.5832097381 1218.6597989550
100439391.3226693273 1200.8735282725
100345697.1567645818 1195.7521464004
100497411.5760149658 1212.3158483280
100769712.5179506391 1237.4008811236
111592158.6064313203 1820.6823363043
111059260.5617946833 1798.9193987586
110456326.5563430786 1768.6714956611
110976306.0726170689 1795.0631128140
110531971.1219360828 1778.8064867554
110493246.4732167572 1772.8471705017
110034648.3090738356 1753.9274423117
110442540.5488450229 1768.6341212245
110950807.3866805285 1791.9888264902
119295589.3817992508 2066.6916666031
119633046.1718800068 2070.3812551498
119519867.4472951144 2070.3790435791
119211652.5660561919 2066.1054048538
121156995.3267516196 2076.6116523743
118862836.9645688981 2061.9845132828
118763470.1904173493 2059.5320825577
118566991.2026322782 2055.3808832169
117558413.5689047426 2031.3620390892
100169639.0090033412 1175.3390994419
100970479.2955420166 1262.2874995502
114114947.5234360397 1921.5160956681
114015924.1518796235 1915.9489188492
114873592.6787909418 1948.1987628937
108127813.7953113467 1662.2911624121
108058836.4332521707 1659.0142827439
108899036.4763222039 1696.2971086111
108367158.4775522649 1676.8914783522
109125978.9068819284 1707.7510490138
108918731.0533023179 1697.1981427847
103222374.6236686707 1412.8262122887
102790383.7408043295 1388.8158006297
102733828.6552346200 1388.5360368728
110895979.5618944019 1787.6368179135
110312614.1698129624 1759.9393119179
110749982.1313778609 1782.7263834290
116185930.0715097189 1994.7707762718
115790976.0623225421 1979.8385413736
115435660.9200877547 1968.3647488207
115452085.7324682027 1968.3673122972
115388816.1437601596 1968.1880100816
109829465.7167388946 1734.3901646193
110015792.8661181331 1750.6502718981
108786234.8479691446 1690.1541128809
108852856.4824172854 1690.8916721996
109619260.7368277460 1729.7990476042
109539767.2092354894 1723.1600022520
109572625.4709431529 1726.9621097296
