78958166.0328633189 591276.3203125000
75715744.5114077926 485220.1263427734
79450372.1046433896 599250.2802734375
74477402.1481348425 417202.0961914062
78678357.0753228664 586207.6220703125
76831628.7846783400 534213.4703369141
74860890.3482127488 443708.0842285156
75643343.0542651117 484035.3038330078
75773452.6480258852 491006.8360595703
74698700.6449989974 434619.3229980469
76086436.2244611681 503807.2799072266
75859739.9026193023 494167.1601562500
74686983.7811698467 433810.4070434570
76866515.6968765855 534531.7087402344
76151110.3899101615 507176.0340576172
78056657.7302320302 573679.9936523438
75940653.1882964671 499090.2493896484
76054808.7027055323 500537.4846191406
75014493.9954931587 448406.1724243164
75987939.7378992885 499116.0217285156
76606124.8030962646 528360.5795898438
76300170.0720470101 513095.8757324219
75336620.2873596549 468418.2866210938
75461205.8860169053 474750.8541259766
79356735.3428453952 598978.6918945312
80491748.2789192349 609692.6225585938
80230196.3789751679 607645.7241210938
78885517.5203307420 590331.6166992188
76133715.4003900588 505459.6715087891
75740936.5161876380 487094.9227294922
75228602.9066327959 459926.7925415039
77904271.8943608105 569861.9560546875
77200314.5170197338 552397.0610351562
75499647.7782574445 475115.6125488281
76217718.1784416735 509796.5125732422
79656414.4137368202 603696.7416992188
75581845.5784066767 483327.6468505859
76756860.6982019991 531367.3763427734
77163810.1525116265 547134.9023437500
75468128.2687447518 474982.3374023438
77555564.5470460355 558712.8525390625
74516698.9810272902 427603.3148193359
76972777.7244915515 539416.4263916016
75443996.6710232794 471498.9781494141
75239042.2336323559 464888.6868896484
75027962.0166300982 451962.5382690430
76409138.3610360771 519741.8382568359
76387427.6681043804 517750.6805419922
78939744.1872484833 590570.3081054688
74708151.1103604883 436124.7331542969
76150708.7853082865 505886.2375488281
74788724.8521786630 441681.4449462891
77356823.5350572318 555633.0393066406
76067192.6748750210 502767.3360595703
79760270.8108323067 605984.7675781250
76036262.8258405924 500311.6842041016
77178922.4996489584 550652.7939453125
77136185.7357612848 546619.6552734375
74626227.0890170038 429540.7749023438
76570003.5024155825 526040.2841796875
77460866.2736415118 557125.5007324219
77439207.3144443184 556426.2966308594
76930881.8737187982 538710.8952636719
76975506.0994593948 540688.8640136719
75920846.4013942033 495740.1463623047
76674653.0374105424 528483.8488769531
75872934.6077826470 495086.7906494141
76653555.4647314847 528415.7963867188
78148642.5661708266 575340.5561523438
76373017.0603553802 517448.0115966797
74925138.0099190474 446157.6245117188
77996256.7302996069 571522.5502929688
76705065.3205466270 530307.5488281250
77330156.2585429847 553179.6987304688
75840877.9332539886 493627.3145751953
75293100.7408905029 465355.8400268555
75212899.4882495105 458485.9170532227
75233989.0988485962 459960.1453247070
75114692.0792742670 456789.1731567383
75757818.9104964137 489044.3470458984
78125765.1656008363 574636.7841796875
77787225.9949321151 565652.1599121094
76014301.7782520950 499829.8597412109
76087392.3964667618 505317.1922607422
75695694.3721221983 484810.1566162109
78111520.7701669633 574314.6118164062
81662909.7541438192 611665.1567382812
74767635.2797737569 438606.9860839844
81368125.7980641574 611557.1767578125
74834661.0664827079 441820.7011108398
75057379.9805155396 453305.2761230469
75154851.4290811568 457886.1884155273
76195620.9169917256 508555.5115966797
77695241.1589932889 564103.0017089844
77052261.9343303591 543038.8861083984
76688434.0877533406 528883.7194824219
76948934.5655231774 539035.9345703125
76002150.6641548723 499809.0589599609
78089861.8109697700 574226.8603515625
78402317.3352478743 581158.7329101562
81389784.7572613209 611586.9516601562
76223754.5961444676 510187.5228271484
75508539.1005619913 475854.9177246094
76367561.4055127949 514828.9254150391
75836813.3071019948 492792.8262939453
80372978.4028548002 607783.2548828125
76981936.0575887412 542034.0350341797
75862240.3671947420 494376.1326904297
75303444.6713959426 466510.1163330078
76231742.2176724225 510849.3382568359
79144668.6434640437 594601.3564453125
75541422.5032362342 478743.0340576172
82874199.8861182630 612787.3349609375
76868134.1152923107 535024.5791015625
76778519.6573992074 532066.6234130859
77519154.4448634982 558565.8435058594
75525674.8756746054 476902.7105712891
75020202.4493390322 449875.2133178711
74973033.0157846808 447970.4511108398
79096595.6429166645 593628.2128906250
75011693.2298817933 448165.1944580078
77667037.0410966873 563190.4497070312
76334272.9756468683 514585.4322509766
77575052.2051579058 561478.8525390625
78261596.2063657939 578095.0673828125
76427170.9963340014 520154.9344482422
74596683.2346424162 429513.1343994141
75428060.1700717360 470908.9645996094
77351815.2177401781 553878.9028320312
77176194.1246811301 549382.6844482422
78627361.7286892980 585765.4291992188
78652996.1928095967 585950.8095703125
77073920.8935275525 543738.0364990234
75438562.3627385050 470914.5825195312
78742309.0478820503 588020.2548828125
74766157.4461559653 438309.9680175781
76516147.0705697238 522515.5134277344
74891434.5504732728 443990.0913696289
77856842.5160683542 567144.2114257812
76687288.0089278370 528796.1142578125
78856755.7193326205 588710.7885742188
77563242.8745875806 559087.4799804688
75221331.0397805870 459409.2274780273
78582276.7732042670 585538.5888671875
78049139.3495195508 572127.4863281250
79187017.2850804478 596480.8779296875
77889876.6568253785 567485.7490234375
81571181.0537102371 611662.3222656250
80411135.7886238992 608501.2778320312
79032034.9031406939 593549.2670898438
75007515.7104921192 448029.7209472656
78260396.5274033695 577623.8803710938
78171641.2486700416 576516.7597656250
75085629.9858360738 455916.6965942383
76916286.3218959868 536398.6894531250
75201930.1705366671 457978.3463745117
78428286.6758023202 582544.0937500000
80088800.1769943982 606955.2836914062
76897248.6457732320 535184.4248046875
79340811.6910959482 596836.5126953125
79591332.7686704397 602508.1264648438
75083035.9774494320 453970.4404296875
79303812.6612589359 596550.0039062500
78513918.0870828778 582670.1352539062
81042682.1816802919 611267.2875976562
78801389.1195202470 588561.0844726562
81011142.7012713552 611246.0039062500
80581799.8606854826 609835.4584960938
78322191.8886355758 580445.9340820312
78014441.8715147674 572043.2734375000
76927412.5844901949 536412.9702148438
78573772.1942927092 584493.8549804688
80625222.4559550434 611111.5205078125
78874319.1723166853 590166.8930664062
79441985.2804988474 599054.7363281250
78975680.2537787706 591512.9570312500
78988860.5033603013 592291.1889648438
80020234.1709757447 606388.0761718750
78712056.5098347664 586409.5405273438
78529784.9891797155 583982.1093750000
80211524.5129037648 607201.6660156250
80048694.4414689839 606789.6499023438
79490219.6161921322 600448.4858398438
82087912.9202889055 612729.3999023438
