73611554.7027120590 387061.1642990112
73572890.6569927931 384537.4645919800
75805520.2804155052 499853.0224609375
75797581.9204940796 498919.6009521484
74100628.9029191881 414692.0953979492
77730523.9591409117 564663.5791015625
78128378.9056366831 574610.7490234375
77052350.0576249063 544321.7919921875
77340443.1952250004 555116.4702148438
75234839.9764399230 471780.9155883789
75035577.7226853073 463395.9393920898
76193547.7312963456 514717.9406738281
74282999.1384418160 425441.8779907227
76076279.7239380032 509515.4621582031
76563332.5863311589 529371.0346679688
73844900.1557179093 398542.0211486816
79318477.1051879078 596136.1342773438
79240058.6158245951 594879.9555664062
75155738.8177978545 469373.1568908691
81651735.7209470272 611748.2485351562
78525500.1266470253 583634.9658203125
76344850.5914337784 522554.9433593750
76287649.3748649210 517668.9091796875
76157506.2547945827 512765.1927490234
73847694.8888452649 400147.8545074463
75093714.1697345525 465821.7989196777
83048368.5111900717 615029.5805664062
83363068.7781930715 615092.4760742188
74767090.7826674581 452124.6571960449
80100159.3923623413 606898.9487304688
79890283.6088910997 605366.7919921875
74150895.0579805523 418408.9901428223
78724514.2389632314 587472.3535156250
72966741.7846966088 334465.1455650330
78568240.9492349774 585496.1542968750
73277037.6610354632 364154.1014938354
81579972.6018337607 611690.3315429688
73596826.1591216624 385080.3161544800
80688777.3915981799 609496.2636718750
74796940.6445130855 453045.7974548340
79962710.4561663270 605395.7558593750
74255336.8943589330 423609.7080688477
76099931.0309671164 510474.0051269531
75390674.7157615870 480408.5480957031
73520703.9662053883 378748.3531455994
79504827.0061728358 599852.6909179688
74750191.0531582832 451850.1803283691
75145389.9488096684 468634.9053344727
74892809.6019484252 457600.0741882324
78405337.2577426434 582477.3339843750
73349648.7525623590 368031.1080856323
73524571.7780030519 379073.4440193176
78665874.4159774035 585794.9775390625
78795891.9929225296 587515.2036132812
74641757.3836888075 446291.6195373535
73724541.8805161566 395105.7355651855
72855951.7505495399 309376.1912876964
72846670.8870889395 306535.1094548106
72873806.4266173095 318540.9711949229
76110706.1753880680 511843.0681152344
75427314.3388888687 481056.7272949219
76810956.6678057760 538073.3417968750
76125004.1264668554 512019.1699218750
75135711.1817476153 467554.2552795410
77425098.0408200175 558794.4116210938
75000251.7210318893 463389.7774963379
74750107.6395168304 449861.8581237793
72896773.2125687301 319857.4275471568
82702693.8936830312 614794.4624023438
82737434.3048968166 614885.1049804688
76062935.5546061844 508354.5598144531
72945925.2981399894 329047.6467578411
74237385.6052446365 422912.8047180176
75257108.0915269256 473633.4973144531
74711173.7924140543 449751.0095825195
77256322.2196546346 551262.2988281250
82627223.6396570206 614721.1230468750
74960702.7100216150 460527.8767700195
74864267.2744008154 456835.4419250488
74895682.3279363513 458127.1281433105
74931555.6697721779 459381.0727233887
74914174.7202069163 458560.6308288574
74562482.4377304912 441518.2726745605
79283342.2602934241 595008.1254882812
80810257.0575200170 611090.4443359375
73430791.3165698349 375022.0151519775
73385521.4017816782 373452.8759384155
74649216.6415735483 448428.8434753418
77270032.9187825620 552487.1171875000
72960879.7494089901 330282.5858168602
74984040.1870848536 462322.7386779785
74783519.1722806245 452314.3069152832
77327275.7094148844 554695.2387695312
73571874.1954181045 383370.5448684692
80792023.3513658792 610198.3291015625
74591523.0004830211 444669.4426574707
74449613.5812710673 435427.3851013184
74499282.2009167522 438555.5823669434
74206783.6543024927 421101.7588195801
74323210.0958037525 428527.3242492676
76221903.4936405271 517487.7275390625
82519588.7474965304 614693.7099609375
82185623.7908371687 614544.2607421875
73672730.1689874083 393277.3094177246
77422607.9033335298 557237.5317382812
73335545.5803347379 367121.4694881439
80512332.0035144985 609348.0776367188
80535375.1015595496 609368.7641601562
74388460.3390909731 434627.1504211426
77103410.3849862069 546839.0483398438
77323179.0452259928 552672.6137695312
72937476.3010972440 328107.5279979706
81770815.9903493375 613506.1757812500
73854742.8907409757 403738.6745910645
74336078.4181613773 431189.3279113770
73567109.0781252235 382633.1597747803
78843443.5775812864 588762.2949218750
74447398.5636734515 435349.7039184570
81660890.4776551127 612288.6733398438
78625033.7807996571 585709.5249023438
78984818.8427624553 591245.3437500000
73545439.3465419114 381494.2477416992
78527960.4801910222 584043.9003906250
73702891.2669606656 393480.7504577637
73754920.9528212398 395614.6883697510
80125232.6540915817 606932.2949218750
73339651.4298002720 367377.4242134094
73797683.5472257286 396874.5675811768
73562911.1538409144 382228.3368148804
74467566.5864845365 435993.4104080200
77186605.4195117801 549831.0849609375
78963596.6284666359 590537.0097656250
77244484.0254642218 550322.8168945312
73645104.2348735929 390988.4985656738
75162873.7984236777 470086.9489746094
80738519.3577908725 610164.3398437500
73854615.8522126079 401323.9927635193
73374802.9385995269 368405.2775859833
80209133.8341597170 607037.1215820312
74494179.0406633019 437011.9496459961
80273161.1089517623 608436.3437500000
74319402.8115962446 427038.0497741699
73011877.8443824053 335852.9776802063
80456604.1056893468 609299.6855468750
79524056.4414403439 599891.8305664062
73121460.7678611428 349031.8216114044
73720594.4032985866 393571.6033630371
73929682.8987272829 404592.6392517090
74534933.9271314442 440418.2002258301
77150764.0996422023 548238.9960937500
73452325.9579179287 378200.8836002350
72903514.2458347529 325312.4307441711
82059058.8105189651 613625.1835937500
77006196.0807600170 544153.8007812500
80024724.0450453013 606352.5834960938
79944544.7270108908 605389.3491210938
80181356.4812980145 606992.6958007812
79818696.3472347558 603188.0693359375
73018794.3571330309 338937.6960563660
75673514.4055331796 493155.8665771484
80160697.9833352864 606991.5253906250
72919333.0491188318 326304.8085517883
79164274.9706502855 594187.6821289062
76688258.1441723108 533852.3513183594
74387933.2469158024 432374.8951416016
81868982.9709229916 613548.5053710938
73095065.0255387723 347502.1929569244
73119718.0813653022 348865.1545524597
76668313.5764355212 531507.6191406250
73235575.8431934416 359617.5560894012
77741538.8861930817 565107.9238281250
75631609.7924484909 490918.7326660156
75660232.4302153140 491719.5498046875
75192617.3286338151 471230.0305175781
73258378.7339103669 363664.6371955872
77298497.3868512809 552618.6538085938
73152691.3596704602 353029.8041324615
73189382.4803840071 356483.3254890442
73093918.4505540431 346506.9457302094
76201651.0346392691 515916.7752685547
79206646.4393229783 594723.5620117188
79083006.3704265207 593219.7241210938
73059770.6247325540 345693.2935371399
78255035.8835384995 578214.8691406250
73945483.3449917585 406356.8472595215
73141905.9343967736 350061.4940547943
78696111.4069362879 586962.7338867188
78342441.7050084323 580618.3330078125
73214079.4105593413 357371.8545284271
75516425.4929742366 486186.5695800781
76041459.1926691234 508130.1999511719
75489604.4792853594 485670.3125000000
78922628.4286967516 589831.9355468750
78326835.1396944225 579335.8686523438
81149607.2288987339 611232.0253906250
74957055.5301436782 460340.8469848633
77650136.6883545965 563351.1772460938
72843296.2960497141 302288.7664794084
75549178.8712504804 487383.7280273438
80238689.7708869874 607376.9125976562
81331595.5793735534 611559.0473632812
75588799.1126638800 489042.6900024414
72804835.5878312737 300768.0392598268
78147468.7726583183 575675.1508789062
74020308.3464725465 410255.3882846832
73995311.6118815839 409008.6170730591
74227863.9221639931 421664.5844497681
80006826.2275082618 605801.7431640625
77564254.1788147539 561534.4018554688
76410350.6942534447 523030.3553466797
73314399.5600700229 367008.0782432556
73234330.7533261776 357879.9673938751
72833344.3440793306 301809.2834042665
72774959.1589411199 291347.4199369848
73150530.6634276956 350354.4081172943
73041369.9699225128 339805.9202022552
77619880.5448672026 562396.6669921875
77838003.0042623580 568186.9946289062
77717469.6910071820 564156.2451171875
77845337.1375664473 568690.2377929688
80593912.3793232739 609377.9677734375
78044657.0896821320 573648.6811523438
77866051.9236867875 568991.5405273438
77942401.1001901329 570952.4692382812
78222323.7472453415 577280.8095703125
78142051.8266377747 575457.7104492188
78905267.7310311496 589217.9897460938
80619527.4581915438 609437.9350585938
78907708.4080242813 589221.1279296875
78242739.8242602646 577392.5639648438
78177937.7983864993 576920.7812500000
76320331.3027171642 519582.1530761719
77891615.5093281567 569791.3305664062
77545537.4002516270 559214.7832031250
79726818.0770373493 601772.5395507812
79431005.6333269477 598078.0991210938
79599419.4355395734 599923.6694335938
77985434.4042149484 572520.8964843750
79321012.8027165383 596214.2216796875
75794947.6715358198 498588.7868652344
79052275.6838291436 592358.3178710938
76561537.8936862350 527499.4089355469
76308592.1685827225 518038.0725097656
79652235.2965015322 600604.6147460938
79420518.2798498273 598050.4272460938
79665113.6049769521 600674.6459960938
79350886.8855779022 597062.1733398438
79389310.2117825001 597664.3403320312
79616959.2982407659 600129.7436523438
79336208.7304796576 597026.3486328125
76008287.2012589723 507397.2767333984
75927144.9613138139 504731.6761474609
75884089.9123330712 502090.0841064453
76872925.1856382340 540415.5449218750
76504480.5833279490 527211.9056396484
77417145.9865674973 555705.0163574219
75848506.4514694959 500130.4233398438
77269771.1243991852 551302.3593750000
76160271.5628892183 513110.1505126953
76084044.2613930106 509765.7491455078
76787994.3446967602 535104.8090820312
76925491.3273257762 541386.2612304688
76817292.3638223112 538608.9252929688
76445731.7021767646 524896.0073242188
76485620.4639990479 525014.6767578125
76604708.3728843331 530731.4365234375
76789900.3831873387 535676.8393554688
75589442.2983866781 489219.7681884766
73620646.7548230141 387322.1566390991
74114556.7417007387 414861.2634048462
81709639.7495826632 612543.7744140625
75701262.5190645754 493705.9028320312
81743775.8986725360 612556.6904296875
76982614.8737086207 542131.7689208984
76733858.5968862176 534434.7908935547
75910654.4552320987 502499.7828369141
75968646.0375720561 506244.3668212891
75728654.9393732548 495515.7153320312
75432508.3920097351 481584.1757812500
73834413.8216176480 398325.5424652100
76424038.6502249986 523400.7459716797
75444023.2133291364 483354.9394531250
73813701.9518919885 398314.1096649170
73543100.4909928143 379285.0774574280
74154287.7483625412 419462.2682266235
74195382.6393057406 420254.8067321777
75086625.8024120927 465743.0032653809
75314898.8163505793 477317.3273925781
75260406.1880594790 475231.6618652344
74078096.0961352587 412322.1251220703
75352227.9556513429 478383.6928710938
74136882.1939837486 416224.0943069458
75265126.5985448360 475779.0632019043
75111335.4162409753 467174.3697509766
75246939.0147777200 473599.4449462891
75300542.9507911205 476527.9595947266
75047378.0972504467 465661.0538330078
74261456.7914985269 424652.8461608887
74035913.1447115093 410781.9265747070
74041499.8154067695 411433.3310546875
