83091522.7925783545 0.5897208015
84601513.4035017341 0.7988713470
86934493.4156828076 0.9893803593
84526582.6610686928 0.7953709760
84794506.7458775789 0.8168220245
84937997.9921788275 0.8349254646
88862652.5127960145 1.0775507428
88740650.0965895653 1.0724055730
86424259.8246706724 0.9541240520
82361254.7486895174 0.4008995652
82394789.8957325369 0.4017533113
82434353.4825622588 0.4069416536
82307325.6560302526 0.3370634063
83830278.7539304048 0.7071175676
84341159.7249382436 0.7697594958
82874005.4645811766 0.5520830051
83324853.7484446764 0.6236267391
83444951.3001919389 0.6449084075
85530483.5354369134 0.8811681177
82709496.6393386871 0.5102001667
82689254.4579956979 0.4895975340
83318043.3366812617 0.6216902802
83259263.0129440278 0.6201933451
82700373.9952383786 0.5040488619
84066133.8818436563 0.7329016833
83967359.1491743922 0.7271546100
84117526.4361453354 0.7464709095
82454410.3645221144 0.4251743953
83704307.6571848392 0.6862886870
84029053.9744906723 0.7302127461
84596205.6252383441 0.7954567615
84699519.0786016732 0.8137054623
82313516.5555262715 0.3777295832
82326126.2290792018 0.3801597446
83367973.2887060493 0.6413394347
88503940.1493387520 1.0703524631
88633408.1527193338 1.0707181562
84354721.0490924418 0.7712868390
84183727.7650177032 0.7499909954
84144624.8885228932 0.7482519393
88462068.7133621871 1.0691055879
87083993.8725923151 0.9980723886
88916143.0004567504 1.0775775630
85406324.2298937142 0.8723327909
88251515.7868743837 1.0605504438
83293626.1926232725 0.6208483344
83252929.1093339771 0.6198883861
84276570.5180806965 0.7573794405
87131606.9587653130 1.0011291364
83050948.6980569810 0.5789676507
86642406.9074329138 0.9706070379
86716035.8107353896 0.9722727913
86146246.7583612800 0.9327097514
82873189.0141989440 0.5520766556
85984283.4298089594 0.9205825211
87881586.0476110727 1.0419680029
87522268.3748663366 1.0261488827
87768382.4241109192 1.0371383429
87745761.3245422393 1.0357164275
87835032.0092951953 1.0412264094
82840552.9805419892 0.5358872740
87605792.2112134844 1.0291755209
83409721.6313248873 0.6419845888
82547935.6454247087 0.4467921934
82450053.8556801826 0.4221862036
85034781.1200087368 0.8387553143
86259286.4716093838 0.9396367704
83093396.5410304815 0.5923451898
82976767.1187535375 0.5728894270
86723645.7332578003 0.9757822558
86091085.2569483668 0.9279992409
85825348.1510934085 0.9082827395
87253736.6004527509 1.0083189639
82698033.0966250747 0.4937644035
88002552.6765979081 1.0490682321
82996584.2563070208 0.5770691436
82993819.4702071398 0.5770190347
82847423.6506441385 0.5472562027
86917900.9623626620 0.9876578916
83132478.5245748609 0.5990824917
84665299.6731800437 0.8118567053
85114236.6723373681 0.8433742675
85335179.5184053928 0.8637067917
86352090.8950924277 0.9492562314
88291491.5703276247 1.0614003241
88281717.1032727063 1.0606104266
88436215.9318172187 1.0656729918
85363516.0820580423 0.8688872154
85894505.2338083237 0.9155953485
85711045.0794900358 0.9007111804
85991559.0265098065 0.9219287757
85683148.8575453311 0.8926334682
85560120.9899835289 0.8850009584
85449542.6351351440 0.8792577249
85121852.6508600712 0.8500286315
86272935.8788127899 0.9398060016
88772526.2479386330 1.0741592329
82802628.1182530373 0.5344397236
85544131.5066370219 0.8844968833
85656823.2711922079 0.8911451744
86622347.7073451877 0.9693843500
87170309.1315636337 1.0081270835
85349041.2781212777 0.8637786772
82426977.8850331753 0.4018762275
82354271.7756850272 0.3984232851
86186935.4231723547 0.9357612541
86505206.4811168313 0.9590656475
85665948.9346548915 0.8919402702
87325006.9574516267 1.0129651669
87470562.3946021497 1.0215911139
83759631.9337612689 0.6992177997
86968062.2395737320 0.9909230440
86660036.2998380214 0.9721417066
83711240.3469852656 0.6888284963
87091079.8404393494 0.9994466653
88424612.2033975571 1.0655422825
84306453.9124310464 0.7672592105
85823930.0174500346 0.9066288396
88219711.5183885694 1.0581162283
86881758.5437722355 0.9862077388
83873866.5072167367 0.7104994168
88768765.5027362108 1.0734574180
83113709.2581702322 0.5949188135
83193460.5560835600 0.6025415174
82657165.2217780799 0.4895275410
82682215.0065631419 0.4895850722
83172588.7688612789 0.6020077012
83613215.8674596399 0.6688476481
83631674.1017365903 0.6690122957
83603377.5599538237 0.6672508404
84034972.9642316848 0.7309511569
83848794.4815370291 0.7087616976
83680687.3943189830 0.6855784739
83680121.6827393025 0.6850687244
83547082.9377259761 0.6636176758
83663831.9431512505 0.6832696125
84269057.7714982033 0.7567496145
84066933.5724678636 0.7403824212
83906935.4482776225 0.7206452992
84011046.4778134227 0.7284706243
83987854.4006067812 0.7284532550
83807955.2229574770 0.7035688124
83930470.1106667519 0.7250198610
84294264.8666625619 0.7579106997
83821966.5115838200 0.7047439019
84057413.0880907029 0.7319504653
83768322.8197596222 0.7029060649
83807795.3913270980 0.7033032140
83809618.9275597483 0.7044960405
83917816.4074830860 0.7243571134
83839051.2567430884 0.7071662572
83784975.0986837894 0.7029494874
83677433.7419707030 0.6832703255
83787464.9158453792 0.7029502005
83644087.0723431557 0.6814991519
85292712.2579916716 0.8598930399
82941277.9596798271 0.5573234665
87468504.8325963467 1.0209369082
83348498.4641194195 0.6383522658
83329717.9088495225 0.6322794029
85607559.5213434696 0.8903303671
85688159.8673899472 0.9007087734
85591540.6841265708 0.8861502009
85736776.4205351919 0.9031528211
82745001.3589275032 0.5116543558
82556217.4732359201 0.4471640295
85446315.6042938083 0.8740344532
84171668.6620618403 0.7498357904
83966254.7040355206 0.7266419616
83538267.1374156177 0.6630954422
83479592.9928526878 0.6465747227
83393627.9612201452 0.6416443936
82609999.9990313500 0.4681340237
82560506.1833940297 0.4634475007
85591230.3481217325 0.8855156323
85523949.5355910957 0.8794379637
88121806.2295411974 1.0529043349
83120349.2330974191 0.5987422965
82992008.7827875167 0.5734677649
83057563.2248027325 0.5805566527
83014984.1445928067 0.5772912480
82961789.5910426229 0.5591056041
86274294.0456584394 0.9406706540
86227125.1401604861 0.9395306058
86067028.3889641762 0.9260955638
85997850.3401177227 0.9255743694
86320344.1874606013 0.9470348791
86133533.9091930985 0.9297340228
86284115.5493694693 0.9448080378
86593076.8797417581 0.9662588517
86844752.5479431748 0.9813211169
88196419.0088439882 1.0547757591
85038860.8285944164 0.8397233763
84975156.6209407896 0.8362947412
83428665.6077664644 0.6428713614
84997977.3853914738 0.8363169815
85031392.3883993179 0.8380899056
84804147.2628561258 0.8184766941
84744113.7092512697 0.8153122531
85776557.4018689394 0.9054727007
82307903.8649396747 0.3561401490
82308201.6767494231 0.3561825213
88149362.7232402861 1.0546376565
82485784.5023306459 0.4252319266
82521908.6517227739 0.4458468586
86490373.2546274662 0.9577801870
86540406.1310065985 0.9604230099
86387737.4339700192 0.9512883518
84924758.0402687043 0.8299246678
83509230.4826576859 0.6601830019
87905459.4038158655 1.0441428893
85267409.6797525138 0.8584304868
85240946.0754832476 0.8573392483
85309571.2819263041 0.8626070215
85307679.0205289423 0.8617876765
85283701.2401933670 0.8590064343
85255367.7427643687 0.8579844298
85353498.5802197307 0.8653722395
85184395.6721585989 0.8549168099
85172739.4926491082 0.8549168020
84705123.5023272783 0.8138766177
85107088.7330792695 0.8416523327
84869154.9918306321 0.8223254206
84682656.2163765430 0.8134744161
84882113.1070142537 0.8286046645
84934949.5054970980 0.8334657613
84842313.2651704401 0.8219232189
84667950.3029920161 0.8120147128
86449305.5916432738 0.9557313183
86789765.9769856334 0.9792255738
86985631.1483335942 0.9927683611
83433626.2118797451 0.6438110471
87149002.2158733159 1.0032094640
85983840.4161798507 0.9156636094
88347477.4643549621 1.0626406381
87302674.0010842234 1.0112768160
87137292.2754069567 1.0016738093
87512932.3234290928 1.0231953915
87383860.2672523260 1.0147458897
87054477.4972070754 0.9980105339
82845484.5690273494 0.5364555894
87442321.0857812762 1.0187462643
83216378.4609333128 0.6158957480
86431101.2425791025 0.9542759818
85957291.5045004338 0.9156092735
87416400.0933759362 1.0175254121
86188090.5375763774 0.9358796995
87281699.6167503446 1.0091462624
87383180.4362118244 1.0138296541
87359732.0568598211 1.0133839138
84363131.0959308296 0.7734065778
84443043.5867333859 0.7760720932
88053196.5181341320 1.0500556766
82759241.4636015445 0.5152609458
82746471.1440586001 0.5150554852
82633788.1146111339 0.4871207182
88730357.8356257081 1.0718174428
86408392.3172741085 0.9536044177
84469657.7758287489 0.7885215819
82693559.0950856358 0.4900432034
82697554.3236949593 0.4900661266
84233952.1469371766 0.7535910268
84186716.8133438230 0.7524646508
87030431.6397818029 0.9969543125
86724589.8530550152 0.9768554245
86850309.1941709369 0.9857745108
84469071.1193848103 0.7764906615
87399678.8709540218 1.0156937442
87653964.4460139871 1.0317485100
87591389.9339404851 1.0262059467
87721678.4084670246 1.0329259895
88068854.5099253356 1.0513842492
82858500.5568707436 0.5520764186
83485589.8320748657 0.6473150502
83337433.8543141335 0.6379761754
82486742.2344614714 0.4436372522
82563064.8820485324 0.4650883007
88731611.3087946624 1.0721583534
84621649.1035433859 0.8014486446
89137608.1643787622 1.0784820877
84396162.4172685891 0.7750161354
82913113.3912889212 0.5572899209
82877289.9464825839 0.5555679861
87630944.4688081741 1.0303912265
87519378.9581769109 1.0250340225
82791364.6397640258 0.5342211615
82766984.8310661465 0.5306253700
82856811.8532199413 0.5515426024
82728698.7252473086 0.5102086426
87976716.5791479796 1.0466641667
82643744.2681802660 0.4887489557
82587605.3641619235 0.4672979071
83352027.5058350414 0.6383522737
83362399.3831267804 0.6387319534
83536011.0474462956 0.6615338610
89213674.9867104292 1.0816708878
83116611.8958850056 0.5950064713
82699701.5280716568 0.5036860964
