141885978.0536428392 1113097.6735839844
142257041.8337640166 1144618.2277832031
142173576.3977376819 1142273.1218261719
142284436.1658011079 1146525.7126464844
142436731.3427231908 1159475.4829101562
142327076.7357732058 1158949.1491699219
142442304.5014366508 1160756.0114746094
141923523.6495891809 1114038.1079101562
142457841.7063151896 1161315.5563964844
151004729.3785702586 1371493.6269531250
144027352.2295991778 1253852.5400390625
142838583.9295782149 1191964.9453125000
142951425.2778733671 1199655.9189453125
144056757.9803445339 1255808.0439453125
143444666.1553869843 1222256.7167968750
150005093.0774882734 1366943.6425781250
144927844.9147836864 1287936.9912109375
145002794.4433766305 1294214.5097656250
144941227.9577206075 1288345.8261718750
144995144.7901550531 1293164.5810546875
145065864.3612277210 1295323.5273437500
142081575.2346338928 1128363.8820800781
142064488.6352705061 1125452.3146972656
142030367.7876528800 1124975.9104003906
143069882.7014945447 1207737.3457031250
143088707.9476188719 1208181.2617187500
143122524.3605593145 1209540.7529296875
142970507.4293542802 1205312.1044921875
143143644.5395758450 1209556.0029296875
143214396.2061263621 1211054.5302734375
143385990.5867936909 1220387.3959960938
143289833.2456845939 1215828.7124023438
143224408.1929613054 1213066.0410156250
141947596.9162430167 1117770.6845703125
141940810.6210387945 1114074.5268554688
144744180.5879249573 1283768.4736328125
144783621.4910262823 1284756.3476562500
146598194.1438392401 1337714.1123046875
146132732.4443393052 1326034.1093750000
145824497.6841611862 1316555.5498046875
143149336.5487768948 1209699.1225585938
142508896.3718711734 1166069.5163574219
145103468.1756376624 1295703.5000000000
144235932.2813895345 1263232.5727539062
144258352.4876643419 1263771.9575195312
148986340.2852140665 1360133.0595703125
148747526.6119862497 1358578.1210937500
148878345.4160217643 1358985.9550781250
144124617.8552109301 1259716.8393554688
144233371.6466417313 1262864.9565429688
141964855.0967425108 1120447.8066406250
141979162.1012199521 1120517.9101562500
145424813.2100040317 1306081.7861328125
145523689.8144657314 1309516.8623046875
145512906.0003548265 1308473.4785156250
141983594.2985068560 1120787.3193359375
142003910.1592309475 1122796.8994140625
148290845.5001590252 1355793.5576171875
147988919.4629678130 1354948.5302734375
151124780.4763967693 1374158.7265625000
151367401.2328417003 1374564.1728515625
150380644.7827661335 1369304.3935546875
144655478.7733293176 1280137.6113281250
144799075.5026482046 1286925.2548828125
144698733.9594360590 1282796.6591796875
141792207.3102600276 1100704.8391113281
141802509.6715425551 1105285.8288574219
141742927.4046353698 1099216.9270019531
141836838.7345066667 1107167.2121582031
141669721.9791010618 1089106.7399902344
141875627.5726655424 1109566.5915527344
143623598.4936491251 1234101.4619140625
143459711.9912935495 1225737.8466796875
144330473.4456863403 1268935.4794921875
144432463.3770082891 1273061.1845703125
143868940.2727267444 1246436.5756835938
143902075.9175567031 1246708.7983398438
143827273.3651677668 1245140.5087890625
144713101.3221742511 1283186.9443359375
144514399.8424859047 1277269.9003906250
145866881.2131926119 1319044.5585937500
144319595.3781041205 1267096.6420898438
144176704.1898364425 1262514.1235351562
150167747.4582625628 1367948.7626953125
150158330.6923693120 1366997.7558593750
150182303.1111657023 1368376.6767578125
148594822.9065841436 1357164.4931640625
149883242.8067196608 1366333.7236328125
143221616.3063581586 1212857.4228515625
143349310.1218867898 1217244.5742187500
143184929.3196246028 1210669.0874023438
141946868.6085419357 1116050.3649902344
144589486.9948585033 1279447.8710937500
146358807.3758361340 1331348.0117187500
146257558.6929450035 1329226.8046875000
146211932.8553227186 1327597.1142578125
146373285.1452803016 1331516.2871093750
143262286.0452315211 1213953.7412109375
149224898.3545736372 1361689.1025390625
149402188.1185162067 1361808.0224609375
147474701.5199472308 1350962.6132812500
146906592.7378436327 1341669.8720703125
145277002.4939719141 1301725.9257812500
145253691.8183763027 1301655.8339843750
142941538.5410821438 1198985.5270996094
143056889.3319669664 1207684.4423828125
142789823.0471575856 1191387.5134277344
142935413.5365179777 1196578.7780761719
144608772.2513799071 1279741.6435546875
145902686.3566449583 1320029.7226562500
145694581.6428544223 1314006.7910156250
145565610.2117927670 1311146.9980468750
145582241.2858302593 1312563.1416015625
145352548.8350316286 1305060.3388671875
146157888.5754912496 1327342.8662109375
143323262.3327136040 1216215.6669921875
142782500.6559224725 1190742.5754394531
148042542.5825055838 1355414.0859375000
146824838.6908671856 1340552.6826171875
142937870.8426729441 1198189.1762695312
142899133.4733073711 1196187.4943847656
146977337.9146338105 1344011.7666015625
148884001.7291289568 1359787.9003906250
143694473.6267663538 1240339.4311523438
143716013.3065897822 1242046.9829101562
143670066.5137108564 1235666.4682617188
145446703.0232084990 1307647.5908203125
145706413.2145241797 1315812.0683593750
148669248.2731270790 1357999.0390625000
148581829.5370566249 1357111.5898437500
147638138.3167104125 1352280.7900390625
147791044.6704675555 1352356.9003906250
147889979.8987872005 1352900.2539062500
147805189.7442047596 1352489.6367187500
147053803.4101910591 1345979.8320312500
142837973.2545853257 1191408.6789550781
145126830.5436176062 1296149.4599609375
145170526.2998117507 1296993.5546875000
145781293.8169209957 1315812.1240234375
146391857.5749120712 1332290.3203125000
146301506.8819954991 1331181.5927734375
146510608.0590969920 1337294.1806640625
146391062.2363402843 1332239.4736328125
146101782.7048559785 1324697.8613281250
146126727.2892725766 1325116.5136718750
143622033.5088513494 1232792.9565429688
143769877.0040069222 1242131.4946289062
146893331.4288368821 1341251.5117187500
146409519.6313539445 1333434.3291015625
145460107.3357954919 1308345.4873046875
142469253.1069859564 1165318.2399902344
142509679.7173215449 1168576.9250488281
142554169.2561871707 1172281.0441894531
142736514.3134211302 1185873.2438964844
142574859.9883915484 1177359.6906738281
142605656.9909950793 1179099.7609863281
147299866.1396161318 1347717.0781250000
147382837.6758892238 1348447.1875000000
147363417.9508450329 1347818.1875000000
147395839.0152065158 1348825.8056640625
147573852.1352046728 1351895.3427734375
151110339.9103859067 1372498.3369140625
143356101.4557366669 1219101.7404785156
147810700.0006474257 1352569.9648437500
147831596.3737390041 1352846.6162109375
146981051.7083254158 1344037.4501953125
146857514.9261406660 1341003.4824218750
143654519.3716386259 1235175.6958007812
143541066.5008580089 1230675.5961914062
143484622.4750274420 1229840.1879882812
143564014.6226510108 1232692.7514648438
143631495.5385726392 1235010.0200195312
145150813.3684148788 1296455.0278320312
145244387.7066107392 1300632.7270507812
144296184.5611106753 1266017.8911132812
143784539.7295988500 1242995.4028320312
150538035.5258661807 1369674.4804687500
147614337.9381259680 1352170.4541015625
141815885.8124269247 1107137.3039550781
143443300.4787044227 1220424.2553710938
145306397.6869991422 1302257.4697265625
145318543.7116433978 1303119.6318359375
144652098.2988197505 1279754.5234375000
144826973.0713986456 1287461.7080078125
150656664.7820942700 1370255.5722656250
144928882.3054335117 1288323.6972656250
142117807.1333066225 1134846.9650878906
143868363.9489417076 1245539.6103515625
143687695.4315609336 1237760.6035156250
143280292.0082469881 1214589.4060058594
145054454.8895480335 1294515.8232421875
142107493.7259172201 1129108.6877441406
145510768.8525787294 1308345.5429687500
142842271.4824187160 1195185.6706542969
142670514.9670650959 1185433.4567871094
142762121.9801948071 1188067.1613769531
142754841.4590425491 1186679.4104003906
145861087.6314123869 1318451.6552734375
146039936.4216067195 1322435.3515625000
145862207.4799970388 1318567.5283203125
142628314.3755712807 1180666.8596191406
144272257.1678815782 1264383.5795898438
146050087.7561978102 1323372.3339843750
146009532.6711382270 1322030.1621093750
144424277.6379756033 1271123.7109375000
150160503.5568970442 1367204.3076171875
149791878.3233472407 1365232.5439453125
144087062.5037438571 1257156.6308593750
143907075.8009909391 1251181.1914062500
144073816.8566032946 1256362.1279296875
146252916.1812422276 1327831.0546875000
143849026.2437872589 1245247.7822265625
143965307.6032999754 1253382.5668945312
144246467.5582063794 1263743.9082031250
144161986.9304147363 1260762.3696289062
142119980.9337555766 1136477.2956542969
149922917.0319995284 1366545.5791015625
145351650.2679126263 1303730.5283203125
144294411.5125389993 1264385.2124023438
144141258.0995525420 1260074.1254882812
144107080.7433145344 1259196.8364257812
145531703.6034758091 1310510.7392578125
146086526.9808037877 1323545.0576171875
147260138.4410181046 1347436.0683593750
144688065.8231908679 1281607.2490234375
144399576.8778108358 1269826.9384765625
144471611.4601688087 1275472.2958984375
144679050.7318864167 1280954.0322265625
144568407.6441340446 1278074.8603515625
146661539.7842836380 1339475.8183593750
146618902.4582712054 1338860.9462890625
146758775.4591106176 1339724.1093750000
146916858.3096436262 1343610.4238281250
146911085.5446176529 1342709.4013671875
144941758.3769884109 1291433.8349609375
145185836.7657340467 1298813.6376953125
148455612.1800332069 1356952.9199218750
144419725.0789723098 1270414.3964843750
144509499.7696270049 1276643.9462890625
142160612.0504936576 1137337.1062011719
142294955.4816926122 1151675.7429199219
142269255.6067633033 1145823.8288574219
145830198.7240900397 1318291.9687500000
145629212.1566191912 1313733.0615234375
145371282.8146447539 1305768.5498046875
145429600.2474097610 1307283.0361328125
146453736.8092803061 1335116.5126953125
143330384.7232206464 1216974.1520996094
145806994.4186826348 1316316.3134765625
145914269.9717625976 1321650.2382812500
144767320.4054155350 1284332.0957031250
148635944.2804350257 1357298.1748046875
145914264.9618777931 1321030.9541015625
145421471.5516042709 1306040.9726562500
145154452.6431406736 1296824.0859375000
142503433.2229878306 1165968.2019042969
148744931.1072397828 1358138.0205078125
149467262.2912040651 1362904.4472656250
150927286.2166646421 1370938.2412109375
150819004.3929152489 1370758.5302734375
149653745.7638563216 1364062.3808593750
143681937.0261224508 1237578.4428710938
146101757.3856404424 1323614.6542968750
149727614.1376338005 1364587.7207031250
148634647.9979728460 1357199.9570312500
144359731.6826419234 1269264.1435546875
149848665.4779112637 1365278.0322265625
149613260.1138567924 1363670.4287109375
149767288.3629136682 1364799.5761718750
149589428.6960712969 1363268.8476562500
149218952.1248294413 1360839.0292968750
149607787.8196989000 1363315.0634765625
