42274056.8439583182 385821.1999816895
45133577.9872174710 519446.3710937500
44711655.2429026291 511526.5981445312
43093639.7973362431 446938.0781250000
42392580.3724430799 397105.7867584229
43124143.0714205652 452207.6282958984
43569828.5718949065 473983.9240722656
43089785.6093722805 445694.8579101562
42385795.6801466718 395602.1977386475
45060463.0620106980 518601.5136718750
44754596.2825984806 512940.7324218750
44322117.3931676522 499729.6845703125
43582686.5513306782 474602.7497558594
42372370.4933000952 395297.7649002075
43331818.9831979498 463614.1447753906
43163297.5415713862 454218.1738281250
42666976.5638365299 419836.5655517578
43242587.1974785700 456206.5412597656
42671051.0208633170 421311.8751220703
43558090.3639642522 473245.5200195312
43392039.0824535117 464866.7534179688
43373518.6061931774 463632.1875000000
43489435.0736416727 469524.2934570312
42620551.9671059027 419822.5383300781
42876989.8573574722 437522.7709960938
42793262.2343860641 430887.2000122070
44667618.4555869699 507916.1743164062
42237827.5180980861 385069.4527587891
43092809.0646277145 446208.4155273438
43156597.2128451541 453482.4150390625
42668756.0629119053 421103.7528076172
42471782.6504399478 402895.0706024170
43726453.4038865790 480741.3271484375
42889900.8947582692 437685.0996093750
42908224.2414804325 438486.0488891602
42700979.1377835497 426847.5574951172
44460472.1284674481 505598.4868164062
43840230.8494450673 483795.0151367188
44413056.7964798287 501096.7333984375
43500298.4533941746 469935.6994628906
44621365.1400478631 507483.2133789062
42011967.7819176316 340641.7883834839
44153334.5693944469 494896.8579101562
43262873.3989565074 458520.2567138672
43054625.2627159506 445390.9116210938
42801931.1023915932 431104.9061279297
43217863.2145581022 454552.8471679688
43516749.4230227172 470987.3249511719
44966694.4424146712 514551.4086914062
44986150.8033011109 515371.5654296875
44990995.3677255884 516024.9882812500
42936406.2810417935 443390.1770019531
42919236.6690756381 439066.0217285156
44512791.2461522222 505717.6455078125
42671973.7244861871 422865.1069335938
42698829.6563476473 423618.9084472656
42503244.1779500693 408080.9624633789
42464976.2631824613 401933.9185180664
42111686.7355087176 368365.2440872192
42547377.2195243463 414204.8947753906
42488854.5348270833 406312.8456268311
42475254.0059098452 403128.8708343506
44413083.7347368747 501529.6943359375
42146963.3319926932 372687.7779617310
42315562.1515839696 394362.9076995850
43102006.9063287750 447503.3590087891
43940144.8820863962 487127.1999511719
43689310.6407277286 480500.6196289062
43753464.5090519264 483768.8608398438
42056444.3661795259 352810.1205673218
43995474.6538078114 491321.4072265625
42543905.8640544489 412841.2352905273
42706304.2137746066 427451.2345581055
44335968.1668416560 500140.9677734375
42810117.8543482497 434729.9648437500
44844301.5521840453 514046.3320312500
44258801.0647784993 498382.7143554688
42963720.6304228380 444822.2028808594
42997911.8509747311 445156.8762207031
43870107.1931125447 484596.7880859375
43303598.6681586057 460923.8879394531
43240453.5653648823 455681.0499267578
42808604.5523860678 434540.0588378906
42280267.2467566207 386267.5689086914
45046801.8310869634 518574.7392578125
44694609.8209890127 508469.6542968750
42558880.1875761151 418704.7335815430
42735512.3973009586 429739.5479125977
42552135.6776712388 415388.9336547852
43604715.0521962941 475785.2568359375
44526990.7223943993 506527.4477539062
43969554.0888684541 490155.3408203125
43978890.1355920807 490755.9218750000
43445693.6696515977 467038.7558593750
43662004.9685003757 476452.7695312500
44726724.2242250219 512104.1254882812
43236377.3450559080 454684.1768798828
42137485.4758635014 370479.2561130524
42423217.1518848315 399971.7761535645
44428779.9137297124 504551.5791015625
43534711.9002258927 471293.6672363281
42123290.3146307319 369714.2189712524
43511182.2713709027 470159.8977050781
43475031.0270371884 468008.7808837891
42279812.9440215677 385934.6564636230
44192377.5956892818 496541.8208007812
42287688.2403739914 388010.6264343262
42190551.8779458329 381182.3943862915
42305661.0749461651 389139.6157073975
43913301.4189197868 485073.6680908203
42540897.7824365348 411316.3867797852
43110294.8168934286 448075.3175048828
42488694.2920578644 404795.4548950195
42369459.3634100333 394661.8160400391
43862814.7887203246 484084.4965820312
43914785.5690249428 486079.4028320312
43678434.5945714563 476642.9169921875
43666073.8263735175 476582.9163818359
43543262.5082736313 471460.1494140625
42452972.2908669561 401842.6962585449
42220505.3687207624 384296.8278884888
44232354.8917427883 497707.8872070312
43256088.7066600919 457639.0015869141
42197560.8361787573 381347.9901199341
42408644.2356146872 397987.8015136719
42016163.2822813094 344936.9417915344
42039157.3787614256 345347.1425094604
42040535.4641278088 352650.3812332153
42434175.4518470615 401245.9054260254
42098054.8341955692 364826.1767234802
43427750.6419315636 465883.4716796875
43493455.0999483168 469629.3571777344
42418638.6898937896 398204.4548034668
44080341.2514215484 492798.7221679688
44410408.0600207597 500944.9272460938
44097486.6113758236 493754.4877929688
42445556.2252964377 401690.7640686035
42188180.5477141440 373172.3591156006
43678525.4581176341 478032.6899414062
44918419.6463218182 514152.7695312500
45112923.3288173825 518806.6708984375
44658468.2362256497 507766.2895507812
44404650.2397915348 500489.3027343750
43288197.9659389406 459348.5687255859
42392193.5318543315 396135.2427368164
42484092.7193815336 404360.3218383789
43650180.7370501235 476422.5847167969
42082651.5180641711 362794.2843322754
44134147.3900697604 493931.1264648438
44585218.8270287961 506673.4111328125
43880829.4500395581 484772.0205078125
43251377.5150405690 456988.0024414062
42065297.6888946667 355798.2991561890
44051294.4933572188 492415.7563476562
44276580.0707143545 499331.1655273438
43916559.8008588850 486802.5224609375
44046154.5458019972 491618.5385742188
44601155.4509322867 506869.1098632812
