64822487.7473631948 1259001.5703125000
63583412.2492450252 1193132.2607421875
62922351.1413290650 1104606.1196289062
64415907.6981799677 1243053.3964843750
68406300.0842034519 1274666.0732421875
63100727.0142742991 1132577.9667968750
62790174.4677113891 1077844.3090820312
67138536.5248505920 1274099.9111328125
67111258.2754620612 1274063.6630859375
63143749.7049981952 1139512.0615234375
63153169.0887492001 1140082.8583984375
65816087.1138464436 1273205.5146484375
63333993.7612935454 1165110.4096679688
65715434.2349501923 1272927.0478515625
65547362.1285884455 1272784.6337890625
63553009.5634075627 1186485.9560546875
64072580.4772199541 1226672.7607421875
65668555.4823031947 1272794.7978515625
63788757.4529546425 1210398.0908203125
63185861.8910951838 1144580.4526367188
62838055.0740746707 1095925.7329101562
63915216.8002032712 1217541.7656250000
65997065.1220797971 1273313.6591796875
65799279.4457934275 1273184.2275390625
65730168.1443429366 1272942.8154296875
65709162.2187856063 1272921.5283203125
67014978.7782344744 1273998.5341796875
66899584.3207801357 1273910.9072265625
66966927.7896839082 1273962.2412109375
67384202.7178293169 1274204.8095703125
65706462.8015272990 1272877.1337890625
64068980.0926714465 1225710.5703125000
63178784.0803783089 1143437.5004882812
62911486.0400436968 1104604.9497070312
62883234.8386548162 1100580.3496093750
62900595.1370073110 1104481.9106445312
62853131.7775775045 1097943.9721679688
62646293.9233461916 1042263.5434570312
62674532.5745836347 1053073.7788085938
65543347.3867672458 1272687.1669921875
63356097.8060560897 1167378.5434570312
63768626.3169673234 1209186.1679687500
63397915.5964170769 1174551.7280273438
68429114.1965608746 1274800.9677734375
64521457.7413006797 1251029.1699218750
64926853.4255031496 1263776.7509765625
63866734.1179967970 1212043.6484375000
65538392.5614775196 1272675.7822265625
63729757.0244939774 1203827.4980468750
66284253.0484178513 1273554.5888671875
66145603.8901311010 1273444.9501953125
62757042.1529102847 1072824.4335937500
65367242.8718370572 1272514.0166015625
65247092.8632949665 1270853.0576171875
64520073.4361558482 1248384.3203125000
62701692.3151820675 1060813.9687500000
62647716.2172607034 1043605.4038085938
65222870.7039936855 1270817.1552734375
68374403.5578505844 1274622.5009765625
62664872.3736611754 1045900.7475585938
62602420.8229052424 1033467.8286132812
64695664.8892141730 1253391.7910156250
64622513.5359089524 1252617.2265625000
62699906.7956449687 1058299.8056640625
62945890.5313627869 1111421.2944335938
64929126.1291347221 1263782.0400390625
65177918.7500313595 1267536.5791015625
66276921.1706291586 1273486.2626953125
64883266.7752625048 1259735.7763671875
63015443.5684885383 1121059.2910156250
68892472.3299366981 1274830.0830078125
62621849.6829372793 1042067.6655273438
64745800.6621156260 1257889.3310546875
64751323.9899906218 1258099.7451171875
65980269.0073106885 1273228.6572265625
63100063.6506412849 1132247.0844726562
64748313.6425951794 1258039.7402343750
62583115.2803628296 1026965.7197265625
63029041.6535673141 1123927.0786132812
66605219.2298751026 1273784.1064453125
63437515.8373211548 1178299.3652343750
64461327.4028563797 1247008.9365234375
66616541.0868906379 1273793.8525390625
64640917.9880409241 1253218.2246093750
64544329.1111891270 1251621.0048828125
64038420.1231872737 1225694.3945312500
63665239.3199874461 1200374.9853515625
63627406.6387013793 1195167.5019531250
63666581.7963769957 1201755.9101562500
66381900.7249728516 1273599.2529296875
62812319.7714622468 1084969.6538085938
63044350.0743519738 1124084.1069335938
65096201.8625849336 1265691.9335937500
66791934.2665978372 1273848.6728515625
66796270.4482691139 1273851.1318359375
67997545.7572168857 1274454.6513671875
62836955.3894013166 1089983.3701171875
67954077.5825851560 1274448.2998046875
67945686.4119156748 1274446.2392578125
67943062.8621870428 1274445.1669921875
63053691.2473525256 1126388.0966796875
62943617.8277312070 1111416.0053710938
64447456.4980979264 1244280.1435546875
68034893.4819875956 1274459.4365234375
64724139.7763392180 1253688.0585937500
66587966.6560527235 1273776.1044921875
66725592.7641579658 1273808.4931640625
67545057.4363133162 1274218.1650390625
68355775.0261406451 1274621.9912109375
64227934.9552795514 1237243.1523437500
63354517.2609145120 1165496.9208984375
63595397.1001657620 1193707.6406250000
63708855.1509878784 1201766.0908203125
64769536.2238313258 1258693.2304687500
63064601.5793382302 1131057.0512695312
64370379.2563067898 1242339.6035156250
63452830.3283575624 1178312.9619140625
64449902.4474625438 1245356.8740234375
63642677.3781088665 1200327.1357421875
63483751.3195899352 1181323.3427734375
62955355.0289406180 1116768.9838867188
63954665.4440562800 1222663.6816406250
63624984.2152951434 1193885.0126953125
66129382.7308952957 1273356.5166015625
63743077.2235364914 1207963.3349609375
65259722.5752288103 1272005.3564453125
65358194.1824811399 1272288.3720703125
62934093.6207457781 1111070.2905273438
66780754.5333318859 1273813.4697265625
63373591.4001897499 1171844.9218750000
65316593.7856717557 1272285.7529296875
63560209.6052399352 1190854.5830078125
64429620.9524310902 1243767.4082031250
64308428.1505154222 1242045.8554687500
68903697.5814362764 1274963.2568359375
63497210.9940872863 1184615.7978515625
64148019.9500398114 1232670.0966796875
63315500.3757149354 1164645.7919921875
64548954.0978104174 1251622.6552734375
64487908.5517137349 1247025.1123046875
64778614.6469222382 1258993.6621093750
63214693.9834149107 1149081.5620117188
63058380.3919725269 1126661.6376953125
63019739.3303267509 1123358.9575195312
64465952.3894776553 1247010.5869140625
63325533.4951646850 1164672.2177734375
63000353.9837544262 1118659.4399414062
64460358.4564727768 1246108.9541015625
64725976.0823539644 1257399.5546875000
63216793.1852540150 1149259.7353515625
64731499.4102289528 1257609.9687500000
63330568.7094658539 1164910.8271484375
63261792.2839528695 1154844.2265625000
66282080.3593905419 1273487.4287109375
67418980.6479359567 1274205.8544921875
63564834.5918612257 1190856.2333984375
63108866.3025834411 1137796.9106445312
64578622.5421254858 1251665.7265625000
64447904.3046132475 1244845.5498046875
65127512.6993829682 1266327.6630859375
66753159.7664904967 1273813.0849609375
63629031.6285118759 1195422.8203125000
65792925.5489033163 1273035.8466796875
65751427.1583098918 1272980.6650390625
67984532.0909548849 1274449.2900390625
65742460.9184642881 1272966.2939453125
63272365.9972502068 1163613.2119140625
62671832.9651474357 1051074.5361328125
66472210.6011124849 1273729.2626953125
65077958.9841337129 1265110.1035156250
63302362.5707980022 1164639.3330078125
63140927.7987971455 1137981.8686523438
63727239.9322061166 1202352.7353515625
63138655.0951655656 1137976.5795898438
63009878.1907398552 1119005.1547851562
63950155.4512098730 1222431.0351562500
64117238.9556265697 1232443.4208984375
63238168.4769987464 1154153.1123046875
63945246.0603052750 1222000.7617187500
63217722.6285706162 1149696.2500000000
63497310.8873594925 1185779.0351562500
63568539.7167512402 1192984.6240234375
63558852.3766375259 1187632.6347656250
63882595.5019390136 1217372.1386718750
64041898.2317716479 1225695.0234375000
63472886.2183045596 1181322.1728515625
64021654.5260938033 1225353.5712890625
65063939.8169774413 1265108.7675781250
63988093.7204420716 1222756.3750000000
64857137.9930938333 1259153.7128906250
66893218.2577005476 1273895.7314453125
64387172.8267079666 1242384.7207031250
64205149.6766778603 1235700.8095703125
67338458.8446868062 1274167.2939453125
63424016.8622206002 1178162.4423828125
62929635.8576865494 1105110.5004882812
64762320.9787458256 1258407.3193359375
63166406.3454731926 1140650.1811523438
63161024.5099930987 1140557.4653320312
63755305.5089674741 1208139.6875000000
63230721.2656794339 1151641.1513671875
65314321.0820401832 1272280.4638671875
67281627.3970695436 1274151.0380859375
63724913.9025472403 1202340.5058593750
63787997.9722230211 1209530.0537109375
62790692.0474831164 1079348.7285156250
66176184.2572040111 1273453.9306640625
65009413.6062998250 1264727.6318359375
63833844.4894369021 1211620.4580078125
64346206.9626857489 1242260.4375000000
63834278.6942402050 1211764.3125000000
63356140.7617824301 1170955.2021484375
63213841.5435794815 1147550.2636718750
63571448.5487171039 1193121.5468750000
64097834.9557717666 1231484.7558593750
63356766.8534556553 1170956.8535156250
64397605.0375763550 1242457.4550781250
63836318.9046188220 1211830.9667968750
67445274.8769172877 1274214.8154296875
67629938.0294429660 1274358.2119140625
63053249.3838372603 1125015.1611328125
64096446.5830372125 1231214.2617187500
63797458.5639359280 1211349.2636718750
63921874.9840028360 1221798.6816406250
64419459.6759915128 1243336.3027343750
63712144.1562099755 1202322.8144531250
68073627.7482412606 1274508.5244140625
62796983.1025982201 1081618.0976562500
64095889.8310357630 1227303.4257812500
68071955.6655629277 1274477.6162109375
64285518.7077747658 1238959.9003906250
64748573.1950390786 1258068.8271484375
67277170.0796144158 1274128.5517578125
67697445.7015161663 1274358.2314453125
64392980.0509550720 1242455.8046875000
66338352.8221080899 1273570.4072265625
67768570.5044744909 1274432.5087890625
66199235.9325034320 1273469.2705078125
62720846.0760978684 1067559.5302734375
62792494.9870089665 1080042.5932617188
63950081.1226706877 1222070.1757812500
64177559.5868196264 1234135.2597656250
63349717.4484785274 1165301.7470703125
63988533.6839462370 1224505.5859375000
63637790.4938352630 1199783.6943359375
62798786.0421240702 1082311.9624023438
64189093.2594452575 1235113.9355468750
64380616.6397350058 1242343.0058593750
67570661.3883335590 1274356.9326171875
65513006.6632219553 1272547.0458984375
68139259.9785957932 1274600.3837890625
66341840.6478755921 1273573.3564453125
68058543.9481472969 1274475.1044921875
66060290.7478399426 1273339.7685546875
65088067.7991696745 1265536.0488281250
63870283.0337188691 1215602.2373046875
63783372.9856017306 1209528.4033203125
67157864.1315326244 1274114.1748046875
64182248.7314396352 1234406.1972656250
65053145.9261188507 1264831.3095703125
