140259581.6811448336 3071822.7246093750
139969210.5059815645 3062235.1093750000
139749396.4010556340 3052094.0859375000
139273109.4346771836 3021053.9375000000
139409461.1089430153 3030132.3750000000
141028561.2378920913 3098005.6191406250
143078443.9121958315 3132045.5585937500
139111589.5645944774 3010995.0136718750
139084359.9971135557 3005096.1503906250
141359161.0169549286 3107334.1445312500
140760977.1611053050 3091082.2714843750
139691216.2728687525 3046959.0703125000
141547551.9800734222 3110426.9960937500
139090322.9377377927 3007578.6953125000
140642345.3425356150 3087123.3554687500
138772441.7445459962 2965469.7500000000
139815829.3671621680 3055570.6523437500
140019767.1204477251 3063024.1816406250
139521850.5983199775 3036731.2734375000
142424771.4570437074 3127572.5000000000
138910712.9867069721 2984967.2304687500
141816842.3246675134 3115458.4199218750
139664558.4430806339 3045934.7675781250
139351893.7581502795 3026002.6679687500
142836044.5920104086 3131215.1894531250
139191749.6758650839 3013967.2714843750
140087252.7988195419 3066642.7109375000
139599073.3393102288 3042052.9589843750
140671159.8291223645 3087757.2207031250
142281648.5291273594 3123192.5488281250
139235489.5246704221 3016599.8554687500
138650923.5358041823 2938959.6171875000
141018390.3506915569 3097783.9570312500
139803816.4561145604 3055246.7968750000
142561158.4957336783 3127605.3222656250
139058726.9441048205 3001781.0117187500
139687955.3635059893 3046675.8281250000
139446755.5967821181 3036643.4628906250
140308949.9947000146 3074490.3007812500
139970619.8664881289 3062394.9882812500
138917125.8175922036 2985684.5332031250
140879864.1789280772 3094544.5820312500
138795461.8517145813 2973626.9472656250
141532088.6428391635 3109851.3671875000
144058793.1590490341 3139401.0351562500
141038742.0491859615 3098628.4335937500
139249588.3058851361 3017618.8925781250
140385201.7093021274 3076791.6660156250
141121746.2114082873 3101699.8320312500
140666356.4284473360 3087647.5058593750
139005684.0343876779 2998139.5937500000
141060513.6584460139 3100402.3105468750
141908266.4271629453 3117653.4765625000
142601848.8483297825 3127862.1406250000
139898268.6186461449 3059346.4648437500
141125027.6383747756 3102047.5566406250
139604896.6363496780 3043292.5195312500
139648805.3049862683 3045548.5957031250
141408568.3102507293 3108082.0332031250
138835125.3199247122 2979604.9667968750
143710329.1815383136 3134814.5957031250
140787148.3523785472 3091472.0820312500
142104788.9091859460 3121658.0742187500
139948968.1866283715 3061979.6406250000
140268289.0700014234 3072501.4199218750
140311549.6311367154 3075358.6191406250
141577743.5331515074 3112338.6816406250
140093139.5668484569 3068383.4589843750
142667177.3119570315 3128122.2988281250
140957262.9091131091 3097555.6718750000
138709234.1995624006 2944754.5546875000
139745249.5355032384 3051047.8515625000
143924915.2988161147 3135523.7343750000
139187056.2295195162 3013412.7988281250
140942696.4509963095 3096463.4394531250
143990321.6891706586 3135804.7753906250
140617258.2634788156 3085790.0683593750
140022466.8186723888 3065234.2519531250
144027129.9430371225 3136185.7500000000
139549812.0840075910 3039345.0937500000
139106405.3612830639 3008960.3613281250
140135658.5886983573 3068767.7109375000
143853616.9700370133 3135073.7871093750
140439767.5450995862 3079227.6484375000
141866820.7041445374 3117076.1660156250
140585675.7611447275 3085728.7050781250
139603876.7399854362 3042143.1679687500
141794011.2686353028 3115416.0761718750
141862017.3034693599 3116966.4511718750
139708622.9814065695 3050014.6503906250
141046414.8772312999 3099383.2734375000
140209025.0666786134 3071035.6484375000
141206075.3147032559 3104925.0195312500
140070994.1168583035 3066480.6660156250
144367734.9811931551 3140719.6425781250
141285790.9666759372 3105867.3964843750
140534222.1352421641 3083637.8652343750
139347090.3574751914 3025912.4589843750
141488661.1717330217 3109333.6835937500
138925077.3396424651 2993781.2929687500
143149927.7574457526 3132396.3632812500
139905480.5566295087 3059871.1542968750
140876695.4349674284 3093619.3671875000
139565428.9382621050 3041909.7578125000
140038791.6207860708 3065431.0136718750
140529418.7345669568 3083528.1503906250
140287709.1377601027 3073278.2910156250
140380262.7681882381 3076723.3437500000
141792964.6163931787 3115232.7011718750
140144593.1927510500 3070474.2988281250
139760076.6073091328 3052105.4902343750
138727458.9673242867 2947752.0234375000
140723622.3164172769 3090010.4687500000
141618374.2320279777 3113270.4902343750
138983286.2040453851 2996462.6914062500
141296471.1729294956 3105878.8007812500
141670930.7487599254 3113639.4238281250
139427253.8827014863 3031751.8847656250
139853527.6727847457 3057754.5507812500
141695185.6665437520 3114174.4160156250
141385815.0876523554 3107673.6464843750
139543425.0491308272 3037129.6953125000
141461502.0364921987 3108644.4414062500
138736376.6189773977 2952900.6972656250
140928597.6697816253 3095444.4023437500
143686451.4732638597 3134588.7558593750
141696514.8947691321 3114281.6875000000
139401020.5486943424 3029575.9062500000
140636832.2367987037 3086785.1757812500
140862887.5293993354 3092397.6582031250
139193923.0654697716 3015258.4843750000
144235870.5503350496 3139690.6757812500
141151735.4068167806 3102975.2109375000
140641635.6374737620 3086894.8906250000
142082675.1301734447 3120215.4316406250
141451784.5309682786 3108573.4785156250
144335576.9307553172 3139937.7871093750
142714634.4513668418 3128964.9492187500
139021457.7642550468 3000870.5390625000
141035980.5002498329 3098439.0800781250
142256979.7716482878 3122485.1015625000
139799179.7267223001 3054802.1054687500
142364241.3702072203 3123921.5292968750
141941452.2096223235 3119491.3261718750
139925271.9803467691 3061045.1699218750
140580872.3604695499 3085618.9902343750
141448105.6159690917 3108268.3925781250
141464406.2539491653 3108798.6914062500
141914293.0743815005 3118935.3339843750
140758994.6812180579 3090100.1542968750
140272065.4377693832 3072769.2402343750
140660843.3227103949 3087309.3261718750
140665646.7233854532 3087419.0410156250
138818996.7546639144 2974580.1015625000
142013274.3207039535 3119603.6582031250
140941635.6935873628 3095828.5351562500
143663328.5835392475 3133316.8710937500
140509559.5869814157 3083385.6015625000
139223552.8410765231 3016160.2578125000
140628291.8786975741 3086347.2382812500
140435906.7229753435 3077397.5585937500
140331700.3032515645 3076609.9023437500
140707092.4464038908 3088266.8496093750
141730811.1487138271 3114650.5937500000
141376895.1208794117 3107563.9316406250
139315909.1671385467 3022177.9023437500
142332965.6688686609 3123365.5371093750
142143201.7292283177 3122026.9804687500
139345824.2066459656 3023935.4394531250
141909129.8560416400 3118751.8378906250
141678000.4494099319 3113687.7988281250
144238987.9289107323 3139792.0058593750
138727276.4992751777 2946327.9316406250
140329254.5920033455 3075490.7617187500
143677531.5064909756 3134479.0410156250
140853553.1496990919 3092081.2792968750
139560000.3956620097 3039730.0957031250
138760019.4357160628 2959293.9003906250
142206310.9794792533 3122392.6289062500
141860058.5453850925 3115949.8652343750
140849455.7891767919 3091710.3085937500
140142147.4815028012 3069355.1582031250
138754524.5976602733 2955588.9628906250
140258115.8235451281 3071400.8867187500
144367763.0606835783 3141001.1679687500
140475070.7885046005 3080575.7050781250
143269250.0965556204 3132421.3867187500
143868137.8762360811 3135268.9042968750
141938058.9976528883 3119061.1601562500
141350806.8507694900 3106028.0449218750
141826524.4617160559 3115946.1816406250
140578426.6492213607 3084499.8496093750
140457705.2243148088 3080406.7285156250
143463804.9286421239 3133224.6718750000
143361430.3280675411 3132526.2500000000
