128091413.4374611974 57443.6777681065
127312298.1579254866 55459.6226040781
139694977.7861657739 76077.1994419098
144071433.5739526153 79984.3459472656
140346971.5789796710 76940.7963600159
133926943.8535468727 67473.8029203489
135751377.8519533873 70547.1372689388
137464286.9275684655 72987.0609826229
136893819.8305187225 71987.9202431820
145425599.6751171947 80635.3293151855
136359298.9016524255 71138.6439370296
132972399.3899745792 66062.5879386663
146393830.5069030225 81137.5675048828
124312687.0104586184 45669.9776728115
137144967.1979258955 72458.2021645687
144583597.9596209228 80128.1972961426
135126305.6214600503 69365.2812432430
127348869.7782278061 55720.4295348627
134045484.1387493610 67566.3287992552
132813193.3373516202 65664.1535106897
130758714.1870853305 62459.4622988482
124663994.2857879251 47423.2295751721
136571064.8572895527 71440.1795299879
124738134.7254652232 48262.4437914961
140314097.8496669233 76717.1996097565
133764154.1568058580 67165.1391941690
135582066.7838788331 70319.7970894954
134232633.1648026705 67907.2962522581
124878040.3073857725 48429.8460283445
145552432.6136493385 80969.3057250977
135007053.8501313329 69356.2731866024
124597050.4253013581 47369.9222623613
137809560.0429117680 73285.0311894417
135397889.9579873085 69761.7229700871
141187933.6879110634 77999.5056076050
135140087.0344325006 69693.5509804866
140980814.9683400989 77827.1215744019
134993444.7535205185 69273.2170801945
141689674.1571026444 78284.4752120972
135346214.8706129193 69697.1749290712
139983073.6136703491 76497.1541996002
139412702.0998668969 75740.4456577301
134738449.1089461148 68640.7956780574
135502258.3890951872 69933.2366494320
140619708.4816472828 77220.0498809814
134916879.5427326858 69161.1932000301
133194863.9459510744 66379.4724997943
133256325.3752281666 66438.3048362200
140790588.3422581255 77388.1468124390
145836329.3175855279 80993.4610595703
134629065.7884023786 68638.9384794310
134794669.4914967120 68823.3021879271
134333496.6457546949 68336.0669584349
125217369.1681006700 50196.2912834832
137715660.7532681823 73267.8941125057
134248952.7509423196 68121.9975411743
133395385.7378534675 66545.3207566738
129951765.1944630444 61075.3661455889
141683554.7640723288 78160.5707931519
139377010.6761623919 75413.8726291656
147197646.1772255003 81385.8617553711
139253099.1185932159 75382.7965641022
134833034.6337946355 69155.7747221068
144934795.0508712828 80317.1528930664
137311145.0087084174 72698.8871670887
129438238.9370449185 60378.0939756185
144975134.2103112042 80393.6585845947
125943526.7482814342 52273.5241827914
140856155.2901072800 77529.0557174683
132661023.0013972670 65420.1420308142
131676865.4766956866 63800.4539923519
124467076.2707246095 45815.3643292086
140165721.7340019345 76667.5048465729
139863744.6587083936 76276.8793125153
124805205.8618819863 48326.6330304393
140596803.7729060054 77133.1201324463
131596876.9934965968 63723.5240644142
129795686.9607452601 60915.9958659238
131845027.0425322652 64075.4598554298
144192799.3695516884 80036.4029083252
124505152.8723470867 47314.1092290636
132975271.8136954010 66082.8563805609
139741692.1121043861 76102.9585361481
136101841.6167785525 70845.8286789842
139640867.2511517406 75880.2406406403
129006905.5243842900 59472.4714314290
144515277.2712137997 80122.2686920166
136034402.3568029404 70740.8015183397
125950376.0130694807 52307.8828253695
130166833.3047710061 61296.0849720761
129726995.6857203245 60824.7077928097
132911805.6521189213 65954.8369297013
135811662.6546968520 70570.0120226666
135887077.1687198877 70644.5013474412
129936055.6255860776 60952.7519694394
133423866.7481544316 66687.1512507861
132823811.7187625170 65767.4782313769
134189647.9745343029 67770.3452185392
136265300.4064427614 71040.5157207630
141192870.0644821525 78007.0598068237
130520892.9501083493 61991.0036883135
128606756.6536025107 58662.5212193151
140887974.8006314635 77601.4896774292
125114500.9977790564 50163.0974795320
136420291.3017682433 71336.3543855436
128482294.4410216808 58438.4796858886
136383840.6916452348 71144.0503887317
129358231.0616123229 60256.3976855059
131409474.8855867684 63370.5032076617
130582513.8809878975 62054.5045838864
128260884.6565224528 58089.1969710449
126597761.3911112100 54001.0932549187
126943113.6186653972 54818.4677320668
130213749.2568798959 61493.3774065753
138802127.7535447776 74684.8949822567
126656176.9443503022 54074.1560255238
130786403.0300683528 62538.7683291216
129641738.8741510957 60664.4405703326
131036501.8617093563 62755.9653190225
130872947.4372044802 62653.4285474569
124993577.1682462245 49136.6195439845
136322580.4652907848 71054.7526588105
136181172.7606191337 70861.5961646698
140337290.3887488246 76889.4141159058
130000297.7060578614 61174.7880827896
138481516.1822226644 74180.4248971126
145058858.8062229753 80500.3054962158
140736605.9571946859 77282.0704574585
131238185.3767764419 63096.3338395795
136181203.9089433253 70956.2238506458
130922629.1536442190 62753.3442776334
146971845.3531879485 81284.2182617188
139687457.6060578525 76049.7771701813
128064037.4278225601 57395.8561402932
139576534.9297998548 75842.6060276031
128696864.7815378457 58920.3151565907
128391931.9389531165 58286.4187942860
130297088.5021798909 61875.3196295896
128053612.1522127390 57357.3747875196
143257323.0870727897 79535.1281890869
145929859.7713660896 81074.6628417969
139852414.1840865314 76140.3575534821
126578011.4862801284 53820.9655957171
139940175.6476373672 76317.3791904449
126673933.3089804798 54219.1119581410
129037364.6546356529 59676.4681014520
133067847.6947647035 66087.7211248539
140465456.9618604481 76966.5769577026
139743007.0795520246 76118.7072486877
126726306.6230656952 54324.1798109514
148135560.3544335961 81591.0880737305
126633226.7262858450 54066.8025097796
126338326.9382869750 53492.9262890765
130206948.6344703138 61408.9269992560
140175538.0653913319 76679.3841190338
130720615.9023366272 62251.7703370973
137953762.1201341152 73521.9421079010
145443896.5757841170 80671.0542297363
126609172.0297109634 54061.1405167878
126267095.7473674715 53152.1804394671
147699045.3379249871 81405.4981689453
128754289.4926799089 59094.7861401537
129169650.4688189179 59812.3209301927
143337661.7110393047 79641.9253387451
128911187.7934317887 59310.2120434740
129227107.2830731422 59821.8938009125
128957445.7846207619 59313.9190747240
143615834.5833888948 79812.5859832764
132567470.1049282700 65273.1010248065
126125754.5316838473 52652.3535190150
137187203.8326451778 72504.4588956274
125009584.1261466891 49271.6752431937
142754311.1242343783 79256.7218933105
138036040.1232204735 73743.5711469352
132259309.7790275514 64972.1229845583
132114180.3114670068 64737.8882433474
125881574.4302813709 52237.7921750098
126822990.9199032784 54587.9642206579
142552143.8299878836 78897.3223724365
125511057.5464087576 51350.7551013827
142663964.3852237761 79119.7691955566
147779839.7230785489 81493.3119506836
128677394.2901241481 58851.6997056176
126446701.1888817102 53817.3636023392
138949296.5502401888 74845.4931580462
128587457.3571888059 58484.9254123420
145196083.2548511028 80509.8111267090
125812348.4490536451 52110.9973418266
124947149.0230410546 49119.4771379381
132522292.8552257568 65171.1302608550
136468588.9868316352 71437.6157722045
135562247.7891797423 70077.7548179198
135576149.1469414830 70164.5120811034
143481264.2806139588 79642.3817291260
143120077.5887727737 79532.1171112061
142970348.4167671204 79334.0204315186
126204378.3182415813 52952.6444507986
144350179.4350862801 80117.5808105469
125347263.0284877717 50856.4604002982
131906951.3271375746 64222.1675249636
137393622.3031021059 72806.6014259700
144225546.5021892190 80049.5404663086
138448949.9435940683 74173.3403468132
138366307.4926958382 74104.0767359734
138287010.6606115997 73928.9593653679
125970235.0328393131 52428.0031859428
128242445.8986966461 57759.9944189340
138761742.8677336574 74555.6184535027
131254078.0468591601 63114.3301971196
145303439.4672118723 80542.5417785645
128245706.6528024971 57898.8772924691
137519177.5027031600 72994.5768288020
125410802.8168270439 50976.2739961821
139110567.9902369380 75135.1035075188
137582992.7053796351 73187.1095436458
138599329.4789515734 74485.2765955925
125798564.1321093738 51842.7452843179
128243519.6632973701 57857.5984228402
125009808.5390206724 49699.6306025535
131812359.6015414000 63975.3019660055
133329694.8792969286 66493.4765385329
138993612.0285207033 74941.9870829582
125487179.8536794186 51042.0952819833
132731986.8835153282 65617.3042820632
125550563.8928040713 51361.7897002250
127201256.8786651492 55373.6720177531
125398048.7599296570 50972.9477540054
127160509.4059990346 55239.6367914081
125394754.4980509877 50943.7304231524
136914559.3894098699 72204.3845223568
137263321.1445030570 72623.6411887370
126377506.8874851018 53525.5676330575
136690877.6936150193 71724.7371787596
136991864.8250421584 72305.0037986003
138517398.5141794980 74323.1926112175
145382486.9847269058 80558.3162536621
132083411.2727696151 64407.5474766432
132845471.6737756133 65778.9094471722
136954656.6231276095 72261.4515876342
126278764.0754855722 53270.8482745835
138498830.2070581913 74315.5301966667
126881043.0526144803 54671.3007434555
136622560.3372157514 71680.7615432311
127133478.0431284308 55194.8992961594
136908278.9420992136 72019.1884134412
127131368.0367505550 55154.8796605230
138793556.9619700909 74580.9819085598
138171161.3334576786 73903.9815707207
142590656.7833776474 78964.9574279785
133522037.4995726943 66700.5052782893
127746687.3271144927 56703.6611528497
139248567.4168151319 75135.6626663208
127820955.7931156456 56859.6036850214
142109741.5194420218 78690.5827941895
127991355.8799954355 57085.9572873861
131494414.4316492677 63638.9888381325
142288326.7861820161 78766.0811462402
135483257.0459048748 69865.4913240895
131466355.7498283237 63568.0349807106
136741087.2115102410 71743.0294561908
131994809.1801394224 64282.9745504055
126026911.9594630897 52577.2169664787
127400893.1444291621 55743.5261975825
133611759.3433940262 66993.2906176448
133802818.3329596967 67238.4025931805
125652506.9467139691 51769.1403601319
131898155.7292237431 64165.6261987928
133816321.3034978658 67292.2736956477
125651920.1350550503 51724.5063341545
125599018.3971543163 51658.1053942131
127585777.9591601491 56240.3822221856
128021442.0647786111 57259.1966192573
128030808.1651384979 57259.3557927758
127554228.3671220541 56240.3817001581
142029550.2331768870 78593.2062072754
131296241.8244129866 63256.8795557264
133891450.1586280167 67315.9686534647
142159146.6897157431 78716.7596435547
127601965.3611191809 56447.6377929747
134617426.4115937650 68564.4952190164
134781244.2507025003 68808.6326701883
141897481.5207444131 78483.9402313232
131443037.2038410306 63503.0658045057
127901070.9977885634 56987.0867190659
143991065.4661245644 79908.5888671875
144672661.9690482020 80261.4356689453
134473156.0610573590 68399.5441081766
144311066.7606110871 80088.3348999023
131110441.7687758505 62920.6512815654
141649287.3319091201 78042.8300323486
134115332.9603961855 67691.5511119608
141669833.1974590123 78156.6182098389
131740874.2072997838 63885.0372400526
132007830.2071473747 64376.9502649549
142264457.2430359125 78736.4569549561
134191651.1873938143 67862.9814011753
134123776.4079933465 67695.0361665189
142573545.5933095813 78920.2075805664
133167766.1351996064 66105.8346901210
132422690.9677052349 65131.7546938108
