90809602.4996882230 1427908.2519531250
88649598.8425865024 1267175.7919921875
88628500.4633868188 1266161.5649414062
91447687.7917636931 1451097.4501953125
88197954.1485317498 1209235.9453125000
90128146.2186299264 1393025.0380859375
89934530.5380684882 1380100.1806640625
89144579.0384075791 1316665.0029296875
88734520.3091184944 1277938.4897460938
92050637.9743415415 1467663.1562500000
91946693.0067179501 1467396.2490234375
90653089.0902754217 1419766.1635742188
88932441.4254538417 1296428.1938476562
88039175.9263249636 1185787.0148925781
91880941.7853836566 1465598.5498046875
87928261.6001966298 1161122.5119628906
89509960.1183115691 1347330.9267578125
87872746.3963540047 1146726.4294433594
89617541.0110813230 1355674.5947265625
92086760.5623842627 1470817.3505859375
90105295.1072100252 1391948.9389648438
89377189.7732168734 1334855.3774414062
90822623.3739852607 1429030.8789062500
90228405.4185824245 1395669.1103515625
88009337.2997085750 1177153.7387695312
89399149.1632471979 1339148.3540039062
89589575.5043456405 1351975.2241210938
87710366.6545571983 1106446.0209960938
89212260.2694517672 1322783.0502929688
89246589.9250589460 1324407.1674804688
90856384.5046559721 1429770.0180664062
89825148.5351698250 1368282.6953125000
89161692.3019398451 1322764.8725585938
88143364.9126038700 1199853.5395507812
89892231.5855806768 1377542.7568359375
91218035.4917676002 1444847.2021484375
87717065.6886163503 1111292.8748779297
87707949.8134958446 1103302.3992919922
91369102.5325622559 1449906.8710937500
94567864.4832670242 1476585.1904296875
94848718.0043328255 1476598.8710937500
93343371.3041406721 1476343.8857421875
93488795.5419240147 1476359.3505859375
94172965.3458264470 1476512.4550781250
93694141.6806567907 1476431.3818359375
95286110.2788407356 1476731.8671875000
88764887.1160513759 1284112.1640625000
95153336.5261749923 1476653.7861328125
90894556.0092386752 1434904.6220703125
88228197.2507834136 1214428.4975585938
90978646.5781498700 1435344.4746093750
90815191.2827297747 1428478.4355468750
91273874.4340594560 1445467.2910156250
88315064.8441396952 1227338.4509277344
90208772.9107193500 1394963.4892578125
88930887.3339610994 1296333.7001953125
90298978.8557295799 1405240.3955078125
87834554.2138900161 1140806.0102539062
88358571.0447711051 1231697.8679199219
89595779.9889669567 1355239.4111328125
87882043.8127698302 1150642.4268798828
90416245.1553245485 1408573.1386718750
90343440.5655293614 1406489.2670898438
88760226.5536957830 1282664.5092773438
91856248.0969589055 1463044.0468750000
88818019.5121567100 1287226.4829101562
88695893.2557726353 1274330.3510742188
89109601.1356902570 1315236.2001953125
91838130.9176421463 1461658.4287109375
91630767.4011267275 1460006.7421875000
92220384.1627754569 1472782.3906250000
88855194.7348122150 1295234.8461914062
88073490.5072965026 1191384.1062011719
90539218.0354412496 1418943.4042968750
87946826.3992602825 1161396.3361816406
87917490.1219873577 1154529.0751953125
88820758.9886434525 1288131.7504882812
88913205.8194976002 1295634.7363281250
89683019.6702158898 1358302.4409179688
89831512.7561960965 1369626.3540039062
89956997.1276263744 1380338.8911132812
89308102.6541958898 1331990.3955078125
89446611.9581210166 1341229.8979492188
89038311.6550816596 1310540.2275390625
89862640.1549326181 1373581.9165039062
88080608.6000138521 1194710.4003906250
88061298.6013543606 1189378.1020507812
88094739.7587704211 1195780.8400878906
88017374.9899248481 1185493.4594726562
88391748.1926407367 1235297.9260253906
89390298.5671279579 1336317.4423828125
87730436.1840845644 1118550.5002441406
89679727.1610804796 1358134.8847656250
93545205.7944244295 1476372.1025390625
94117335.6519302130 1476504.1259765625
94368330.8009837866 1476527.2812500000
88409112.2768272758 1239718.8784179688
87999407.0423488468 1176557.2919921875
87980306.1519092768 1169080.0385742188
91841653.4931246489 1461902.6005859375
92881290.9448521882 1475079.4882812500
92181568.2996076941 1472593.6337890625
93141878.6498725712 1476202.5839843750
91049681.6408256888 1436915.5283203125
95039168.1753753871 1476625.7851562500
88973899.8744155616 1304490.0917968750
92480766.9047423601 1474164.0439453125
95055834.0617680401 1476629.0820312500
88838828.1443850845 1288954.8066406250
88927655.2834532261 1296330.9287109375
89338316.0502469838 1332195.2099609375
88936301.1534640789 1299653.0473632812
89021893.2510980517 1310414.2763671875
88801083.8444258422 1285310.0048828125
89129226.8238063902 1316380.9985351562
87829571.1391959637 1137371.1840820312
90236938.9051792622 1396400.4936523438
89006269.8758092225 1307607.5263671875
88864748.9995031804 1295494.2006835938
94140383.3589355797 1476508.1289062500
92919491.1692904979 1475975.3271484375
93579249.1490965337 1476384.7656250000
94083265.3401571661 1476486.6562500000
93135137.3141980171 1476195.2714843750
88407409.4387308955 1239302.1394042969
94450275.6784562618 1476541.8193359375
87909730.2903635353 1153172.7407226562
91451160.4292531461 1451983.0410156250
90093846.2417847812 1389924.0170898438
90033785.5492852181 1385054.4965820312
87776187.1771499962 1128628.2734375000
88724590.0517587811 1277703.8666992188
88445334.2870097607 1243152.9089355469
87982795.7395624220 1173015.5969238281
88012643.2011522949 1183798.3710937500
88807504.0481707007 1285813.8935546875
88656301.9250973314 1269650.1357421875
92333454.7683863938 1473934.8154296875
87822790.3020940870 1135281.9406738281
89071969.4376806617 1312297.1318359375
89299493.9982947558 1331134.4589843750
92232613.1455703676 1473685.4511718750
87918729.3490860164 1159903.8190917969
89457634.7387249619 1342882.4443359375
89477431.8639128804 1343927.5483398438
89998967.0850881934 1383736.9072265625
89880274.5811114609 1374669.6748046875
89262697.2513187081 1325904.7954101562
87991602.6003130972 1174028.9572753906
88048094.9822839350 1187487.7509765625
88118219.9483866841 1199496.7983398438
88170250.6082479954 1206664.6367187500
89265481.1692112088 1326561.2583007812
91168464.7302774042 1444632.7187500000
91095012.8416653723 1439199.9335937500
90906146.9447631389 1434932.6933593750
88971510.3527488559 1303721.6469726562
89654561.2928873748 1356085.2924804688
93422379.2855871320 1476353.4589843750
94009206.4133533984 1476462.4902343750
93523172.4067200571 1476367.9648437500
94014626.4490702152 1476468.4277343750
93322282.0529399067 1476326.6767578125
90719163.2294461131 1425585.4389648438
90509624.3763458878 1411755.2231445312
89574427.2600729614 1351618.4575195312
87974685.1200571209 1165642.2802734375
88398257.9533577710 1237426.7629394531
90672034.4890608788 1421280.1137695312
88579574.0256806612 1261371.1577148438
88536744.0158313066 1254619.9018554688
87897426.3325283974 1152767.1804199219
87753724.7640427500 1119224.0410156250
89425252.8764767796 1341226.8530273438
90270053.2394693941 1400646.2944335938
89364045.9293739945 1334768.3872070312
88236804.9180711210 1215435.1506347656
91502185.3604301214 1453555.3427734375
90016271.6373461932 1383881.4560546875
89502402.0401501358 1346108.2514648438
89548014.5384778380 1350815.3964843750
89728181.0432533175 1365401.0458984375
89759855.9904754013 1368276.2060546875
89845411.0255768597 1370952.5585937500
87949809.6551928818 1163398.6936035156
88955832.3824592829 1302312.6118164062
89093539.1708774865 1314029.2597656250
90691491.4026764631 1423300.1108398438
92737950.3409903944 1474856.4384765625
93643274.8757282794 1476426.2539062500
93492031.3852723241 1476361.0712890625
93790217.6437780708 1476460.5507812500
90677389.5863748640 1421352.6601562500
90611768.8829862475 1419720.4721679688
90527540.3049052060 1413462.8657226562
93079418.2706533223 1476017.2285156250
91739679.3171911836 1461378.1494140625
93114048.0629972517 1476178.0625000000
89658221.1860877275 1356525.9687500000
91602114.5951682031 1457824.1669921875
87963579.3230291307 1165180.6979980469
88670910.2051182836 1272098.0634765625
88739128.1744960994 1280132.9194335938
88546524.1994990855 1256812.5288085938
95190259.6708371788 1476663.8613281250
95105471.2485806644 1476635.3564453125
90159352.8973419964 1393652.6591796875
90465683.8784475178 1411128.8706054688
88312135.9149696529 1226442.0849609375
90428857.2636495978 1409202.5756835938
87862642.4091122895 1146688.5590820312
89667208.9278286546 1356769.6318359375
91599539.4434110969 1454507.5410156250
90295030.2950029671 1401298.2568359375
92250593.0019636750 1473686.9980468750
88368454.0895543098 1235074.0817871094
89850785.3082648963 1371718.0668945312
91739235.9004973620 1460712.5146484375
90037194.2083602399 1385888.7773437500
94073750.8152252287 1476472.1894531250
91872333.0112755150 1465021.8525390625
92325392.5095841885 1473804.1943359375
88326635.2446991205 1229080.9924316406
91344223.0464583337 1447672.1982421875
91451617.3929181993 1453537.1650390625
88687801.1789139062 1272999.7050781250
88720612.6122046411 1274809.7099609375
89147484.1695610583 1317554.4829101562
88156668.4380863309 1204638.6203613281
88188046.9479896426 1207936.7180175781
92141938.4872741401 1471898.0634765625
88257487.9014247805 1217741.7346191406
92047534.6295339614 1467645.6132812500
90861278.2069913447 1430126.6577148438
88213095.4191386700 1213888.3708496094
88259652.5620492846 1220785.8386230469
88283390.5555541366 1221618.9919433594
93417373.2855502367 1476351.4980468750
87817477.3720493764 1133987.7656250000
87792266.9336884171 1128812.1662597656
92539465.2649235427 1474362.3886718750
88490482.0992642939 1247761.4553222656
92707010.9159322232 1474806.1289062500
93591087.1657835543 1476395.2490234375
92698135.8680747449 1474695.4765625000
88152530.5105277151 1204065.0014648438
87842690.9846383184 1141887.4348144531
92911291.2210537195 1475091.0654296875
88480483.3658649176 1247509.1481933594
92062451.7059472799 1470638.9365234375
91511165.9533881843 1454436.4394531250
89684011.5947125703 1360027.1777343750
91995407.8936581016 1467603.3730468750
87797031.3605388105 1132456.0773925781
88509232.7837282866 1251514.3874511719
89111877.2830542177 1315386.3793945312
91010328.6652580202 1435740.2636718750
90743601.8433236182 1427435.5151367188
87856926.3956085593 1142909.8798828125
92600957.5006788224 1474468.4306640625
88503559.9453530759 1248370.1828613281
88603591.6547714919 1262742.5278320312
88599328.7368555218 1261650.5102539062
90477326.8478737921 1411506.5644531250
89002392.8465484381 1306310.4697265625
88352091.0597700328 1229236.0117187500
91445596.3070142418 1450818.5634765625
92483744.6947789937 1474244.7226562500
88251092.4376908392 1217454.9895019531
93314938.4167774022 1476219.3505859375
88615473.9741034955 1264413.4570312500
90521418.3909825385 1413132.6416015625
90705430.3387409151 1423818.1342773438
90259845.1101600230 1400483.9863281250
91939871.0694429278 1465891.3007812500
90088210.9699046165 1386345.5810546875
88508732.7321585119 1249028.0388183594
90957011.3616654575 1434953.4873046875
88471634.6459755599 1244099.7121582031
89262463.2509294897 1324441.0366210938
88293374.6581051797 1224366.5644531250
92661308.4724340886 1474548.0527343750
88349687.8662359565 1229198.4106445312
87990798.8239461482 1173330.2468261719
91414391.6309444606 1450794.9609375000
87972836.8579427451 1165638.3398437500
92490715.3897055835 1474317.8076171875
92485417.4633070529 1474314.9716796875
90221636.8811620474 1395081.5942382812
88429982.5907059014 1241399.4406738281
88473469.9072235376 1245750.0754394531
92824600.7425973713 1475049.4824218750
92607466.6112434864 1474529.0488281250
91021919.6007824838 1435768.3349609375
91698567.3277181387 1460688.7490234375
91916037.9660193324 1465691.1621093750
92689236.8137905896 1474643.7138671875
88559829.9569047838 1259184.8852539062
92426925.0435517579 1474145.0400390625
88414339.5262831599 1240765.6125488281
