115956528.4314527363 9273.5756020397
134440565.2073091567 22305.5438566208
127710631.3495843410 17294.2375362217
130425875.1302498579 18771.9921176769
117987881.5961972922 11532.8379545063
115931286.5245921910 9255.3151662536
115867525.3696957976 9183.8492679484
115700656.4539931566 8589.6142616756
115867525.3696958125 9183.8492679484
136138870.9478650689 22988.8521118164
115903613.6611128449 9241.0172155090
115521159.6641062796 6893.6300928742
115723213.0729275197 8615.4672909267
131480434.6313092560 19295.3618559837
126919726.4561880827 16919.9401062131
115508085.3593259007 6799.1933269054
131172798.3230699748 18987.2916603088
128002847.2274629474 17756.0942881703
116673113.9214466512 10394.0961132236
115644160.1225242168 8190.9042050987
126469330.9111358076 16797.5918243527
126651101.7266208977 16854.2947052121
115991756.9379354715 9511.7467630394
134309324.2518524230 22117.0867557526
115652394.0837478042 8191.9666745812
129772032.5234782845 18601.7885773922
115620366.9639203697 8016.5403388143
116889716.5843276531 10774.4687128253
115731447.0341511220 8616.5297604091
115708890.4152167737 8590.6767311580
115603788.4028807133 7875.3480937630
126229866.3713390678 16790.3087581396
115595515.1491085291 7873.7538092285
135848538.6453948021 22742.1945075989
134127964.0088212937 21800.4681749344
116681347.8826702684 10395.1585827060
125377419.3303557932 16492.7990052253
124783802.4598572403 16163.1177413017
115890100.4821478873 9192.7688646205
116819991.4389752001 10663.2430141531
115731447.0341511220 8616.5297604091
120762444.3511808366 13706.1162016243
115572474.2498013079 7564.8899741322
115818880.3962801099 8866.6988720782
116276447.9644815773 10050.5315101631
131566922.6212072670 19427.5437463820
116695689.0338986814 10403.0157098956
116915409.8791917562 10784.2498127073
135995253.4757001698 22846.3290557861
116099957.6664011180 9671.2213800438
116645391.0211208612 10364.2934691363
115775357.9461816400 8812.5564275719
115890100.4821478575 9192.7688646205
115773383.5910226703 8792.4124653675
132402450.8870001733 20385.4889755249
132470987.1802840233 20494.9534530640
136249211.9283615351 23017.8452148438
115551386.7629188746 7257.5157916099
119095715.7272458076 12605.2340698391
127483291.8042504340 17219.0736431628
127118593.7869435549 16997.9882934690
134804891.1920894086 22692.0265426636
131541475.9441210032 19352.4818205833
116010377.9413075000 9568.3609349914
135463042.5690006316 22723.2983398438
128294693.1055468023 17982.0919761360
116593985.5350135118 10292.2981376536
115692675.2206240445 8421.5132380463
115685588.8915108144 8393.0636602379
135897747.8189089894 22845.2630004883
115548315.0484449714 7207.2671180516
115826164.9129646868 8867.8064232953
121265970.6485794038 13790.3170510679
115624131.3269391954 8050.0602351166
116863955.2235607058 10754.2315175735
115538312.4581384957 7163.0790256411
115883043.8476039618 9186.0192886479
131772720.5697127730 19769.4697451293
128790472.9601226598 18121.4908256233
115735632.9426836371 8738.6636338830
115662903.1404663026 8245.0767574795
133596148.9680187702 21109.6804828644
115866350.8170789778 9167.7932782806
115749554.1552633047 8739.7261033989
123739412.4680028409 15499.5374811308
115749554.1552633047 8739.7261033989
115926188.7735649049 9249.9368121810
115692675.2206240147 8421.5132380463
115761832.3852865696 8765.0253570415
116154670.5372730792 9707.1194246300
116091723.7051775455 9670.1589105613
115576465.6060176641 7596.7375722677
115761832.3852865696 8765.0253570415
115903613.6611128449 9241.0172155090
127797821.6807766110 17358.1493709385
116154670.5372730792 9707.1194246300
115966560.4932083935 9277.9777295776
115753598.4240629673 8763.9628875591
115818880.3962801099 8866.6988720782
115553424.7067104429 7287.8737371713
116216833.0760402679 10030.7566483058
115528731.1442214549 6929.6081638485
115558958.2430340499 7293.5828042179
115523197.6078978330 6923.9880384356
115624131.3269392103 8050.0602351166
115662903.1404663175 8245.0767574795
115606024.2058270276 7926.8638921268
115542247.1509886980 7201.0042753965
123362163.3065399975 14783.0329295248
115559492.6041667014 7294.1365798265
115529265.5053541064 6930.2508810908
120734721.4508550465 13676.3135575370
131408191.9629435539 19284.8738036156
115812261.8279320598 8830.0504317917
118893264.5319526792 12168.2352475971
115681010.2615785003 8368.2731004693
116099957.6664011329 9671.2213800438
115754132.7851956338 8764.5166631676
115762366.7464192361 8765.5791326500
115672776.3003548831 8367.2106309868
115926188.7735648900 9249.9368121810
116593479.2865026742 10260.1723612302
133982013.1636423022 21168.2737751007
134015798.8693117648 21269.0224475861
115571664.5550094843 7503.8950908333
129258407.9399069250 18297.4440186764
115614297.4595992118 7928.4581766613
124870992.7910495102 16227.0295760185
116181206.8880849779 9909.0055630393
115983522.9767118841 9510.6842935570
116114298.8176295608 9679.0785072334
115563391.3012373000 7502.3008062989
115681010.2615784854 8368.2731004693
116667966.1335728914 10373.2130658084
127006916.7873803526 16983.8519409299
115654669.1792427152 8244.0142879970
115999289.1654124111 9536.0811846293
115606024.2058270276 7926.8638921268
115797920.6767035872 8822.1933046021
115868059.7308284789 9184.4030435570
115654669.1792427003 8244.0142879970
115614297.4595992118 7928.4581766613
115876293.6920520812 9185.4655130394
122204816.4244315028 14349.6801602409
115911847.6223364323 9242.0796849914
115723213.0729275197 8615.4672909267
115819414.7574127764 8867.2526476867
115488585.7769849151 6266.6465717230
116052363.0018465817 9587.6796586700
115685054.5303781331 8392.5098846294
115874809.8863803595 9184.9568191655
116058641.7916934341 9594.6218593158
122833947.9579147846 14353.9032851607
116627820.8738027215 10301.0841645785
116186244.4526969790 9978.5797507502
123168818.6304932237 14401.9430495650
127349721.5666087717 17171.1905286908
115767850.0546990633 8786.7033983208
115741320.1940397024 8738.6636339165
116653624.9823444337 10365.3559386187
118722480.7128280103 11787.1453676373
115672776.3003548980 8367.2106309868
115911847.6223364323 9242.0796849914
115753598.4240629673 8763.9628875591
115741320.1940397024 8738.6636339165
117064465.1820266545 11081.0143884734
116851875.9249694049 10736.5710441672
115839386.6185873151 8995.8398905285
115839386.6185872853 8995.8398905285
115902990.5449569076 9193.3226402290
115826496.5557782352 8995.2861149199
115813346.8599565178 8860.9898050316
121601490.5224926174 14076.2552503496
120970921.2420299798 13777.3480729179
115693732.6629675925 8441.1034246087
115819414.7574128062 8867.2526476867
120018371.4340657145 13580.6360844688
119618872.2618491203 13209.1830815391
116157600.3685402274 9828.6528037824
115813346.8599565178 8860.9898050316
115902990.5449569076 9193.3226402290
118812124.3978284001 12119.4782028347
133522529.4826619327 20563.2686905861
115529899.1944901645 6958.9158053249
119415561.8561240882 12795.4605970085
116797183.4229601920 10636.1912657672
124549223.1393633932 15503.9944572018
128554624.2621226311 18009.8407773674
118702080.1906019449 11744.9748328328
115494103.3758362830 6544.7624529153
115863926.9425143301 9137.0321355797
115501832.1230412871 6587.4628023952
116511991.3627960533 10204.6781499125
115515656.8394410759 6835.1713978797
115863926.9425143450 9137.0321355797
115495265.1547339708 6549.5933459823
115516191.2005737275 6835.8141151220
117515195.8034997582 11303.6922064643
117063086.2817319930 10987.4477812217
115510123.3031174690 6829.5512724668
115690964.9655338824 8415.2503953911
115489740.4747702330 6483.5007916961
118922996.9121326655 12439.5114717185
128254034.4945133179 17866.1471891105
124551767.0052776635 15528.5271722823
115630876.0206388533 8069.6504217125
115690964.9655338973 8415.2503953911
115630876.0206388533 8069.6504217125
115588243.1160491258 7645.0873358846
115636943.9180951267 8075.9132643677
115594311.0135053992 7651.3501785398
115855711.4748084098 9119.0362335183
115582983.3065197915 7618.0000570305
115582983.3065197915 7618.0000570305
119307856.2622055560 12714.8987892733
115540350.4019300640 7193.4369712025
122188156.2068244815 14152.4064009190
115697836.1559272707 8446.6065830588
121276907.1955866218 13918.4610737429
118570800.6348237544 11741.8559255600
118779885.7214474529 12110.8763475120
120938319.5886343718 13776.9797733724
116060215.2243666947 9641.1943122484
116365891.1378199458 10071.7417654730
116147173.4629322439 9700.2887625433
115482853.5493495613 6243.1053429518
115593776.6523727328 7650.7964029312
115533164.2024247348 7138.4151075631
115501198.4339052439 6558.7978781611
115636409.5569624454 8075.3594887592
115636409.5569624603 8075.3594887592
123124225.8490377516 14376.5610200316
116722553.3996159434 10549.8382365406
