91768361.5401519090 1825210.0595703125
91671682.2246939540 1824132.7695312500
89662216.2336344421 1715725.8906250000
90094298.4959991872 1749663.7509765625
89464218.1945409179 1702120.3637695312
89795856.5282139182 1734563.8906250000
90294764.0093242377 1759204.5986328125
92247130.2428830713 1838762.5712890625
91579973.5892490447 1817471.6562500000
89426751.6758673489 1692949.5317382812
89289444.9599710703 1678936.5595703125
89301078.4593954384 1683806.5444335938
89120325.8680995107 1664593.3090820312
89266611.1147461385 1677213.4707031250
88731370.0200358927 1631324.2480468750
88251580.5627417713 1554236.8803710938
88178931.1863748729 1535766.6582031250
88791755.4380525351 1632222.8325195312
92170868.4661879838 1838757.9355468750
89649276.6988378465 1711863.6557617188
88239646.9808077663 1549195.8364257812
89018093.6218625009 1656368.8911132812
88979407.2573282570 1652198.3803710938
92023428.7414419502 1832971.1376953125
88121333.1316489279 1535146.3491210938
88687507.9252301157 1624644.7553710938
88808157.8941213489 1636958.0859375000
90613030.4269078374 1777764.1259765625
90119958.0537153184 1751102.6650390625
90539149.4565057606 1769266.0722656250
92830168.0453293025 1853375.4072265625
91074335.4277329743 1798758.3935546875
89721364.9911763966 1718143.2714843750
92453084.4257560074 1845466.8320312500
88608932.3880070448 1613861.2021484375
90553598.9204614013 1769518.8261718750
91450470.9219186902 1812708.5722656250
89757077.8658785075 1731101.9921875000
88985007.7367947400 1652370.2431640625
89459635.4322049022 1696267.6049804688
89502965.1378562897 1705660.9233398438
89490366.8586192727 1705488.3291015625
90272974.1144183278 1758482.4804687500
89725687.5505256057 1721076.6293945312
92314230.1133854687 1839728.9599609375
89053615.2237055749 1657707.6904296875
88832428.2736351788 1640260.3461914062
89343208.1290675849 1685931.2080078125
90605803.7509306967 1776159.7734375000
91541419.0657413602 1815262.7080078125
91757796.8909445107 1824805.3486328125
91211308.2837915421 1805370.2441406250
90060604.5857284218 1749430.5302734375
88448972.9086491764 1585944.3603515625
90965001.0199002028 1792538.4277343750
91871901.6935083270 1831421.8349609375
88702609.7568748593 1625928.2636718750
90204506.0883979052 1754305.2187500000
90766441.8615509272 1787181.2490234375
88486222.0993108749 1595429.5585937500
88542528.2612219304 1606517.2246093750
89168809.7080778778 1672400.1035156250
91930938.9248928875 1831674.5888671875
90296372.8629592508 1760097.8583984375
90384746.8713183850 1766996.1953125000
92935183.4732593745 1854302.3173828125
91155887.8506772667 1798839.2656250000
89884189.7764844745 1740435.3369140625
89746948.0275109410 1724759.7578125000
88623889.1455988437 1619828.7783203125
88602185.5018902272 1613467.0078125000
89622868.8134211600 1710216.4921875000
90047262.7165313810 1743187.7768554688
90674056.7729213238 1780569.3984375000
89525419.1548823416 1709363.0405273438
90372968.2151865959 1763474.6386718750
90308988.5008342266 1761925.3359375000
91550694.3084989637 1817467.0205078125
92488350.8902196139 1845715.8222656250
89095342.8174451441 1664151.9956054688
88961425.8476186693 1649500.3139648438
88886174.2936988920 1645979.4272460938
88940913.4208875299 1647138.3930664062
88716592.3433768600 1627052.9511718750
89073304.0528456867 1658667.9511718750
89121101.7590004206 1665013.8920898438
89066537.8934635520 1658039.5717773438
89039017.3360410929 1657102.0957031250
88942474.9641101062 1648486.6000976562
88912766.2226866037 1646335.9868164062
88866159.0797882378 1645474.0903320312
88930562.5624282509 1646697.9750976562
88638664.0669438243 1620065.9082031250
88795735.1010050774 1634215.5971679688
92741470.9991341233 1853264.3261718750
92521992.1764148176 1846529.1728515625
92142863.9971369505 1838033.6855468750
90533563.0781580359 1768065.4882812500
92425191.3373570740 1845372.0136718750
92657371.1408368498 1851715.0234375000
92982989.5194061846 1857665.3554687500
92872190.8839436620 1853780.7324218750
91023993.2206207961 1794889.9316406250
90745570.6333612055 1783778.9482421875
93072373.3262453079 1858685.3447265625
93143786.4324089885 1860392.5830078125
89126855.7474588305 1666643.7885742188
90239082.1453969926 1756037.7353515625
90578091.3357501477 1771274.5234375000
88672216.2200590968 1622058.0019531250
89160377.7906767726 1668901.1591796875
91542216.4549264312 1816985.7001953125
88018149.8566502333 1507303.3515625000
88054848.5759382695 1513491.5864257812
88021027.8813987821 1508606.1474609375
89295028.2752959728 1681278.5058593750
89084974.6314828843 1660384.8422851562
92910650.3576293141 1854262.0527343750
92317245.7657160908 1844374.2871093750
92180044.8670493364 1838760.1630859375
92120129.9588662386 1837787.2226562500
90648511.7478611469 1777987.6787109375
88022267.1084974408 1510866.3051757812
88203508.3923946023 1542953.2109375000
91407248.4039122909 1811982.0947265625
88117700.4141678512 1528833.3374023438
88199385.5924568325 1537599.2763671875
90940557.3464823216 1790172.5703125000
90184600.1060592085 1751584.1435546875
89445419.7015310824 1694181.3735351562
89226843.4266855121 1674657.2167968750
88087253.8630311191 1522938.0361328125
88379196.6864529252 1568406.5546875000
91220619.9658745378 1807197.7216796875
91364650.1455298066 1808860.6406250000
88962603.2826246619 1650651.0742187500
89076547.5039650649 1660380.5698242188
92826044.7430175245 1853289.1123046875
92569157.0185486227 1846921.3164062500
88526191.3254940659 1603695.4331054688
91493696.9404544532 1814713.6132812500
92316557.0104513168 1840035.9892578125
88102578.5028377920 1524787.2636718750
88064067.3518418521 1517181.7788085938
91480297.6195993423 1814538.4580078125
88308547.7830538452 1556409.1523437500
88487555.5069802403 1598613.0502929688
89353392.7454681695 1687434.9389648438
92062077.3469758630 1833692.9794921875
88579186.3123156428 1607544.1328125000
88517275.6836397648 1600069.7392578125
92003571.6353203803 1832968.7294921875
88064406.9982551038 1522150.5917968750
88409239.3691677153 1583500.6528320312
92260110.0870356411 1839261.7500000000
88400837.2977573574 1569200.9223632812
88196202.5835103542 1537582.1254882812
88118770.4793327749 1530296.9868164062
88329474.6176135093 1559190.7622070312
90523171.2019652724 1767390.8837890625
88584400.9268615693 1612490.4501953125
88223582.8438142985 1544502.4418945312
88230674.2232513577 1544667.1435546875
90272858.9762441814 1757225.6113281250
88337379.0643573701 1560359.6855468750
89246048.8749752194 1677099.6542968750
91182567.2020276934 1802497.9970703125
91034893.4745475948 1796375.0507812500
88001305.8349508196 1500444.6831054688
88338779.7782642096 1560834.1718750000
88004215.4394684434 1505602.4448242188
88468902.5660267025 1593029.1435546875
88527753.3398769796 1606280.0947265625
89296670.5965210497 1681614.6381835938
89243175.3640800416 1677051.0424804688
92610616.8364051431 1848306.2753906250
89177390.9022025466 1673411.1435546875
92106178.9088308513 1834175.4306640625
88372992.0324408114 1566691.9370117188
88456422.2254088372 1591453.0903320312
89342040.5982448310 1684612.5356445312
91400696.6331943125 1809723.5117187500
91179876.7260999978 1800837.1884765625
92000266.4383438826 1832294.8427734375
91807871.0427620709 1826606.8886718750
90986723.6883217096 1792890.0830078125
92897334.3233249485 1854170.1982421875
90585117.4732189029 1775609.0136718750
91241557.8965569139 1807921.9716796875
91356853.2663660944 1808402.0146484375
91620443.8050349057 1822601.0361328125
91473386.2732518911 1813896.7529296875
92118211.8104190677 1834772.6777343750
89278363.8464769274 1677728.4946289062
92074017.3294551224 1833713.0644531250
88349478.1457257569 1564411.5966796875
89453809.5728404522 1695757.0629882812
92588569.0464646220 1847950.2539062500
88405346.9317302853 1578045.7651367188
89362781.9784586579 1692151.6059570312
