107773100.5545016825 544045.0471191406
107560536.7427358031 495934.2460937500
107765106.4087739289 543549.4152832031
107450891.7507374436 451939.5498046875
107881179.9785144627 562873.5861816406
107851894.0921428055 559140.5729980469
109892910.9797191918 760826.5556640625
110516134.6575195193 787988.8979492188
107447781.4499247521 450800.8447265625
107814337.9758811593 551674.8308105469
108957553.3774146140 695095.1320800781
110157317.6600996405 773964.0820312500
109318576.1049441844 723795.7561035156
107889809.8203353584 564425.6083984375
109068116.3631648272 702905.8916015625
107462482.7613504380 461603.5805664062
107739865.7241668999 535909.7331542969
107869784.5368110090 562349.5139160156
107930997.1279691011 574585.2414550781
107984524.2246127129 579170.6508789062
110030727.3449632078 769901.1469726562
107416345.7797039151 441561.2729492188
107457253.0047929436 458978.7226562500
107728470.2824634612 535385.6608886719
110416677.2737046033 785715.1928710938
107569164.1409469843 497137.5993652344
107754040.8161487281 539410.5062255859
109851388.4718450159 760012.1557617188
107682608.3806051612 526670.8787841797
107947738.5542455763 575500.7131347656
107486042.9816937894 471077.3798828125
110130391.3566294611 772819.5810546875
107702176.3516751826 530985.8948974609
107831157.1167234331 556568.8762207031
108364366.0449878871 635630.5183105469
109024922.2699777037 701892.7324218750
107901904.1528589725 568804.6037597656
107473908.4371889383 467414.7541503906
108472917.9023387432 647511.4677734375
107920734.3332039565 570880.6982421875
108985789.2294951677 698643.5590820312
107627263.8832805753 514825.6292724609
107690091.8767741174 529206.3708496094
108788019.9507864416 683802.8645019531
111239788.8068984449 809938.3637695312
107894034.4157193303 564798.9462890625
108142757.5931342691 605168.6286621094
107592820.9477836341 503748.3990478516
107502325.0046566874 473871.4434814453
109225775.8695545048 718851.2812500000
110879607.9560920298 801769.0180664062
109973503.1759275794 769052.8007812500
107473506.5877264589 464495.3714599609
109321482.3001286983 724289.4875488281
113437033.6965079457 835211.1713867188
107808853.2354573458 550252.7775878906
107501132.9348560870 472849.2237548828
110076364.7541294843 771659.0644531250
107659160.6737290323 519288.5740966797
107991658.9344535470 583730.7832031250
108726793.5494098216 675328.7814941406
109362044.5023966879 726951.5642089844
107503253.8569573611 476229.8408203125
109641575.8300643265 747007.1430664062
110600870.2888782173 791494.6259765625
107790727.1641148031 547886.0187988281
107820201.8917002976 555268.3234863281
125235115.9255222231 891278.0820312500
107665891.3033681661 521521.7386474609
107479680.6212692112 470634.7038574219
107679299.7566412389 524312.3254394531
109198849.5660843104 717706.7802734375
108610719.7372088879 661285.1223144531
108541544.9363677949 655462.1311035156
109708895.8528016806 755296.7275390625
107435646.9054199159 447490.4091796875
121724725.5950227082 883590.5810546875
112996921.0922586769 822165.6777343750
107458783.1231650859 459269.5473632812
109371349.3156194836 729867.8356933594
107440876.6619773954 450115.2670898438
107622034.1267231405 512200.7713623047
107811727.9745892286 550741.1564941406
107993813.3326304853 583972.3632812500
107858829.3117879033 561048.9611816406
108078528.4528575093 597361.1044921875
121069131.3468073010 881569.8593750000
120767718.5930320919 878112.1279296875
107488074.0695789009 472399.6820068359
108091422.0786892325 598980.6708984375
109352048.7676749378 724590.0856933594
110333432.9932312220 781842.5815429688
111376587.2037857920 820979.2631835938
107678728.6447990537 523603.5902099609
108363419.1283154190 634590.6379394531
108860080.3536607027 689026.9931640625
107575940.7656563371 501508.6182861328
107797457.7937538773 549728.7053222656
107740803.7717628032 537682.0042724609
108756440.3423031718 682255.7553710938
112396094.9696338475 821025.3964843750
109439594.8000315279 737523.3386230469
113577358.4415862113 837857.6372070312
107748287.2679316700 538655.3698730469
108123964.2056993991 601577.3928222656
107541978.0870589614 491021.7222900391
107553890.2492592931 491273.5804443359
107779025.5116058141 545862.2683105469
107593301.2046832144 504338.7332763672
107607682.0274145454 506264.8572998047
107638659.3249840438 515349.7015380859
108020735.9482840002 587292.0446777344
113009740.6276865453 823734.0664062500
107656129.1981767565 518719.4748535156
109790049.4015172869 758237.4467773438
107652067.7782571018 518140.2883300781
108846114.4102058262 688979.1430664062
107512725.4118255526 481679.7812500000
110562210.3553025872 789884.0361328125
107709659.8478440940 531959.2604980469
107758830.3736663014 543032.5959472656
115178449.6343662143 842816.6826171875
107735382.6667902172 535650.2912597656
107607420.8989266753 504513.3660888672
109500022.4875552505 738870.9453125000
110589136.6587727815 791028.5371093750
109872946.0705367923 760781.5898437500
111266715.1103686541 811082.8647460938
107619273.0380275398 508546.5833740234
122632884.5341321826 885012.6337890625
123545322.3687977642 888908.1152343750
113016070.1766757816 824114.6787109375
109393643.7631725967 736529.7375488281
109743158.1888646632 757047.9799804688
109656168.6275983006 753810.9072265625
109525526.5726436526 744841.6757812500
108584184.0740724951 657988.7148437500
107640672.3365536630 517616.2160644531
107944024.2598344833 575046.2382812500
108330939.8153170347 629415.6145019531
107479138.1937464327 470039.6120605469
107978719.0627930164 578877.3603515625
108731279.8653106689 676321.7023925781
109524636.0317103565 744725.7661132812
107938219.0980148166 574752.9477539062
107776501.8504773825 544073.4875488281
109770084.4923348427 758192.4809570312
107558685.2858892828 493516.3452148438
107587852.9278566688 501760.4764404297
107529867.3305833787 484556.4973144531
107593187.0596228987 503854.6824951172
107517955.1683830321 484304.6391601562
107535201.4623496085 486650.7033691406
107851182.4002477527 558644.9707031250
108707980.5746338665 674752.6525878906
108132037.5007345676 604291.7763671875
123518396.0653275698 887763.6142578125
113341258.0400094092 832491.4599609375
125186560.4840333313 890584.0390625000
108023003.4296802580 587931.6362304688
108474896.4536873698 648617.9453125000
113105803.8386303484 830363.0996093750
117169179.4890230149 846999.2597656250
107540954.8868698329 487373.4741210938
109647107.4962239563 751742.3344726562
109646062.1459651589 747922.9721679688
110324753.0634918362 776643.1381835938
108047253.1690691710 591113.0878906250
108608401.9798852503 660998.6379394531
109571017.2310088426 746770.0209960938
108010063.5580196977 584915.3242187500
107925279.2263543010 571736.6357421875
108090713.4469542801 598009.8024902344
107556358.9097903520 492947.8463134766
107716446.5325105190 531998.3460693359
109600170.8504107296 746804.3901367188
109512508.4718642235 740263.6420898438
107454607.3114729226 458652.5900878906
107960293.4058290273 575873.8505859375
108742327.9041884243 677515.4465332031
113641494.3233940452 838166.0224609375
124763868.9939621389 890305.0253906250
107452605.8585455418 454194.2238769531
108070681.7920224518 592518.4831542969
107442206.4552732110 450489.2800292969
107674621.1303549856 522295.2297363281
107436976.6987157166 450044.6647949219
107967763.8377699405 577576.8076171875
109270412.5763930082 723171.1667480469
108418906.4387511760 642137.3886718750
109232640.0612356812 721918.0607910156
108453056.2092373669 642959.8222656250
107770225.8153697401 543556.6682128906
109712816.1840350330 755891.3715820312
118355070.8622164279 868458.0688476562
109739742.4875052273 757035.8725585938
107848206.2871165872 557929.6662597656
109080737.0661814809 704472.9291992188
108403411.1007958353 641235.6406250000
107612826.7507060319 507580.4460449219
108595635.0242819488 660707.2805175781
108424304.2856084257 642734.0932617188
111225125.3594267964 809917.9506835938
123297628.0573512316 885715.5927734375
108076443.2661189288 596909.4716796875
109119892.3799426258 709677.0537109375
124640933.0198890120 890171.0097656250
108940488.3037896454 693258.7099609375
108570044.8292927146 657942.1987304688
109206442.5287602544 717999.0302734375
110541536.1521828324 789155.7304687500
107477822.3919746876 468001.1660156250
107621090.4806875885 509055.4440917969
109555783.2571526617 746645.4521484375
108063503.3944583982 592056.0488281250
109362131.5340837687 729052.9465332031
108888743.6034006476 691871.5700683594
107975742.9496618211 578162.0559082031
108363267.6951854974 633870.9011230469
108584315.0101280659 659042.5295410156
108531524.4622305930 654779.8376464844
120638854.1360452175 877049.7275390625
110838018.2051502019 800604.1040039062
107964787.7246386856 576861.5031738281
108651119.5820907354 668899.9929199219
113266468.4144451916 830906.5439453125
113041809.8529952168 824758.9926757812
107790531.5952052027 546128.3649902344
108882938.4415810257 690944.5791015625
108629175.0980767459 666846.1459960938
107984604.9447562397 580082.2756347656
111001186.8020638078 807537.0893554688
107880103.0775649846 562783.0891113281
108352699.0359157324 633713.7856445312
109261793.6806375682 721952.4299316406
108656065.9819287509 669513.5144042969
108413584.1932087094 641595.9467773438
108472623.7160933316 647083.1850585938
107988682.8213223368 583015.4787597656
108044277.0559379607 590397.7834472656
108116333.0010923445 599864.1113281250
110724015.9505189508 796991.4199218750
108228885.4831240326 617157.7780761719
107990837.2194992900 583257.0588378906
109134855.3006997257 713149.4150390625
108291782.3422939181 626488.5964355469
108226285.2548792660 616410.4301757812
108277512.1614585817 625388.2656250000
107922303.1132230759 571021.3312988281
108773564.5351017118 683433.7663574219
108502254.7092488557 649519.6933593750
108736188.1538633704 676948.7673339844
108304403.0453105718 628055.6340332031
108459745.3091485798 643281.8896484375
108879479.1855625659 690462.8637695312
108895825.2487220019 691928.4921875000
108269716.4471186250 624423.9982910156
108324460.7400618643 629219.3676757812
108659786.9179697335 671178.3320312500
111051220.3493826836 808393.2241210938
108189751.7166619897 611494.2727050781
110304658.1957970411 775361.1733398438
110833853.4731472582 800406.3789062500
111078146.6528528780 809537.7250976562
108515168.0479294360 652717.8195800781
108948977.1359187514 693995.5908203125
110568462.4556530416 790300.2314453125
110718740.6366817206 796532.1894531250
108184011.3409081250 610652.3256835938
108611976.6633395702 663939.1357421875
117186480.0836705565 852804.8247070312
108118571.5426090807 600178.4746093750
108529589.6618947685 653414.1318359375
109185243.8275712878 713318.3686523438
108686713.2214399278 672322.8330078125
108333502.1763948053 631868.8222656250
108673628.3869246244 672233.8310546875
108544705.8365406394 657228.4223632812
109496010.6652062386 737766.7778320312
109092235.7245870829 705765.7543945312
108955959.5901410282 694084.5927734375
110662056.0393644720 794224.2294921875
109116521.5230855942 708851.2011718750
108168141.6019451916 608317.4548339844
108262233.5169205964 621211.4482421875
108216573.2483186871 614784.2878417969
111269630.0111180693 814945.6083984375
108245847.9992703348 619931.4160156250
108197416.3528968841 613464.5830078125
108470361.8133751303 646023.2998046875
109116460.5168016553 707593.4775390625
108237140.8485495150 618512.0168457031
110614837.1701742262 791885.3574218750
108263423.3850129098 621967.0639648438
108253010.5875124484 620846.8876953125
108665683.5417915881 671190.4970703125
108217052.0798053741 614949.3198242188
108114178.6029153764 599622.5312500000
108983207.3070079088 697728.1723632812
108965035.4377316087 695953.8312988281
