137190149.0560158193 1131647.8632812500
129680243.7685705125 796979.9030761719
129456018.7482101321 778641.6002197266
130864424.1546080410 897767.6643066406
134321015.9851649106 1067229.8481445312
134369379.0012601912 1070260.7460937500
134234497.1862497628 1064633.3154296875
130778844.7571983635 892543.1882324219
130736157.3090034127 888395.0834960938
130909295.7105583549 903559.8999023438
129901916.7560589910 814265.2678222656
129857205.7524091303 810552.5180664062
132168850.4514811784 979984.9545898438
132246042.7994197458 982985.7263183594
132222535.5076047927 980381.4841308594
132319166.0889822096 985273.3532714844
132437156.9303948730 992846.5595703125
132414917.9844718128 990574.2043457031
132420541.1730365008 990838.4433593750
132401562.9817111343 988025.2390136719
136249487.5437527001 1114852.9804687500
133405800.3742959946 1028508.2998046875
128487518.5062110871 657657.8402709961
131344311.3398586512 930424.8659667969
131418107.0051395595 935673.9958496094
134750077.2268528044 1081187.7143554688
134810358.8812704086 1082113.8193359375
142065417.6959945560 1169986.6132812500
137038516.4983831942 1129145.9931640625
131130068.5692774057 915189.5754394531
145189857.4083629251 1174898.1835937500
131144511.5230879784 916589.1652832031
131156417.2872063220 916838.6296386719
131082720.0254089534 911983.6101074219
136666229.5328965485 1122905.2089843750
132556836.4660985023 995780.4052734375
142570993.3072721660 1172348.2822265625
142977449.3090507090 1173173.3398437500
132191258.8363902718 980277.9897460938
132259826.4478473812 984107.0407714844
132225777.3936913162 982411.9770507812
132060437.9793171883 972909.2897949219
132968731.6464272290 1010557.6162109375
142067648.5904495418 1171203.9082031250
142510257.5101748109 1171685.3212890625
133835289.0364429355 1049503.8862304688
133553484.3511536121 1036225.6513671875
131261641.8232252002 924372.8771972656
131300245.3966495395 925916.5085449219
131765384.4851891696 959701.9533691406
131802083.1128888577 963867.1525878906
131913516.0437553078 969072.0249023438
131847300.3235795945 965264.0617675781
136536618.3137460351 1121014.6171875000
132740205.6215289235 1002311.1333007812
133949925.7888292223 1053251.2373046875
131051261.9341048896 907191.1386718750
134621734.8869009912 1076488.8666992188
135138849.5802837908 1089766.7890625000
134709503.4768190384 1078796.1796875000
134613779.5448753238 1076077.3862304688
129666376.9132872224 796468.9085693359
133527584.3818995953 1032873.6782226562
128877880.6180613041 706713.6395874023
128766843.1655129343 703282.0560913086
128786365.0287939459 704064.8565063477
136316892.3989303708 1119399.9785156250
137530162.4953523278 1133924.2714843750
135738903.0559967160 1104303.2294921875
136033452.5599355400 1113935.2089843750
136219104.0918824077 1114472.7539062500
135995440.3708809018 1109416.9775390625
133810856.9877921641 1048876.3300781250
134000889.9909229428 1054508.6953125000
134063488.4690058231 1058469.0571289062
133885038.4773876518 1052768.2685546875
134029101.5561632812 1055427.7500000000
133411573.2060639709 1032346.4189453125
131024463.5543369949 905460.0932617188
135932048.0350358784 1109266.6904296875
129775939.6009914875 804467.9544677734
130049405.9812442660 828221.0347900391
135623893.6570780575 1101761.0322265625
135461169.2175005674 1097821.1337890625
135384260.7063100040 1096620.1152343750
129750050.6753363311 801314.8831787109
134590313.9629957080 1074635.3876953125
131715241.6332671344 957026.6015625000
129085950.2461195886 740531.3990478516
131191555.2047049701 919923.2609863281
141505075.2792490125 1167763.0966796875
141831191.2907222509 1169514.2265625000
141520333.5821094513 1168784.6181640625
142503839.2548291683 1171379.2734375000
128632814.4607023448 681462.1900024414
134713919.0738905370 1080549.4404296875
134607002.9389649034 1075626.0097656250
128607000.4608863443 676076.3869628906
128623705.1576633900 678583.7362670898
133838968.7381061763 1051105.4799804688
133781452.5363556892 1048297.7226562500
141968469.6020746231 1169909.0937500000
133644545.8819180131 1041550.9497070312
133545276.5767502636 1035527.7255859375
143650131.3134090006 1174298.3554687500
135865501.7297587395 1106393.0009765625
131676882.4438731968 952177.6149902344
133312480.9881268740 1024914.8554687500
135324324.5473444164 1093766.6718750000
136822376.4296797514 1126857.4101562500
136948033.9398604035 1127872.2138671875
138055670.2533297837 1139989.1513671875
130249560.2975463569 844602.7387695312
130619100.1852174997 882213.1762695312
129621908.1091197729 792951.9128417969
129344135.4955116212 767604.3555908203
129521303.5453236699 783678.1981201172
129553955.6129505336 790179.5465087891
138981438.2533801198 1152008.0849609375
132669378.1671714634 998126.0834960938
131595486.7658422589 947109.1284179688
131535181.0492767096 941805.6403808594
131643785.9401608109 950792.5100097656
131384244.5099202693 933092.7121582031
140983539.7814800739 1163871.0205078125
143369343.2038820684 1174215.0683593750
143197033.4625050426 1173274.0117187500
128845422.8238002211 706127.8155517578
134224237.0271817446 1064059.1826171875
134036995.3300345391 1056737.4423828125
129156419.2906958759 750734.6468505859
129072080.0339939892 739904.5787353516
128954081.2042363286 731922.0824584961
136945826.5680430233 1127814.4775390625
137047425.5523355901 1129318.3632812500
136767315.5989533365 1123801.3164062500
137071323.8981857300 1131033.5957031250
136518566.9577961266 1120764.2197265625
136990137.2324067950 1127904.2958984375
138950836.1244468093 1151240.8466796875
138908406.9229038358 1151099.5488281250
134898383.4787947237 1083052.9619140625
132135726.6084616631 976354.3413085938
144912647.4296130240 1174409.5986328125
131601716.0941033065 947276.0256347656
131587953.0770644248 945872.4396972656
134120235.3486240804 1060303.5722656250
133866952.5531395227 1051439.2373046875
134302798.5321883261 1066200.5976562500
132790232.2502994090 1002674.1062011719
133124828.3479603231 1017520.0864257812
134519652.9901141226 1072056.5366210938
134527454.3309850693 1074314.0541992188
137867780.2417792976 1138361.6484375000
137346477.1206399798 1133063.6337890625
130411464.1073821783 859554.5535888672
130424117.8413884342 863067.0086669922
130606587.3014669418 875945.2640380859
130488633.6772739887 871834.1550292969
130424243.3795574307 866259.9172363281
130298696.6269749999 853236.4602050781
136795607.4729705155 1124321.3730468750
131382550.0742045343 932996.8093261719
132796054.8627264649 1004937.6416015625
132998135.6364183575 1012363.0957031250
132954853.2684741765 1009850.8173828125
130968837.5418055058 904536.4760742188
131321617.8859288096 927117.9821777344
133348303.5560661107 1028202.9809570312
133239226.6461780518 1023311.1894531250
141804269.3544580638 1169243.6259765625
141153452.7748595178 1165075.1103515625
141208354.2565011382 1165485.4970703125
129199923.6127308756 753009.0187988281
143297951.4184775352 1173892.5195312500
133545335.5294273496 1035966.3369140625
133209848.1408338994 1021716.6206054688
129112998.7028026879 747635.4874267578
140700820.7758423686 1162460.5898437500
140850642.7448496222 1163348.7968750000
137551304.5058787465 1134633.9189453125
141325810.9447889328 1165657.5097656250
130262834.1564767361 848721.4471435547
128942945.9375561923 714747.0460815430
128886494.0360120386 714030.4439086914
133127482.8409039080 1018524.9775390625
129919205.4253899753 819428.1539306641
135464596.3405129015 1099602.6240234375
129360951.2585812807 769109.4302978516
129108005.9305863380 745964.6204833984
129185728.0956139416 752041.0045166016
130817341.4266555905 893794.1079101562
141353786.3137532473 1166973.5205078125
140945330.8880089819 1163549.8037109375
140727767.4307583570 1162721.4199218750
132903259.4239974171 1009225.6367187500
132893066.0976149738 1008434.8657226562
128948367.8266282231 718478.7810058594
131704084.6160496920 953225.3354492188
128532604.7009538859 664867.3406372070
128539942.4976857454 667167.7400512695
129315072.6077084541 764592.7960205078
129372719.1863715947 769766.5933837891
128842500.3495866805 705470.9468383789
128686918.6832956523 686915.8306274414
139728875.3937867284 1156265.0419921875
130537493.7774496675 872275.1701660156
130830224.6507979333 894762.0214843750
142309075.1378346384 1171299.4667968750
130141615.6222277284 837294.0303955078
140697400.5513826311 1161461.4277343750
129063513.2845270485 736997.8001708984
129107018.3034280390 740980.3448486328
130616583.1598814726 878515.4750976562
128654193.1192729920 681472.4429321289
128568371.3630423695 673589.3788452148
129617599.0046466589 792752.2694091797
129724786.3896993995 799951.4534912109
137700190.2988483906 1135306.4482421875
137815434.5451491475 1137166.6025390625
130056409.7939796150 832304.4863281250
128394708.4516100734 649765.2481079102
129986441.5279169977 824613.2891845703
130100689.3372157812 836303.6618652344
140423559.9794586301 1160618.5859375000
131415866.8591656089 933564.1604003906
131436008.8389787972 938332.3947753906
138766960.5257923007 1149779.6298828125
139362852.4716205299 1153110.2167968750
134186022.5014570504 1062167.5400390625
132692872.8922597021 1000025.1384277344
129234168.4803387821 759470.2979736328
129486569.4327268302 780768.7580566406
129354094.4161461890 768096.7598876953
129505368.5078075826 781280.3570556641
129532305.9254592061 784844.9461669922
146161641.1833455265 1178236.2890625000
145400826.2357327640 1176953.8359375000
130839741.1451073885 895103.7956542969
138670262.4726678431 1147814.7167968750
131766434.0496541709 960869.7902832031
129872139.3508006930 813788.5781250000
135413554.8982453346 1097044.5458984375
140570192.1194629371 1160720.5000000000
139800842.5182543695 1156919.2548828125
140341139.2077787817 1159478.1464843750
140127634.9007022977 1158688.3486328125
137344507.6589662135 1131938.2978515625
145465830.6124006510 1177226.5429687500
130562709.5880657434 875884.4973144531
134862932.6697932482 1082883.4677734375
130613445.6251210272 876623.6579589844
145215556.4652332366 1175474.6435546875
130077482.7678495049 834353.3594970703
130122924.3447913826 837142.9268798828
133007858.8122888505 1012641.7915039062
128716250.2272687405 694465.9474487305
128711167.2421356887 691072.9331665039
145886457.6123928428 1178194.0869140625
128475820.6000051647 652682.5358276367
128766795.8750894219 695720.8640747070
138368596.6492148340 1144676.3330078125
145299080.6021665633 1175520.1376953125
130208702.7880194485 843799.9035644531
138542121.4229199290 1147661.0742187500
130342259.0102182627 859459.5913085938
138351572.8419753611 1144220.9316406250
138410465.2289232016 1146199.0107421875
134404732.8403448462 1071070.6655273438
129291530.8195001781 761496.4718017578
139886112.3594807684 1157278.4140625000
130263952.5420899093 851407.0480957031
135710696.3185536861 1103736.5078125000
132826359.2574673146 1006080.0244140625
133116639.0678344965 1015986.2397460938
138668520.7347448766 1147754.2353515625
130159789.3601751029 842062.1437988281
129974245.6085014343 820836.7705078125
130003586.3080575764 827768.1774902344
135580502.1595754623 1099921.6376953125
141029116.4801824391 1164774.1865234375
129961666.0413328707 820310.2595214844
138190106.5970541835 1142900.3193359375
138381119.0371108055 1145499.9121093750
138212973.4766493142 1142915.7939453125
138127428.5555657744 1142495.4189453125
135133532.2678625286 1088424.8613281250
134988521.3399573267 1085248.8349609375
135237980.2069068253 1091002.6933593750
135238148.4700036347 1091925.0957031250
135059772.1026858985 1088315.8779296875
140171680.8255777359 1159111.7714843750
139883690.7831827104 1157269.0253906250
139914960.1731204987 1158589.0390625000
140688842.3512115479 1161082.2841796875
145043410.0471945107 1174777.4140625000
139345900.0242798328 1152903.1767578125
139365647.7227405608 1153130.4267578125
139562584.7075147629 1154462.0292968750
139337761.1747234166 1152784.0458984375
