53393132.1568916216 185712.4141235352
53301370.1133129299 184615.4278564453
50846849.8208274692 118149.7206742018
50849422.3924239501 118398.8194615096
50837018.3724407852 118051.6964527816
51121826.2696474791 133900.6017332161
51420134.2852070853 144089.6526756287
51809858.5199438259 156571.2014694214
52717466.2537477538 176800.6711425781
52002860.7185039744 161698.5437850952
55339187.7584547848 197834.1850585938
51349723.2059879452 142419.1810850799
52540636.6164023653 173146.8448486328
53581566.9413843676 186959.2105102539
52075960.1318902522 162651.0397567749
52091713.6995486990 165327.6805725098
56454287.4219611958 199949.3940429688
53344754.3258802146 185578.7567138672
54377875.0518305823 192924.3804931641
52786320.8749432117 178579.8706054688
51654028.3415085599 152123.1425552368
51615501.3197669014 151523.9192113876
51971155.0780547708 161092.2377090454
52493190.9882365689 172779.8724594116
54502226.5520402566 193799.9921875000
54464858.8331054077 193465.4406738281
50982986.9109350219 126792.4412899017
55209468.8012920544 197696.6450195312
53482846.2751277834 186315.4382934570
53336452.9998793006 185515.4274902344
50897273.8116728142 121684.9762175828
50876055.7168840393 121525.8871713462
50886161.7367291227 121647.0208298713
50866172.6059264541 120875.8846551925
54949523.5632109269 196097.5610351562
54147385.9472961575 192402.9539794922
53942095.5446319282 190782.8770751953
51888625.6414913759 158537.7447566986
51945227.8330257013 161001.2368087769
51911675.2057944685 159845.9619407654
53394330.4445532635 185972.5848388672
53518960.1069673151 186459.8744506836
50864826.7964558750 118408.5599551052
58082509.3421598375 201756.5368652344
56638818.0473768786 200317.4357910156
55707688.5988652185 198771.4963378906
55380912.5961646885 198668.1733398438
54959126.5799517706 196218.9991455078
50860594.0610481203 118400.8015806228
56978613.8595111594 200955.8642578125
56154520.0655447096 199556.6354980469
59088803.6267162636 202107.0869140625
57940114.8297159597 201018.1967773438
59115234.2760886624 202145.5585937500
61022552.6480504945 203300.5463867188
59046040.2441467419 201907.1572265625
50822113.5010204166 117385.0580919906
51692901.3595115468 152960.6515903473
51667777.9729412124 152475.8430172320
52722357.6162486449 177091.7399291992
51658574.6877215728 152412.8217391968
51354095.2420247197 142969.1171092615
51282872.0502173156 139513.8672595667
50933762.9746915400 124235.0120083094
51479025.1186902002 146842.8224391937
51053828.4457779378 131263.8913887888
51029185.2651534751 131214.8124630451
51137839.1881043911 134444.3888602341
51131378.5967930704 134217.8458054150
51467759.5709038228 146571.9600639343
51900833.0700425953 159767.9530410767
52285986.0893867910 167698.7339172363
52294161.2301459685 167806.0477447510
51565880.7906365469 148952.9837875366
51538003.2405823842 148458.8977317810
51153385.2438948229 135218.0932008624
52837518.6430778354 179141.4568176270
52311929.4757045656 168467.9321799278
51730187.3319576234 154016.5444793701
51404654.1397156045 143859.3233852386
51423572.9232696593 144725.8604984283
51114079.4719804376 133850.2952723587
51068106.4048300087 131635.5898493379
51063584.8499523625 131548.5736309141
51057234.9562732279 131442.4703399837
53844278.5033573881 189216.9461059570
52308617.0790148526 168272.5963592529
52733992.1617926508 177618.0239257812
52313736.4141802490 168546.7561798096
51021769.7831842974 130603.4344258962
51015603.9150508568 130311.3709900081
51140827.5962222368 135051.2705700397
50928576.8357541934 122931.6968402863
50903848.9732846171 122854.8386859894
50939342.4553936571 126567.9856636226
50959101.5457650870 126703.0388317108
51810174.7456435561 157013.0356903076
53221028.9819388688 184343.3141479492
51198658.3671841100 136191.6025962830
51572204.4676948190 149063.4918155670
51162211.7080953866 135636.7527189255
51439374.6408237666 144891.6275997162
53873902.1273541152 190136.9852905273
53473557.7149849683 186290.9216918945
51227501.4209123477 137857.8938694084
51340284.5663758665 142221.7154173935
51133840.9781338796 134387.9395984709
52878743.5832950249 179410.5794067383
51073788.1988698766 131752.5427112579
52210934.5016131252 167546.2101898193
52368706.6435535625 171225.6412963867
52359754.9304157346 170999.9473266602
53726941.1156723127 188387.3153076172
53986986.3535536975 190909.7645263672
55139913.1502734050 197353.6308593750
51188236.3329243958 136138.7729797363
52066644.4683905542 162371.4966430664
52202071.1736351177 167269.3643798828
51925666.5232857466 160469.3004684448
51958651.8753423095 161075.2063522339
52817206.8409969434 178892.5407714844
52679279.8559099212 176326.2030639648
52657469.6402178556 176001.2198791504
52629279.4006322101 175553.9100952148
52715081.2244242877 176407.4445800781
51300924.0954572782 140140.2382354736
52452349.6638663933 172412.3587036133
52972441.5219982415 180327.8776245117
52964683.5639817268 180216.4209289551
52187828.8216466978 165933.6715698242
51388473.2129865512 143827.7627360821
51240091.0015277341 139239.4099528790
51370416.0542871431 143466.0141219795
53682727.2867402583 188224.2327270508
50814813.1206173375 113365.4007475823
53060693.2668733224 181665.7989501953
53076968.0807570145 181722.7264404297
52936755.2227388769 179911.0004577637
51299715.0908309147 140027.3691692352
54690678.9054834098 194877.9274291992
53527536.3783739805 186923.7161254883
53100579.5373694450 182571.8815307617
51216948.4250659570 136943.5199508667
51221172.8892039955 137408.0415989085
54019405.7627044767 191150.2351074219
54125726.1579178423 191761.9265136719
54276207.8075225577 192757.1882324219
53697360.9683270603 188311.5889892578
54041574.9991196245 191562.2885742188
52353329.3749204427 169504.5224609375
51835633.8587480932 157213.1458587646
51845975.8070395887 157989.2039871216
51711528.9125426784 153528.2309265137
52987198.3278911784 181650.8830566406
53182942.3913470581 183513.8936767578
54384916.3874498680 192933.4320068359
53220080.6394102797 183943.0149230957
52441029.9361402765 171872.9433422089
53104064.5885723084 183201.2409667969
54390919.9121801630 193422.9554443359
54749287.2898905575 195165.5386962891
54522236.4325190783 194592.8024902344
54867017.1629146785 195753.0439453125
54919953.1173473150 195931.2764892578
52530780.0911667868 173048.5634307861
51512320.6737658679 147921.9955635071
51481425.8802316934 147129.3785777092
51759382.1122131571 154818.5717964172
51641952.2554763183 151928.3059196472
51606313.9042589739 151047.0226631165
55730851.6172311828 198860.2250976562
52618324.4973470122 174831.1406555176
52523921.5418528765 172952.4438858032
50989067.8409887925 129353.1615595901
50995463.8651107922 130003.1855945587
51097592.2601160482 133219.0931162918
50986860.8003226221 127061.1956533194
51593574.8773181289 150061.3355121613
53335596.4217428118 184769.7107543945
51893949.1116921976 158924.7858772278
53933786.6855477020 190295.5874633789
53588552.5191639140 187914.7911376953
50873435.1085533574 121090.2290566415
54769936.3583639339 195691.6624755859
54994692.0080155581 196766.6193847656
56364072.4954763576 199831.9921875000
55945520.8323000595 199125.7927246094
55992711.7887476161 199206.2995605469
57983639.1956034154 201181.9680175781
57191035.7759240493 200984.8793945312
58065144.2645643651 201516.3554687500
59484857.1751548052 202883.9331054688
61455803.3962007537 203823.9165039062
51169107.3470298275 135645.9123629332
51567896.0086868182 149047.7536735535
51154659.3442790806 135349.8351325989
51172428.2129812390 135714.9986610413
51362634.0058065802 143361.7209880352
51476312.7660437077 146756.3017730713
51483614.7628286257 147487.2294044495
51526891.5463904962 148185.2737007141
51492508.3553423882 147793.6508979797
51607964.9845424965 151435.9732856750
51481553.0724860579 147230.8909816742
51479113.0167114884 147102.5463161469
52297916.8220295906 167971.0816497803
52334973.3446773440 168995.5642318726
52074425.1423310414 162606.8481979370
51669828.1825193837 152618.8057022095
51720872.6907833070 153688.7221069336
51746178.6512189209 154225.7760162354
51700436.6095798984 153428.9982299805
51588660.0511356369 149786.6758422852
51461527.5907300934 145160.5175666809
51071817.1789883077 131649.3749140352
50823353.9424293265 117418.4807436913
50879575.4551056623 121526.2236359566
51237558.3387389928 138372.9133238876
50990633.4000328407 129576.7707285965
50975588.2976559252 126787.6867116690
50935555.1120407432 126497.1610736847
51131876.2017184794 134276.9264140213
51011514.7540596351 130224.7562899673
51124259.0496795624 134116.6857886398
51010280.4520387799 130105.3900561417
51140105.7636205032 134543.3227334032
51133665.7118120417 134310.4723601425
51111901.9609734416 133512.9181561479
51332092.9381465688 140986.1056518555
51321616.0901341736 140792.8502292633
51330694.8354849294 140849.9337024689
51308357.7267628238 140447.3302879333
51289414.4454980195 139918.1163177490
51405587.4504813701 144016.8355903625
51286415.8007728681 139680.5077064633
51726517.4612628967 153700.6591324806
51696833.1300620362 153123.0781707764
51985374.7995447069 161570.0095748901
51826985.5417427868 157170.5533142090
51679129.1477660313 152879.1061172485
51202632.8152790815 136221.0856952667
51560056.2484600469 148798.0084152222
51203521.3822155297 136634.2616920471
51278771.4117580950 139401.7703254819
51687408.2216056585 152906.8254394531
52571606.0999532193 174350.4175720215
53081264.1638600677 181783.1410217285
52047539.1630860120 161979.8738403320
52051800.3926328123 162216.4298629761
52035196.7724951580 161947.8255691528
51871946.8314447030 158099.5335235596
51554741.8357179537 148795.8877353668
50934519.0823177621 124420.8438000679
53765726.3854598179 188723.2174072266
53847922.2128656954 189635.3243408203
53843601.1380579397 189017.4847412109
53747292.8299837634 188643.7958374023
51081104.2925834879 131765.8871600479
50929139.0396946669 124013.9583744507
50931883.9173902273 124132.9553536873
52548637.9401130527 174087.2409210205
52760157.4958408624 177985.3399200439
52540796.7109116837 173905.5605926514
52953665.5876600295 180172.4025268555
51804547.1681589857 156521.4285049438
51706906.7825463414 153523.3646697998
51774596.8030550852 156289.0749893188
51766364.4740191400 155725.3771090508
51794721.3050380424 156515.6622772217
51772267.8747745603 156078.3569641113
51912131.0910346583 160150.6297225952
51648976.4435162321 152009.8655509949
52639552.9079445526 175682.2547607422
52423325.9538442716 171770.4585266113
52898248.9575191662 179573.5935058594
52757443.2778259590 177664.3623657227
52762046.5090427548 178011.8520507812
52510494.6810222119 172883.8813095093
52786160.8595882431 178449.3206176758
52883656.5116635039 179428.8612670898
52863282.2221624032 179275.1544189453
52487374.6483882442 172516.3675537109
53209659.7430159226 183810.7569580078
53811470.6047238708 188785.6579589844
54309379.0579496399 192847.8256835938
53465448.0289583206 186220.5579833984
53161094.8069165945 183355.7572021484
53097470.6145437658 182264.9315185547
53087757.8705010563 181940.3243713379
52983129.3153082207 180365.5829315186
55371730.6266640946 198079.1889648438
55185913.9338830486 197485.2080078125
54273565.8427718505 192405.4653930664
54941885.7672638297 196004.8110351562
57742800.7034889236 201004.9411621094
55333517.0488744229 197743.3952636719
55129055.8804158047 196939.5024414062
52307739.2289162949 168097.8289890289
