93439328.9364362508 1.2277802657
93559531.7378826588 1.4190167302
116357192.5396892428 6.8097899794
93472966.6283299029 1.2557872329
93471199.5918457806 1.2452776376
93477533.7902211994 1.2579179370
93431284.8737034351 1.0863095486
119239946.6859365255 7.8020111304
93471324.3078225851 1.2473645749
119903109.2165134251 8.2350288406
93502542.7261697799 1.2606425500
93518969.3099084198 1.2858538703
120158668.7844086587 8.2548949569
115763264.2321490496 6.6247098590
120386351.1165920794 8.2627213970
116632276.9138991088 7.5473620430
116267675.1645561308 6.7030563532
119818091.9935460091 8.0374751370
113673276.1628177017 6.5467682687
119525377.6052279621 7.9777517691
119465182.0693967491 7.8893580353
119826491.2315651625 8.0905269822
93583475.7262395471 1.4274185346
93634247.9311689287 1.5904135853
93597733.0304042250 1.4289783612
93625497.6278282404 1.5804926860
93620555.3148936778 1.4364680600
116519736.7140255719 6.8148982171
93597275.1413805932 1.4286502540
93571414.8119217008 1.4214528454
93717855.0007917285 1.5931317296
93729841.3639620245 1.6001973528
93730694.0670019537 1.6262268673
93745373.1537227035 1.7611430734
93673456.9098923802 1.5912564031
93855221.2350791097 1.9234104180
93914343.3748339862 1.9279034343
93719369.9720719159 1.5951962527
93688346.6224457771 1.5916347767
94207162.0587853342 1.9324829476
93720198.5001530200 1.5997757660
93828851.5438964665 1.7713841544
94096384.7384536564 1.9298724747
93838953.8572402894 1.7813247357
94267555.8541156054 2.0078715421
95055597.6120762378 2.1168513599
95062123.3406857401 2.1411422202
95209940.8204700053 2.1486773318
95302133.9774807245 2.1771291902
95547714.7288840413 2.1884978511
96469858.2961155921 2.3538595889
95727220.3927530944 2.1927364371
95820260.9203590304 2.1939091898
96290128.7114008367 2.2232251879
96570556.1021351516 2.3650813121
96724332.1256234944 2.3808405203
96025966.3856610358 2.2218455084
96361940.7550956309 2.2274491159
96993086.8763731867 2.3810614283
96999077.8129079491 2.5507413789
97161883.4607099742 2.5613000422
97446828.5665961206 2.5759774268
97471533.3228104562 2.5791716102
97648620.4766455442 2.7373740707
97529168.2443418652 2.5957943505
97682370.4635871798 2.7646269359
97879916.8793664426 2.9523357691
97751007.8432546556 2.9032787701
97826445.4638650417 2.9408692080
97801382.8112496436 2.9251769374
97997588.8112640232 3.0802171153
98073891.0149880946 3.0840283520
97597805.6240093410 2.7344328686
98302808.0179238915 3.2279104603
98089599.8347438276 3.1168998343
97902024.2233787775 3.0563020718
98237637.0571741313 3.1347610364
98224953.0979516357 3.1259162372
98852408.6348039061 3.3761063097
99073761.6560174674 3.4130981368
99551414.6652761102 3.5815266899
98879424.7544549555 3.4030010635
99125599.3614808768 3.4188026685
99163848.2536012977 3.5768539687
100251303.0091944337 3.7619061288
99821484.7397467047 3.6092614433
100047784.1707182527 3.6168731540
100554341.2136512548 3.7630809924
100596638.0156783760 3.7694692916
100093053.3604659289 3.6220817154
100139921.3849915266 3.7032357279
99802814.0153237879 3.5917969751
99929756.0465671420 3.6148119894
101546669.3662363440 4.0272788383
100737088.8527635485 3.8053581147
100755989.2503098845 3.9250069522
101261692.6203603148 3.9606201157
101903434.4244838655 4.0999847575
102356229.4513720870 4.2301689332
102575500.1534102410 4.3118340906
102300421.6006202400 4.1346144433
102599658.2744363695 4.3925344816
102638345.7816530466 4.3968401484
103285505.6348944455 4.4845544937
106760342.9986708313 5.1852057021
106484804.5865474194 5.1113456380
106889470.9069835842 5.3841495004
111820202.8659007996 6.1879074350
107345892.9076694697 5.4241127644
107105107.4752720445 5.4144306976
105803193.9505123496 4.9183421334
105606246.9293042868 4.8787429231
105555752.8645593524 4.7829076476
105351517.7533273548 4.7619690346
106054891.1811036319 4.9488947230
105638339.1792901903 4.9039359922
106454167.1317263395 5.0553979661
106394559.1731280535 5.0528296876
106192189.8320849091 5.0034582178
106840959.2469582409 5.2419179203
108146173.5188595951 5.5260956372
106577963.6554218233 5.1209537448
109107665.3964929432 5.5500206622
107947518.8558721244 5.4770931949
109015086.1333811134 5.5472187888
109892945.1043836772 5.7303562063
111447128.8311137706 5.8618671507
111243029.8597804457 5.8598003422
110889964.4406501353 5.8286681936
109109375.3981296867 5.6840531725
109985481.7291304171 5.7917141730
109520293.6423295140 5.7023071760
