98979172.4188070744 23210.8505561352
98637465.7379005551 21251.4165571736
99891276.5333968997 26419.9799465345
100023924.8411294371 27338.3277006820
99436587.8388615698 25200.9165067002
107959931.0508359671 37550.4821469262
99279545.6898022741 24879.9279222488
100086792.9945585877 27443.0903326273
100129406.3945477158 27665.5915552378
108344798.6717276275 38285.4504721165
99366282.5600214452 25110.5342052877
98840980.8868764788 22296.1042374180
98915560.6207489520 23056.1663898900
98302208.7513147295 16727.3311303479
98397456.4841820449 18547.7927488222
99559765.1208344251 25205.3860440850
99831407.1904349029 26293.6400204375
98867617.7754291892 22309.2278030919
98382095.1000429690 17772.6905481353
111898603.8818007559 43305.7925455570
98518886.5313474834 19580.4878017440
98795527.9064995646 22188.8076148437
99360889.0567314029 25098.8423643112
98586421.6708017886 20470.5718363508
110242164.5245500207 40332.4344940186
98797085.1241694689 22277.2725603655
98981664.2596639544 23276.1286954880
98840457.9997512847 22295.8266163276
99094574.4532907754 23966.9504932836
99164814.1416710466 24701.8111652806
98656528.0687890351 21358.9248062180
100224331.7708942592 28139.4568335786
98675769.7467122376 21384.1746719884
99160678.0922057629 24186.9127988815
103963031.1127247810 31844.4083052085
105649253.3747033179 36844.4644780159
106399622.1323601305 37287.2382206917
98770368.1795243025 22010.3984516071
98139891.9186629653 12598.8410324421
99077643.8987203836 23927.8799619675
99770925.4645953774 25705.2337417677
110269314.9501211196 40471.4409022331
98622473.5853746682 21182.9601973103
99111973.4948893040 23988.8765447140
102693902.8471032530 31094.1927676722
100110388.3543132693 27479.9458037093
98641535.9162631184 21290.4684463547
98774476.4567413926 22144.0692398623
98268002.2282000929 15936.2633278429
99970628.6797918826 27137.1132260039
99985620.8323177546 27205.5695858672
100192206.0185212940 28118.3018277884
102358264.5273274779 28338.1723352404
99435521.7889480144 25133.0388789438
110223102.1936615556 40224.9262449741
99129201.6045015007 24138.8082215264
98716970.0730136484 21520.4203550890
100130419.9176068157 28114.5699766353
102564029.5174659044 30139.1405542822
98204358.0325890332 14320.2221966352
99141436.4142825454 24161.6629331112
98715516.6305628866 21435.7668176293
100032482.7933095694 27400.2820256948
98883350.0372935086 22874.0594105199
98315447.3037828654 16848.1928932726
98974265.6039239019 23168.5830380917
99113636.7841792256 24074.4587423280
108959067.2793584913 38953.0873310566
99126444.2617566586 24093.2065732479
112235506.6397483349 43865.3033103943
100665301.4697221667 28328.1031926870
98302866.0516961217 16748.7129575744
99899892.1931261867 26503.0037441924
98392328.1275236756 18522.9634973541
99718000.5606255531 25400.5421320604
100004683.1632062197 27313.0778349116
99872214.2025084347 26312.4716974901
115090288.1506929547 45717.9665069580
114778308.9950959235 45717.8437652588
100246450.2416645586 28265.4055205062
99737062.8915140182 25508.0503811048
100632536.4916139245 28273.1231227592
108858888.0932126492 38778.3470938206
109005280.0358180851 39085.8454458714
110114087.3798104227 40207.1269989014
115979235.0345299244 46449.5934753418
111686385.2872497439 42730.6224498749
99756304.5694372356 25533.3002468752
100022082.2048047781 27335.0038863420
98115575.3029541522 11106.8959027495
98224140.9421385974 15038.4905934629
100003019.8739163131 27227.4956372976
100051724.4712327868 27425.5318914652
116316950.5141748786 46601.0749816895
115619989.1124966294 46258.1161804199
114717212.4444461614 44896.6074829102
98225202.6883817613 15042.4754632337
111428718.2423301786 42484.5562632084
98930211.9982852936 23068.7718503475
98124405.8691180199 11833.9026881423
98735341.1320387572 21981.5071552204
98970722.2299853265 23162.5291768983
98176574.3694355339 13453.4468149543
98368806.4423192441 17759.8945381701
98465899.9638512731 19435.0010994658
116288395.8197350204 46473.3514099121
98964770.1514849812 23080.1688535213
98374514.8593116850 17760.1224587023
114523328.3508984149 44146.7121047974
98309738.8867904395 16847.9649727404
98555248.0397617519 20347.9564894246
98252523.8626652658 15829.9800866467
114557070.7316826135 44223.3799285889
98484962.2947397530 19542.5093485102
98262293.8112076670 15936.0354073107
98201037.4903549552 14239.3759859202
98199515.6301930547 14238.0541468484
98205078.7870824933 14918.0505212171
98186525.4082594812 14199.9423026930
98468510.5187648237 19451.8771637486
98342293.9270869195 17636.1408044830
114475159.1806581914 44077.9658355713
98096222.5885275900 9597.9535711095
98276295.4726811498 16006.1030205293
108281066.6213005334 38131.8510487080
98401361.4826157391 18548.0703699127
98172778.2578489482 13438.4450183210
98219080.4485559762 14988.1181344356
98138335.7932481915 12592.4714767229
98144080.4371780157 12625.6338151395
98161899.9204815626 13412.4376792799
98180453.2993045747 14130.5458978040
98522059.6829039156 19586.5327092990
98524727.0646404475 19664.1271168891
99769622.1714127213 25539.1980993127
98459609.3849604726 19434.4137815371
109995319.3464300483 39450.7788848877
98479253.8777473122 19542.2814279780
98594833.4626276940 20552.4782251840
98127767.7981503010 11888.9478614613
98151331.9253836721 12691.7107594162
98270223.3637262285 15936.7066156402
98285078.9029617608 16618.1559183893
98539735.6035868526 20263.3568952665
98232175.5150509030 15049.2362294493
98317668.4393090010 16848.6361810699
98260453.4151838422 15830.6512949762
98291866.5724272132 16642.4974586067
98176695.8665558249 14126.5610280333
98152653.2515051514 12714.4689168300
98172194.0702109486 13414.1030745206
98195758.1974442899 14234.0692770777
98510310.5847688168 19568.0764592871
98250380.3980964571 15816.6637766657
98158142.4877328128 13408.4528095092
98194454.9607780576 14200.6135110225
98245651.0275709629 15730.7280714808
98213008.3396010697 14918.7217295466
98129089.1242717803 11894.5027142729
98237633.8273789883 15706.2263529596
98109517.2290804535 11079.3360843941
98498495.5556705147 19567.5312937483
98153131.7393224537 13306.5948254762
98460191.5468588322 19434.7731789335
98380427.9797780812 17761.6758576616
98439665.4914274216 18680.8284847274
98134578.3604994416 12588.4866069522
98140323.0044292659 12621.6489453688
98376735.9948378354 17760.5657464996
98323376.8563014418 16848.8641016021
98549539.6227693111 20347.7165449666
98407069.8996081799 18548.2982904449
98457158.7473376244 19423.7421272978
98294848.8515041471 16724.2112390533
98348002.3440793604 17636.3687250152
105075945.6082865298 34426.6662333416
98115501.5559236854 11097.4741370840
98422750.1191881448 18655.8065394893
98391858.6769158244 17846.7287877187
98441991.7971113622 18681.0564052596
98275931.7807186693 15936.9345361724
98545444.0205792785 20263.5848157987
98300557.2684965879 16724.4391595855
98356626.8874499053 17657.7133483425
98495462.7561492920 19556.5002421126
109989847.7363036871 39155.0625724792
98420423.8135042042 18655.5786189571
110081861.6248123348 39646.9144325256
98380597.9358986169 17768.8989192977
98333152.8603158444 16856.9693538680
98331159.5494550169 16853.6500783100
98568601.9536577761 20455.2247940110
98302652.1482374668 16748.6107694641
98587843.6315809935 20480.4746597813
98366662.9777504355 17746.5782281890
98307595.4222216159 16834.6486627593
98515853.7318262756 19568.5909206405
98361356.2579753995 17743.6490535274
98105961.5424340665 11068.9616462871
98436340.5533277839 18655.9495327011
98282969.9344437122 16047.1440393463
98336730.7701974809 16956.1444301143
98087481.3720139265 9587.6485631749
98451595.5904481709 18743.7457529291
98333697.9706762582 16945.1133784786
98565569.1541365534 20443.6277023362
98413315.0668786764 18633.4009210601
104199227.4462009370 32141.6618140762
98342037.4899725318 16959.0736047759
98504203.9726629555 19567.7592142805
98584810.8320597857 20468.8775681065
98436632.6919062138 18669.7974330917
98357629.6226583719 17721.4713556304
98574310.3706502020 20455.4647384690
98333663.3202994764 16924.0457917437
98476221.0782260895 19531.2503763422
98417391.0139829963 18644.5475673213
98387424.1560532451 17833.0461825117
98384554.9674240798 17828.3479955647
98358323.4584541768 17732.6180018916
98279937.1349225044 16036.1129877105
98304562.6227004081 16823.6176111236
98130318.5930562019 12468.0465347063
98591800.6631064713 20539.9357599741
110404014.8665618598 40744.8367819786
104670993.3379106522 33662.9408076213
104546396.9303942323 33181.1341836856
98116327.7914295942 11778.8748298850
98110838.5552019328 11084.8909372058
98097324.7338842899 10297.2841256823
98105438.6010769159 10977.3826881613
98122072.4353594184 11812.0371683016
98090514.1715351492 9597.7453801915
98103069.3778141141 10330.4464640990
98104027.9928527921 10385.3521917149
109679973.8500592113 39094.1065268517
110834194.9727348983 41591.2978098392
111274801.3889964521 41992.9263193607
