123641283.1126190275 70382.0470260382
123923484.6751656979 70842.4305257797
123825173.9464051276 70828.2249822617
123777304.8675692379 70753.7089910507
128090742.0923069566 76992.1711730957
127615499.7951072305 76945.0859985352
124372569.9397239834 71811.2532071918
124887094.3365650922 72722.8691511005
124325630.4776413292 71775.0088834614
124309828.8331143260 71688.8752186745
123941334.3801120669 71170.2109861225
124018515.8023749441 71356.3512143940
123625755.8303449750 70324.5907373428
124157352.8451940417 71481.7540464252
123704759.5555426180 70572.5377422422
123703485.7929173410 70572.3881921768
123476454.9678646624 70199.6802358627
123543989.4997447431 70207.9083242416
128525797.3182075471 77119.0065307617
128375975.4017875940 77102.3333740234
128785559.2961042374 77148.4402465820
128051255.8306248039 76986.4792175293
128059896.7269093245 76987.9839782715
127782264.1111934334 76971.2828369141
127973329.5773136765 76978.4770202637
127684768.1957614273 76946.5354003906
127468200.1747883111 76935.1461181641
122649051.4017355442 67349.4415302277
122889141.7216147780 68198.3502630740
123895037.4147250056 70834.5356283188
123726185.2021963447 70675.3533105850
123747791.3273812830 70679.0954580307
123425580.2481063902 70087.8329916000
123409998.8718096465 69732.3967428207
123325986.3681031018 69727.3518514633
124803463.8261469007 72621.7306528091
125138320.6377773285 73101.1888132095
125157978.6564972699 73514.7521066666
121366792.3280002922 62273.9782989025
121476551.6818009019 63049.9212201256
121318705.4747259468 62271.2188704014
121179123.6498574913 62204.2718169689
121402470.4429637641 62693.4215764999
121262788.7495093942 62245.8228743076
125124398.4740505815 73077.4866609573
122601988.5289006680 67233.9893640429
125155553.5979029983 73334.6027231216
127126141.8495720476 76702.8114624023
126933962.0436030775 76437.4868164062
127300507.6945564598 76771.8840332031
127067928.3007214218 76661.2023925781
127154486.1853942722 76751.5574340820
124730077.6304679960 72455.8802309036
124775253.5929719955 72479.0954713821
124518598.6320093870 72081.4651918411
124600589.3595118225 72350.8935670853
125587236.0562328994 74118.9218494892
125539870.4295660853 74081.1509754658
125235916.6670015156 73534.1472482681
125600084.6786825806 74361.4249622822
125510006.6330276132 73958.3774118423
125240258.5545059144 73813.5834054947
125474658.2272992283 73864.2974863052
121540914.1242240071 63444.7536106706
121700792.3855350465 64246.4612064958
121736236.7206425220 64325.6443615556
121496035.0970190167 63162.9801591206
121419568.8941057771 62882.5098374654
121797870.3481019437 64375.2830157280
121397633.4122918546 62659.9013538957
121511745.9957327992 63288.4846211076
121543279.1091826111 63684.2174332906
121679558.3142521232 63891.1179447770
125683790.6751604676 74632.2791900635
126635795.5551884323 75941.6594924927
126643477.8715524822 76031.8559341431
126587843.2145990580 75926.1525039673
126509708.5718684644 75810.3614273071
126385563.5091708452 75796.6203079224
126292042.3930518180 75787.5764846802
128095230.9261043221 77039.9216308594
128233434.0149974674 77083.0855102539
128144133.9527151138 77059.6619873047
128392662.8167562634 77108.1203613281
127947551.9747040123 76971.7936706543
127751086.5299475938 76961.1892089844
127423032.3963501006 76826.0499877930
127696785.1565755457 76949.0731201172
127089493.1041672677 76682.2807006836
127374653.6950357705 76774.8918457031
127082613.4216720313 76665.1188964844
126939539.1032511145 76460.3333740234
126736181.0614717156 76395.1882934570
125742224.4186881185 74659.6548004150
125813009.8128093481 75022.9204254150
125758115.9515140802 74952.1288223267
125877102.6780527085 75343.4532852173
125801344.8302220106 74952.5822906494
125924043.2689075321 75460.1611709595
126059924.2363142222 75746.9681167603
127062292.5962255746 76595.1345825195
123076859.7500070184 69034.5519098788
122886735.9746375978 68150.7470907718
123656362.7651058733 70382.1416006088
122958970.0803163648 68274.0741781741
123321088.8023012727 69703.6246786118
123240235.9915180951 69377.3198060989
122543094.7559492290 66983.4633077532
122784323.6788614839 67944.6327433139
123039957.1947318316 68581.6964144260
122712855.7921083570 67699.1511987597
122772310.8935578316 67757.8988642246
122836167.0349626094 68037.3350214511
122652641.5429918617 67429.3665307909
122581892.1824643165 67222.5252221972
122501552.4522509128 66955.4045671374
122442738.4515107274 66908.3730310351
122337467.4409351647 66512.9999193102
125110129.4356136322 73076.4845154285
124944880.6121477634 73012.2185852528
124584006.0784890354 72113.0814046860
124653016.2450342923 72403.3554830551
124172894.9845450222 71514.5075826645
124445360.0173749179 72053.9134588242
124174670.2121209949 71587.4991292953
123280413.0586354434 69575.7365942001
123029832.4655419886 68388.2542269230
122708556.6361515075 67509.6447476745
122306129.7275239229 66330.0137742907
121679778.2667492032 64063.4750614762
122013226.4227854609 65202.1698280722
121885114.2369827777 64809.4291161448
121947581.0093698055 65124.5179908872
121830524.1482690871 64769.2080021501
122037785.0590406805 65490.4087196738
122197990.2650784254 65895.7308772951
122025236.6140827537 65476.3291832358
125507625.8972364217 73865.9003000259
124410299.6368887424 71850.1409444809
125459494.6170063615 73862.8926095963
125224904.5577464551 73517.6473703384
125099631.4262193590 73037.1603002548
122665211.5146696270 67444.1325628757
122289580.8009953201 66238.9523124099
122411713.9870056361 66562.7656440139
122267370.7062359005 65901.8848609328
122287503.0862659365 66139.8423499465
122129320.7338515073 65744.5010718703
122141069.1629749537 65894.6162974238
121920101.2835535109 65047.0017092228
120103170.2597915232 56667.3905040622
120046484.1390793771 56473.3079769015
120051254.0358886123 56666.3249141574
120130513.9043377489 56697.8976680636
120532986.8721860498 59286.4258303556
120445235.1290486902 58548.3062604747
120694101.0499169827 60138.4665059361
120513879.9170145839 59253.5175160679
120513205.4814739227 59191.2545046720
120937934.3075771779 60898.0550603184
120994137.7714871913 60950.5420731815
120677105.8595770448 60102.5752095493
120954883.4326846600 60920.8028973850
121127071.2511710227 61605.7994183811
120884062.4272134900 60825.6315717014
121000426.8811791837 60988.7194513250
121098915.4851537198 61259.3682507786
120877751.1953800917 60760.5594281467
120843824.3498562723 60436.1032742771
120562445.3777709156 59787.3509682926
121091628.5255703628 61232.4393567356
120865415.1331551671 60746.4010266575
120721084.1966338456 60420.8846005711
120877563.6892326474 60750.8088788303
120445500.7603855878 58586.2131451878
120595880.9875594378 59838.8793134007
120205117.0111733079 57424.0191814303
120282727.6103925407 58042.8434688449
120231087.0042270571 57985.8430110812
120333079.6972485483 58484.5996791720
120497230.6582938731 58822.2768642306
120292303.1309992820 58172.2980892062
120227013.3184818178 57599.8237163424
120165778.5980237722 57422.5692302585
119375339.9414255619 51384.6618323047
119872706.9670474529 55007.6121190954
119614695.8134431839 54095.6825536657
119711511.3383353502 54192.4948997702
119746993.1547510028 54883.3106130529
119818631.5737455338 54952.6669481006
119888530.1914250106 55126.4270916190
120012524.7866074443 55889.4923547674
119997028.4632051885 55738.3645776678
119932846.9592419416 55638.4747079778
119435209.4915157557 51400.6830258388
119462049.7361363173 51604.0028696079
119501306.1035773307 52768.2210816909
119599205.5266793072 52996.2125543524
120863689.2969309837 60474.9438773990
120151909.0993309021 56704.4274193645
