91393593.0415976346 74346.8036713116
92059239.5443612188 76336.1579663754
93362893.6115590185 79586.1076068878
93367793.4125760198 79589.0478267670
91672085.9871176481 75230.4053863995
93207274.2211007923 79384.7499756813
90780904.7473433763 72370.9236543179
90026619.5229939371 69585.0331368987
94934661.7733662575 82876.7973022461
92924642.9042481035 78535.8077811599
93758088.6507655978 80494.0348834991
91439638.6807392538 74664.8456687443
91681253.3460738212 75423.3839225285
92229763.3055060506 76877.6810326092
91139575.4081781358 73553.2921714298
90468509.8948379159 71319.2586885039
92357097.6820841432 77247.2430533879
89659267.9789936990 68160.0586343352
89805716.9816834629 68579.1558557097
94117176.9535731971 81353.0256805420
92795415.1515825838 78384.9143900275
92540316.8719443381 77499.5203971379
89364151.5991891474 66341.1819513384
89577757.4341649562 67318.1109979693
90491532.4896779507 71350.2250897940
92467659.0082611591 77399.2169365399
97595931.5193789750 84328.5446166992
92682130.9121277332 78096.0012190714
91742770.7609243095 75511.9222743884
92134129.2515036762 76469.8296621218
94134723.4564277828 81383.3486652374
92978634.3414427936 78637.1917337775
92589544.9884624779 77812.8027710430
96660011.9263011366 84028.2831420898
93419983.6102772206 79802.9063725471
92207901.3810359687 76610.0224721804
89180364.4448017329 64787.0321863238
92551561.8121795505 77726.1750667468
90799557.7329957038 72520.8087973595
91984385.4262588471 76270.4605281726
94743851.5899032652 82473.9642181396
93243156.0217615217 79486.0432300568
96653090.9165057838 83869.2877807617
89356854.8928544819 66312.2337167803
91142492.7495669276 73631.3588106148
92709273.6735957116 78157.7551903240
89220690.8093709499 64835.0712631289
90360649.2910512537 70958.9456629809
90531210.8466782272 71562.3398194853
92418615.0969346017 77335.7814052477
94307169.2534053475 81671.3959732056
90680262.7376422584 72113.3965377323
92660229.7622691393 78094.3196590319
94842406.6725184619 82592.6897735596
89326180.3518730700 66312.1778238360
93382431.4143972546 79682.4675083160
90289596.1813436896 70803.8015657011
93166257.5695826560 79294.3460349441
90399195.5771373957 71056.0789094511
92347930.3231279403 77054.2645172589
96379670.9006959051 83827.5602416992
95445971.7167942524 83440.5170898438
90900878.0842323899 72872.8205568306
94497979.4368683547 82150.1209411621
94863976.9995595962 82820.6415557861
91913700.6524522156 75988.9436401837
93399771.8917444795 79711.1710681915
95782237.5834217817 83599.6084594727
92891316.0532937348 78429.3281202316
94022189.0403741896 81340.4859695435
95295112.8013043255 83232.6580810547
90539290.0820088387 71612.3854005337
90625816.7430551052 71842.5473780688
90945430.1896461248 72996.9982528202
95478331.9911645353 83484.9354248047
95310139.0891850740 83312.7967529297
91658583.6996728480 75201.7018265240
89404621.9197995514 66405.5975053851
93789267.5926111937 80643.5499763489
94300396.1434334219 81605.3030242920
90535908.5288803428 71608.8792319298
90067090.2733545601 69895.3781688754
95047196.1894198209 83072.9188995361
92100505.8864226788 76364.5353166573
96120878.0128806084 83739.0115966797
91041172.3983302563 73279.3470511436
93349476.7594428807 79546.6233786941
89756455.5840806812 68521.3562954012
90823485.7159080356 72645.5704804882
94610513.8529219329 82266.6650238037
93128512.9623563141 79074.3602014184
95117880.9632264823 83129.0746459961
95602924.6730092317 83527.2987670898
94205408.2302344143 81592.7633132935
89706692.5075556189 68227.7207277361
90595737.5210486054 71762.5711112022
90308225.1842645556 70825.2175182328
90176689.6691482663 70147.6555126254
89956539.8650529385 69485.7911367295
91402760.4005538076 74539.7822074406
94825993.8232766837 82508.6527099609
90517255.5432280004 71458.9940888882
97167974.5198462456 84039.2730712891
91065100.3812425882 73404.1087342724
90969934.7185977995 73064.6677018628
91160968.9412906170 73752.5403937809
93987293.2198169082 81112.5341873169
91285321.5134646297 73963.3987657055
90220189.0691683590 70397.7207021592
91088653.1679118872 73529.1721955761
90777523.1942148805 72367.4174857140
93641386.5570790321 80469.7093219757
92887764.6240626425 78410.7443198562
91161145.7352192700 73781.2439536564
90799380.9390670806 72492.1052374840
91330970.7306496948 74296.7010764591
92924071.5313079208 78532.1158974767
91184521.7279599309 73877.6038550846
91065803.2786458284 73413.0993613712
89268294.7929386944 65667.6936815325
90969382.7284261435 73036.2659201622
90860904.9730524719 72646.1728262901
89868880.3700174689 69137.1404827181
90449557.9340454191 71244.2408082485
90241007.3295065165 70439.1631420199
89823675.9435723275 68727.5534505723
93824605.7469392568 80721.9866657257
93780003.0020994693 80605.4841384888
94463083.6163110733 81922.1691589355
90514338.2018392086 71380.9274497032
92334428.0356831402 77025.5609573834
94681198.6267285794 82402.3982849121
92964663.0762414932 78602.4415149689
93504842.3478152752 79890.7156443596
91298250.5850242078 73978.6590790264
90702668.1808952838 72114.5828706734
93591031.8477749676 80214.1036911011
89521471.7065684348 67271.1261279639
92480877.0383729041 77444.6581787579
94389311.4867787808 81781.9763488770
90185908.7299300283 70332.3112428188
90294117.0696171522 70821.6374182701
89977358.1253911406 69527.2335765902
93516238.5727350265 80079.5010299683
90427422.2284640372 71115.5739340782
89610006.5813909173 68102.2590740267
91819129.2209027112 75630.0422930233
90919354.2759560794 72994.0021399967
90664696.9335791916 72085.5787431709
91487653.8081449568 74724.6804607287
90652282.2152424306 72080.6551460735
90557766.2737325281 71733.5669836998
95276720.4111050814 83170.0147094727
91949489.6057015657 76042.5087459460
89485789.9662451446 67221.8434465472
89594267.7216188461 67611.9365404192
89683659.5690303147 68180.5458829459
93767072.0875948519 80553.2441558838
90704215.2764222920 72152.6642050743
90332088.3169332445 70850.6415457726
89647977.8287069798 68131.2632015292
90440566.0723069012 71240.7346396446
90482540.6279394925 71346.7189211901
92488283.8267841488 77476.9091972820
93913521.0902846009 80972.3413772583
91257317.7430103719 73951.5559487343
90336091.6252497286 70927.6216998156
90345083.4869882017 70931.1278684195
89447818.7189290673 67192.8393190447
92322201.8615268320 77019.2912711613
89830909.1227013916 69108.1363552157
93001218.8731970489 78783.0025187284
90705687.4185083658 72187.5070452746
92212542.0554818362 76611.9751228802
96300190.9232931733 83811.3212890625
90822933.7257363945 72617.1686987877
93134488.0716719329 79117.8986377716
90132529.5741328448 70049.0700481478
91572585.3959842324 75055.2393302433
92988039.0689821690 78698.8014163971
91064548.3910709471 73375.7069525719
90051130.2549234480 69667.4263866488
90637712.0766811669 71868.5553927477
90746189.8320548385 72258.6484866198
93964562.0557124764 80984.8810882568
93842836.3164779544 80762.9267292023
92248429.7319945395 76879.0984611027
89430482.6554005444 66577.1134365145
90599740.8293650895 71839.5512652453
91626462.9795965105 75174.0107158422
90535731.7349517047 71580.1756720543
91772911.9822862744 75593.1079372168
91393416.2476690114 74318.1001114361
92309947.1468450129 76967.6368129626
93532718.6069894433 80101.5647296906
90094558.3268167675 70020.0659206454
92625333.9417118430 77866.3678768054
92405112.8094898015 77307.0778453723
89137565.3408236355 63944.4602970826
97328361.7426611334 84100.5928344727
91307417.9439803809 74171.6376151554
93098606.2710112035 79016.6053833961
92647235.0915704221 77868.0494368449
91563418.0370280594 74862.2607941143
91381190.0735126883 74311.8304252140
91011357.2840586901 73142.2502017077
91567085.3829000443 74885.0433528423
91805032.7023626119 75620.7990478985
90957325.5232721567 73023.0062674992
91516483.7585824281 74751.8018049300
92123881.8791633397 76460.8952180855
91646357.5255165398 75195.4321403019
92139951.9766208529 76489.0053672306
93605542.7187538296 80241.7575397491
92573462.9620381296 77727.8566267863
92952157.2683214396 78597.5081620216
91729268.4734795243 75483.2187145129
92185399.2940138429 76550.2211516276
89719605.9771846235 68354.5364177767
94392398.8425044268 81786.4358978271
92911140.6168033183 78507.1042212844
91767239.7207955867 75512.2228420153
91875717.4761692584 75902.3159358874
92270330.8818531036 76879.9924394600
93057589.6194930822 78926.2014426589
92201469.3914713264 76577.5437190905
92163498.1441552490 76548.5395915881
89940508.5184951127 69360.4136989657
92454156.7208163738 77370.5133766644
91525625.0554610491 74753.6845882311
92161853.1264794171 76489.8993455879
91008826.1178282797 73100.1128878649
90864908.2813689262 72723.1529803332
91860366.0639702231 75701.4629859440
92101980.7293047756 76460.0012397282
91426136.3932944834 74636.1421088688
92443084.0568058789 77336.0819728747
91464107.6406105608 74665.1462363712
92949111.8641193956 78536.1083487868
90745176.9137129188 72188.1833224352
91222492.9752760231 73906.6079825871
94448707.3216208667 81789.0251312256
92206186.0420740843 76583.8013795167
91299241.3620183319 74004.8177375309
