111342775.1024543345 6297573.6914062500
117822891.4944117218 6719555.1367187500
117910011.3948542029 6721155.7773437500
118157378.3816376477 6724296.1132812500
110465872.3666625619 6141404.6835937500
110458623.3318598270 6139097.7304687500
110510296.1859784871 6142525.0976562500
115040947.3181470186 6625189.3789062500
116889721.5259009153 6694184.0195312500
117023355.2543263137 6696920.1210937500
118839561.2510787100 6732148.1601562500
118878588.6330786943 6732329.6601562500
118968349.7663870156 6733841.1445312500
110478307.5054140985 6141824.8789062500
110519649.1502741128 6153300.3164062500
111428954.6879716963 6311789.6289062500
111546169.7738728672 6328309.2148437500
116869088.4208429158 6693415.5820312500
116757977.4314758033 6691731.8476562500
114570884.1491244584 6599936.8867187500
112420101.4357604980 6433518.2617187500
112353116.4026724696 6426327.0820312500
112497115.3430952728 6437740.0117187500
115373544.1541535556 6641706.2539062500
115453115.2846370041 6647014.9335937500
115542144.1993712187 6651305.9804687500
115279667.4089037478 6640123.3710937500
115490630.0410988331 6649348.5742187500
115228421.6629821658 6635214.9257812500
116134225.1510872841 6674305.5976562500
118000093.9569213092 6721187.5429687500
117886734.5685540885 6719940.1132812500
117606950.2760967910 6713350.4414062500
111479509.8679104894 6319650.2382812500
111607073.3121753335 6336730.8085937500
113533677.4135468453 6533693.6914062500
113567107.2959701866 6536995.3867187500
111181378.4081765860 6273392.3398437500
118513468.3581365943 6731689.2617187500
118113452.6294247061 6723230.9023437500
111763790.6726664603 6356933.9023437500
111713398.0774615109 6350474.7148437500
111799230.2608631998 6361473.2539062500
111750019.1428091079 6356860.5742187500
111858132.6010623872 6368259.6914062500
111633696.6787947714 6341148.6835937500
115581170.0525946021 6653169.0507812500
115266107.9849335551 6637015.4101562500
115141979.3074075580 6634938.5507812500
115513230.7962007225 6650650.2617187500
115263360.1878212839 6635944.3007812500
115503975.4889250398 6649671.1601562500
113691408.2184589207 6548084.2460937500
112903386.5772856176 6481002.3476562500
112707667.2276727110 6460427.0507812500
115274845.7546045631 6638479.4335937500
115985490.8288564682 6670378.4960937500
116164096.3905123770 6675590.5585937500
116547013.9052732289 6685302.8554687500
112201706.5779315382 6409608.9648437500
112245586.9580373615 6412204.3242187500
112310799.1682172120 6421016.4882812500
114003825.1596542150 6564459.5976562500
113924038.4349528998 6558839.2539062500
113863350.1164713651 6554803.3476562500
113895712.5019342899 6558789.7851562500
114019647.6162082106 6567331.4101562500
113657478.6807350367 6542135.1445312500
113679035.3892677575 6546037.3085937500
112870738.0902947634 6478414.2617187500
112931840.7184389085 6481413.7929687500
112591156.8253528774 6452902.5820312500
112545804.4028286934 6447285.6132812500
117524513.5686080009 6712377.4804687500
117717056.0027470589 6717597.2851562500
117703667.1892087460 6717191.8242187500
117829019.0222671479 6719591.2460937500
117377066.3227089494 6710885.8867187500
117311452.8455373049 6708731.2851562500
117436244.0114083141 6712360.7304687500
117730276.0988445431 6718460.5742187500
114315460.1918254048 6582257.7460937500
116491452.1029106677 6685285.0742187500
116030150.1217396855 6674048.3789062500
116232656.7317953110 6677892.6367187500
116470835.3436030149 6682097.3867187500
110695839.6233357936 6186529.1132812500
111884124.5023064017 6368763.7460937500
114578421.9837002903 6601787.4257812500
114485202.2217617780 6593022.8320312500
114601522.1208703071 6606017.7382812500
114502302.3613630086 6593890.4882812500
113418585.7592093498 6524556.3007812500
113492948.7322700918 6526510.5820312500
112707762.3657526821 6464060.3164062500
112739821.1264758706 6467682.9726562500
114229131.7509552389 6576664.1835937500
114302859.2423574477 6580941.6835937500
114064829.4897897989 6573683.8242187500
114299894.8739393800 6580642.5117187500
114310744.4155962020 6581402.6289062500
116611043.1494229138 6686562.2148437500
112585135.3167322278 6449285.0039062500
114376389.2466481030 6587304.2773437500
114343837.6590226740 6585257.3945312500
114188133.7503102571 6574900.8007812500
114247178.5766281337 6579846.6523437500
111861878.1717624217 6368507.8320312500
111963570.3860795796 6378581.2539062500
111414080.7539368719 6309246.3398437500
111439078.1289567798 6313927.5742187500
111189823.2177947611 6275991.3632812500
111029564.5724202394 6257120.3398437500
111127712.5949579626 6267999.6054687500
111065706.3521178663 6266720.8476562500
112411505.7479959279 6429045.1210937500
112275540.3177684247 6415939.1054687500
116207121.8825348914 6677215.6210937500
115908706.9094986916 6669311.2226562500
112650691.7794442028 6458747.6210937500
112670637.7460735887 6460003.6210937500
112734725.4030033797 6464377.1835937500
112814228.5979458839 6475567.0039062500
120706890.4426825047 6741851.4101562500
120596217.8101171553 6740727.7695312500
120448990.9254531562 6738798.6054687500
120544326.6107707918 6739217.6523437500
120130336.3764644861 6736472.4414062500
120274253.6204379201 6738644.7929687500
111838857.0463033020 6366617.9804687500
111832846.4353899807 6363679.2460937500
117026354.1286098212 6698016.7226562500
117110018.1312059909 6701802.0273437500
116484664.5757682323 6684130.4023437500
116346242.4808498323 6679728.4414062500
112244318.4657437056 6411714.8007812500
112080063.9132800251 6396011.9023437500
112292133.8152152151 6417899.9804687500
112260619.1377564520 6414449.1757812500
111408716.0462373644 6305726.3945312500
111465090.4999513328 6315306.2773437500
114976809.7682762742 6624633.7226562500
111412352.7373699993 6308150.6523437500
111429305.2728375643 6313190.8164062500
111350089.4302495867 6302693.9882812500
111523343.4493734092 6324982.4101562500
118199970.7891250551 6726562.7460937500
118060261.5158038139 6721350.8398437500
118365218.0700255483 6728664.7773437500
112781881.8832950592 6468242.8554687500
118705494.2193540633 6731795.6601562500
113474480.7741459757 6526037.9414062500
113484165.3027988523 6526496.1132812500
116419264.5395467281 6681220.0976562500
110790626.8412926644 6203670.3007812500
110750211.1582177728 6197435.1914062500
112648138.9340943694 6454614.4570312500
115669518.4806596637 6658963.2304687500
115759256.9039440155 6660518.6367187500
115473902.6959813535 6648054.1523437500
110631584.3360581249 6180840.7851562500
110674166.6312799305 6185858.0117187500
110673358.4352904558 6183834.7226562500
110604644.0101920664 6173668.6132812500
110697022.5305082202 6193580.2851562500
110830947.0823530704 6216670.1757812500
111514683.0830272883 6322725.8554687500
112492644.7256944925 6436359.1132812500
113938743.2677453905 6562807.3945312500
113344454.4922381490 6519097.0742187500
110593347.2564242184 6167234.0351562500
110450149.5607137829 6126168.5351562500
119036461.8417305350 6734914.4882812500
118287535.3182313442 6727496.4179687500
110976620.7611754537 6239258.6445312500
110990348.8251401186 6244705.3007812500
111006392.4769539088 6245738.0976562500
118155939.6008377820 6723947.6289062500
113145928.8185565025 6498158.0195312500
110912681.6523354501 6235605.8632812500
110981532.9159801155 6244397.3554687500
113284804.4230985194 6515300.5351562500
113352451.6873703301 6520143.1523437500
116474994.7954423726 6682164.7773437500
113314096.0052773654 6516877.5976562500
110556485.0879340023 6162976.1835937500
117573750.4134343863 6712473.2773437500
117685562.9138809443 6715274.6679687500
110517312.7699514776 6149352.9726562500
114412723.6479892284 6592438.2226562500
113603207.6661545485 6539787.6132812500
113503000.7394332886 6531617.4023437500
113444954.1535760164 6525904.6367187500
113501466.1921585798 6530390.3164062500
112698034.4159474373 6460341.9179687500
118192123.6563009173 6725088.0273437500
113050503.1422855109 6491319.9570312500
113264915.4371720999 6509817.7851562500
113130168.1367111355 6497287.8320312500
113151158.5349444598 6501144.2382812500
112975836.0509724170 6485844.9023437500
113275438.3917507529 6513012.6679687500
114057030.9870650768 6567395.3945312500
113814378.0079296082 6551041.7929687500
112048716.1011685431 6394888.8320312500
111974090.8501646966 6385652.3554687500
112015173.7192555964 6390060.0039062500
116649243.6022367924 6688041.6601562500
119293517.1211193949 6735498.6289062500
111397776.8401865065 6305691.9492187500
111298111.6413184255 6294476.3398437500
111028456.6310590357 6254672.1601562500
117211473.8186371177 6702835.0273437500
115817989.5896063447 6661296.2382812500
115828519.3112331033 6664291.3085937500
115045321.8579799533 6625547.7382812500
114786989.4753844738 6612723.0664062500
117174838.9011633098 6702832.8007812500
116733308.2397804558 6691704.9726562500
114194335.8359928578 6575014.9257812500
115393972.4059788436 6644649.9179687500
111916853.8832939863 6373493.9882812500
111981286.7956315875 6385821.5898437500
113090031.0039440691 6494927.4570312500
116561314.7683387399 6686233.0117187500
114916482.1482608914 6617180.3085937500
111581797.5013790578 6333520.1992187500
113778980.5205805451 6549611.6679687500
113166928.2802089751 6503269.8398437500
112451781.5234667063 6435964.9804687500
111579637.2169647962 6330449.9414062500
114505111.7431154698 6595676.8320312500
114870086.7550414801 6616386.3945312500
114689711.1212561429 6609813.1367187500
114224556.0759019405 6575948.6367187500
114179413.6817547530 6574306.7539062500
115813988.8919562995 6661177.7695312500
115654688.2965837717 6657970.5507812500
111044378.8587468714 6257727.0976562500
112381918.1446171403 6427522.9023437500
117368308.3481233269 6709115.8789062500
117247808.3589701355 6704371.5820312500
111206879.1148396134 6285941.5664062500
111364302.1578439921 6305366.2460937500
111263610.1302025169 6289972.4492187500
111328073.2800479084 6297236.3476562500
111283620.5655867010 6293047.0351562500
110516772.2657403648 6144631.9492187500
110555666.3408511132 6155491.4257812500
114343254.2265052348 6582423.3398437500
116796795.8571443558 6692251.3007812500
113065422.7114506811 6493942.5195312500
112985568.7793017477 6488191.7148437500
111128722.8547396660 6268398.2304687500
111141826.1731764823 6272485.3632812500
110886288.1638641506 6225664.8789062500
110845399.8929491937 6222368.2695312500
112156913.3238704056 6403814.9257812500
112117929.4576696306 6399230.3242187500
112040250.5171936154 6391201.6914062500
115427080.7180756032 6645668.6289062500
114807263.3714996874 6615213.7070312500
114694485.1372621655 6609865.9414062500
112514959.3357146233 6443023.2617187500
113024384.3589454591 6489463.1367187500
112786686.3622706085 6471558.6289062500
112960328.7919188887 6484351.3164062500
111183556.5896156281 6275486.3007812500
111204108.0857388526 6284372.9335937500
111167938.6888504326 6272987.8554687500
110756908.8946783692 6200874.8476562500
116947315.4143092781 6696385.5585937500
117228059.0596459210 6703115.1289062500
117273592.3573557734 6707538.4023437500
119406057.4709731340 6735894.0898437500
116414287.3282871395 6680262.3085937500
115072346.0042073578 6630384.9101562500
115323760.0526145250 6640691.8476562500
111675742.0529744923 6348612.8789062500
113830032.9678039700 6551519.0351562500
112344656.1426851749 6421044.5507812500
112011146.1157654971 6388596.0742187500
110594910.9206902385 6167275.6054687500
110969484.8606122583 6237227.9179687500
111022162.0348857343 6250031.9179687500
115134627.9452861398 6631405.4726562500
114926906.5862693340 6620688.0664062500
110798776.7785551697 6211259.5195312500
110720213.4127266258 6194230.4882812500
110770187.5673449785 6203572.8242187500
120239002.7689837813 6738382.6210937500
111748118.7279954106 6351169.8164062500
117237449.1517320573 6703403.4335937500
110597580.7162664682 6169687.5898437500
110651755.0745051354 6183758.2929687500
110748674.4371392876 6196008.2695312500
110551604.1758223176 6154207.0429687500
111280223.5484773219 6292351.9414062500
120013372.9380495250 6736269.3164062500
114955269.4177028090 6621232.0507812500
