80749510.8084841073 199696.1133193970
80568079.7375957072 198828.5707397461
80788243.1781941652 201045.7671508789
81036094.6923048049 204227.4847052097
81771127.2074106187 213564.5611572266
82161021.8482570499 218106.1760253906
82049763.6113320291 216584.8692016602
77508146.9783487171 145443.0366516113
79436954.7408524007 181494.6542882919
79644946.6744801700 184672.9323644638
81055326.3269686550 204775.4333496094
77557885.9119834155 146757.1735356748
77428444.5461348593 143337.0568974912
81001941.1840886772 203774.8663330078
79263827.1048995703 178794.6006536484
77890586.8166772276 154662.3509182632
77657420.9525879025 149548.9841296673
77624052.1336032450 149182.6539466381
81713214.3237100244 213028.5799560547
78266506.6428346634 162553.6557314992
78447806.0970034450 165234.0620120168
81777156.0973632634 213667.3919067383
75973773.0124723166 92947.1801735144
79549794.0101954937 183177.8547708988
79967089.2501807362 189264.3704200983
77105232.2820526958 134531.3744222224
81822231.4250015616 213971.0077514648
79100708.3216508031 175208.8463172913
79891253.1381322294 188749.3248140812
80082224.7460817099 191403.2231905460
76627606.8202975094 122286.2227959018
76129124.9214689285 98557.3140467685
76208718.5900587589 105073.7238782924
76856973.9171773195 129964.9917630553
77156091.2754058689 137795.5283079147
82506952.0412808061 220713.7272949219
78392148.0968567133 163938.4049803019
82138193.7560580671 217259.4055175781
81825714.1492784023 214221.2405395508
78144207.0357228816 158811.7902480364
78181327.3331184834 159659.9254421890
76806062.1509170532 126528.3025584202
81247028.4969759881 207258.9349975586
78694099.4802826196 168762.9733219147
76191536.6779459119 102021.7418625914
81382045.7520132363 209870.5470581055
81554684.8331724703 210808.7452392578
81575372.6622510701 211495.5152587891
79759279.1156904548 186716.1738972068
76602221.1481946111 121691.2128840983
76328184.4564512670 112589.7199707907
76428725.2627414167 117034.8695878983
79571745.9222536832 184093.5806865990
76160208.7046398073 98876.1065654755
76038359.3132852316 97201.2508952599
75997651.6924903989 97036.6533032041
82113661.9660722017 217140.3894653320
77230533.7762759477 138550.9713193157
76936167.0443632305 130487.2379431706
76813197.1570691317 129348.6092755776
76851778.0839621574 129494.5738599282
82135694.3322658241 217235.4749755859
76933767.5331354737 130180.0059107244
76902335.8020868748 130166.4922775924
76380879.8553469181 113878.1513805371
79751998.5640597790 186045.1449911594
82385589.1405654997 220170.5571289062
77017584.4580503851 133537.9255387783
77242297.3140960485 138652.1581806839
80426667.3238659501 196245.8827421162
81322985.1395552456 208599.4062957764
82499744.3058232963 220640.1113281250
81161636.6584270298 205929.0756378174
79661121.7439511865 185008.1485754848
79712618.5823485255 185270.6910559535
79439741.1022044569 181666.5447906852
79195664.7109275460 177940.9916791916
81019211.2113991082 203933.1099853516
80275058.3960955888 194020.6661074162
77761046.0399714708 151004.3740439117
77823362.3422846347 151676.9394125640
76286964.9739690870 109283.3052197993
76270741.0740755051 109166.8206912875
79484717.4234352261 182379.3762557507
82159672.6042143703 218082.0847167969
80489640.6998880953 196771.6537551880
77807153.4339577258 151508.8778891265
76733489.1374243349 125516.0880455077
80374521.1750720441 195443.0036470890
79165862.8065112531 177753.9797403812
78559634.1108415127 167327.1087524295
78464104.3823775202 166675.0391540527
80212786.1607249230 193251.4989582300
80176638.8961659819 192731.2914733887
76992507.0621875972 133365.2546848357
77026425.5483951271 134073.9901908636
77009341.5982446074 133496.3629020452
81135066.0706662238 205919.7313537598
76325875.7868412435 110159.0843887627
79818760.5221218318 187439.1647119522
79121810.2113884538 175556.3003505468
81704343.8468545526 212947.8453369141
81168361.6598090082 206490.7585449219
81790092.5336422473 213749.3875122070
82201183.6335268617 218258.1210937500
78680967.0980365276 168445.6149294972
76703294.1360703856 125226.2982404213
76761890.3113978207 125585.6358466130
76268065.4493545741 109058.1544316709
82918360.8489484191 221783.0397949219
82904887.8937956244 221703.0766601562
78838723.8224709928 171676.2049384117
81926403.4169014394 215873.5481567383
79993649.4043539762 189294.0203390121
78499917.2893299907 166820.4487621784
79623757.0107840151 184593.5328149796
79369693.6974193007 180475.9068156481
76508382.4296261221 121297.6370291393
76585856.3071595877 121646.0739012044
76993808.6171235591 133371.7957938910
76772525.5270157456 126066.0525912028
77757517.0769917518 150879.4845708311
77213430.0957028270 138515.1261259019
78940491.3596386015 173588.6496622562
82113916.6501577348 217143.9270629883
82447588.6633917838 220586.9848632812
76583510.9109350592 121390.2736699879
78996028.3527413756 174382.8968018889
78991080.0546368659 174337.1268348694
78056978.3103954792 157924.3996585011
77792051.0701872408 151435.8006706536
80988264.5833130777 203771.6970367432
80388029.8523840457 195502.5895292256
75965223.6362028271 86333.7271519583
79287991.0378919393 179675.3184295893
79550187.4184295982 183408.8271265030
79324106.1543433070 180471.2217798233
79959431.2438776046 189101.1273043156
80101966.4244163632 191996.3012545109
82520481.8628646433 220718.3615722656
78043761.3071411103 155824.7445030212
76802511.5094425529 126158.7017127573
77826040.0571256429 153130.9596757889
81082087.5771554410 205329.3386230469
78096488.2061320990 158784.6619534194
81619544.1262149215 212190.7357177734
82889145.1698395759 221515.2717285156
77740796.1509760916 150826.1809993859
82739035.6989465058 221312.6174316406
82019411.1682578027 216531.7449340820
81635694.3284338266 212882.6339111328
82838319.6190757602 221477.9672851562
76441574.7325115502 117056.2090997696
77267662.8733577281 141253.6957883835
81422360.8178281784 210001.2562866211
76721509.4639928639 125505.3062186506
82243059.8598688841 219584.2453613281
78425664.9006234705 164068.0431537628
79454472.0196782947 182026.9856481552
79468337.8246022761 182339.5656287074
79407729.8955266476 181019.3151769638
77185817.9830822200 138189.0611448288
80483626.6231478602 196716.0733600855
80265000.5724207312 193550.5528370142
82211801.5616660267 218712.7746582031
82157402.2334401608 217605.3734130859
80417120.1689687222 196108.1628417969
81717698.0309386700 213552.1561279297
81738879.5671144426 213561.1605224609
78213949.6270437688 160401.7611697316
78426587.1774992049 164276.9208377004
76492084.0510133356 117410.7908250690
76100135.8036178946 97513.4317054730
80303325.9482681155 194213.9514784217
76121817.6507996470 98357.7542840838
77070661.7883783430 134330.4451609850
76103420.8572098166 97561.2689484339
76487373.9719465971 117374.3453635536
76660660.1873203367 125196.6280951481
78376406.4500788003 163400.0003929734
79225378.2802421004 178776.3940954208
79158783.4768570662 176257.5215368271
77541969.5653691441 146703.8685684502
82375496.9209011048 220162.4462890625
79158920.4300449491 176341.6969857216
79208286.2442439646 178097.1745247841
77318244.8895478994 141541.3532991409
76329733.7498843521 112933.8980646133
81525771.1066882908 210773.5953369141
79527275.9785400480 183054.4263045788
79848896.7901933491 187964.0772718787
79605567.6365746707 184485.7479721904
77920524.6193516105 154718.2889561355
77662709.4223878086 150315.1906332672
77410733.5538586378 143191.1786003411
80966873.0687715709 203537.4787597656
80448359.4585277885 196281.7062988281
76311893.8984522223 109874.6213676613
76366696.8353646249 113455.2955552936
79019690.4567857981 175100.1513471603
76493004.3929696083 117610.5288278162
77445758.7336747497 143893.3729973137
80821994.9643879682 201558.4430541992
81586133.9245192409 211754.4959716797
80011466.7800964862 190697.0218519568
82424257.2157211304 220582.4118652344
76168596.0235194713 101191.8022438269
78694747.7341437936 169587.2068369985
82492312.8730599433 220632.9721679688
78547124.3756791949 167325.8722009063
80031844.1990503967 190739.3831800818
78506867.6214791238 166821.3763747811
76254514.2711386681 108821.7655031085
78745445.6729054004 170371.7088332772
80123708.9701609462 192521.2439424992
76171976.3330727816 101790.4197475314
78376374.8141266704 163383.6112804413
80529584.2313977927 197597.3124849796
81962252.1912453324 215989.9821166992
82227416.0138234794 219469.2033691406
76956320.7020782232 132700.0310549419
77593969.0523715019 147231.1418149471
81373817.7527956367 209406.6837768555
80923607.3786915243 203081.3037872314
77956199.3551706523 154975.0579245985
77688564.4176012427 150482.0063986480
78026419.1446279585 155811.8912825286
80256989.6551693976 193484.6242427826
81369656.9329513907 209363.9135131836
79017356.8632749766 174672.2896184921
78741196.3055032194 170355.6568368077
76454244.1470436752 117267.9626348317
78901053.2673101276 172344.7782478333
78300949.2353978902 162697.8287881017
81878412.3975684196 215310.8442993164
78953444.1653116494 173809.9969018102
78778062.6041769832 170979.0768635273
78011218.7932671458 155223.6404314637
81570967.8485811502 211234.2159423828
77509950.9203175902 146433.6832151413
82295628.6674181521 220074.2263183594
77323415.4832703024 142311.3721799850
76307837.2456202656 109759.9429900628
77086044.8179738671 134384.1791546345
76983942.6189105958 133023.7909603119
78024197.7464374304 155675.4638064504
80647884.7872512043 199109.8015518188
82521108.3415427655 221178.3403320312
81841485.1895992607 214405.3440551758
80650171.5397671163 199141.8317718506
78712135.0146688074 169856.3434507847
80514591.2624263167 196991.2838821411
80404074.4350280613 195681.0029602051
80880160.2123826295 202765.2554321289
80842952.8828180581 202334.3027038574
76415712.6340191513 113882.9226722699
79128662.9078547955 176146.1081970632
81334708.0189418346 209114.1857299805
76200550.8115706444 105033.1391121149
76198367.1116259098 102531.2559375763
78250281.9899014384 162046.7106936574
76464583.3388752043 117272.3256618083
80324503.5132099837 194819.5983352661
81631155.1953096390 212731.6614990234
79730191.8553208411 185927.7798202038
81449871.9110558927 210107.8865966797
77410638.1011691839 142635.0068145394
77448791.2932727486 145376.0068235397
82288633.5129768401 219604.0925292969
78813850.2628236264 171023.1270516515
78236432.4245287329 161111.7509768605
78889342.9741621315 171921.6425571442
78044208.1139511913 157857.6183066070
78326805.3328068852 163203.5611657500
81092309.9922646582 205602.8044433594
79519647.9820375443 182468.4721460342
82104180.9311468899 217130.6694946289
78088421.4258829951 158069.4366302490
77657817.1822791547 149710.8430376053
77112440.9428758770 137146.1019954681
76227708.2294207513 108712.3481591623
77865487.2860242724 154437.5016684234
80545511.0845456123 197722.2961275578
80314159.3702397197 194381.7754595280
79846615.4940902442 187745.5674364567
81969143.9217090756 216431.0962524414
82035341.6254433542 216583.0999145508
81130841.4447266757 205829.3244171143
81060639.6129839718 205064.2058715820
80939649.1698339731 203505.9261474609
78165064.8063765466 159240.0998583138
81224048.3751557916 206723.5578613281
80913765.0770794898 202929.2553710938
81305006.4466410875 207701.8203735352
80750457.6842095852 200858.8117294312
76215186.2250097096 105637.6319549065
81363172.5597207546 209185.0719604492
