95903994.6586876214 23804.3156585693
95152792.3752219677 23375.7268066406
94559403.4455085099 22909.6925582886
93272853.6848080009 21509.4179076431
93683750.8271024674 22023.9764328003
92241170.0348627865 20019.6540335196
94355631.0768825412 22678.7535171509
93823343.2055820376 22088.1774991751
92913691.7890103012 20956.9267306328
93977703.9472103417 22235.3447179794
91907726.6905794591 19334.7311563790
97521286.6353050023 24214.1438446045
94721473.4932398200 23034.6270523071
92701254.6333059967 20691.5328304768
92491593.6139120460 20466.3657959844
93722364.8984037936 22039.9098294973
92573456.7060048282 20584.0190365314
99000650.5388369113 24367.2197875977
96219068.1003503650 23985.6608581543
93676014.6747829318 21987.9074910879
93586920.7780385017 21862.0581884384
93876725.6400320679 22187.0770483017
94510754.4944602847 22853.4316177368
94469506.4049960375 22809.1866226196
93826219.0512567312 22182.2454290390
93747136.4798813611 22049.2406400442
91979217.4141388237 19682.3571195900
92608204.2970566005 20619.1196579686
93383919.6254574656 21696.5800107718
91837788.2449962944 19047.7918194642
95353860.1724097878 23481.4196701050
92481191.5348677337 20407.4976840019
91680130.4378334433 18737.1278440952
92652222.2164203078 20687.8610275763
98385826.0127585083 24324.3343963623
94493347.6892001182 22810.6446037292
95125719.3019581288 23325.6382064819
95267898.1064708084 23479.4352951050
91912925.8399320841 19373.2443327904
94956201.3835768104 23275.7616653442
95041431.8427399546 23309.6933517456
92174990.1785669625 19887.1131656170
93179617.8632489443 21416.4830675721
98926310.2979636788 24346.4059448242
96627386.9281702489 24197.7263641357
93162606.0035107285 21358.6524019837
91977494.8533809632 19442.2449503243
92890320.2644420862 20888.6717393771
96330703.9607996941 24033.5530242920
95395339.3354484439 23616.8614196777
94558101.7932444811 22907.3696060181
93376014.8794846237 21683.5197538137
95083158.3771086037 23323.6538314819
96005422.2146632224 23916.3286437988
97622264.9424832463 24262.4115142822
93460575.5999555290 21799.2621854544
93098328.3572969437 21247.7434964180
94321336.4565386921 22609.7117958069
94412341.3437872827 22712.1813507080
96581245.2664662898 24195.6113128662
91373679.0958773792 17953.0172610283
92833694.0545991063 20875.9563183784
93635526.4914557040 21876.8902330995
92365066.4146664739 20358.8520020391
92943478.7038862854 20960.4802966118
94758548.5172561705 23094.5662307739
94641673.2951625884 22912.8502616882
91891826.6680287719 19329.0955187469
92745825.8375656456 20779.2848620415
97101077.9280705452 24200.6939392090
92945121.8450459689 20998.0419182145
94434098.5199622065 22750.7494430542
93055007.6765458286 21213.8760693073
93202413.4700284451 21427.8093508888
91473366.6027168930 18289.0506765842
96432131.5167753398 24145.5660095215
93508813.1769796461 21833.1217547059
92418512.7043000907 20376.3451576531
93432157.2024815977 21730.4395800233
92164014.1667299569 19745.0315108299
95387503.6886615604 23608.5389556885
94910033.4132097661 23147.6655197144
94300560.0815736204 22588.6252708435
95552212.7249995023 23662.8061370850
95214622.4038185328 23436.7785987854
93034690.7317754626 21148.4730672119
94885261.8317321837 23138.3347091675
92275853.5058705807 20100.3710741997
92169829.5296336412 19758.6996799260
94809055.1060315073 23099.3978500366
93120036.8371496201 21281.5744876075
93218188.8136251569 21475.7015170265
94278966.6455350220 22544.5119180679
93170461.8015038818 21358.9867586457
93127141.1207527965 21325.1271762062
91729838.0132950395 18881.0785076878
92531548.3225585222 20516.4374832860
92953554.5109273195 21103.9326190162
93641065.3285553008 21954.6681455374
92806220.4577682167 20838.1594083309
94110105.9183930010 22519.1173238754
97601708.2577797920 24231.4804992676
95210077.2613262087 23427.1524887085
94514959.9806865603 22869.0817832947
92627413.6807123125 20643.7847714424
92784833.6146450043 20807.4945229698
94741141.7119960338 23051.7792167664
96132135.5291392356 23960.0971221924
96558228.3386601806 24166.1573028564
93955318.5694891661 22212.7421426773
94686650.1846059710 22996.0589599609
91764874.9309179783 19031.6528485081
94090348.0549482256 22407.4798421860
95993156.4846087247 23828.4285125732
94681892.5427581221 22991.8840560913
94839233.8339270353 23118.9760742188
96547064.5921524316 24147.1472930908
92874372.0260614008 20886.7986559868
91586790.4982652068 18382.5669129154
95082914.6980528384 23319.5301437378
91516249.7321224958 18341.0461247227
93402963.9083223641 21697.9221009016
93037553.1631407738 21148.6162590348
93980887.5037095547 22359.2121725082
91710368.9975009412 18762.0423290989
97855681.1446959078 24298.7473754883
95488725.6748955995 23660.8217620850
94423182.0223195553 22714.0082511902
96313786.1542586535 24010.2672882080
94440588.8275797665 22756.7952651978
92971165.7940235585 21140.2297024727
93051851.1106944382 21164.8728680611
91606294.6459872723 18488.6930516026
91610656.0444419086 18713.1501667759
96558844.8312513381 24189.3344879150
95997302.4805473983 23857.0895996094
95765015.6141570359 23672.5384979248
98988505.1518236250 24354.5966796875
95865993.9213353097 23720.8061676025
95830278.2387446761 23707.6176605225
95808727.0917015672 23684.6821289062
97432362.5486065894 24210.7742004395
95968384.9031310976 23804.8067932129
